0.017007016415476
0.017007016415476
0.017007016415476
0.017007016415476
0.017007016415476
0.0167617802723618
0.0167617802723618
0.0120393676996879
0.00966369555585378
0.00838082828861825
0.00838082828861825
0.00838082828861825
0.00838082828861825
0.0065319935808556
0.00447813781166961
0.00447813781166961
0.00333860482501691
0.000632230719628424
0.000632230719628424
0.000632230719628424
0.00036642800379616
0.00036642800379616
0.00036642800379616
0.00036642800379616
0.00036642800379616
0.000309849289568342
0.000309849289568342
0.000309849289568342
0.000294851949494856
0.00019432222415644
0.00019432222415644
0.00019432222415644
0.000111711103771894
9.56838697132034E-05
9.46174884685069E-05
6.1560224374424E-05
6.1560224374424E-05
6.1560224374424E-05
6.1560224374424E-05
6.1560224374424E-05
6.1560224374424E-05
6.1560224374424E-05
6.1560224374424E-05
6.1560224374424E-05
6.1560224374424E-05
6.1560224374424E-05
6.1560224374424E-05
6.1560224374424E-05
6.1560224374424E-05
5.676551649203E-05
5.676551649203E-05
3.94919686287909E-05
3.94919686287909E-05
3.94919686287909E-05
3.94919686287909E-05
3.94919686287909E-05
3.94919686287909E-05
3.94919686287909E-05
3.94919686287909E-05
2.83936743716851E-05
2.83936743716851E-05
2.83936743716851E-05
1.79346548799808E-05
1.79346548799808E-05
1.79346548799808E-05
1.79346548799808E-05
1.79346548799808E-05
1.79346548799808E-05
1.79346548799808E-05
1.79346548799808E-05
1.79346548799808E-05
1.79346548799808E-05
1.56234591142113E-05
1.56234591142113E-05
1.56234591142113E-05
1.56234591142113E-05
1.56234591142113E-05
1.56234591142113E-05
1.56234591142113E-05
1.56234591142113E-05
1.56234591142113E-05
1.56234591142113E-05
1.56234591142113E-05
1.56234591142113E-05
1.56234591142113E-05
1.56234591142113E-05
9.5776651758972E-06
9.5776651758972E-06
9.5776651758972E-06
9.5776651758972E-06
9.5776651758972E-06
6.42542861850615E-06
6.42542861850615E-06
6.42542861850615E-06
6.42542861850615E-06
6.42542861850615E-06
6.42542861850615E-06
6.42542861850615E-06
6.42542861850615E-06
6.42542861850615E-06
4.23948794819884E-06
4.23948794819884E-06
4.23948794819884E-06
4.23948794819884E-06
4.23948794819884E-06
4.23948794819884E-06
4.23948794819884E-06
4.23948794819884E-06
4.23948794819884E-06
4.23948794819884E-06
4.23948794819884E-06
4.23948794819884E-06
4.23948794819884E-06
4.23948794819884E-06
4.23948794819884E-06
4.23948794819884E-06
4.23948794819884E-06
4.23948794819884E-06
4.23948794819884E-06
4.23948794819884E-06
4.23948794819884E-06
4.23948794819884E-06
4.23948794819884E-06
4.23948794819884E-06
3.79903055597319E-06
3.79903055597319E-06
3.79903055597319E-06
3.79903055597319E-06
3.79903055597319E-06
3.79903055597319E-06
3.79903055597319E-06
3.79903055597319E-06
3.79903055597319E-06
3.79903055597319E-06
3.79269954287054E-06
3.79269954287054E-06
2.84182530174704E-06
2.84182530174704E-06
2.84182530174704E-06
2.84182530174704E-06
2.84182530174704E-06
2.84182530174704E-06
2.84182530174704E-06
2.84182530174704E-06
2.84182530174704E-06
1.9824461624518E-06
1.43936369850772E-06
1.43936369850772E-06
1.43936369850772E-06
1.43936369850772E-06
1.43936369850772E-06
1.43936369850772E-06
1.43936369850772E-06
1.43936369850772E-06
1.43936369850772E-06
1.43936369850772E-06
1.43936369850772E-06
1.43936369850772E-06
1.43936369850772E-06
1.43936369850772E-06
1.43936369850772E-06
1.43936369850772E-06
1.43936369850772E-06
1.43936369850772E-06
1.43936369850772E-06
1.43936369850772E-06
1.43936369850772E-06
1.43936369850772E-06
1.43936369850772E-06
1.43936369850772E-06
1.43936369850772E-06
1.43936369850772E-06
1.43936369850772E-06
1.43936369850772E-06
5.54834411248262E-07
5.54834411248262E-07
5.54834411248262E-07
5.54834411248262E-07
5.54834411248262E-07
5.54834411248262E-07
5.54834411248262E-07
5.54834411248262E-07
5.54834411248262E-07
5.54834411248262E-07
5.54834411248262E-07
5.54834411248262E-07
5.54834411248262E-07
5.54834411248262E-07
5.54834411248262E-07
5.54834411248262E-07
5.54834411248262E-07
5.54834411248262E-07
5.54834411248262E-07
5.54834411248262E-07
5.54834411248262E-07
5.54834411248262E-07
5.54834411248262E-07
5.54834411248262E-07
5.54834411248262E-07
5.54834411248262E-07
5.54834411248262E-07
5.54834411248262E-07
5.54834411248262E-07
5.54834411248262E-07
5.54834411248262E-07
5.54834411248262E-07
5.54834411248262E-07
5.54834411248262E-07
5.54834411248262E-07
5.54834411248262E-07
5.54834411248262E-07
5.54834411248262E-07
5.54834411248262E-07
5.54834411248262E-07
5.54834411248262E-07
5.54834411248262E-07
5.54834411248262E-07
5.54834411248262E-07
5.54834411248262E-07
5.54834411248262E-07
5.54834411248262E-07
5.54834411248262E-07
5.54834411248262E-07
5.54834411248262E-07
5.54834411248262E-07
5.54834411248262E-07
5.54834411248262E-07
5.54834411248262E-07
5.54834411248262E-07
5.54834411248262E-07
5.07605477984008E-07
5.07605477984008E-07
5.07605477984008E-07
5.07605477984008E-07
5.07605477984008E-07
5.07605477984008E-07
5.07605477984008E-07
5.07605477984008E-07
4.08412562491467E-07
4.08412562491467E-07
4.08412562491467E-07
4.08412562491467E-07
4.08412562491467E-07
3.89768955944003E-07
3.89768955944003E-07
3.89768955944003E-07
3.89768955944003E-07
3.89768955944003E-07
3.89768955944003E-07
3.89768955944003E-07
3.89768955944003E-07
3.89768955944003E-07
3.89768955944003E-07
3.89768955944003E-07
3.89768955944003E-07
1.81769623408545E-07
1.81769623408545E-07
1.13729423767417E-07
1.13729423767417E-07
1.13729423767417E-07
1.13729423767417E-07
1.13729423767417E-07
1.13729423767417E-07
1.13729423767417E-07
1.13729423767417E-07
1.13729423767417E-07
1.13729423767417E-07
1.13729423767417E-07
1.13729423767417E-07
1.13729423767417E-07
1.13729423767417E-07
1.13729423767417E-07
1.13729423767417E-07
1.13729423767417E-07
1.13729423767417E-07
1.13729423767417E-07
1.13729423767417E-07
1.13729423767417E-07
1.13729423767417E-07
1.13729423767417E-07
1.13729423767417E-07
1.13729423767417E-07
1.13729423767417E-07
1.13729423767417E-07
1.13729423767417E-07
1.13729423767417E-07
1.13729423767417E-07
1.13729423767417E-07
1.13729423767417E-07
1.13729423767417E-07
1.13729423767417E-07
1.13729423767417E-07
1.13729423767417E-07
1.13729423767417E-07
1.13729423767417E-07
1.13729423767417E-07
1.13729423767417E-07
1.13729423767417E-07
1.13729423767417E-07
1.13729423767417E-07
7.22269694608535E-08
7.22269694608535E-08
7.22269694608535E-08
7.22269694608535E-08
7.22269694608535E-08
7.22269694608535E-08
7.22269694608535E-08
7.22269694608535E-08
7.22269694608535E-08
7.22269694608535E-08
7.22269694608535E-08
7.22269694608535E-08
7.22269694608535E-08
7.22269694608535E-08
7.22269694608535E-08
7.22269694608535E-08
7.22269694608535E-08
7.22269694608535E-08
7.22269694608535E-08
7.22269694608535E-08
7.22269694608535E-08
7.22269694608535E-08
7.22269694608535E-08
7.22269694608535E-08
6.80937940478188E-08
6.80937940478188E-08
6.80937940478188E-08
6.80937940478188E-08
6.80937940478188E-08
5.52918700269522E-08
5.52918700269522E-08
5.52918700269522E-08
5.52918700269522E-08
5.52918700269522E-08
5.52918700269522E-08
5.52918700269522E-08
5.52918700269522E-08
5.52918700269522E-08
5.52918700269522E-08
5.52918700269522E-08
5.52918700269522E-08
5.52918700269522E-08
5.52918700269522E-08
5.52918700269522E-08
5.52918700269522E-08
5.52918700269522E-08
5.52918700269522E-08
5.52918700269522E-08
5.52918700269522E-08
5.52918700269522E-08
5.52918700269522E-08
5.52918700269522E-08
7.71354713435812E-09
7.71354713435812E-09
7.71354713435812E-09
7.71354713435812E-09
7.71354713435812E-09
7.71354713435812E-09
7.71354713435812E-09
7.71354713435812E-09
7.71354713435812E-09
7.71354713435812E-09
7.71354713435812E-09
7.71354713435812E-09
7.71354713435812E-09
7.71354713435812E-09
7.71354713435812E-09
7.71354713435812E-09
7.71354713435812E-09
7.71354713435812E-09
7.71354713435812E-09
7.71354713435812E-09
7.71354713435812E-09
7.71354713435812E-09
7.71354713435812E-09
7.71354713435812E-09
7.71354713435812E-09
7.71354713435812E-09
7.71354713435812E-09
7.71354713435812E-09
7.71354713435812E-09
7.71354713435812E-09
7.71354713435812E-09
7.71354713435812E-09
7.71354713435812E-09
7.71354713435812E-09
7.71354713435812E-09
7.71354713435812E-09
7.71354713435812E-09
7.71354713435812E-09
7.71354713435812E-09
7.71354713435812E-09
7.71354713435812E-09
7.71354713435812E-09
7.71354713435812E-09
7.71354713435812E-09
7.71354713435812E-09
7.71354713435812E-09
7.71354713435812E-09
7.71354713435812E-09
7.71354713435812E-09
7.71354713435812E-09
7.71354713435812E-09
7.71354713435812E-09
7.71354713435812E-09
7.71354713435812E-09
7.71354713435812E-09
7.71354713435812E-09
7.71354713435812E-09
7.71354713435812E-09
7.71354713435812E-09
7.71354713435812E-09
7.71354713435812E-09
7.71354713435812E-09
7.71354713435812E-09
7.71354713435812E-09
7.71354713435812E-09
7.71354713435812E-09
7.71354713435812E-09
7.71354713435812E-09
7.71354713435812E-09
7.71354713435812E-09
7.71354713435812E-09
7.71354713435812E-09
7.71354713435812E-09
7.71354713435812E-09
2.312012692407E-09
2.312012692407E-09
2.312012692407E-09
2.312012692407E-09
2.312012692407E-09
2.312012692407E-09
2.312012692407E-09
2.312012692407E-09
2.312012692407E-09
2.312012692407E-09
2.312012692407E-09
2.312012692407E-09
2.312012692407E-09
2.312012692407E-09
2.312012692407E-09
2.312012692407E-09
2.312012692407E-09
2.312012692407E-09
2.312012692407E-09
2.312012692407E-09
2.312012692407E-09
2.312012692407E-09
2.312012692407E-09
2.312012692407E-09
2.312012692407E-09
2.312012692407E-09
2.312012692407E-09
2.312012692407E-09
2.312012692407E-09
2.312012692407E-09
2.312012692407E-09
2.312012692407E-09
2.312012692407E-09
2.312012692407E-09
2.312012692407E-09
2.312012692407E-09
2.312012692407E-09
2.312012692407E-09
2.312012692407E-09
2.312012692407E-09
2.312012692407E-09
2.312012692407E-09
2.312012692407E-09
2.312012692407E-09
2.312012692407E-09
2.312012692407E-09
2.312012692407E-09
2.312012692407E-09
2.312012692407E-09
2.312012692407E-09
2.312012692407E-09
2.312012692407E-09
2.312012692407E-09
2.312012692407E-09
2.312012692407E-09
2.312012692407E-09
2.312012692407E-09
2.312012692407E-09
2.312012692407E-09
2.312012692407E-09
2.312012692407E-09
2.312012692407E-09
2.312012692407E-09
2.312012692407E-09
2.312012692407E-09
2.312012692407E-09
2.312012692407E-09
2.312012692407E-09
2.312012692407E-09
2.312012692407E-09
2.312012692407E-09
2.312012692407E-09
2.312012692407E-09
2.312012692407E-09

