0.0284002385173098
0.0284001608893146
0.0284001608893146
0.0284001608893146
0.0284001608893146
0.0284001608893146
0.0142896892949722
0.00464761012547144
0.00464761012547144
0.00464761012547144
0.00464761012547144
0.00464761012547144
0.00464761012547144
0.00247621538812326
0.00244240495379211
0.00244240495379211
0.000696270881302308
0.000617205483723016
0.000617205483723016
0.000617205483723016
0.000617205483723016
0.000617205483723016
0.000617205483723016
0.000435086211846625
0.000105850913983407
0.000105850913983407
0.000105850913983407
0.000105850913983407
0.000105850913983407
0.000105850913983407
0.000105850913983407
0.000105850913983407
0.000105850913983407
0.000105850913983407
1.34565462321934E-05
1.34565462321934E-05
1.34565462321934E-05
1.34565462321934E-05
1.34565462321934E-05
1.34565462321934E-05
1.34565462321934E-05
1.34565462321934E-05
1.34565462321934E-05
1.34565462321934E-05
1.34565462321934E-05
1.34565462321934E-05
1.34565462321934E-05
1.34565462321934E-05
1.34565462321934E-05
1.34565462321934E-05
1.34565462321934E-05
1.34565462321934E-05
1.34565462321934E-05
1.34565462321934E-05
1.34565462321934E-05
1.34565462321934E-05
1.34565462321934E-05
1.34565462321934E-05
1.34565462321934E-05
1.34565462321934E-05
1.34565462321934E-05
1.34565462321934E-05
1.34565462321934E-05
1.34565462321934E-05
1.34565462321934E-05
1.34565462321934E-05
1.34565462321934E-05
1.34565462321934E-05
1.34565462321934E-05
1.34565462321934E-05
1.10862989020077E-05
1.10862989020077E-05
1.10862989020077E-05
1.10862989020077E-05
1.10862989020077E-05
1.10862989020077E-05
1.10862989020077E-05
1.10862989020077E-05
1.10862989020077E-05
1.10862989020077E-05
1.10862989020077E-05
7.56806597634885E-06
7.56806597634885E-06
7.56806597634885E-06
7.56806597634885E-06
7.56806597634885E-06
7.56806597634885E-06
7.56806597634885E-06
7.56806597634885E-06
7.56806597634885E-06
7.56806597634885E-06
7.56806597634885E-06
7.56806597634885E-06
7.56806597634885E-06
7.56806597634885E-06
7.56806597634885E-06
7.56806597634885E-06
7.56806597634885E-06
7.56806597634885E-06
6.82813489993883E-06
6.82813489993883E-06
2.0952216758241E-06
2.0952216758241E-06
2.0952216758241E-06
2.0952216758241E-06
2.0952216758241E-06
2.0952216758241E-06
2.0952216758241E-06
2.0952216758241E-06
2.0952216758241E-06
2.0952216758241E-06
2.0952216758241E-06
2.0952216758241E-06
2.0952216758241E-06
1.96483440928485E-06
1.20852848006781E-06
1.20852848006781E-06
1.20852848006781E-06
1.20852848006781E-06
1.20852848006781E-06
1.20852848006781E-06
1.20852848006781E-06
1.20852848006781E-06
1.20852848006781E-06
1.20852848006781E-06
1.20852848006781E-06
1.20852848006781E-06
1.20852848006781E-06
1.20852848006781E-06
1.20852848006781E-06
1.20852848006781E-06
1.20852848006781E-06
1.20852848006781E-06
1.20852848006781E-06
1.20852848006781E-06
1.20852848006781E-06
1.20852848006781E-06
1.20852848006781E-06
1.20852848006781E-06
1.20852848006781E-06
1.20852848006781E-06
1.20852848006781E-06
1.20852848006781E-06
1.20852848006781E-06
1.20852848006781E-06
1.20852848006781E-06
1.20852848006781E-06
1.20852848006781E-06
1.20852848006781E-06
1.20852848006781E-06
1.20852848006781E-06
1.20852848006781E-06
1.20852848006781E-06
1.20852848006781E-06
1.20852848006781E-06
9.16940226636243E-07
9.16940226636243E-07
9.16940226636243E-07
9.16940226636243E-07
9.16940226636243E-07
6.01697746405172E-07
6.01697746405172E-07
6.01697746405172E-07
6.01697746405172E-07
6.01697746405172E-07
6.01697746405172E-07
6.01697746405172E-07
6.01697746405172E-07
6.01697746405172E-07
6.01697746405172E-07
6.01697746405172E-07
6.01697746405172E-07
6.01697746405172E-07
6.01697746405172E-07
6.01697746405172E-07
6.01697746405172E-07
6.01697746405172E-07
6.01697746405172E-07
6.01697746405172E-07
6.01697746405172E-07
6.01697746405172E-07
6.01697746405172E-07
6.01697746405172E-07
6.01697746405172E-07
6.01697746405172E-07
6.01697746405172E-07
6.01697746405172E-07
6.01697746405172E-07
6.01697746405172E-07
4.50298397902671E-07
4.50298397902671E-07
4.50298397902671E-07
4.50298397902671E-07
4.50298397902671E-07
4.50298397902671E-07
4.50298397902671E-07
4.50298397902671E-07
4.50298397902671E-07
4.50298397902671E-07
4.50298397902671E-07
4.50298397902671E-07
4.50298397902671E-07
4.50298397902671E-07
4.50298397902671E-07
4.50298397902671E-07
4.50298397902671E-07
3.96870893148993E-07
3.96870893148993E-07
3.96870893148993E-07
3.96870893148993E-07
3.96870893148993E-07
3.96870893148993E-07
3.96870893148993E-07
3.96870893148993E-07
3.96870893148993E-07
3.96870893148993E-07
3.96870893148993E-07
3.96870893148993E-07
3.96870893148993E-07
3.96870893148993E-07
3.96870893148993E-07
3.96870893148993E-07
3.25017025404328E-07
3.25017025404328E-07
3.25017025404328E-07
3.25017025404328E-07
3.25017025404328E-07
3.25017025404328E-07
3.25017025404328E-07
3.25017025404328E-07
3.25017025404328E-07
3.25017025404328E-07
3.25017025404328E-07
3.25017025404328E-07
3.25017025404328E-07
3.25017025404328E-07
3.25017025404328E-07
3.25017025404328E-07
3.25017025404328E-07
3.25017025404328E-07
3.21369081013323E-07
2.22311349329374E-08
2.22311349329374E-08
2.22311349329374E-08
2.22311349329374E-08
2.22311349329374E-08
2.22311349329374E-08
2.22311349329374E-08
2.22311349329374E-08
2.22311349329374E-08
2.22311349329374E-08
2.22311349329374E-08
2.22311349329374E-08
2.22311349329374E-08
2.22311349329374E-08
2.22311349329374E-08
2.22311349329374E-08
2.22311349329374E-08
2.22311349329374E-08
2.22311349329374E-08
2.22311349329374E-08
2.22311349329374E-08
2.22311349329374E-08
2.22311349329374E-08
2.22311349329374E-08
2.22311349329374E-08
2.22311349329374E-08
2.22311349329374E-08
2.22311349329374E-08
2.22311349329374E-08
2.22311349329374E-08
2.22311349329374E-08
2.22311349329374E-08
2.22311349329374E-08
2.22311349329374E-08
2.22311349329374E-08
2.22311349329374E-08
2.22311349329374E-08
2.22311349329374E-08
2.22311349329374E-08
2.22311349329374E-08
2.22311349329374E-08
2.22311349329374E-08
2.22311349329374E-08
2.22311349329374E-08
2.22311349329374E-08
2.22311349329374E-08
2.22311349329374E-08
2.22311349329374E-08
2.22311349329374E-08
2.22311349329374E-08
2.22311349329374E-08
2.22311349329374E-08
2.22311349329374E-08
2.22311349329374E-08
2.22311349329374E-08
2.22311349329374E-08
2.22311349329374E-08
2.22311349329374E-08
2.22311349329374E-08
2.22311349329374E-08
2.22311349329374E-08
2.22311349329374E-08
2.22311349329374E-08
2.22311349329374E-08
2.22311349329374E-08
2.22311349329374E-08
2.22311349329374E-08
1.17949263689354E-08
1.17949263689354E-08
1.17949263689354E-08
1.17949263689354E-08
1.17949263689354E-08
1.17949263689354E-08
1.17949263689354E-08
1.17949263689354E-08
1.17949263689354E-08
1.17949263689354E-08
1.17949263689354E-08
1.17949263689354E-08
1.17949263689354E-08
1.17949263689354E-08
1.17949263689354E-08
1.17949263689354E-08
1.17949263689354E-08
1.17949263689354E-08
1.17949263689354E-08
1.17949263689354E-08
1.17949263689354E-08
1.17949263689354E-08
1.17949263689354E-08
1.17949263689354E-08
1.17949263689354E-08
1.17949263689354E-08
1.17949263689354E-08
1.17949263689354E-08
1.17949263689354E-08
1.17949263689354E-08
1.17949263689354E-08
1.17949263689354E-08
1.17949263689354E-08
1.17949263689354E-08
1.17949263689354E-08
1.17949263689354E-08
1.17949263689354E-08
1.17949263689354E-08
1.17949263689354E-08
1.17949263689354E-08
1.17949263689354E-08
1.17949263689354E-08
1.17949263689354E-08
1.17949263689354E-08
1.17949263689354E-08
1.17949263689354E-08
1.17949263689354E-08
1.17949263689354E-08
1.17949263689354E-08
1.17949263689354E-08
1.17949263689354E-08
1.17949263689354E-08
1.17949263689354E-08
1.17949263689354E-08
1.17949263689354E-08
1.17949263689354E-08
1.17949263689354E-08
1.17949263689354E-08
1.17949263689354E-08
1.17949263689354E-08
1.17949263689354E-08
1.17949263689354E-08
1.17949263689354E-08
1.17949263689354E-08
1.17949263689354E-08
1.17949263689354E-08
1.17949263689354E-08
1.17949263689354E-08
1.17949263689354E-08
1.17949263689354E-08
1.17949263689354E-08
1.17949263689354E-08
1.17949263689354E-08
1.17949263689354E-08
1.17949263689354E-08
1.17949263689354E-08
1.17949263689354E-08
1.17949263689354E-08
1.17949263689354E-08
1.17949263689354E-08
1.17949263689354E-08
1.17949263689354E-08
1.17949263689354E-08
1.17949263689354E-08
1.17949263689354E-08
1.17949263689354E-08
1.17949263689354E-08
1.17949263689354E-08
1.17949263689354E-08
1.17949263689354E-08
1.17949263689354E-08
1.17949263689354E-08
1.17949263689354E-08
1.17949263689354E-08
1.17949263689354E-08
1.17949263689354E-08
1.17949263689354E-08
1.17949263689354E-08
1.17949263689354E-08
1.17949263689354E-08
1.17949263689354E-08
1.17949263689354E-08
1.17949263689354E-08
1.17949263689354E-08
1.17949263689354E-08
1.17949263689354E-08
1.17949263689354E-08
1.17949263689354E-08
1.17949263689354E-08
1.17949263689354E-08
1.17949263689354E-08
1.17949263689354E-08
1.17949263689354E-08
1.17949263689354E-08
1.17949263689354E-08
7.28046412046268E-09
7.28046412046268E-09
7.28046412046268E-09
7.28046412046268E-09
7.28046412046268E-09
7.28046412046268E-09
7.28046412046268E-09
7.28046412046268E-09
7.28046412046268E-09
7.28046412046268E-09
7.28046412046268E-09
7.28046412046268E-09
7.28046412046268E-09
7.28046412046268E-09
7.28046412046268E-09
7.28046412046268E-09
7.28046412046268E-09
7.28046412046268E-09
7.28046412046268E-09
7.28046412046268E-09
7.28046412046268E-09
7.28046412046268E-09
7.28046412046268E-09
7.28046412046268E-09
7.28046412046268E-09
7.28046412046268E-09
7.28046412046268E-09
7.28046412046268E-09
7.28046412046268E-09
7.28046412046268E-09
7.28046412046268E-09
7.28046412046268E-09
7.28046412046268E-09
7.28046412046268E-09
7.28046412046268E-09
7.28046412046268E-09
7.28046412046268E-09
7.28046412046268E-09
7.28046412046268E-09
7.28046412046268E-09
7.28046412046268E-09
7.28046412046268E-09
7.28046412046268E-09
7.28046412046268E-09
7.28046412046268E-09
7.28046412046268E-09
7.28046412046268E-09
7.28046412046268E-09
7.28046412046268E-09
7.28046412046268E-09
7.28046412046268E-09
7.28046412046268E-09
7.28046412046268E-09
7.28046412046268E-09
7.28046412046268E-09
4.98146690564027E-09
4.98146690564027E-09
4.98146690564027E-09
4.98146690564027E-09
4.98146690564027E-09
4.98146690564027E-09
4.69549032988681E-09
4.69549032988681E-09
4.69549032988681E-09
4.69549032988681E-09
4.69549032988681E-09
4.69549032988681E-09
4.69549032988681E-09
4.69549032988681E-09
4.69549032988681E-09
4.69549032988681E-09
4.69549032988681E-09
4.69549032988681E-09
4.69549032988681E-09
4.69549032988681E-09
4.69549032988681E-09
4.69549032988681E-09

