0.134073543505752
0.0115396322146777
0.0115396322146777
0.0115396322146777
0.0115396322146777
0.00327472999488465
0.00327472999488465
0.0024267630585626
0.0024267630585626
6.48951810716669E-05
6.48951810716669E-05
6.48951810716669E-05
6.21608173778654E-05
1.78322956996269E-05
4.24927635855887E-07
4.24927635855887E-07
2.29033915277732E-07
3.96653223599941E-08
1.89608898581994E-08
1.60833799611737E-08
1.60833799611737E-08
1.60833799611737E-08
1.60833799611737E-08
1.60833799611737E-08
1.60833799611737E-08
1.08453966918276E-08
1.08453966918276E-08
1.08453966918276E-08
1.08453966918276E-08
1.08453966918276E-08
1.08453966918276E-08
1.40060973929934E-09
1.40060973929934E-09
1.40060973929934E-09
1.40060973929934E-09
5.8303628591716E-10
5.8303628591716E-10
2.9788005395659E-10
1.03991260047565E-10
1.03991260047565E-10
4.39495106974164E-11
4.39495106974164E-11
4.39495106974164E-11
5.08360020745613E-12
5.08360020745613E-12
5.08360020745613E-12
5.08360020745613E-12
3.23818749592419E-12
3.23818749592419E-12
3.23818749592419E-12
3.23818749592419E-12
2.7805535651737E-12
2.38631336912931E-12
1.40809586213209E-12
1.40809586213209E-12
1.40809586213209E-12
2.83106871279415E-13
2.83106871279415E-13
2.83106871279415E-13
8.90398865749376E-14
8.90398865749376E-14
8.90398865749376E-14
8.90398865749376E-14
8.90398865749376E-14
8.90398865749376E-14
8.90398865749376E-14
8.90398865749376E-14
8.90398865749376E-14
8.90398865749376E-14
8.90398865749376E-14
3.77475828372553E-15
3.77475828372553E-15
3.77475828372553E-15
3.77475828372553E-15
3.77475828372553E-15
3.77475828372553E-15
3.77475828372553E-15
3.77475828372553E-15
3.77475828372553E-15
3.77475828372553E-15
3.77475828372553E-15
3.77475828372553E-15
3.77475828372553E-15
3.77475828372553E-15
3.77475828372553E-15
3.77475828372553E-15
3.77475828372553E-15
3.77475828372553E-15
3.77475828372553E-15
3.77475828372553E-15
8.88178419700125E-16
8.88178419700125E-16
8.88178419700125E-16
8.88178419700125E-16
8.88178419700125E-16
8.88178419700125E-16
8.88178419700125E-16
8.88178419700125E-16
8.88178419700125E-16
8.88178419700125E-16
8.88178419700125E-16
8.88178419700125E-16
8.88178419700125E-16
8.88178419700125E-16
8.88178419700125E-16
8.88178419700125E-16
8.88178419700125E-16
8.88178419700125E-16
8.88178419700125E-16
8.88178419700125E-16
8.88178419700125E-16
8.88178419700125E-16
8.88178419700125E-16
8.88178419700125E-16
8.88178419700125E-16
8.88178419700125E-16
8.88178419700125E-16
8.88178419700125E-16
8.88178419700125E-16
8.88178419700125E-16
8.88178419700125E-16
8.88178419700125E-16
8.88178419700125E-16
8.88178419700125E-16
8.88178419700125E-16
8.88178419700125E-16
8.88178419700125E-16
8.88178419700125E-16
8.88178419700125E-16
8.88178419700125E-16
8.88178419700125E-16
8.88178419700125E-16
8.88178419700125E-16
8.88178419700125E-16
8.88178419700125E-16
8.88178419700125E-16
2.22044604925031E-16
2.22044604925031E-16
2.22044604925031E-16
2.22044604925031E-16
2.22044604925031E-16
2.22044604925031E-16
2.22044604925031E-16
2.22044604925031E-16
2.22044604925031E-16
2.22044604925031E-16
2.22044604925031E-16
2.22044604925031E-16
2.22044604925031E-16
2.22044604925031E-16
2.22044604925031E-16
2.22044604925031E-16
2.22044604925031E-16
2.22044604925031E-16
2.22044604925031E-16
2.22044604925031E-16
2.22044604925031E-16
2.22044604925031E-16
2.22044604925031E-16
2.22044604925031E-16
2.22044604925031E-16
2.22044604925031E-16
2.22044604925031E-16
2.22044604925031E-16
2.22044604925031E-16
2.22044604925031E-16
2.22044604925031E-16
2.22044604925031E-16
2.22044604925031E-16
2.22044604925031E-16
2.22044604925031E-16
2.22044604925031E-16
2.22044604925031E-16
2.22044604925031E-16
2.22044604925031E-16
2.22044604925031E-16
2.22044604925031E-16
2.22044604925031E-16
2.22044604925031E-16
2.22044604925031E-16
2.22044604925031E-16
2.22044604925031E-16
2.22044604925031E-16
2.22044604925031E-16
2.22044604925031E-16
2.22044604925031E-16
2.22044604925031E-16
2.22044604925031E-16
2.22044604925031E-16
2.22044604925031E-16
2.22044604925031E-16
2.22044604925031E-16
2.22044604925031E-16
2.22044604925031E-16
2.22044604925031E-16
2.22044604925031E-16
2.22044604925031E-16
2.22044604925031E-16
2.22044604925031E-16
2.22044604925031E-16
2.22044604925031E-16
2.22044604925031E-16
2.22044604925031E-16
2.22044604925031E-16
2.22044604925031E-16
2.22044604925031E-16
2.22044604925031E-16
2.22044604925031E-16
2.22044604925031E-16
2.22044604925031E-16
2.22044604925031E-16
1.11022302462516E-16
1.11022302462516E-16
1.11022302462516E-16
1.11022302462516E-16
1.11022302462516E-16
1.11022302462516E-16
0
0
0
0
0
0
0
0
0
0
0
0
0
0
0
0
0
0
0
0
0
0
0
0
0
0
0
0
0
0
0
0
0
0
0
0
0
0
0
0
0
0
0
0
0
0
0
0
0
0
0
0
0
0
0
0
0
0
0
0
0
0
0
0
0
0
0
0
0
0
0
0
0
0
0
0
0
0
0
0
0
0
0
0
0
0
0
0
0
0
0
0
0
0
0
0
0
0
0
0
0
0
0
0
0
0
0
0
0
0
0
0
0
0
0
0
0
0
0
0
0
0
0
0
0
0
0
0
0
0
0
0
0
0
0
0
0
0
0
0
0
0
0
0
0
0
0
0
0
0
0
0
0
0
0
0
0
0
0
0
0
0
0
0
0
0
0
0
0
0
0
0
0
0
0
0
0
0
0
0
0
0
0
0
0
0
0
0
0
0
0
0
0
0
0
0
0
0
0
0
0
0
0
0
0
0
0
0
0
0
0
0
0
0
0
0
0
0
0
0
0
0
0
0
0
0
0
0
0
0
0
0
0
0
0
0
0
0
0
0
0
0
0
0
0
0
0
0
0
0
0
0
0
0
0
0
0
0
0
0
0
0
0
0
0
0
0
0
0
0
0
0
0
0
0
0
0
0
0
0
0
0
0

