0.112995156382533
0.0342977766035957
0.0274467524845844
0.0274467524845844
0.0274467524845844
0.0226670535215342
0.0226670535215342
0.0226670535215342
0.0215760794618447
0.00796223609107494
0.00796223609107494
0.00796223609107494
0.00572015374746837
0.00425917647507412
0.00425917647507412
0.00425917647507412
0.00338994854546504
0.00198634796286767
0.00054471557691671
0.00054471557691671
0.00054471557691671
0.000433310761024153
0.000366323287381065
0.000366323287381065
0.000240271769002542
0.000240271769002542
0.000233289995815511
0.000233289995815511
0.000233289995815511
0.000233289995815511
0.000233289995815511
0.000233289995815511
0.000233289995815511
0.000186228447687231
0.000186228447687231
0.000186228447687231
0.000186228447687231
7.7237502018157E-05
7.22224870740584E-05
7.22224870740584E-05
7.22224870740584E-05
7.22224870740584E-05
7.22224870740584E-05
7.22224870740584E-05
7.22224870740584E-05
4.91185994239141E-05
4.91185994239141E-05
4.91185994239141E-05
4.91185994239141E-05
4.91185994239141E-05
4.91185994239141E-05
4.91185994239141E-05
4.91185994239141E-05
4.91185994239141E-05
4.91185994239141E-05
4.91185994239141E-05
4.91185994239141E-05
4.91185994239141E-05
4.91185994239141E-05
9.29783424830077E-06
9.29783424830077E-06
9.29783424830077E-06
9.29783424830077E-06
9.29783424830077E-06
9.29783424830077E-06
9.29783424830077E-06
9.29783424830077E-06
9.29783424830077E-06
9.29783424830077E-06
9.29783424830077E-06
9.29783424830077E-06
9.29783424830077E-06
9.29783424830077E-06
9.29783424830077E-06
9.29783424830077E-06
9.29783424830077E-06
9.29783424830077E-06
9.29783424830077E-06
9.29783424830077E-06
9.29783424830077E-06
9.29783424830077E-06
9.29783424830077E-06
9.29783424830077E-06
9.29783424830077E-06
9.29783424830077E-06
9.29783424830077E-06
9.29783424830077E-06
9.29783424830077E-06
9.29783424830077E-06
9.29783424830077E-06
9.29783424830077E-06
9.29783424830077E-06
3.6621277736959E-06
3.6621277736959E-06
3.6621277736959E-06
3.6621277736959E-06
3.56919775268416E-06
2.9677889306079E-06
2.9677889306079E-06
2.9677889306079E-06
2.9677889306079E-06
2.9677889306079E-06
2.9677889306079E-06
2.9677889306079E-06
2.9677889306079E-06
2.9677889306079E-06
2.9677889306079E-06
2.9677889306079E-06
2.9677889306079E-06
2.9677889306079E-06
2.9677889306079E-06
2.9677889306079E-06
2.9677889306079E-06
2.9677889306079E-06
2.9677889306079E-06
2.9677889306079E-06
2.9677889306079E-06
2.9677889306079E-06
2.9677889306079E-06
2.9677889306079E-06
2.9677889306079E-06
2.9677889306079E-06
2.9677889306079E-06
2.9677889306079E-06
2.9677889306079E-06
2.9677889306079E-06
2.9677889306079E-06
2.9677889306079E-06
2.9677889306079E-06
2.9677889306079E-06
2.9677889306079E-06
2.9677889306079E-06
2.9677889306079E-06
2.9677889306079E-06
2.9677889306079E-06
7.51295462730894E-07
7.51295462730894E-07
7.51295462730894E-07
7.51295462730894E-07
7.51295462730894E-07
7.51295462730894E-07
7.51295462730894E-07
7.51295462730894E-07
7.51295462730894E-07
7.51295462730894E-07
7.51295462730894E-07
7.51295462730894E-07
7.51295462730894E-07
7.51295462730894E-07
7.51295462730894E-07
7.51295462730894E-07
7.51295462730894E-07
7.51295462730894E-07
7.51295462730894E-07
7.51295462730894E-07
7.51295462730894E-07
7.51295462730894E-07
7.51295462730894E-07
7.51295462730894E-07
7.51295462730894E-07
7.51295462730894E-07
7.51295462730894E-07
7.51295462730894E-07
7.51295462730894E-07
7.51295462730894E-07
7.51295462730894E-07
7.51295462730894E-07
7.51295462730894E-07
7.51295462730894E-07
7.51295462730894E-07
7.51295462730894E-07
7.51295462730894E-07
7.51295462730894E-07
7.51295462730894E-07
7.51295462730894E-07
7.51295462730894E-07
7.51295462730894E-07
7.51295462730894E-07
7.51295462730894E-07
7.51295462730894E-07
7.51295462730894E-07
7.51295462730894E-07
7.51295462730894E-07
7.51295462730894E-07
7.51295462730894E-07
7.51295462730894E-07
7.51295462730894E-07
7.51295462730894E-07
7.51295462730894E-07
7.51295462730894E-07
6.6932738151948E-07
6.6932738151948E-07
6.6932738151948E-07
6.6932738151948E-07
6.6932738151948E-07
6.6932738151948E-07
6.6932738151948E-07
6.6932738151948E-07
6.6932738151948E-07
6.6932738151948E-07
6.6932738151948E-07
6.6932738151948E-07
6.6932738151948E-07
6.16264606345673E-07
6.16264606345673E-07
4.23387969239464E-07
4.23387969239464E-07
4.23387969239464E-07
4.23387969239464E-07
4.23387969239464E-07
4.23387969239464E-07
4.23387969239464E-07
4.23387969239464E-07
1.21445803635822E-07
1.21445803635822E-07
1.21445803635822E-07
1.21445803635822E-07
1.21445803635822E-07
1.21445803635822E-07
1.21445803635822E-07
1.21445803635822E-07
1.21445803635822E-07
1.21445803635822E-07
1.21445803635822E-07
1.21445803635822E-07
1.21445803635822E-07
1.21445803635822E-07
1.21445803635822E-07
1.21445803635822E-07
1.21445803635822E-07
1.21445803635822E-07
1.21445803635822E-07
1.21445803635822E-07
1.21445803635822E-07
1.21445803635822E-07
1.21445803635822E-07
1.21445803635822E-07
1.21445803635822E-07
1.21445803635822E-07
1.21445803635822E-07
1.21445803635822E-07
1.21445803635822E-07
1.21445803635822E-07
1.21445803635822E-07
1.21445803635822E-07
1.21445803635822E-07
1.21445803635822E-07
1.21445803635822E-07
1.21445803635822E-07
1.21445803635822E-07
1.21445803635822E-07
1.21445803635822E-07
1.21445803635822E-07
1.21445803635822E-07
1.21445803635822E-07
1.21445803635822E-07
1.21445803635822E-07
1.21445803635822E-07
1.21445803635822E-07
1.21445803635822E-07
1.21445803635822E-07
1.21445803635822E-07
1.21445803635822E-07
1.21445803635822E-07
1.21445803635822E-07
1.21445803635822E-07
1.21445803635822E-07
1.21445803635822E-07
1.21445803635822E-07
1.21445803635822E-07
1.21445803635822E-07
1.21445803635822E-07
1.21445803635822E-07
1.21445803635822E-07
1.21445803635822E-07
1.21445803635822E-07
1.21445803635822E-07
5.66528752798945E-08
5.66528752798945E-08
5.66528752798945E-08
5.66528752798945E-08
5.66528752798945E-08
5.66528752798945E-08
5.66528752798945E-08
5.66528752798945E-08
5.66528752798945E-08
5.66528752798945E-08
5.66528752798945E-08
5.66528752798945E-08
3.12621344367159E-08
3.12621344367159E-08
3.12621344367159E-08
3.12621344367159E-08
3.12621344367159E-08
3.12621344367159E-08
3.12621344367159E-08
3.12621344367159E-08
3.12621344367159E-08
3.12621344367159E-08
3.12621344367159E-08
3.12621344367159E-08
3.12621344367159E-08
3.12621344367159E-08
3.12621344367159E-08
3.12621344367159E-08
3.12621344367159E-08
3.12621344367159E-08
3.12621344367159E-08
3.12621344367159E-08
3.12621344367159E-08
3.12621344367159E-08
3.12621344367159E-08
3.12621344367159E-08
3.12621344367159E-08
3.12621344367159E-08
3.12621344367159E-08
3.12621344367159E-08
3.12621344367159E-08
3.12621344367159E-08
3.12621344367159E-08
3.12621344367159E-08
3.12621344367159E-08
3.12621344367159E-08
3.12621344367159E-08
3.12621344367159E-08
3.12621344367159E-08
3.12621344367159E-08
3.12621344367159E-08
3.12621344367159E-08
3.12621344367159E-08
3.12621344367159E-08
3.12621344367159E-08
3.12621344367159E-08
3.12621344367159E-08
3.12621344367159E-08
3.12621344367159E-08
3.12621344367159E-08
3.12621344367159E-08
3.12621344367159E-08
3.12621344367159E-08
3.12621344367159E-08
3.12621344367159E-08
3.12621344367159E-08
3.12621344367159E-08
3.12621344367159E-08
3.12621344367159E-08
3.12621344367159E-08
3.12621344367159E-08
3.12621344367159E-08
3.12621344367159E-08
3.12621344367159E-08
3.12621344367159E-08
2.62752991586623E-08
2.62752991586623E-08
2.62752991586623E-08
2.62752991586623E-08
2.62752991586623E-08
2.62752991586623E-08
2.62752991586623E-08
1.12406549623856E-08
1.12406549623856E-08
1.12406549623856E-08
1.12406549623856E-08
1.12406549623856E-08
1.12406549623856E-08
1.12406549623856E-08
1.12406549623856E-08
1.12406549623856E-08
1.12406549623856E-08
1.12406549623856E-08
1.12406549623856E-08
1.12406549623856E-08
1.12406549623856E-08
1.12406549623856E-08
1.12406549623856E-08
1.12406549623856E-08
1.12406549623856E-08
1.12406549623856E-08
1.12406549623856E-08
1.12406549623856E-08
1.12406549623856E-08
1.12406549623856E-08
1.12406549623856E-08
1.12406549623856E-08
1.12406549623856E-08
1.12406549623856E-08
1.12406549623856E-08
1.12406549623856E-08
1.12406549623856E-08
1.12406549623856E-08
1.12406549623856E-08
1.12406549623856E-08
1.12406549623856E-08
1.12406549623856E-08
1.12406549623856E-08
1.12406549623856E-08
1.12406549623856E-08
1.12406549623856E-08
1.12406549623856E-08
1.12406549623856E-08
1.12406549623856E-08
8.51572234950027E-09
8.51572234950027E-09
8.51572234950027E-09
8.51572234950027E-09
8.51572234950027E-09
8.51572234950027E-09
8.51572234950027E-09
8.51572234950027E-09
8.51572234950027E-09
8.51572234950027E-09
8.51572234950027E-09
8.51572234950027E-09
8.51572234950027E-09
3.97674826402294E-09
3.97674826402294E-09
3.97674826402294E-09
3.97674826402294E-09
3.97674826402294E-09
3.97674826402294E-09
3.97674826402294E-09
3.97674826402294E-09
3.97674826402294E-09
3.97674826402294E-09
3.97674826402294E-09
3.97674826402294E-09
3.97674826402294E-09
3.97674826402294E-09
3.97674826402294E-09
3.97674826402294E-09
3.97674826402294E-09
3.97674826402294E-09
3.97674826402294E-09
3.97674826402294E-09
3.97674826402294E-09
3.97674826402294E-09
3.97674826402294E-09
3.97674826402294E-09
3.97674826402294E-09
1.563112084213E-09
1.563112084213E-09
1.563112084213E-09
1.563112084213E-09
1.563112084213E-09
1.563112084213E-09
1.563112084213E-09
1.563112084213E-09
1.563112084213E-09
1.563112084213E-09
1.563112084213E-09
1.563112084213E-09
1.563112084213E-09
1.563112084213E-09
1.563112084213E-09
1.563112084213E-09
1.563112084213E-09
1.563112084213E-09
1.563112084213E-09
1.563112084213E-09
1.563112084213E-09
1.563112084213E-09
1.563112084213E-09
1.563112084213E-09
1.563112084213E-09
1.563112084213E-09
1.563112084213E-09
1.563112084213E-09
1.563112084213E-09
1.563112084213E-09
1.563112084213E-09
1.563112084213E-09
1.563112084213E-09
1.563112084213E-09
1.563112084213E-09
1.563112084213E-09
1.563112084213E-09
1.563112084213E-09
1.563112084213E-09
1.563112084213E-09
1.563112084213E-09
1.563112084213E-09
1.563112084213E-09
1.563112084213E-09
1.563112084213E-09
1.563112084213E-09
1.563112084213E-09
1.563112084213E-09
1.563112084213E-09
1.563112084213E-09
1.563112084213E-09
1.563112084213E-09
1.563112084213E-09
1.563112084213E-09
1.563112084213E-09
1.563112084213E-09
1.563112084213E-09
1.563112084213E-09
1.563112084213E-09
1.563112084213E-09
1.563112084213E-09

