0.291538352660018
0.221194898462343
0.140629039391392
0.0406789300681733
0.0353329995633802
0.00250316626282833
0.00250316626282833
0.00250316626282833
0.00250316626282833
0.0013649026407503
0.0013649026407503
0.0013649026407503
0.0013649026407503
0.0013649026407503
0.0006984031388092
0.0006984031388092
0.0006984031388092
0.0006984031388092
0.0006984031388092
0.0006984031388092
0.0006984031388092
0.0006984031388092
0.0006984031388092
0.000678363844845646
0.000678363844845646
0.000678363844845646
0.000678363844845646
0.000678363844845646
0.000405721094015293
0.000213641489079243
0.000213641489079243
0.000213641489079243
0.000213641489079243
0.000213641489079243
0.000213641489079243
0.000213641489079243
0.000213641489079243
0.000213641489079243
7.69418622538695E-05
2.62746324694793E-05
2.62746324694793E-05
2.62746324694793E-05
2.62746324694793E-05
2.62746324694793E-05
2.62746324694793E-05
2.62746324694793E-05
2.62746324694793E-05
2.62746324694793E-05
2.62746324694793E-05
2.62746324694793E-05
2.62746324694793E-05
2.62746324694793E-05
1.17374264744716E-05
1.17374264744716E-05
1.17374264744716E-05
1.17374264744716E-05
1.1668650572845E-05
1.1668650572845E-05
1.1668650572845E-05
1.1668650572845E-05
1.1668650572845E-05
1.1668650572845E-05
1.1668650572845E-05
1.1668650572845E-05
1.1668650572845E-05
1.1668650572845E-05
1.1668650572845E-05
1.1668650572845E-05
1.1668650572845E-05
1.1668650572845E-05
1.1668650572845E-05
1.1668650572845E-05
1.1668650572845E-05
1.1668650572845E-05
1.1668650572845E-05
1.1668650572845E-05
1.1668650572845E-05
1.1668650572845E-05
1.1668650572845E-05
1.1668650572845E-05
1.1668650572845E-05
1.1668650572845E-05
1.1668650572845E-05
1.1668650572845E-05
1.1668650572845E-05
1.1668650572845E-05
1.1668650572845E-05
8.3467282619154E-06
8.3467282619154E-06
8.3467282619154E-06
8.3467282619154E-06
8.3467282619154E-06
8.3467282619154E-06
8.3467282619154E-06
8.3467282619154E-06
8.3467282619154E-06
8.3467282619154E-06
8.3467282619154E-06
8.3467282619154E-06
8.3467282619154E-06
8.3467282619154E-06
8.3467282619154E-06
8.3467282619154E-06
8.3467282619154E-06
8.3467282619154E-06
8.3467282619154E-06
8.3467282619154E-06
8.3467282619154E-06
8.3467282619154E-06
8.3467282619154E-06
8.3467282619154E-06
8.3467282619154E-06
8.3467282619154E-06
8.3467282619154E-06
8.3467282619154E-06
8.3467282619154E-06
8.3467282619154E-06
8.3467282619154E-06
8.3467282619154E-06
8.3467282619154E-06
8.3467282619154E-06
8.3467282619154E-06
8.3467282619154E-06
8.3467282619154E-06
8.3467282619154E-06
8.3467282619154E-06
8.3467282619154E-06
8.3467282619154E-06
8.3467282619154E-06
4.2887917107437E-06
4.2887917107437E-06
4.2887917107437E-06
4.2887917107437E-06
4.2887917107437E-06
4.2887917107437E-06
4.2887917107437E-06
4.2887917107437E-06
4.2887917107437E-06
4.2887917107437E-06
4.2887917107437E-06
4.2887917107437E-06
4.2887917107437E-06
4.2887917107437E-06
4.2887917107437E-06
4.2887917107437E-06
4.2887917107437E-06
4.2887917107437E-06
4.2887917107437E-06
4.2887917107437E-06
4.2887917107437E-06
4.2887917107437E-06
4.2887917107437E-06
4.2887917107437E-06
4.2887917107437E-06
4.2887917107437E-06
4.2887917107437E-06
4.2887917107437E-06
4.2887917107437E-06
4.2887917107437E-06
3.76696188277709E-06
3.76696188277709E-06
3.76696188277709E-06
3.76696188277709E-06
3.76696188277709E-06
3.76696188277709E-06
3.76696188277709E-06
2.5644624253307E-06
2.5644624253307E-06
2.5644624253307E-06
2.5644624253307E-06
2.5644624253307E-06
2.5644624253307E-06
2.5644624253307E-06
2.5644624253307E-06
2.5644624253307E-06
2.5644624253307E-06
2.5644624253307E-06
2.5644624253307E-06
2.5644624253307E-06
2.5644624253307E-06
2.5644624253307E-06
2.5644624253307E-06
2.5644624253307E-06
2.5644624253307E-06
7.8705487537023E-07
7.8705487537023E-07
7.8705487537023E-07
7.8705487537023E-07
7.8705487537023E-07
7.8705487537023E-07
7.8705487537023E-07
7.8705487537023E-07
7.8705487537023E-07
7.8705487537023E-07
7.8705487537023E-07
7.8705487537023E-07
7.8705487537023E-07
7.8705487537023E-07
7.8705487537023E-07
7.8705487537023E-07
7.8705487537023E-07
7.8705487537023E-07
7.8705487537023E-07
7.8705487537023E-07
7.8705487537023E-07
7.8705487537023E-07
7.8705487537023E-07
7.8705487537023E-07
7.8705487537023E-07
7.8705487537023E-07
7.8705487537023E-07
7.8705487537023E-07
7.8705487537023E-07
7.8705487537023E-07
7.8705487537023E-07
7.8705487537023E-07
7.8705487537023E-07
7.8705487537023E-07
7.8705487537023E-07
7.8705487537023E-07
7.8705487537023E-07
7.8705487537023E-07
7.8705487537023E-07
7.8705487537023E-07
7.8705487537023E-07
7.8705487537023E-07
7.8705487537023E-07
7.8705487537023E-07
7.8705487537023E-07
7.8705487537023E-07
7.8705487537023E-07
7.8705487537023E-07
7.8705487537023E-07
7.8705487537023E-07
7.8705487537023E-07
7.8705487537023E-07
7.8705487537023E-07
7.8705487537023E-07
7.8705487537023E-07
7.8705487537023E-07
7.8705487537023E-07
7.8705487537023E-07
7.8705487537023E-07
7.8705487537023E-07
7.8705487537023E-07
7.8705487537023E-07
7.8705487537023E-07
7.8705487537023E-07
7.8705487537023E-07
7.8705487537023E-07
7.8705487537023E-07
7.8705487537023E-07
7.8705487537023E-07
7.8705487537023E-07
7.8705487537023E-07
7.8705487537023E-07
7.8705487537023E-07
7.8705487537023E-07
7.8705487537023E-07
7.8705487537023E-07
7.8705487537023E-07
7.8705487537023E-07
6.52393262759454E-07
6.52393262759454E-07
6.52393262759454E-07
6.52393262759454E-07
6.52393262759454E-07
6.52393262759454E-07
6.52393262759454E-07
6.52393262759454E-07
6.52393262759454E-07
6.52393262759454E-07
6.52393262759454E-07
5.01892632738532E-07
5.01892632738532E-07
5.01892632738532E-07
5.01892632738532E-07
5.01892632738532E-07
5.01892632738532E-07
5.01892632738532E-07
5.01892632738532E-07
5.01892632738532E-07
5.01892632738532E-07
5.01892632738532E-07
5.01892632738532E-07
5.01892632738532E-07
5.01892632738532E-07
2.72609711693406E-07
2.72609711693406E-07
2.72609711693406E-07
2.72609711693406E-07
2.72609711693406E-07
2.72609711693406E-07
2.72609711693406E-07
2.72609711693406E-07
2.72609711693406E-07
2.72609711693406E-07
2.72609711693406E-07
2.72609711693406E-07
2.72609711693406E-07
2.72609711693406E-07
2.72609711693406E-07
2.72609711693406E-07
2.72609711693406E-07
2.72609711693406E-07
2.72609711693406E-07
2.72609711693406E-07
2.72609711693406E-07
2.72609711693406E-07
2.72609711693406E-07
2.72609711693406E-07
2.72609711693406E-07
2.72609711693406E-07
2.72609711693406E-07
2.72609711693406E-07
2.72609711693406E-07
2.72609711693406E-07
2.72609711693406E-07
2.72609711693406E-07
2.72609711693406E-07
2.72609711693406E-07
2.72609711693406E-07
2.72609711693406E-07
2.72609711693406E-07
2.72609711693406E-07
2.72609711693406E-07
2.72609711693406E-07
2.72609711693406E-07
1.78596062730407E-07
1.78596062730407E-07
1.78596062730407E-07
1.78596062730407E-07
1.78596062730407E-07
1.78596062730407E-07
1.78596062730407E-07
1.78596062730407E-07
1.78596062730407E-07
1.78596062730407E-07
1.78596062730407E-07
6.52140347487395E-08
6.52140347487395E-08
6.52140347487395E-08
6.52140347487395E-08
6.52140347487395E-08
6.52140347487395E-08
6.52140347487395E-08
6.52140347487395E-08
6.52140347487395E-08
6.52140347487395E-08
6.52140347487395E-08
6.52140347487395E-08
6.52140347487395E-08
6.52140347487395E-08
6.52140347487395E-08
6.52140347487395E-08
6.52140347487395E-08
6.52140347487395E-08
6.52140347487395E-08
6.52140347487395E-08
6.52140347487395E-08
6.52140347487395E-08
6.52140347487395E-08
6.52140347487395E-08
6.52140347487395E-08
6.52140347487395E-08
6.52140347487395E-08
6.52140347487395E-08
6.52140347487395E-08
6.52140347487395E-08
6.52140347487395E-08
6.52140347487395E-08
6.52140347487395E-08
6.52140347487395E-08
6.52140347487395E-08
6.52140347487395E-08
6.52140347487395E-08
6.52140347487395E-08
6.52140347487395E-08
6.52140347487395E-08
6.52140347487395E-08
6.52140347487395E-08
6.52140347487395E-08
6.52140347487395E-08
6.52140347487395E-08
6.52140347487395E-08
6.52140347487395E-08
6.52140347487395E-08
6.52140347487395E-08
6.52140347487395E-08
6.52140347487395E-08
6.52140347487395E-08
6.52140347487395E-08
6.52140347487395E-08
6.52140347487395E-08
6.52140347487395E-08
6.52140347487395E-08
6.52140347487395E-08
6.52140347487395E-08
6.52140347487395E-08
6.52140347487395E-08
6.52140347487395E-08
6.52140347487395E-08
6.52140347487395E-08
5.38816871745174E-08
5.38816871745174E-08
5.38816871745174E-08
5.38816871745174E-08
5.38816871745174E-08
4.15590846944425E-08
4.15590846944425E-08
4.15590846944425E-08
4.15590846944425E-08
4.15590846944425E-08
4.15590846944425E-08
4.15590846944425E-08
4.15590846944425E-08
4.15590846944425E-08
4.15590846944425E-08
4.15590846944425E-08
4.15590846944425E-08
4.15590846944425E-08
4.15590846944425E-08
4.15590846944425E-08
4.15590846944425E-08
4.15590846944425E-08
4.15590846944425E-08
4.15590846944425E-08
4.15590846944425E-08
4.15590846944425E-08
4.15590846944425E-08
4.15590846944425E-08
4.15590846944425E-08
4.15590846944425E-08
4.15590846944425E-08
4.15590846944425E-08
4.15590846944425E-08
4.15590846944425E-08
4.15590846944425E-08
4.15590846944425E-08
4.15590846944425E-08
4.15590846944425E-08
4.15590846944425E-08
4.15590846944425E-08
4.15590846944425E-08
4.15590846944425E-08
4.15590846944425E-08
4.15590846944425E-08
4.15590846944425E-08
4.15590846944425E-08
4.15590846944425E-08
4.15590846944425E-08
4.15590846944425E-08
4.15590846944425E-08
4.15590846944425E-08
4.15590846944425E-08
4.15590846944425E-08
4.15590846944425E-08
4.15590846944425E-08
4.15590846944425E-08
4.15590846944425E-08
4.15590846944425E-08
4.15590846944425E-08
4.15590846944425E-08
4.15590846944425E-08
4.15590846944425E-08
4.15590846944425E-08
4.15590846944425E-08
4.15590846944425E-08
4.15590846944425E-08
4.15590846944425E-08
4.15590846944425E-08
4.15590846944425E-08
4.15590846944425E-08
4.15590846944425E-08
4.15590846944425E-08
4.15590846944425E-08
4.15590846944425E-08
4.15590846944425E-08
4.15590846944425E-08
4.15590846944425E-08
4.15590846944425E-08
4.15590846944425E-08
4.15590846944425E-08
4.15590846944425E-08
4.15590846944425E-08
4.15590846944425E-08
4.15590846944425E-08
4.15590846944425E-08
4.15590846944425E-08
4.15590846944425E-08
4.15590846944425E-08
4.15590846944425E-08
3.11529974039715E-08
3.11529974039715E-08
3.11529974039715E-08
1.82608360169145E-08
1.82608360169145E-08
1.82608360169145E-08
1.82608360169145E-08
1.82608360169145E-08

