0.301442323186285
0.301215887261128
0.112953048735942
0.100158244425822
0.0792310866148085
0.0388517191818041
0.0131602925648906
0.0131602925648906
0.0131602925648906
0.00874182588721781
0.00874182588721781
0.00628407797876475
0.00361077534755168
0.00361077534755168
0.00361077534755168
0.00361077534755168
0.000902783386882801
0.000902783386882801
0.000902783386882801
0.000902783386882801
0.000902783386882801
0.000902783386882801
0.000897256868871266
0.000897256868871266
0.000897256868871266
0.000756538536592612
0.000756538536592612
0.000756538536592612
0.000268152290006922
0.000268152290006922
0.000268152290006922
0.000268152290006922
0.000268152290006922
0.000268152290006922
0.000268152290006922
0.000268152290006922
0.000268152290006922
0.000268152290006922
0.000268152290006922
0.000268152290006922
0.000268152290006922
6.25861559458638E-05
6.25861559458638E-05
6.25861559458638E-05
6.25861559458638E-05
6.25861559458638E-05
6.25861559458638E-05
6.25861559458638E-05
6.25861559458638E-05
6.25861559458638E-05
6.25861559458638E-05
6.25861559458638E-05
6.25861559458638E-05
6.25861559458638E-05
6.25861559458638E-05
6.25861559458638E-05
6.25861559458638E-05
6.25861559458638E-05
6.25861559458638E-05
6.25861559458638E-05
6.25861559458638E-05
6.25861559458638E-05
2.50683854996561E-05
2.50683854996561E-05
2.50683854996561E-05
2.50683854996561E-05
2.50683854996561E-05
2.50683854996561E-05
2.50683854996561E-05
2.50683854996561E-05
2.50683854996561E-05
2.50683854996561E-05
2.50683854996561E-05
2.50683854996561E-05
2.50683854996561E-05
2.50683854996561E-05
2.50683854996561E-05
2.50683854996561E-05
2.50683854996561E-05
2.50683854996561E-05
2.50683854996561E-05
2.50683854996561E-05
2.50683854996561E-05
2.50683854996561E-05
2.50683854996561E-05
2.50683854996561E-05
2.50683854996561E-05
2.50683854996561E-05
2.50683854996561E-05
2.50683854996561E-05
2.50683854996561E-05
2.50683854996561E-05
2.50683854996561E-05
2.50683854996561E-05
2.50683854996561E-05
2.50683854996561E-05
2.50683854996561E-05
2.50683854996561E-05
2.50683854996561E-05
2.06780357542222E-05
2.06780357542222E-05
2.06780357542222E-05
2.06780357542222E-05
2.06780357542222E-05
2.06780357542222E-05
1.85172384030499E-05
1.85172384030499E-05
1.39848815019356E-05
3.65928079108097E-06
3.65928079108097E-06
3.65928079108097E-06
3.65928079108097E-06
3.65928079108097E-06
3.65928079108097E-06
3.65928079108097E-06
3.65928079108097E-06
3.65928079108097E-06
3.65928079108097E-06
3.65928079108097E-06
3.65928079108097E-06
3.65928079108097E-06
3.65928079108097E-06
3.65928079108097E-06
3.65928079108097E-06
3.65928079108097E-06
3.65928079108097E-06
3.65928079108097E-06
3.65928079108097E-06
3.65928079108097E-06
3.65928079108097E-06
3.65928079108097E-06
3.65928079108097E-06
3.65928079108097E-06
3.65928079108097E-06
3.65928079108097E-06
3.65928079108097E-06
3.65928079108097E-06
3.65928079108097E-06
3.65928079108097E-06
3.65928079108097E-06
3.65928079108097E-06
3.65928079108097E-06
3.65928079108097E-06
3.65928079108097E-06
3.65928079108097E-06
3.65928079108097E-06
3.65928079108097E-06
3.65928079108097E-06
3.65928079108097E-06
3.65928079108097E-06
3.65928079108097E-06
3.65928079108097E-06
3.65928079108097E-06
3.65928079108097E-06
3.65928079108097E-06
3.65928079108097E-06
3.65928079108097E-06
3.65928079108097E-06
3.65928079108097E-06
3.65928079108097E-06
3.65928079108097E-06
3.65928079108097E-06
3.65928079108097E-06
3.65928079108097E-06
3.65928079108097E-06
3.65928079108097E-06
3.65928079108097E-06
3.65928079108097E-06
3.65928079108097E-06
3.65928079108097E-06
3.65928079108097E-06
3.65928079108097E-06
3.65928079108097E-06
3.65928079108097E-06
3.65928079108097E-06
3.65928079108097E-06
3.65928079108097E-06
3.65928079108097E-06
3.65928079108097E-06
3.65928079108097E-06
3.65928079108097E-06
3.65928079108097E-06
3.65928079108097E-06
3.65928079108097E-06
3.65928079108097E-06
3.65928079108097E-06
3.65928079108097E-06
3.65928079108097E-06
3.65928079108097E-06
3.65928079108097E-06
3.65928079108097E-06
3.65928079108097E-06
3.65928079108097E-06
3.65928079108097E-06
3.65928079108097E-06
3.65928079108097E-06
3.65928079108097E-06
3.65928079108097E-06
3.65928079108097E-06
3.65928079108097E-06
3.65928079108097E-06
3.65928079108097E-06
3.65928079108097E-06
3.65928079108097E-06
3.65928079108097E-06
3.65928079108097E-06
3.65928079108097E-06
3.65928079108097E-06
3.65928079108097E-06
3.65928079108097E-06
3.65928079108097E-06
3.65928079108097E-06
3.65928079108097E-06
3.65928079108097E-06
3.65928079108097E-06
3.65928079108097E-06
3.65928079108097E-06
3.65928079108097E-06
3.65928079108097E-06
3.65928079108097E-06
3.65928079108097E-06
3.65928079108097E-06
3.65928079108097E-06
3.65928079108097E-06
3.65928079108097E-06
3.65928079108097E-06
3.65928079108097E-06
3.65928079108097E-06
3.65928079108097E-06
3.65928079108097E-06
3.65928079108097E-06
3.65928079108097E-06
2.52836951659258E-06
2.52836951659258E-06
2.52836951659258E-06
2.52836951659258E-06
2.52836951659258E-06
2.52836951659258E-06
2.52836951659258E-06
2.52836951659258E-06
2.52836951659258E-06
2.52836951659258E-06
2.52836951659258E-06
2.52836951659258E-06
2.52836951659258E-06
1.65996383168221E-06
1.65996383168221E-06
1.65996383168221E-06
1.65996383168221E-06
1.65996383168221E-06
1.65996383168221E-06
7.4488535002637E-07
7.4488535002637E-07
7.4488535002637E-07
7.4488535002637E-07
7.4488535002637E-07
7.4488535002637E-07
7.4488535002637E-07
7.4488535002637E-07
7.4488535002637E-07
7.4488535002637E-07
7.4488535002637E-07
7.4488535002637E-07
7.4488535002637E-07
7.4488535002637E-07
7.4488535002637E-07
7.4488535002637E-07
7.4488535002637E-07
7.4488535002637E-07
7.4488535002637E-07
7.4488535002637E-07
7.4488535002637E-07
7.4488535002637E-07
7.4488535002637E-07
7.4488535002637E-07
7.4488535002637E-07
7.4488535002637E-07
7.4488535002637E-07
7.4488535002637E-07
7.4488535002637E-07
7.4488535002637E-07
7.4488535002637E-07
7.4488535002637E-07
7.4488535002637E-07
7.4488535002637E-07
7.4488535002637E-07
7.4488535002637E-07
7.4488535002637E-07
7.4488535002637E-07
7.4488535002637E-07
7.4488535002637E-07
7.4488535002637E-07
7.4488535002637E-07
7.4488535002637E-07
7.4488535002637E-07
7.4488535002637E-07
7.31787240505766E-07
7.31787240505766E-07
7.31787240505766E-07
7.31787240505766E-07
7.31787240505766E-07
7.31787240505766E-07
7.31787240505766E-07
7.31787240505766E-07
7.31787240505766E-07
7.31787240505766E-07
7.31787240505766E-07
7.31787240505766E-07
7.31787240505766E-07
7.31787240505766E-07
7.31787240505766E-07
7.31787240505766E-07
7.31787240505766E-07
7.31787240505766E-07
7.31787240505766E-07
7.31787240505766E-07
7.31787240505766E-07
7.31787240505766E-07
7.31787240505766E-07
6.50138779971499E-07
6.50138779971499E-07
6.50138779971499E-07
6.50138779971499E-07
6.50138779971499E-07
6.50138779971499E-07
6.50138779971499E-07
6.50138779971499E-07
6.50138779971499E-07
6.50138779971499E-07
6.50138779971499E-07
6.50138779971499E-07
6.50138779971499E-07
6.50138779971499E-07
6.50138779971499E-07
6.50138779971499E-07
6.50138779971499E-07
6.50138779971499E-07
6.50138779971499E-07
6.50138779971499E-07
6.50138779971499E-07
6.50138779971499E-07
6.50138779971499E-07
6.50138779971499E-07
6.50138779971499E-07
6.50138779971499E-07
6.50138779971499E-07
6.50138779971499E-07
6.50138779971499E-07
6.50138779971499E-07
6.50138779971499E-07
6.50138779971499E-07
6.50138779971499E-07
6.50138779971499E-07
3.07524582347785E-07
3.07524582347785E-07
3.07524582347785E-07
3.07524582347785E-07
3.07524582347785E-07
3.07524582347785E-07
2.35819897234646E-07
2.35819897234646E-07
2.35819897234646E-07
2.35819897234646E-07
2.35819897234646E-07
2.35819897234646E-07
2.35819897234646E-07
2.35819897234646E-07
2.35819897234646E-07
2.35819897234646E-07
2.35819897234646E-07
2.35819897234646E-07
2.35819897234646E-07
2.35819897234646E-07
2.35819897234646E-07
2.35819897234646E-07
2.35819897234646E-07
2.35819897234646E-07
2.35819897234646E-07
2.35819897234646E-07
2.35819897234646E-07
2.35819897234646E-07
2.35819897234646E-07
2.35819897234646E-07
2.35819897234646E-07
2.35819897234646E-07
2.35819897234646E-07
2.35819897234646E-07
2.35819897234646E-07
2.35819897234646E-07
2.35819897234646E-07
2.35819897234646E-07
2.35819897234646E-07
2.35819897234646E-07
2.35819897234646E-07
2.35819897234646E-07
2.35819897234646E-07
2.35819897234646E-07
2.35819897234646E-07
2.35819897234646E-07
2.35819897234646E-07
2.35819897234646E-07
2.35819897234646E-07
2.35819897234646E-07
2.35819897234646E-07
2.35819897234646E-07
2.35819897234646E-07
2.35819897234646E-07
2.35819897234646E-07
2.35819897234646E-07
2.35819897234646E-07
2.35819897234646E-07
2.35819897234646E-07
2.35819897234646E-07
2.35819897234646E-07
2.35819897234646E-07
2.35819897234646E-07
2.35819897234646E-07
2.35819897234646E-07
2.35819897234646E-07
2.35819897234646E-07
2.35819897234646E-07
2.35819897234646E-07
2.35819897234646E-07
2.35819897234646E-07
2.35819897234646E-07
2.35819897234646E-07
2.35819897234646E-07
2.35819897234646E-07
2.35819897234646E-07
8.27025479974153E-08
8.27025479974153E-08
8.27025479974153E-08
8.27025479974153E-08
8.27025479974153E-08
8.27025479974153E-08
8.27025479974153E-08
8.27025479974153E-08
8.27025479974153E-08
8.27025479974153E-08
8.27025479974153E-08
8.27025479974153E-08
8.27025479974153E-08
8.27025479974153E-08
8.27025479974153E-08
7.03582632780031E-08
7.03582632780031E-08
7.03582632780031E-08
7.03582632780031E-08
4.71519709735468E-08
4.71519709735468E-08
4.71519709735468E-08
4.71519709735468E-08
4.71519709735468E-08
4.71519709735468E-08
4.71519709735468E-08
4.71519709735468E-08
4.71519709735468E-08
4.71519709735468E-08
4.71519709735468E-08
4.71519709735468E-08
4.71519709735468E-08
4.71519709735468E-08
4.71519709735468E-08
4.71519709735468E-08
4.71519709735468E-08
4.71519709735468E-08
4.71519709735468E-08
4.71519709735468E-08
4.71519709735468E-08
4.71519709735468E-08
4.71519709735468E-08
4.71519709735468E-08
4.71519709735468E-08
4.71519709735468E-08
4.71519709735468E-08
4.71519709735468E-08
4.71519709735468E-08
4.71519709735468E-08
4.71519709735468E-08
4.71519709735468E-08
4.71519709735468E-08
4.71519709735468E-08
4.71519709735468E-08
4.71519709735468E-08
4.71519709735468E-08
4.71519709735468E-08
4.71519709735468E-08
4.71519709735468E-08
4.71519709735468E-08
4.71519709735468E-08
4.71519709735468E-08
4.71519709735468E-08
4.48403994143809E-08
4.48403994143809E-08
4.48403994143809E-08
4.48403994143809E-08
4.48403994143809E-08
4.48403994143809E-08
4.48403994143809E-08
4.48403994143809E-08

