0.034736637033214
0.034736637033214
0.034736637033214
0.018974469314448
0.018974469314448
0.00455908549716089
0.00455908549716089
0.00455908549716089
0.00292950070598244
0.00292950070598244
0.0012079209236851
0.0012079209236851
0.0012079209236851
0.0012079209236851
0.0012079209236851
0.0012079209236851
0.0012079209236851
0.0012079209236851
0.000505676374359387
0.000505676374359387
0.000505676374359387
0.00040568533954688
0.00040568533954688
0.00040568533954688
0.00040568533954688
0.00040568533954688
0.00040568533954688
0.000276410411911621
0.000276410411911621
0.000276410411911621
0.000276410411911621
0.000276410411911621
0.000276410411911621
0.000276410411911621
0.000276410411911621
0.000276410411911621
0.000276410411911621
0.000276410411911621
0.000276410411911621
0.000276410411911621
0.000276410411911621
0.000276410411911621
0.000276410411911621
0.000276410411911621
0.000276410411911621
0.000150039876423702
0.000150039876423702
0.000150039876423702
0.000150039876423702
0.000150039876423702
0.000150039876423702
0.000150039876423702
0.000150039876423702
4.30800785961027E-05
4.30800785961027E-05
4.30800785961027E-05
4.30800785961027E-05
4.30800785961027E-05
4.30800785961027E-05
4.30800785961027E-05
4.30800785961027E-05
4.30800785961027E-05
4.30800785961027E-05
4.30800785961027E-05
4.30800785961027E-05
4.30800785961027E-05
4.30800785961027E-05
4.30800785961027E-05
4.30800785961027E-05
4.30800785961027E-05
4.30800785961027E-05
4.30800785961027E-05
4.30800785961027E-05
4.30800785961027E-05
4.30800785961027E-05
4.30800785961027E-05
4.30800785961027E-05
4.30800785961027E-05
4.30800785961027E-05
4.30800785961027E-05
4.30800785961027E-05
4.30800785961027E-05
4.30800785961027E-05
3.59636319606782E-05
3.59636319606782E-05
3.59636319606782E-05
3.59636319606782E-05
3.59636319606782E-05
3.59636319606782E-05
3.59636319606782E-05
3.59636319606782E-05
3.59636319606782E-05
3.59636319606782E-05
3.59636319606782E-05
3.59636319606782E-05
3.59636319606782E-05
3.59636319606782E-05
3.59636319606782E-05
3.59636319606782E-05
3.59636319606782E-05
3.59636319606782E-05
3.59636319606782E-05
3.59636319606782E-05
3.59636319606782E-05
3.59636319606782E-05
3.59636319606782E-05
3.59636319606782E-05
3.59636319606782E-05
3.59636319606782E-05
2.75319138192121E-05
2.75319138192121E-05
2.75319138192121E-05
2.75319138192121E-05
2.75319138192121E-05
2.75319138192121E-05
2.75319138192121E-05
2.75319138192121E-05
2.75319138192121E-05
2.75319138192121E-05
2.75319138192121E-05
2.75319138192121E-05
2.75319138192121E-05
2.75319138192121E-05
2.75319138192121E-05
2.75319138192121E-05
2.75319138192121E-05
2.75319138192121E-05
6.23388093912158E-06
6.23388093912158E-06
6.23388093912158E-06
6.23388093912158E-06
6.23388093912158E-06
6.23388093912158E-06
6.23388093912158E-06
6.23388093912158E-06
6.23388093912158E-06
6.23388093912158E-06
6.23388093912158E-06
6.23388093912158E-06
6.23388093912158E-06
6.23388093912158E-06
6.23388093912158E-06
6.23388093912158E-06
6.23388093912158E-06
6.23388093912158E-06
6.23388093912158E-06
6.23388093912158E-06
6.23388093912158E-06
6.23388093912158E-06
6.23388093912158E-06
6.23388093912158E-06
6.23388093912158E-06
6.23388093912158E-06
6.23388093912158E-06
6.23388093912158E-06
6.23388093912158E-06
6.23388093912158E-06
6.23388093912158E-06
6.23388093912158E-06
6.23388093912158E-06
6.23388093912158E-06
6.23388093912158E-06
6.23388093912158E-06
6.23388093912158E-06
6.23388093912158E-06
6.23388093912158E-06
6.23388093912158E-06
6.23388093912158E-06
6.23388093912158E-06
6.23388093912158E-06
6.23388093912158E-06
6.23388093912158E-06
6.23388093912158E-06
6.23388093912158E-06
6.23388093912158E-06
6.23388093912158E-06
6.23388093912158E-06
6.23388093912158E-06
6.23388093912158E-06
6.23388093912158E-06
6.23388093912158E-06
6.23388093912158E-06
6.23388093912158E-06
6.23388093912158E-06
6.23388093912158E-06
6.23388093912158E-06
6.23388093912158E-06
6.23388093912158E-06
6.23388093912158E-06
6.23388093912158E-06
6.23388093912158E-06
6.23388093912158E-06
6.23388093912158E-06
6.23388093912158E-06
3.06917249426331E-06
3.06917249426331E-06
3.06917249426331E-06
3.06917249426331E-06
3.06917249426331E-06
3.06917249426331E-06
3.06917249426331E-06
3.06917249426331E-06
3.06917249426331E-06
3.06917249426331E-06
3.06917249426331E-06
3.06917249426331E-06
3.06917249426331E-06
3.06917249426331E-06
3.06917249426331E-06
3.06917249426331E-06
3.06917249426331E-06
3.06917249426331E-06
3.06917249426331E-06
3.06917249426331E-06
3.06917249426331E-06
3.06917249426331E-06
3.06917249426331E-06
3.06917249426331E-06
3.06917249426331E-06
3.06917249426331E-06
3.06917249426331E-06
3.06917249426331E-06
3.06917249426331E-06
3.06917249426331E-06
3.06917249426331E-06
3.06917249426331E-06
3.06917249426331E-06
3.06917249426331E-06
3.06917249426331E-06
3.06917249426331E-06
3.06917249426331E-06
3.06917249426331E-06
3.06917249426331E-06
3.06917249426331E-06
3.06917249426331E-06
3.06917249426331E-06
3.06917249426331E-06
3.06917249426331E-06
3.06917249426331E-06
3.06917249426331E-06
3.06917249426331E-06
3.06917249426331E-06
3.06917249426331E-06
3.06917249426331E-06
3.06917249426331E-06
3.06917249426331E-06
3.06917249426331E-06
3.06917249426331E-06
3.06917249426331E-06
3.06917249426331E-06
3.06917249426331E-06
3.06917249426331E-06
3.06917249426331E-06
3.06917249426331E-06
3.06917249426331E-06
3.06917249426331E-06
3.06917249426331E-06
3.06917249426331E-06
3.06917249426331E-06
3.06917249426331E-06
3.06917249426331E-06
3.06917249426331E-06
3.06917249426331E-06
3.06917249426331E-06
3.06917249426331E-06
3.06917249426331E-06
3.06917249426331E-06
3.06917249426331E-06
3.06917249426331E-06
3.06917249426331E-06
3.06917249426331E-06
3.06917249426331E-06
1.37689006896036E-06
1.37689006896036E-06
1.37689006896036E-06
1.37689006896036E-06
1.37689006896036E-06
1.37689006896036E-06
1.37689006896036E-06
1.37689006896036E-06
1.37689006896036E-06
1.37689006896036E-06
1.37689006896036E-06
1.37689006896036E-06
1.37689006896036E-06
1.37689006896036E-06
1.37689006896036E-06
1.37689006896036E-06
1.37689006896036E-06
1.37689006896036E-06
1.37689006896036E-06
1.37689006896036E-06
1.37689006896036E-06
1.37689006896036E-06
1.37689006896036E-06
1.37689006896036E-06
1.37689006896036E-06
1.37689006896036E-06
1.37689006896036E-06
1.37689006896036E-06
1.37689006896036E-06
1.37689006896036E-06
1.37689006896036E-06
1.37689006896036E-06
1.17780331609918E-06
1.17780331609918E-06
1.17780331609918E-06
1.17780331609918E-06
1.17780331609918E-06
1.17780331609918E-06
1.17780331609918E-06
1.17780331609918E-06
1.17780331609918E-06
1.17780331609918E-06
1.17780331609918E-06
1.17780331609918E-06
1.17780331609918E-06
1.17780331609918E-06
1.17780331609918E-06
1.17609915784023E-06
1.17609915784023E-06
1.17609915784023E-06
1.17609915784023E-06
1.17609915784023E-06
1.17609915784023E-06
1.17609915784023E-06
7.89299944181643E-07
7.89299944181643E-07
7.89299944181643E-07
7.89299944181643E-07
7.89299944181643E-07
7.89299944181643E-07
7.89299944181643E-07
7.89299944181643E-07
7.89299944181643E-07
7.89299944181643E-07
7.89299944181643E-07
7.89299944181643E-07
7.89299944181643E-07
7.89299944181643E-07
7.89299944181643E-07
7.89299944181643E-07
7.89299944181643E-07
7.89299944181643E-07
7.89299944181643E-07
7.89299944181643E-07
7.89299944181643E-07
7.89299944181643E-07
7.89299944181643E-07
7.89299944181643E-07
7.89299944181643E-07
7.89299944181643E-07
7.89299944181643E-07
7.89299944181643E-07
7.89299944181643E-07
7.89299944181643E-07
7.89299944181643E-07
7.89299944181643E-07
7.89299944181643E-07
4.63851758114586E-07
4.63851758114586E-07
4.63851758114586E-07
4.63851758114586E-07
4.63851758114586E-07
4.63851758114586E-07
4.63851758114586E-07
4.63851758114586E-07
4.63851758114586E-07
4.63851758114586E-07
4.63851758114586E-07
4.63851758114586E-07
4.63851758114586E-07
4.63851758114586E-07
4.63851758114586E-07
4.63851758114586E-07
4.63851758114586E-07
4.63851758114586E-07
4.63851758114586E-07
3.9527716155785E-07
3.9527716155785E-07
3.9527716155785E-07
3.9527716155785E-07
3.9527716155785E-07
3.9527716155785E-07
3.9527716155785E-07
3.9527716155785E-07
3.9527716155785E-07
3.9527716155785E-07
3.9527716155785E-07
3.9527716155785E-07
3.9527716155785E-07
3.9527716155785E-07
3.9527716155785E-07
3.9527716155785E-07
3.9527716155785E-07
3.9527716155785E-07
2.93192521705343E-07
2.93192521705343E-07
2.93192521705343E-07
2.93192521705343E-07
2.93192521705343E-07
2.93192521705343E-07
2.93192521705343E-07
2.93192521705343E-07
2.93192521705343E-07
2.93192521705343E-07
2.93192521705343E-07
2.93192521705343E-07
2.93192521705343E-07
2.93192521705343E-07
2.93192521705343E-07
2.93192521705343E-07
2.93192521705343E-07
2.93192521705343E-07
2.93192521705343E-07
2.93192521705343E-07
2.93192521705343E-07
2.48759070120563E-07
2.48759070120563E-07
2.48759070120563E-07
2.48759070120563E-07
2.48759070120563E-07
2.48759070120563E-07
2.48759070120563E-07
2.48759070120563E-07
2.48759070120563E-07
1.98694822151069E-07
1.98694822151069E-07
1.98694822151069E-07
1.98694822151069E-07
1.98694822151069E-07
1.98694822151069E-07
1.98694822151069E-07
1.98694822151069E-07
1.98694822151069E-07
1.98694822151069E-07
1.98694822151069E-07
1.98694822151069E-07
1.98694822151069E-07
1.98694822151069E-07
1.98694822151069E-07
1.98694822151069E-07
1.98694822151069E-07
1.98694822151069E-07
1.98694822151069E-07
1.98694822151069E-07
1.98694822151069E-07
1.98694822151069E-07
1.98694822151069E-07
1.98694822151069E-07
1.98694822151069E-07
1.98694822151069E-07
1.98694822151069E-07
1.98694822151069E-07
1.98694822151069E-07
1.98694822151069E-07
1.98694822151069E-07
1.98694822151069E-07
1.98694822151069E-07
1.98694822151069E-07
1.98694822151069E-07
1.98694822151069E-07
1.98694822151069E-07
1.98694822151069E-07
1.98694822151069E-07
1.98694822151069E-07
1.98694822151069E-07
1.98694822151069E-07
1.98694822151069E-07
1.98694822151069E-07
1.98694822151069E-07
1.98694822151069E-07
1.98694822151069E-07
1.98694822151069E-07
1.98694822151069E-07
1.98694822151069E-07
1.98694822151069E-07
1.98694822151069E-07
1.98694822151069E-07
1.98694822151069E-07
1.98694822151069E-07
1.98694822151069E-07
1.98694822151069E-07
1.98276247531659E-07
1.98276247531659E-07
1.98276247531659E-07
1.98276247531659E-07
1.32189033830166E-07
1.32189033830166E-07
1.32189033830166E-07
1.32189033830166E-07
1.32189033830166E-07
1.32189033830166E-07
1.32189033830166E-07
1.32189033830166E-07
1.32189033830166E-07
1.32189033830166E-07
1.32189033830166E-07
1.32189033830166E-07
1.32189033830166E-07

