0.301816744746651
0.1110915473686
0.107414853831107
0.0469203749153699
0.0469203749153699
0.0158477615976379
0.0070830162695377
0.00646943403596476
0.00643198348936282
0.000842472611941592
0.000842472611941592
0.000842472611941592
0.000842472611941592
0.000842472611941592
0.000842472611941592
0.000842472611941592
0.000842472611941592
0.000842472611941592
0.000842472611941592
0.000842472611941592
0.000842472611941592
0.000842472611941592
0.000842472611941592
0.000842472611941592
0.000842472611941592
0.000842472611941592
0.000580082510236918
0.000452986865023236
0.000452986865023236
0.000452986865023236
0.000452986865023236
0.000371710247336149
0.000371710247336149
0.000371710247336149
0.000371710247336149
0.000358943649045068
0.000358943649045068
0.000358943649045068
0.000358943649045068
0.000358943649045068
0.000358943649045068
5.96177192618286E-05
5.96177192618286E-05
5.96177192618286E-05
5.96177192618286E-05
5.96177192618286E-05
5.96177192618286E-05
5.96177192618286E-05
5.96177192618286E-05
5.96177192618286E-05
5.96177192618286E-05
5.96177192618286E-05
5.96177192618286E-05
5.96177192618286E-05
5.44876779968728E-05
5.44876779968728E-05
5.44876779968728E-05
5.44876779968728E-05
4.44551402526971E-05
4.44551402526971E-05
4.44551402526971E-05
4.44551402526971E-05
4.44551402526971E-05
4.44551402526971E-05
4.44551402526971E-05
4.44551402526971E-05
4.44551402526971E-05
4.44551402526971E-05
2.7538714161196E-05
2.7538714161196E-05
2.7538714161196E-05
2.7538714161196E-05
2.7538714161196E-05
2.7538714161196E-05
2.7538714161196E-05
1.81984781141842E-05
1.81984781141842E-05
1.81984781141842E-05
1.81984781141842E-05
1.81984781141842E-05
1.81984781141842E-05
1.81984781141842E-05
1.81984781141842E-05
1.81984781141842E-05
1.81984781141842E-05
1.81984781141842E-05
1.81984781141842E-05
1.81984781141842E-05
1.81984781141842E-05
1.81984781141842E-05
1.81984781141842E-05
1.81984781141842E-05
1.81984781141842E-05
1.81984781141842E-05
1.81984781141842E-05
1.81984781141842E-05
1.81984781141842E-05
1.81984781141842E-05
1.81984781141842E-05
1.81984781141842E-05
1.81984781141842E-05
1.81984781141842E-05
1.81984781141842E-05
1.81984781141842E-05
1.81984781141842E-05
1.37123885415591E-05
1.37123885415591E-05
1.37123885415591E-05
1.37123885415591E-05
1.37123885415591E-05
1.37123885415591E-05
1.37123885415591E-05
1.37123885415591E-05
1.37123885415591E-05
1.37123885415591E-05
1.37123885415591E-05
1.37123885415591E-05
1.37123885415591E-05
1.37123885415591E-05
1.37123885415591E-05
1.37123885415591E-05
1.37123885415591E-05
1.37123885415591E-05
1.37123885415591E-05
1.37123885415591E-05
1.37123885415591E-05
1.37123885415591E-05
4.93452888436496E-06
4.93452888436496E-06
4.93452888436496E-06
4.93452888436496E-06
4.93452888436496E-06
4.93452888436496E-06
4.93452888436496E-06
4.93452888436496E-06
4.93452888436496E-06
4.93452888436496E-06
4.93452888436496E-06
4.93452888436496E-06
4.93452888436496E-06
4.93452888436496E-06
4.93452888436496E-06
4.93452888436496E-06
4.93452888436496E-06
4.93452888436496E-06
4.93452888436496E-06
4.93452888436496E-06
4.93452888436496E-06
4.93452888436496E-06
4.93452888436496E-06
4.93017636243875E-06
4.93017636243875E-06
4.93017636243875E-06
4.93017636243875E-06
4.93017636243875E-06
4.93017636243875E-06
4.27167340089074E-06
4.27167340089074E-06
2.80578310621338E-06
2.80578310621338E-06
2.80578310621338E-06
2.80578310621338E-06
2.80578310621338E-06
8.30389629585815E-07
8.30389629585815E-07
8.30389629585815E-07
2.18596005019389E-07
2.18596005019389E-07
2.18596005019389E-07
2.18596005019389E-07
2.18596005019389E-07
2.18596005019389E-07
2.18596005019389E-07
2.18596005019389E-07
2.18596005019389E-07
2.18596005019389E-07
2.18596005019389E-07
2.18596005019389E-07
2.18596005019389E-07
2.18596005019389E-07
2.18596005019389E-07
2.18596005019389E-07
2.18596005019389E-07
2.18596005019389E-07
2.18596005019389E-07
2.18596005019389E-07
2.18596005019389E-07
2.18596005019389E-07
2.18596005019389E-07
2.18596005019389E-07
2.18596005019389E-07
2.18596005019389E-07
2.18596005019389E-07
2.18596005019389E-07
2.18596005019389E-07
2.18596005019389E-07
2.18596005019389E-07
2.18596005019389E-07
2.18596005019389E-07
2.18596005019389E-07
2.18596005019389E-07
2.18596005019389E-07
2.18596005019389E-07
2.18596005019389E-07
2.18596005019389E-07
2.18596005019389E-07
2.18596005019389E-07
2.18596005019389E-07
2.18596005019389E-07
2.18596005019389E-07
2.18596005019389E-07
2.18596005019389E-07
2.18596005019389E-07
2.18596005019389E-07
2.18596005019389E-07
2.18596005019389E-07
2.18596005019389E-07
2.18596005019389E-07
2.18596005019389E-07
2.18596005019389E-07
2.18596005019389E-07
2.18596005019389E-07
2.18596005019389E-07
2.18596005019389E-07
2.18596005019389E-07
2.18596005019389E-07
2.18596005019389E-07
2.18596005019389E-07
2.18596005019389E-07
2.18596005019389E-07
2.18596005019389E-07
2.18596005019389E-07
2.18596005019389E-07
2.18596005019389E-07
2.18596005019389E-07
2.18596005019389E-07
2.18596005019389E-07
2.18596005019389E-07
2.18596005019389E-07
2.18596005019389E-07
2.18596005019389E-07
2.18596005019389E-07
2.18596005019389E-07
2.18596005019389E-07
2.18596005019389E-07
2.18596005019389E-07
2.18596005019389E-07
2.18596005019389E-07
2.18596005019389E-07
2.18596005019389E-07
2.18596005019389E-07
2.18596005019389E-07
2.18596005019389E-07
2.18596005019389E-07
2.18596005019389E-07
2.18596005019389E-07
2.18596005019389E-07
2.18596005019389E-07
2.18596005019389E-07
2.18596005019389E-07
2.18596005019389E-07
2.18596005019389E-07
2.18596005019389E-07
2.18596005019389E-07
2.18596005019389E-07
2.18596005019389E-07
2.18596005019389E-07
2.18596005019389E-07
2.18596005019389E-07
2.18596005019389E-07
2.18596005019389E-07
2.18596005019389E-07
2.18596005019389E-07
2.18596005019389E-07
2.18596005019389E-07
2.18596005019389E-07
2.18596005019389E-07
2.18596005019389E-07
2.18596005019389E-07
2.18596005019389E-07
2.18596005019389E-07
2.18596005019389E-07
2.18596005019389E-07
2.18596005019389E-07
2.18596005019389E-07
2.18596005019389E-07
2.18596005019389E-07
2.18596005019389E-07
2.18596005019389E-07
2.18596005019389E-07
2.18596005019389E-07
2.18596005019389E-07
2.18596005019389E-07
2.18596005019389E-07
2.18596005019389E-07
2.18596005019389E-07
2.18596005019389E-07
2.18596005019389E-07
2.18596005019389E-07
2.18596005019389E-07
2.18596005019389E-07
2.18596005019389E-07
2.18596005019389E-07
2.18596005019389E-07
2.18596005019389E-07
2.18596005019389E-07
2.18596005019389E-07
2.18596005019389E-07
2.18596005019389E-07
2.18596005019389E-07
2.18596005019389E-07
2.18596005019389E-07
2.18596005019389E-07
2.18596005019389E-07
2.18596005019389E-07
2.18596005019389E-07
2.18596005019389E-07
2.18596005019389E-07
2.18596005019389E-07
2.18596005019389E-07
2.18596005019389E-07
2.18596005019389E-07
2.18596005019389E-07
2.18596005019389E-07
2.18596005019389E-07
2.18596005019389E-07
2.18596005019389E-07
2.18596005019389E-07
2.18596005019389E-07
2.18596005019389E-07
2.18596005019389E-07
2.18596005019389E-07
2.18596005019389E-07
2.18596005019389E-07
2.18596005019389E-07
2.18596005019389E-07
2.18596005019389E-07
2.18596005019389E-07
2.18596005019389E-07
2.18596005019389E-07
2.18596005019389E-07
2.18596005019389E-07
2.18596005019389E-07
2.18596005019389E-07
2.18596005019389E-07
2.18596005019389E-07
2.18596005019389E-07
2.18596005019389E-07
2.18596005019389E-07
2.18596005019389E-07
2.18596005019389E-07
2.18596005019389E-07
2.18596005019389E-07
2.18596005019389E-07
2.18596005019389E-07
2.18596005019389E-07
2.18596005019389E-07
2.18596005019389E-07
2.18596005019389E-07
2.18596005019389E-07
2.18596005019389E-07
2.18596005019389E-07
2.18596005019389E-07
2.18596005019389E-07
2.18596005019389E-07
2.18596005019389E-07
2.18596005019389E-07
2.18596005019389E-07
2.18596005019389E-07
2.18596005019389E-07
2.18596005019389E-07
2.18596005019389E-07
2.18596005019389E-07
2.18596005019389E-07
2.18596005019389E-07
2.18596005019389E-07
2.18596005019389E-07
2.18596005019389E-07
2.18596005019389E-07
2.18596005019389E-07
2.18596005019389E-07
2.18596005019389E-07
2.18596005019389E-07
2.18596005019389E-07
2.18596005019389E-07
2.18596005019389E-07
2.18596005019389E-07
2.18596005019389E-07
2.18596005019389E-07
2.18596005019389E-07
2.18596005019389E-07
2.18596005019389E-07
2.18596005019389E-07
2.18596005019389E-07
2.18596005019389E-07
2.18596005019389E-07
2.18596005019389E-07
2.18596005019389E-07
2.18596005019389E-07
2.18596005019389E-07
2.18596005019389E-07
2.18596005019389E-07
2.18596005019389E-07
2.18596005019389E-07
2.16103176686744E-07
2.16103176686744E-07
2.16103176686744E-07
2.16103176686744E-07
7.77222571024527E-08
7.77222571024527E-08
7.77222571024527E-08
7.77222571024527E-08
7.77222571024527E-08
7.77222571024527E-08
7.77222571024527E-08
7.77222571024527E-08
7.77222571024527E-08
7.77222571024527E-08
7.77222571024527E-08
7.77222571024527E-08
7.77222571024527E-08
7.77222571024527E-08
7.77222571024527E-08
7.77222571024527E-08
7.77222571024527E-08
7.77222571024527E-08
7.77222571024527E-08
7.77222571024527E-08
7.77222571024527E-08
7.77222571024527E-08
5.63818332854904E-08
5.63818332854904E-08
5.63818332854904E-08
5.63818332854904E-08
5.63818332854904E-08
5.63818332854904E-08
5.63818332854904E-08
5.63818332854904E-08
5.63818332854904E-08
5.63818332854904E-08
5.63818332854904E-08
5.63818332854904E-08
5.63818332854904E-08
5.63818332854904E-08
5.63818332854904E-08
5.63818332854904E-08
5.63818332854904E-08
5.63818332854904E-08
5.63818332854904E-08
5.63818332854904E-08
5.63818332854904E-08
5.08464883530735E-08
5.08464883530735E-08
5.08464883530735E-08
5.08464883530735E-08
5.08464883530735E-08
5.08464883530735E-08
5.08464883530735E-08
5.08464883530735E-08
5.08464883530735E-08
5.08464883530735E-08
5.08464883530735E-08
5.08464883530735E-08
5.08464883530735E-08
5.08464883530735E-08
5.08464883530735E-08
5.08464883530735E-08
5.08464883530735E-08
5.08464883530735E-08
5.08464883530735E-08
5.08464883530735E-08
5.08464883530735E-08
5.08464883530735E-08
5.08464883530735E-08
5.08464883530735E-08
5.08464883530735E-08
5.08464883530735E-08
5.08464883530735E-08
5.08464883530735E-08
5.08464883530735E-08
5.08464883530735E-08
5.08464883530735E-08
5.08464883530735E-08
5.08464883530735E-08
5.08464883530735E-08
5.08464883530735E-08
5.08464883530735E-08
5.08464883530735E-08
5.08464883530735E-08
5.08464883530735E-08
5.08464883530735E-08
5.08464883530735E-08
5.08464883530735E-08
5.08464883530735E-08
5.08464883530735E-08
5.08464883530735E-08
5.08464883530735E-08
5.08464883530735E-08
5.08464883530735E-08
5.08464883530735E-08

