0.273767419952952
0.273767419952952
0.273767419952952
0.271093815675641
0.271093815675641
0.271093815675641
0.144162334162082
0.102673064678129
0.0932807820365932
0.0794205997347866
0.0574835368456666
0.0425037709246101
0.0240574870394139
0.0240574870394139
0.0240574870394139
0.0152235422117333
0.0152235422117333
0.0102663216628959
0.00748894372250665
0.00748894372250665
0.00748894372250665
0.00748894372250665
0.00748894372250665
0.00583279314955264
0.00583279314955264
0.00583279314955264
0.00583279314955264
0.00583279314955264
0.00583279314955264
0.00583279314955264
0.00583279314955264
0.00583279314955264
0.00410314536774113
0.00410314536774113
0.00410314536774113
0.00410314536774113
0.00410314536774113
0.00341569447639645
0.00341569447639645
0.00341569447639645
0.00341569447639645
0.00341569447639645
0.00341569447639645
0.00341569447639645
0.00341569447639645
0.00155823178907583
0.00155823178907583
0.00155823178907583
0.00155823178907583
0.00155823178907583
0.00155823178907583
0.00155823178907583
0.00155823178907583
0.00155823178907583
0.00155823178907583
0.00155823178907583
0.00155823178907583
0.00155823178907583
0.00155823178907583
0.00155823178907583
0.00155823178907583
0.00155823178907583
0.00155823178907583
0.00155823178907583
0.00155823178907583
0.00155823178907583
0.00155823178907583
0.00155823178907583
0.00155823178907583
0.00155823178907583
0.00155823178907583
0.00155823178907583
0.00155823178907583
0.00155823178907583
0.00155823178907583
0.00155823178907583
0.00155823178907583
0.00155823178907583
0.00155823178907583
0.00155823178907583
0.00155823178907583
0.00155823178907583
0.00155823178907583
0.00155823178907583
0.00155823178907583
0.00155823178907583
0.00155823178907583
0.00155823178907583
0.00155823178907583
0.00155823178907583
0.00155823178907583
0.00155823178907583
0.00155823178907583
0.00146332380113125
0.00146332380113125
0.00146332380113125
0.00112703944883703
0.00112703944883703
0.00112703944883703
0.00112703944883703
0.00112703944883703
0.00112703944883703
0.00112703944883703
0.00112703944883703
0.00112703944883703
0.00112703944883703
0.00112703944883703
0.00112703944883703
0.00112703944883703
0.00112703944883703
0.00112703944883703
0.00112703944883703
0.00112703944883703
0.00112703944883703
0.00104221255314124
0.00085701935205987
0.00085701935205987
0.00085701935205987
0.00085701935205987
0.00085701935205987
0.00085701935205987
0.00085701935205987
0.00085701935205987
0.00085701935205987
0.00085701935205987
0.00085701935205987
0.00085701935205987
0.00085701935205987
0.000737107322321444
0.000737107322321444
0.000595250351594129
0.000595250351594129
0.000595250351594129
0.000595250351594129
0.000595250351594129
0.000595250351594129
0.000595250351594129
0.000595250351594129
0.000595250351594129
0.000595250351594129
0.000595250351594129
0.000595250351594129
0.000595250351594129
0.000595250351594129
0.000595250351594129
0.000595250351594129
0.000595250351594129
0.000595250351594129
0.000595250351594129
0.000262039468152032
0.000262039468152032
0.000262039468152032
0.000262039468152032
0.000262039468152032
0.000262039468152032
0.000262039468152032
0.000262039468152032
0.000262039468152032
0.000262039468152032
0.000262039468152032
0.000262039468152032
0.000262039468152032
0.000262039468152032
0.000262039468152032
0.000262039468152032
0.000262039468152032
0.000262039468152032
0.000262039468152032
0.000262039468152032
0.000262039468152032
0.000262039468152032
0.000262039468152032
0.000262039468152032
0.000262039468152032
0.000262039468152032
0.000262039468152032
0.000262039468152032
0.000262039468152032
0.000262039468152032
0.000262039468152032
0.000262039468152032
0.000262039468152032
0.000262039468152032
0.000262039468152032
0.000262039468152032
0.000262039468152032
0.000262039468152032
0.000262039468152032
0.000262039468152032
0.000262039468152032
0.000262039468152032
0.000262039468152032
0.000262039468152032
0.000262039468152032
0.000262039468152032
0.000262039468152032
0.000262039468152032
0.000262039468152032
0.000262039468152032
0.000262039468152032
0.000262039468152032
0.000262039468152032
0.000262039468152032
0.000262039468152032
0.000262039468152032
0.000262039468152032
0.000262039468152032
0.000262039468152032
0.000262039468152032
0.000262039468152032
0.000262039468152032
0.000262039468152032
0.000262039468152032
0.000262039468152032
0.000262039468152032
0.000262039468152032
0.000262039468152032
0.000262039468152032
0.000262039468152032
0.000262039468152032
0.000262039468152032
0.000262039468152032
0.000262039468152032
0.000262039468152032
0.000262039468152032
0.000262039468152032
0.000262039468152032
0.000262039468152032
0.000262039468152032
0.000262039468152032
0.000262039468152032
0.000262039468152032
0.000262039468152032
0.000262039468152032
0.000262039468152032
0.000262039468152032
0.000262039468152032
0.000262039468152032
0.000262039468152032
0.000262039468152032
0.000262039468152032
0.000262039468152032
0.000262039468152032
0.000262039468152032
0.000262039468152032
0.000262039468152032
0.000252224254094666
0.000252224254094666
0.000252224254094666
0.000252224254094666
0.000252224254094666
0.000252224254094666
0.000252224254094666
0.00025101173374889
0.00025101173374889
0.00025101173374889
0.00025101173374889
0.00025101173374889
0.00025101173374889
0.00025101173374889
0.00025101173374889
0.00025101173374889
0.00025101173374889
0.00025101173374889
0.00025101173374889
0.00025101173374889
0.00025101173374889
0.000244957208309271
0.000244957208309271
0.000157135822138677
0.000157135822138677
0.000157135822138677
0.000157135822138677
0.000157135822138677
0.000157135822138677
0.000157135822138677
0.000157135822138677
0.000157135822138677
0.000157135822138677
0.000157135822138677
0.000157135822138677
0.000157135822138677
0.000157135822138677
0.000157135822138677
0.000157135822138677
0.000157135822138677
0.000157135822138677
0.000157135822138677
0.000157135822138677
0.000157135822138677
0.000157135822138677
0.000157135822138677
0.000157135822138677
0.000157135822138677
0.000157135822138677
0.000157135822138677
0.000157135822138677
0.000157135822138677
0.000157135822138677
0.000157135822138677
0.000157135822138677
0.000157135822138677
0.000157135822138677
0.000157135822138677
0.000157135822138677
0.000157135822138677
0.000157135822138677
0.000157135822138677
0.000157135822138677
0.000157135822138677
0.000157135822138677
0.000157135822138677
0.000157135822138677
7.21141808080568E-05
7.21141808080568E-05
7.21141808080568E-05
7.21141808080568E-05
7.21141808080568E-05
7.21141808080568E-05
7.21141808080568E-05
7.21141808080568E-05
7.21141808080568E-05
7.21141808080568E-05
7.21141808080568E-05
7.21141808080568E-05
7.21141808080568E-05
7.21141808080568E-05
7.21141808080568E-05
7.21141808080568E-05
7.21141808080568E-05
7.21141808080568E-05
7.21141808080568E-05
7.21141808080568E-05
7.21141808080568E-05
7.21141808080568E-05
7.21141808080568E-05
7.21141808080568E-05
7.21141808080568E-05
7.21141808080568E-05
7.21141808080568E-05
7.21141808080568E-05
7.21141808080568E-05
7.21141808080568E-05
7.21141808080568E-05
7.21141808080568E-05
7.21141808080568E-05
7.21141808080568E-05
7.21141808080568E-05
7.21141808080568E-05
7.21141808080568E-05
7.21141808080568E-05
7.21141808080568E-05
7.21141808080568E-05
7.21141808080568E-05
7.21141808080568E-05
7.21141808080568E-05
7.21141808080568E-05
7.21141808080568E-05
7.21141808080568E-05
7.21141808080568E-05
7.21141808080568E-05
7.21141808080568E-05
7.21141808080568E-05
7.21141808080568E-05
7.21141808080568E-05
7.21141808080568E-05
7.21141808080568E-05
7.21141808080568E-05
7.21141808080568E-05
7.21141808080568E-05
7.21141808080568E-05
7.21141808080568E-05
7.21141808080568E-05
7.21141808080568E-05
7.21141808080568E-05
7.21141808080568E-05
7.21141808080568E-05
7.21141808080568E-05
7.21141808080568E-05
7.21141808080568E-05
7.21141808080568E-05
7.21141808080568E-05
7.21141808080568E-05
7.21141808080568E-05
7.21141808080568E-05
7.21141808080568E-05
7.21141808080568E-05
7.21141808080568E-05
7.21141808080568E-05
7.21141808080568E-05
7.21141808080568E-05
7.21141808080568E-05
7.21141808080568E-05
7.21141808080568E-05
7.21141808080568E-05
7.21141808080568E-05
7.21141808080568E-05
7.21141808080568E-05
7.21141808080568E-05
7.21141808080568E-05
7.21141808080568E-05
7.21141808080568E-05
7.21141808080568E-05
7.21141808080568E-05
4.35150477603427E-05
4.35150477603427E-05
4.35150477603427E-05
4.35150477603427E-05
4.35150477603427E-05
4.35150477603427E-05
4.35150477603427E-05
4.35150477603427E-05
4.35150477603427E-05
4.35150477603427E-05
4.35150477603427E-05
4.35150477603427E-05
4.35150477603427E-05
4.35150477603427E-05
4.35150477603427E-05
4.35150477603427E-05
4.35150477603427E-05
4.35150477603427E-05
4.03002994664424E-05
4.03002994664424E-05
4.03002994664424E-05
4.03002994664424E-05
4.03002994664424E-05
4.03002994664424E-05
4.03002994664424E-05
4.03002994664424E-05
4.03002994664424E-05
4.03002994664424E-05
4.03002994664424E-05
4.03002994664424E-05
4.03002994664424E-05
4.03002994664424E-05
4.03002994664424E-05
4.03002994664424E-05
4.03002994664424E-05
4.03002994664424E-05
4.03002994664424E-05
4.03002994664424E-05
4.03002994664424E-05
4.03002994664424E-05
4.03002994664424E-05
4.03002994664424E-05
4.03002994664424E-05
4.03002994664424E-05
4.03002994664424E-05
4.03002994664424E-05
4.03002994664424E-05
4.03002994664424E-05
4.03002994664424E-05
4.03002994664424E-05
4.03002994664424E-05
4.03002994664424E-05
4.03002994664424E-05
4.03002994664424E-05
4.03002994664424E-05
4.03002994664424E-05
4.03002994664424E-05
4.03002994664424E-05
4.03002994664424E-05
3.11464213585519E-05
3.11464213585519E-05
3.11464213585519E-05
3.11464213585519E-05
3.11464213585519E-05
3.11464213585519E-05
3.11464213585519E-05
3.11464213585519E-05
1.88750743574214E-05
1.88750743574214E-05
1.88750743574214E-05
1.88750743574214E-05
1.88750743574214E-05
1.88750743574214E-05
1.88750743574214E-05
1.88750743574214E-05
1.88750743574214E-05
1.88750743574214E-05
1.88750743574214E-05
1.88750743574214E-05
1.88750743574214E-05
1.88750743574214E-05
1.88750743574214E-05
1.88750743574214E-05
1.88750743574214E-05
1.88750743574214E-05
1.88750743574214E-05
1.88750743574214E-05
1.88750743574214E-05
1.88750743574214E-05
1.88750743574214E-05
1.88750743574214E-05
1.88750743574214E-05
1.88750743574214E-05
1.88750743574214E-05
1.88750743574214E-05
1.88750743574214E-05

