0.458115432828988
0.458115432828988
0.458115432828988
0.352454825820371
0.320746880032918
0.117016062612234
0.0770153283384979
0.0596783722816689
0.0596783722816689
0.0574422192583234
0.0484216523656097
0.0188919099462837
0.0188919099462837
0.0188919099462837
0.0188919099462837
0.0182662395534513
0.0182662395534513
0.0182662395534513
0.0154160138706131
0.0154160138706131
0.0154160138706131
0.0148927285777222
0.0136550233268583
0.0117921114660519
0.00985507002249808
0.00667858598104776
0.00667858598104776
0.00667858598104776
0.00667858598104776
0.00667858598104776
0.00667858598104776
0.00596035276747767
0.00437113502075726
0.00437113502075726
0.00241578169623015
0.00241578169623015
0.00241578169623015
0.00241578169623015
0.00241578169623015
0.00241578169623015
0.00241578169623015
0.00241578169623015
0.00241578169623015
0.00241578169623015
0.00241578169623015
0.00241578169623015
0.00241578169623015
0.00241578169623015
0.00241578169623015
0.00241578169623015
0.00241578169623015
0.00241578169623015
0.00241578169623015
0.00241578169623015
0.00241578169623015
0.00241578169623015
0.00241578169623015
0.00241578169623015
0.00241578169623015
0.00241578169623015
0.00241578169623015
0.00241578169623015
0.00241578169623015
0.00241578169623015
0.00241578169623015
0.00241578169623015
0.00241578169623015
0.00241578169623015
0.00241578169623015
0.00241578169623015
0.00241578169623015
0.00241578169623015
0.00241578169623015
0.00241578169623015
0.00241578169623015
0.00241578169623015
0.00241578169623015
0.00241578169623015
0.00122044079808804
0.00122044079808804
0.00122044079808804
0.00122044079808804
0.00122044079808804
0.00122044079808804
0.00122044079808804
0.00122044079808804
0.00122044079808804
0.00122044079808804
0.00122044079808804
0.00122044079808804
0.00122044079808804
0.00122044079808804
0.00122044079808804
0.00111347925105364
0.00111347925105364
0.00111347925105364
0.00111347925105364
0.00111347925105364
0.00111347925105364
0.0010101684752542
0.0010101684752542
0.0010101684752542
0.0010101684752542
0.0010101684752542
0.0010101684752542
0.0010101684752542
0.0010101684752542
0.0010101684752542
0.0010101684752542
0.0010101684752542
0.0010101684752542
0.0010101684752542
0.0010101684752542
0.0010101684752542
0.0010101684752542
0.000723026457695069
0.000723026457695069
0.000723026457695069
0.000723026457695069
0.000723026457695069
0.000723026457695069
0.000723026457695069
0.000723026457695069
0.000723026457695069
0.000723026457695069
0.000723026457695069
0.000723026457695069
0.000723026457695069
0.000723026457695069
0.000723026457695069
0.000723026457695069
0.000723026457695069
0.000723026457695069
0.000723026457695069
0.000723026457695069
0.000723026457695069
0.000723026457695069
0.000723026457695069
0.000723026457695069
0.000723026457695069
0.000723026457695069
0.000723026457695069
0.000723026457695069
0.000723026457695069
0.000723026457695069
0.000723026457695069
0.000723026457695069
0.000723026457695069
0.000723026457695069
0.000723026457695069
0.000723026457695069
0.000723026457695069
0.000723026457695069
0.000723026457695069
0.000723026457695069
0.000723026457695069
0.000723026457695069
0.000723026457695069
0.000723026457695069
0.000723026457695069
0.000723026457695069
0.000723026457695069
0.000723026457695069
0.000723026457695069
0.000723026457695069
0.000691679754327381
0.000691679754327381
0.000691679754327381
0.000691679754327381
0.000691679754327381
0.000691679754327381
0.000398168557152189
0.000398168557152189
0.000398168557152189
0.000398168557152189
0.000398168557152189
0.000398168557152189
0.000398168557152189
0.000398168557152189
0.000398168557152189
0.000398168557152189
0.000398168557152189
0.000398168557152189
0.000398168557152189
0.000398168557152189
0.000398168557152189
0.000398168557152189
0.000398168557152189
0.000398168557152189
0.000252594125758974
0.000252594125758974
0.000252594125758974
0.000252594125758974
0.000252594125758974
0.000252594125758974
0.000252594125758974
0.000252594125758974
0.000252594125758974
0.000252594125758974
0.000252594125758974
0.000252594125758974
0.000252594125758974
0.000252594125758974
0.000252594125758974
0.000252594125758974
0.000164345562518088
0.000164345562518088
0.000164345562518088
0.000164345562518088
0.000164345562518088
0.000164345562518088
0.000164345562518088
0.000164345562518088
0.000164345562518088
0.000164345562518088
0.000164345562518088
0.000164345562518088
0.000164345562518088
0.000164345562518088
0.000164345562518088
0.000164345562518088
0.000164345562518088
0.000164345562518088
0.000164345562518088
0.000164345562518088
0.000164345562518088
0.000164345562518088
0.000164345562518088
0.000164345562518088
0.000164345562518088
0.000164345562518088
0.000164345562518088
0.000164345562518088
0.000164345562518088
0.000164345562518088
0.000164345562518088
0.000164345562518088
0.000164345562518088
0.000164345562518088
0.000153070563352057
0.000153070563352057
0.000153070563352057
0.000153070563352057
0.000153070563352057
0.000153070563352057
0.000153070563352057
0.000153070563352057
0.000153070563352057
0.000153070563352057
0.000153070563352057
0.000153070563352057
0.000153070563352057
0.000153070563352057
0.000153070563352057
0.000153070563352057
0.000153070563352057
0.000153070563352057
0.000153070563352057
0.000153070563352057
0.000153070563352057
0.000153070563352057
0.000153070563352057
0.000153070563352057
0.000153070563352057
0.000153070563352057
0.000153070563352057
0.000153070563352057
0.000153070563352057
0.000153070563352057
0.000153070563352057
0.000153070563352057
0.00013618412555052
0.00013618412555052
0.00013618412555052
0.00013618412555052
0.00013618412555052
0.00013618412555052
0.00013618412555052
0.00013618412555052
0.00013618412555052
0.00013618412555052
0.00013618412555052
0.00013618412555052
0.00013618412555052
0.00013618412555052
0.00013618412555052
0.00013618412555052
0.00013618412555052
0.00013618412555052
0.00013618412555052
0.00013618412555052
0.00013618412555052
0.00013618412555052
0.00013618412555052
0.00013618412555052
0.00013618412555052
0.00013618412555052
0.00013618412555052
0.00013618412555052
0.00013618412555052
0.00013618412555052
0.00013618412555052
0.00013618412555052
0.00013618412555052
0.00013618412555052
0.00013618412555052
0.00013618412555052
0.00013618412555052
0.00013618412555052
0.00013618412555052
0.00013618412555052
0.00013618412555052
0.00013618412555052
0.00013618412555052
0.000132280414519472
0.000132280414519472
0.000122332405134969
0.000122332405134969
0.000122332405134969
0.000122332405134969
0.000122332405134969
0.000122332405134969
0.000122332405134969
0.000122332405134969
0.000122332405134969
0.000122332405134969
0.000122332405134969
0.000122332405134969
0.000122332405134969
0.000122332405134969
0.000122332405134969
0.000122332405134969
0.000122332405134969
0.000122332405134969
0.000122332405134969
0.000122332405134969
0.000122332405134969
0.000109863505044873
0.000109863505044873
8.53119549876344E-05
8.53119549876344E-05
8.53119549876344E-05
8.53119549876344E-05
8.53119549876344E-05
8.53119549876344E-05
8.53119549876344E-05
8.53119549876344E-05
8.53119549876344E-05
8.53119549876344E-05
8.53119549876344E-05
7.88891368709932E-05
7.88891368709932E-05
7.88891368709932E-05
7.88891368709932E-05
7.88891368709932E-05
7.88891368709932E-05
7.88891368709932E-05
7.88891368709932E-05
7.88891368709932E-05
7.88891368709932E-05
6.88236768220073E-05
6.88236768220073E-05
6.88236768220073E-05
6.88236768220073E-05
6.88236768220073E-05
6.88236768220073E-05
6.88236768220073E-05
5.74995375186584E-05
5.74995375186584E-05
5.74995375186584E-05
5.74995375186584E-05
5.74995375186584E-05
5.74995375186584E-05
5.74995375186584E-05
5.74995375186584E-05
5.74995375186584E-05
5.74995375186584E-05
5.74995375186584E-05
4.47755881333237E-05
4.47755881333237E-05
4.47755881333237E-05
3.96165983619669E-05
3.96165983619669E-05
3.96165983619669E-05
3.96165983619669E-05
3.96165983619669E-05
3.96165983619669E-05
3.96165983619669E-05
3.96165983619669E-05
3.96165983619669E-05
3.96165983619669E-05
3.96165983619669E-05
3.96165983619669E-05
3.96165983619669E-05
3.96165983619669E-05
3.96165983619669E-05
3.96165983619669E-05
3.96165983619669E-05
3.96165983619669E-05
3.96165983619669E-05
3.96165983619669E-05
3.34731949469861E-05
3.34731949469861E-05
3.34731949469861E-05
3.34731949469861E-05
3.34731949469861E-05
3.34731949469861E-05
3.34731949469861E-05
3.34731949469861E-05
3.34731949469861E-05
3.34731949469861E-05
3.34731949469861E-05
3.34731949469861E-05
3.34731949469861E-05
3.34731949469861E-05
3.34731949469861E-05
3.34731949469861E-05
3.34731949469861E-05
3.34731949469861E-05
3.34731949469861E-05
3.34731949469861E-05
3.34731949469861E-05
3.34731949469861E-05
3.34731949469861E-05
3.34731949469861E-05
3.34731949469861E-05
3.34731949469861E-05
3.34731949469861E-05
2.80499972121775E-05
2.80499972121775E-05
2.80499972121775E-05
2.80499972121775E-05
2.80499972121775E-05
2.80499972121775E-05
2.80499972121775E-05
2.80499972121775E-05
2.80499972121775E-05
2.80499972121775E-05
2.80499972121775E-05
2.80499972121775E-05
2.80499972121775E-05
2.80499972121775E-05
2.80499972121775E-05
2.80499972121775E-05
2.80499972121775E-05
2.80499972121775E-05
2.80499972121775E-05
2.80499972121775E-05
2.80499972121775E-05
2.80499972121775E-05
2.80499972121775E-05
2.80499972121775E-05
2.80499972121775E-05
2.80499972121775E-05
2.80499972121775E-05
2.80499972121775E-05
2.46451360208632E-05
2.46451360208632E-05
2.46451360208632E-05
2.46451360208632E-05
2.46451360208632E-05
2.46451360208632E-05
2.46451360208632E-05
2.46451360208632E-05
2.46451360208632E-05
2.46451360208632E-05
2.46451360208632E-05
2.46451360208632E-05
2.46451360208632E-05
2.46451360208632E-05
2.46451360208632E-05
2.46451360208632E-05
2.46451360208632E-05
2.46451360208632E-05
2.46451360208632E-05
2.46451360208632E-05
2.46451360208632E-05
2.46451360208632E-05
1.72189616505828E-05
1.72189616505828E-05
1.72189616505828E-05
1.72189616505828E-05
1.72189616505828E-05
1.72189616505828E-05
1.72189616505828E-05
1.72189616505828E-05
1.72189616505828E-05
1.72189616505828E-05
1.72189616505828E-05
1.72189616505828E-05
1.72189616505828E-05
1.72189616505828E-05
1.72189616505828E-05
1.72189616505828E-05
1.72189616505828E-05
1.72189616505828E-05
1.72189616505828E-05
1.72189616505828E-05
1.72189616505828E-05
1.72189616505828E-05

