1.01287631940727
0.659439829786823
0.257466733494484
0.038030533142144
0.038030533142144
0.038030533142144
0.0295562732185284
0.0199305072124045
0.0109731265761753
0.0109731265761753
0.00626358578368336
0.00626358578368336
0.00626358578368336
0.00601021103957113
0.00601021103957113
0.00601021103957113
0.00601021103957113
0.00601021103957113
0.00601021103957113
0.00222304298959275
0.00222304298959275
0.00222304298959275
0.00222304298959275
0.00222304298959275
0.00222304298959275
0.00222304298959275
0.00222304298959275
0.00222304298959275
0.00222304298959275
0.00222304298959275
0.00222304298959275
0.00222304298959275
0.00173166284282522
0.00173166284282522
0.00173166284282522
0.00173166284282522
0.00173166284282522
0.00173166284282522
0.00173166284282522
0.00173166284282522
0.00173166284282522
0.00173166284282522
0.00173166284282522
0.00173166284282522
0.00173166284282522
0.00173166284282522
0.00173166284282522
0.00173166284282522
0.00173166284282522
0.00173166284282522
0.00173166284282522
0.00173166284282522
0.00173166284282522
0.00173166284282522
0.00173166284282522
0.00173166284282522
0.00173166284282522
0.00173166284282522
0.00173166284282522
0.00173166284282522
0.00173166284282522
0.00173166284282522
0.000766241232313932
0.000766241232313932
0.000766241232313932
0.000766241232313932
0.000766241232313932
0.000766241232313932
0.000766241232313932
0.000766241232313932
0.000766241232313932
0.000766241232313932
0.000766241232313932
0.000766241232313932
0.000766241232313932
0.000766241232313932
0.000485266815877732
0.000485266815877732
0.000485266815877732
0.000485266815877732
0.000485266815877732
0.000485266815877732
0.000485266815877732
0.000485266815877732
0.000485266815877732
0.000485266815877732
0.000485266815877732
0.000485266815877732
0.000485266815877732
0.000485266815877732
0.000485266815877732
0.000485266815877732
0.00041552385123626
0.00041552385123626
0.00041552385123626
0.00041552385123626
0.00041552385123626
0.00041552385123626
0.00041552385123626
0.00041552385123626
0.00041552385123626
0.00041552385123626
0.00041552385123626
0.00041552385123626
0.00041552385123626
0.00041552385123626
0.00041552385123626
0.00041552385123626
0.00041552385123626
0.00041552385123626
0.00041552385123626
0.00041552385123626
0.00041552385123626
0.00041552385123626
0.00021977590146313
0.00021977590146313
0.00021977590146313
0.00021977590146313
0.00021977590146313
0.00021977590146313
0.00021977590146313
0.00021977590146313
0.00021977590146313
0.00021977590146313
0.00021977590146313
0.00021977590146313
0.00021977590146313
0.00021977590146313
0.00021977590146313
0.00021977590146313
0.00021977590146313
0.00021977590146313
0.00021977590146313
0.00021977590146313
0.00021977590146313
0.00021977590146313
0.00021977590146313
0.00021977590146313
0.00021977590146313
0.00021977590146313
0.00021977590146313
0.00021977590146313
0.00021977590146313
0.00021977590146313
0.00021977590146313
0.00021977590146313
0.00021977590146313
0.00021977590146313
0.00021977590146313
0.00021977590146313
0.00021977590146313
0.00021977590146313
0.00021977590146313
0.00021977590146313
0.00021977590146313
0.00021977590146313
0.00021977590146313
0.00021977590146313
0.00021977590146313
0.00021977590146313
0.00021977590146313
0.00021977590146313
0.00021977590146313
0.00021977590146313
0.00021977590146313
0.00021977590146313
0.00021977590146313
0.00021977590146313
0.00021977590146313
0.00021977590146313
0.00021977590146313
0.00021977590146313
0.00021977590146313
0.00021977590146313
0.00021977590146313
0.00021977590146313
0.00021977590146313
0.00021977590146313
0.00021977590146313
0.00021977590146313
0.00021977590146313
0.00021977590146313
0.00021977590146313
0.00021977590146313
0.00021977590146313
0.00021977590146313
0.00021977590146313
0.00021977590146313
0.00021977590146313
0.00021977590146313
0.00021977590146313
0.00021977590146313
0.00021977590146313
0.00021977590146313
0.00021977590146313
0.00021977590146313
0.00021977590146313
0.00021977590146313
4.23691023461358E-05
4.23691023461358E-05
4.23691023461358E-05
4.23691023461358E-05
4.23691023461358E-05
4.23691023461358E-05
4.23691023461358E-05
4.23691023461358E-05
4.23691023461358E-05
4.23691023461358E-05
4.23691023461358E-05
4.23691023461358E-05
4.23691023461358E-05
4.23691023461358E-05
4.23691023461358E-05
4.23691023461358E-05
4.23691023461358E-05
4.23691023461358E-05
4.23691023461358E-05
4.23691023461358E-05
4.23691023461358E-05
4.23691023461358E-05
4.23691023461358E-05
4.23691023461358E-05
4.23691023461358E-05
4.23691023461358E-05
4.23691023461358E-05
4.23691023461358E-05
4.23691023461358E-05
4.23691023461358E-05
4.23691023461358E-05
4.23691023461358E-05
4.23691023461358E-05
4.23691023461358E-05
4.23691023461358E-05
4.23691023461358E-05
4.23691023461358E-05
4.23691023461358E-05
4.23691023461358E-05
4.23691023461358E-05
4.23691023461358E-05
4.23691023461358E-05
4.23691023461358E-05
4.23691023461358E-05
4.23691023461358E-05
4.23691023461358E-05
4.23691023461358E-05
4.23691023461358E-05
4.23691023461358E-05
4.23691023461358E-05
4.23691023461358E-05
4.23691023461358E-05
4.23691023461358E-05
4.23691023461358E-05
4.23691023461358E-05
4.23691023461358E-05
4.23691023461358E-05
4.23691023461358E-05
4.23691023461358E-05
4.23691023461358E-05
4.23691023461358E-05
4.23691023461358E-05
4.23691023461358E-05
4.23691023461358E-05
4.23691023461358E-05
4.23691023461358E-05
4.23691023461358E-05
4.23691023461358E-05
4.23691023461358E-05
4.23691023461358E-05
4.23691023461358E-05
4.23691023461358E-05
4.23691023461358E-05
4.23691023461358E-05
4.23691023461358E-05
4.23691023461358E-05
4.23691023461358E-05
4.23691023461358E-05
4.23691023461358E-05
4.23691023461358E-05
4.23691023461358E-05
4.23691023461358E-05
4.23691023461358E-05
4.23691023461358E-05
4.23691023461358E-05
4.23691023461358E-05
4.23691023461358E-05
4.23691023461358E-05
4.23691023461358E-05
4.23691023461358E-05
4.23691023461358E-05
4.23691023461358E-05
4.23691023461358E-05
4.23691023461358E-05
4.23691023461358E-05
4.23691023461358E-05
4.23691023461358E-05
4.23691023461358E-05
4.23691023461358E-05
4.23691023461358E-05
4.23691023461358E-05
4.23691023461358E-05
4.23691023461358E-05
4.23691023461358E-05
4.23691023461358E-05
4.23691023461358E-05
4.23691023461358E-05
4.23691023461358E-05
4.23691023461358E-05
4.23691023461358E-05
4.23691023461358E-05
4.23691023461358E-05
4.23691023461358E-05
4.23691023461358E-05
4.23691023461358E-05
4.23691023461358E-05
4.23691023461358E-05
4.23691023461358E-05
4.23691023461358E-05
4.23691023461358E-05
4.23691023461358E-05
4.23691023461358E-05
4.23691023461358E-05
4.23691023461358E-05
4.23691023461358E-05
4.23691023461358E-05
4.23691023461358E-05
4.23691023461358E-05
4.23691023461358E-05
4.23691023461358E-05
4.23691023461358E-05
4.23691023461358E-05
4.23691023461358E-05
4.23691023461358E-05
4.23691023461358E-05
4.23691023461358E-05
4.23691023461358E-05
4.23691023461358E-05
4.23691023461358E-05
4.23691023461358E-05
4.23691023461358E-05
4.23691023461358E-05
4.23691023461358E-05
4.23691023461358E-05
4.23691023461358E-05
4.23691023461358E-05
4.23691023461358E-05
4.23691023461358E-05
4.23691023461358E-05
4.23691023461358E-05
4.23691023461358E-05
4.23691023461358E-05
4.23691023461358E-05
4.23691023461358E-05
4.23691023461358E-05
4.23691023461358E-05
4.23691023461358E-05
4.23691023461358E-05
4.23691023461358E-05
4.23691023461358E-05
4.23691023461358E-05
4.23691023461358E-05
4.23691023461358E-05
4.23691023461358E-05
4.23691023461358E-05
4.23691023461358E-05
4.23691023461358E-05
4.23691023461358E-05
4.23691023461358E-05
4.23691023461358E-05
4.23691023461358E-05
4.23691023461358E-05
4.23691023461358E-05
4.23691023461358E-05
4.23691023461358E-05
4.23691023461358E-05
4.23691023461358E-05
4.23691023461358E-05
4.23691023461358E-05
4.23691023461358E-05
4.23691023461358E-05
4.23691023461358E-05
4.23691023461358E-05
4.23691023461358E-05
4.23691023461358E-05
4.23691023461358E-05
4.23691023461358E-05
4.23691023461358E-05
4.23691023461358E-05
4.23691023461358E-05
4.23691023461358E-05
4.23691023461358E-05
4.23691023461358E-05
4.95779197279827E-06
4.95779197279827E-06
4.95779197279827E-06
4.95779197279827E-06
4.95779197279827E-06
4.95779197279827E-06
4.95779197279827E-06
4.95779197279827E-06
4.95779197279827E-06
4.95779197279827E-06
4.95779197279827E-06
4.95779197279827E-06
4.95779197279827E-06
4.95779197279827E-06
4.95779197279827E-06
4.95779197279827E-06
4.95779197279827E-06
4.95779197279827E-06
4.95779197279827E-06
4.95779197279827E-06
4.95779197279827E-06
4.95779197279827E-06
4.95779197279827E-06
4.95779197279827E-06
4.95779197279827E-06
4.95779197279827E-06
4.95779197279827E-06
4.95779197279827E-06
4.95779197279827E-06
4.95779197279827E-06
4.95779197279827E-06
4.95779197279827E-06
4.95779197279827E-06
4.95779197279827E-06
4.95779197279827E-06
4.95779197279827E-06
4.95779197279827E-06
4.95779197279827E-06
4.95779197279827E-06
4.95779197279827E-06
4.95779197279827E-06
4.95779197279827E-06
4.95779197279827E-06
4.95779197279827E-06
4.95779197279827E-06
4.95779197279827E-06
4.95779197279827E-06
4.95779197279827E-06
4.95779197279827E-06
4.95779197279827E-06
4.95779197279827E-06
4.95779197279827E-06
4.95779197279827E-06
4.95779197279827E-06
4.95779197279827E-06
4.95779197279827E-06
4.95779197279827E-06
4.95779197279827E-06
4.95779197279827E-06
4.95779197279827E-06
4.95779197279827E-06
4.95779197279827E-06
4.95779197279827E-06
4.95779197279827E-06
4.95779197279827E-06
4.95779197279827E-06
4.95779197279827E-06
4.95779197279827E-06
4.95779197279827E-06
4.95779197279827E-06
4.95779197279827E-06
4.95779197279827E-06
4.95779197279827E-06
4.95779197279827E-06
4.95779197279827E-06
4.95779197279827E-06
4.95779197279827E-06
4.95779197279827E-06
4.95779197279827E-06
4.95779197279827E-06
4.95779197279827E-06
4.95779197279827E-06
4.95779197279827E-06
4.95779197279827E-06
4.95779197279827E-06
4.95779197279827E-06
4.95779197279827E-06
4.95779197279827E-06
4.95779197279827E-06
4.95779197279827E-06
4.95779197279827E-06
4.95779197279827E-06
4.95779197279827E-06
4.95779197279827E-06
4.95779197279827E-06
4.95779197279827E-06
4.95779197279827E-06
4.95779197279827E-06
4.95779197279827E-06
4.95779197279827E-06
4.95779197279827E-06
4.95779197279827E-06
4.95779197279827E-06
4.95779197279827E-06
4.95779197279827E-06
4.95779197279827E-06
4.95779197279827E-06
4.95779197279827E-06
4.95779197279827E-06

