1.33279810248388
0.723001955052157
0.367903266286993
0.314309390465216
0.120583115080597
0.0762532057111788
0.0080164627906141
0.0080164627906141
0.0080164627906141
0.00650652856230387
0.00650652856230387
0.00650652856230387
0.00650652856230387
0.00650652856230387
0.00650652856230387
0.00650652856230387
0.00650652856230387
0.00650652856230387
0.00650652856230387
0.00650652856230387
0.00473860759058924
0.00473860759058924
0.00473860759058924
0.00248013450735894
0.00248013450735894
0.00248013450735894
0.00248013450735894
0.00248013450735894
0.00248013450735894
0.00248013450735894
0.00248013450735894
0.00248013450735894
0.00248013450735894
0.00248013450735894
0.00248013450735894
0.00248013450735894
0.00248013450735894
0.00248013450735894
0.00248013450735894
0.00143137617556827
0.00143137617556827
0.00143137617556827
0.00143137617556827
0.00143137617556827
0.00143137617556827
0.00143137617556827
0.00143137617556827
0.00143137617556827
0.00143137617556827
0.00143137617556827
0.00143137617556827
0.00143137617556827
0.00143137617556827
0.00143137617556827
0.00143137617556827
0.00143137617556827
0.00143137617556827
0.00143137617556827
0.00143137617556827
0.00143137617556827
0.00143137617556827
0.00143137617556827
0.00143137617556827
0.00143137617556827
0.00143137617556827
0.00143137617556827
0.00143137617556827
0.00143137617556827
0.00143137617556827
0.00143137617556827
0.00143137617556827
0.00143137617556827
0.00143137617556827
0.00143137617556827
0.00143137617556827
0.00143137617556827
0.00143137617556827
0.00143137617556827
0.00143137617556827
0.00143137617556827
0.00143137617556827
0.00143137617556827
0.00143137617556827
0.000991003495115481
0.000991003495115481
0.000991003495115481
0.000991003495115481
0.000991003495115481
0.000991003495115481
0.000991003495115481
0.000991003495115481
0.000991003495115481
0.000991003495115481
0.000991003495115481
0.000991003495115481
0.000991003495115481
0.000991003495115481
0.000991003495115481
0.000991003495115481
0.000991003495115481
0.000991003495115481
0.000991003495115481
0.000991003495115481
0.000991003495115481
0.000991003495115481
0.000991003495115481
0.000991003495115481
0.000991003495115481
0.000991003495115481
0.000991003495115481
0.000991003495115481
0.000991003495115481
0.000991003495115481
0.000991003495115481
0.000991003495115481
0.000991003495115481
0.000991003495115481
0.000991003495115481
0.000991003495115481
0.00083548719002902
0.00083548719002902
0.00083548719002902
0.000550656805540661
0.000550656805540661
0.000550656805540661
0.000374232277878414
0.000374232277878414
0.000374232277878414
0.000374232277878414
0.000374232277878414
0.000374232277878414
0.000374232277878414
0.000374232277878414
0.000374232277878414
0.000374232277878414
0.000374232277878414
0.000374232277878414
0.000374232277878414
0.000374232277878414
0.000374232277878414
0.000374232277878414
0.000374232277878414
0.000374232277878414
0.000374232277878414
0.000374232277878414
0.000374232277878414
0.000374232277878414
0.000374232277878414
0.000374232277878414
0.000374232277878414
0.000374232277878414
0.000374232277878414
0.000374232277878414
0.000374232277878414
0.000374232277878414
0.000374232277878414
0.000374232277878414
0.000374232277878414
0.000374232277878414
0.000374232277878414
0.000374232277878414
0.000374232277878414
0.000374232277878414
0.000374232277878414
0.000235237892259057
0.000235237892259057
0.000235237892259057
0.000235237892259057
0.000235237892259057
0.000235237892259057
0.000235237892259057
0.000235237892259057
0.000235237892259057
0.000235237892259057
0.000235237892259057
0.000235237892259057
0.000235237892259057
0.000235237892259057
0.000235237892259057
0.000235237892259057
0.000235237892259057
0.000235237892259057
0.000235237892259057
0.000235237892259057
0.000235237892259057
0.000235237892259057
0.000235237892259057
0.000235237892259057
0.000235237892259057
0.000235237892259057
0.000235237892259057
0.000235237892259057
0.000235237892259057
0.000235237892259057
0.000235237892259057
0.000235237892259057
0.000235237892259057
0.000235237892259057
0.000235237892259057
0.000235237892259057
0.000235237892259057
0.000235237892259057
0.000235237892259057
0.000235237892259057
0.000235237892259057
0.000235237892259057
0.000235237892259057
0.000235237892259057
0.000235237892259057
0.000235237892259057
0.000235237892259057
0.000235237892259057
0.000235237892259057
0.000235237892259057
0.000235237892259057
0.000235237892259057
0.000235237892259057
0.000235237892259057
0.000235237892259057
0.000235237892259057
0.000235237892259057
0.000235237892259057
0.000235237892259057
0.000235237892259057
0.000235237892259057
0.000235237892259057
0.000235237892259057
0.000235237892259057
0.000235237892259057
0.000235237892259057
0.000235237892259057
0.000235237892259057
0.000235237892259057
0.000235237892259057
0.000235237892259057
0.000235237892259057
0.000235237892259057
0.000235237892259057
0.000235237892259057
0.000235237892259057
0.000235237892259057
0.000235237892259057
0.000235237892259057
0.000235237892259057
0.000140038714233726
0.000140038714233726
0.000140038714233726
0.000140038714233726
0.000140038714233726
0.000140038714233726
0.000140038714233726
0.000140038714233726
0.000140038714233726
0.000140038714233726
0.000140038714233726
0.000140038714233726
0.000140038714233726
0.000140038714233726
0.000140038714233726
0.000140038714233726
0.000140038714233726
0.000140038714233726
0.000140038714233726
0.000140038714233726
0.000140038714233726
0.000140038714233726
0.000140038714233726
2.93747909241558E-05
2.93747909241558E-05
2.93747909241558E-05
2.93747909241558E-05
2.93747909241558E-05
2.93747909241558E-05
2.93747909241558E-05
2.93747909241558E-05
2.93747909241558E-05
2.93747909241558E-05
2.93747909241558E-05
2.93747909241558E-05
2.93747909241558E-05
2.93747909241558E-05
2.93747909241558E-05
2.93747909241558E-05
2.93747909241558E-05
2.93747909241558E-05
2.93747909241558E-05
2.93747909241558E-05
2.93747909241558E-05
2.93747909241558E-05
2.93747909241558E-05
2.93747909241558E-05
2.93747909241558E-05
2.93747909241558E-05
2.93747909241558E-05
2.93747909241558E-05
2.93747909241558E-05
2.93747909241558E-05
2.93747909241558E-05
2.93747909241558E-05
2.93747909241558E-05
2.93747909241558E-05
2.93747909241558E-05
2.93747909241558E-05
2.93747909241558E-05
2.93747909241558E-05
2.93747909241558E-05
2.93747909241558E-05
2.93747909241558E-05
2.93747909241558E-05
2.93747909241558E-05
2.93747909241558E-05
2.93747909241558E-05
2.93747909241558E-05
2.93747909241558E-05
2.93747909241558E-05
2.93747909241558E-05
2.93747909241558E-05
2.93747909241558E-05
2.93747909241558E-05
2.93747909241558E-05
2.93747909241558E-05
2.93747909241558E-05
2.93747909241558E-05
2.93747909241558E-05
2.93747909241558E-05
2.93747909241558E-05
2.93747909241558E-05
2.93747909241558E-05
2.93747909241558E-05
2.93747909241558E-05
2.93747909241558E-05
2.93747909241558E-05
2.93747909241558E-05
2.93747909241558E-05
2.93747909241558E-05
2.93747909241558E-05
2.93747909241558E-05
2.93747909241558E-05
2.93747909241558E-05
2.93747909241558E-05
2.93747909241558E-05
2.93747909241558E-05
2.93747909241558E-05
2.93747909241558E-05
2.93747909241558E-05
2.93747909241558E-05
2.93747909241558E-05
2.93747909241558E-05
2.93747909241558E-05
2.93747909241558E-05
2.93747909241558E-05
2.93747909241558E-05
2.93747909241558E-05
2.93747909241558E-05
2.93747909241558E-05
2.93747909241558E-05
2.93747909241558E-05
2.93747909241558E-05
2.93747909241558E-05
2.93747909241558E-05
2.93747909241558E-05
2.93747909241558E-05
2.93747909241558E-05
2.93747909241558E-05
2.93747909241558E-05
2.93747909241558E-05
2.93747909241558E-05
2.93747909241558E-05
2.93747909241558E-05
2.93747909241558E-05
2.93747909241558E-05
2.93747909241558E-05
2.93747909241558E-05
2.93747909241558E-05
2.27188245853961E-05
2.27188245853961E-05
2.27188245853961E-05
2.27188245853961E-05
2.27188245853961E-05
2.27188245853961E-05
2.27188245853961E-05
2.27188245853961E-05
2.27188245853961E-05
2.27188245853961E-05
2.27188245853961E-05
2.27188245853961E-05
2.27188245853961E-05
2.27188245853961E-05
2.27188245853961E-05
2.27188245853961E-05
2.27188245853961E-05
2.27188245853961E-05
2.27188245853961E-05
2.27188245853961E-05
2.27188245853961E-05
2.27188245853961E-05
2.27188245853961E-05
2.27188245853961E-05
2.27188245853961E-05
2.27188245853961E-05
2.27188245853961E-05
2.27188245853961E-05
2.27188245853961E-05
2.27188245853961E-05
2.27188245853961E-05
2.27188245853961E-05
2.27188245853961E-05
2.27188245853961E-05
2.27188245853961E-05
2.27188245853961E-05
2.27188245853961E-05
2.27188245853961E-05
2.27188245853961E-05
2.27188245853961E-05
2.27188245853961E-05
2.27188245853961E-05
2.27188245853961E-05
2.27188245853961E-05
2.27188245853961E-05
2.27188245853961E-05
2.27188245853961E-05
2.27188245853961E-05
1.4998474778199E-05
1.4998474778199E-05
1.4998474778199E-05
1.4998474778199E-05
1.4998474778199E-05
1.4998474778199E-05
1.4998474778199E-05
1.4998474778199E-05
1.4998474778199E-05
1.4998474778199E-05
1.4998474778199E-05
1.4998474778199E-05
1.4998474778199E-05
1.4998474778199E-05
1.4998474778199E-05
1.4998474778199E-05
1.4998474778199E-05
1.4998474778199E-05
1.4998474778199E-05
1.4998474778199E-05
1.4998474778199E-05
1.4998474778199E-05
1.4998474778199E-05
1.4998474778199E-05
1.4998474778199E-05
1.4998474778199E-05
1.4998474778199E-05
1.4998474778199E-05
1.4998474778199E-05
1.4998474778199E-05
1.4998474778199E-05
1.4998474778199E-05
1.4998474778199E-05
1.4998474778199E-05
1.4998474778199E-05
1.4998474778199E-05
1.4998474778199E-05
1.4998474778199E-05
1.4998474778199E-05
1.4998474778199E-05
1.4998474778199E-05
1.4998474778199E-05
1.4998474778199E-05
1.4998474778199E-05
1.4998474778199E-05
1.4998474778199E-05
1.4998474778199E-05
1.4998474778199E-05
1.4998474778199E-05
1.4998474778199E-05
1.4998474778199E-05
1.4998474778199E-05
1.4998474778199E-05
1.4998474778199E-05
1.4998474778199E-05
1.4998474778199E-05
1.4998474778199E-05
1.4998474778199E-05
1.4998474778199E-05
1.4998474778199E-05
1.4998474778199E-05
1.19385174565617E-05
1.19385174565617E-05
1.19385174565617E-05
1.19385174565617E-05
1.19385174565617E-05
1.19385174565617E-05
1.19385174565617E-05
1.19385174565617E-05
1.19385174565617E-05
1.19385174565617E-05
1.19385174565617E-05
1.19385174565617E-05
1.19385174565617E-05
1.19385174565617E-05
1.19385174565617E-05
1.19385174565617E-05
1.19385174565617E-05

