1.4199024724303
0.958682448985575
0.266636067288668
0.0178331478194446
0.0178331478194446
0.0178331478194446
0.0178331478194446
0.0178331478194446
0.0108348391448576
0.00663839976680381
0.00663839976680381
0.00663839976680381
0.00663839976680381
0.00663839976680381
0.00663839976680381
0.00663839976680381
0.00663839976680381
0.00333757842401301
0.00333757842401301
0.00333757842401301
0.00333757842401301
0.00333757842401301
0.00333757842401301
0.00333757842401301
0.00333757842401301
0.00333757842401301
0.00333757842401301
0.00333757842401301
0.00333757842401301
0.00333757842401301
0.00333757842401301
0.00333757842401301
0.00333757842401301
0.00333757842401301
0.00333757842401301
0.00333757842401301
0.00333757842401301
0.00333757842401301
0.00333757842401301
0.00333757842401301
0.00333757842401301
0.00333757842401301
0.00333757842401301
0.00333757842401301
0.00333757842401301
0.00333757842401301
0.00333757842401301
0.00119016442300669
0.00119016442300669
0.00119016442300669
0.00119016442300669
0.00119016442300669
0.00119016442300669
0.00119016442300669
0.00119016442300669
0.00119016442300669
0.000950925524057285
0.000950925524057285
0.000503915616261459
0.000503915616261459
0.000503915616261459
0.000503915616261459
0.000503915616261459
0.000503915616261459
0.000503915616261459
0.000503915616261459
0.000503915616261459
0.000503915616261459
0.000503915616261459
0.000503915616261459
0.000503915616261459
0.000503915616261459
0.000503915616261459
0.000503915616261459
0.000381447389279751
0.000381447389279751
0.000381447389279751
0.000381447389279751
0.000381447389279751
0.000381447389279751
0.000381447389279751
0.000381447389279751
0.000381447389279751
0.000381447389279751
0.000381447389279751
9.56891092519692E-05
9.56891092519692E-05
9.56891092519692E-05
9.56891092519692E-05
9.56891092519692E-05
9.56891092519692E-05
9.56891092519692E-05
9.56891092519692E-05
9.56891092519692E-05
9.56891092519692E-05
9.56891092519692E-05
9.56891092519692E-05
9.56891092519692E-05
9.56891092519692E-05
9.56891092519692E-05
9.56891092519692E-05
9.56891092519692E-05
9.56891092519692E-05
9.56891092519692E-05
9.56891092519692E-05
9.56891092519692E-05
9.56891092519692E-05
9.56891092519692E-05
9.56891092519692E-05
9.56891092519692E-05
9.56891092519692E-05
9.56891092519692E-05
9.56891092519692E-05
9.56891092519692E-05
9.56891092519692E-05
9.56891092519692E-05
9.56891092519692E-05
9.56891092519692E-05
9.56891092519692E-05
9.56891092519692E-05
9.56891092519692E-05
9.56891092519692E-05
9.56891092519692E-05
9.56891092519692E-05
9.56891092519692E-05
9.56891092519692E-05
9.56891092519692E-05
9.56891092519692E-05
9.56891092519692E-05
9.56891092519692E-05
9.56891092519692E-05
9.56891092519692E-05
9.56891092519692E-05
9.56891092519692E-05
9.56891092519692E-05
9.56891092519692E-05
9.56891092519692E-05
9.56891092519692E-05
9.56891092519692E-05
9.56891092519692E-05
9.56891092519692E-05
9.56891092519692E-05
9.56891092519692E-05
9.56891092519692E-05
9.56891092519692E-05
9.56891092519692E-05
9.56891092519692E-05
9.56891092519692E-05
9.56891092519692E-05
9.56891092519692E-05
9.56891092519692E-05
9.56891092519692E-05
9.56891092519692E-05
9.56891092519692E-05
9.56891092519692E-05
9.56891092519692E-05
9.56891092519692E-05
9.56891092519692E-05
9.56891092519692E-05
9.56891092519692E-05
9.56891092519692E-05
9.56891092519692E-05
9.56891092519692E-05
9.56891092519692E-05
9.56891092519692E-05
9.56891092519692E-05
9.56891092519692E-05
9.56891092519692E-05
9.56891092519692E-05
9.56891092519692E-05
9.56891092519692E-05
9.56891092519692E-05
9.56891092519692E-05
9.56891092519692E-05
9.56891092519692E-05
9.56891092519692E-05
9.56891092519692E-05
9.56891092519692E-05
9.56891092519692E-05
9.56891092519692E-05
9.56891092519692E-05
9.56891092519692E-05
9.56891092519692E-05
9.56891092519692E-05
9.56891092519692E-05
9.56891092519692E-05
9.56891092519692E-05
9.56891092519692E-05
9.56891092519692E-05
9.56891092519692E-05
9.56891092519692E-05
9.56891092519692E-05
9.56891092519692E-05
9.56891092519692E-05
9.56891092519692E-05
9.56891092519692E-05
9.56891092519692E-05
9.56891092519692E-05
9.56891092519692E-05
9.56891092519692E-05
9.56891092519692E-05
9.56891092519692E-05
9.56891092519692E-05
9.56891092519692E-05
9.56891092519692E-05
9.56891092519692E-05
9.56891092519692E-05
9.56891092519692E-05
9.56891092519692E-05
9.56891092519692E-05
9.56891092519692E-05
9.56891092519692E-05
9.56891092519692E-05
9.56891092519692E-05
9.56891092519692E-05
9.56891092519692E-05
9.56891092519692E-05
9.56891092519692E-05
9.56891092519692E-05
9.56891092519692E-05
9.56891092519692E-05
9.56891092519692E-05
9.56891092519692E-05
9.56891092519692E-05
9.56891092519692E-05
9.56891092519692E-05
9.56891092519692E-05
9.56891092519692E-05
9.56891092519692E-05
9.56891092519692E-05
9.56891092519692E-05
9.56891092519692E-05
9.56891092519692E-05
9.56891092519692E-05
9.56891092519692E-05
9.56891092519692E-05
9.56891092519692E-05
9.56891092519692E-05
9.56891092519692E-05
9.56891092519692E-05
9.56891092519692E-05
9.56891092519692E-05
9.56891092519692E-05
9.56891092519692E-05
9.56891092519692E-05
9.56891092519692E-05
9.56891092519692E-05
9.56891092519692E-05
9.56891092519692E-05
9.56891092519692E-05
9.56891092519692E-05
8.73951675071597E-05
8.73951675071597E-05
8.73951675071597E-05
8.73951675071597E-05
8.73951675071597E-05
8.73951675071597E-05
8.73951675071597E-05
8.73951675071597E-05
8.73951675071597E-05
8.73951675071597E-05
8.73951675071597E-05
8.73951675071597E-05
8.73951675071597E-05
8.73951675071597E-05
8.73951675071597E-05
8.73951675071597E-05
8.73951675071597E-05
8.73951675071597E-05
8.73951675071597E-05
8.73951675071597E-05
8.73951675071597E-05
8.73951675071597E-05
8.73951675071597E-05
8.73951675071597E-05
8.73951675071597E-05
8.73951675071597E-05
8.73951675071597E-05
8.73951675071597E-05
8.73951675071597E-05
8.73951675071597E-05
8.73951675071597E-05
8.73951675071597E-05
8.73951675071597E-05
8.73951675071597E-05
8.73951675071597E-05
8.73951675071597E-05
8.73951675071597E-05
8.73951675071597E-05
8.73951675071597E-05
8.73951675071597E-05
8.73951675071597E-05
8.73951675071597E-05
8.73951675071597E-05
8.73951675071597E-05
8.73951675071597E-05
6.00160444861358E-05
6.00160444861358E-05
6.00160444861358E-05
6.00160444861358E-05
6.00160444861358E-05
6.00160444861358E-05
6.00160444861358E-05
6.00160444861358E-05
6.00160444861358E-05
6.00160444861358E-05
6.00160444861358E-05
6.00160444861358E-05
6.00160444861358E-05
6.00160444861358E-05
6.00160444861358E-05
6.00160444861358E-05
6.00160444861358E-05
6.00160444861358E-05
6.00160444861358E-05
6.00160444861358E-05
6.00160444861358E-05
6.00160444861358E-05
6.00160444861358E-05
6.00160444861358E-05
6.00160444861358E-05
6.00160444861358E-05
6.00160444861358E-05
6.00160444861358E-05
6.00160444861358E-05
6.00160444861358E-05
6.00160444861358E-05
6.00160444861358E-05
6.00160444861358E-05
6.00160444861358E-05
6.00160444861358E-05
6.00160444861358E-05
6.00160444861358E-05
6.00160444861358E-05
6.00160444861358E-05
6.00160444861358E-05
6.00160444861358E-05
6.00160444861358E-05
6.00160444861358E-05
6.00160444861358E-05
6.00160444861358E-05
6.00160444861358E-05
6.00160444861358E-05
6.00160444861358E-05
6.00160444861358E-05
6.00160444861358E-05
6.00160444861358E-05
6.00160444861358E-05
6.00160444861358E-05
6.00160444861358E-05
6.00160444861358E-05
6.00160444861358E-05
6.00160444861358E-05
6.00160444861358E-05
6.00160444861358E-05
6.00160444861358E-05
6.00160444861358E-05
6.00160444861358E-05
6.00160444861358E-05
6.00160444861358E-05
6.00160444861358E-05
6.00160444861358E-05
6.00160444861358E-05
6.00160444861358E-05
6.00160444861358E-05
6.00160444861358E-05
6.00160444861358E-05
6.00160444861358E-05
6.00160444861358E-05
6.00160444861358E-05
6.00160444861358E-05
6.00160444861358E-05
6.00160444861358E-05
6.00160444861358E-05
6.00160444861358E-05
6.00160444861358E-05
6.00160444861358E-05
6.00160444861358E-05
6.00160444861358E-05
6.00160444861358E-05
6.00160444861358E-05
6.00160444861358E-05
6.00160444861358E-05
6.00160444861358E-05
6.00160444861358E-05
6.00160444861358E-05
6.00160444861358E-05
6.00160444861358E-05
6.00160444861358E-05
6.00160444861358E-05
6.00160444861358E-05
6.00160444861358E-05
6.00160444861358E-05
6.00160444861358E-05
6.00160444861358E-05
6.00160444861358E-05
6.00160444861358E-05
6.00160444861358E-05
6.00160444861358E-05
6.00160444861358E-05
6.00160444861358E-05
6.00160444861358E-05
6.00160444861358E-05
6.00160444861358E-05
6.00160444861358E-05
6.00160444861358E-05
6.00160444861358E-05
6.00160444861358E-05
6.00160444861358E-05
6.00160444861358E-05
6.00160444861358E-05
6.00160444861358E-05
6.00160444861358E-05
6.00160444861358E-05
6.00160444861358E-05
6.00160444861358E-05
6.00160444861358E-05
6.00160444861358E-05
6.00160444861358E-05
6.00160444861358E-05
6.00160444861358E-05
6.00160444861358E-05
6.00160444861358E-05
6.00160444861358E-05
6.00160444861358E-05
6.00160444861358E-05
6.00160444861358E-05
6.00160444861358E-05
6.00160444861358E-05
6.00160444861358E-05
6.00160444861358E-05
6.00160444861358E-05
6.00160444861358E-05
6.00160444861358E-05
6.00160444861358E-05
6.00160444861358E-05
6.00160444861358E-05
6.00160444861358E-05
6.00160444861358E-05
6.00160444861358E-05
6.00160444861358E-05
6.00160444861358E-05
6.00160444861358E-05
6.00160444861358E-05
6.00160444861358E-05
6.00160444861358E-05
6.00160444861358E-05
6.00160444861358E-05
6.00160444861358E-05
6.00160444861358E-05
6.00160444861358E-05
6.00160444861358E-05
6.00160444861358E-05
6.00160444861358E-05
6.00160444861358E-05
6.00160444861358E-05
6.00160444861358E-05
6.00160444861358E-05
6.00160444861358E-05
6.00160444861358E-05
6.00160444861358E-05
6.00160444861358E-05
6.00160444861358E-05
6.00160444861358E-05
6.00160444861358E-05
6.00160444861358E-05
6.00160444861358E-05
6.00160444861358E-05
6.00160444861358E-05
6.00160444861358E-05
6.00160444861358E-05
6.00160444861358E-05
6.00160444861358E-05
6.00160444861358E-05
6.00160444861358E-05
6.00160444861358E-05
6.00160444861358E-05
6.00160444861358E-05
6.00160444861358E-05
6.00160444861358E-05
6.00160444861358E-05
6.00160444861358E-05
6.00160444861358E-05
6.00160444861358E-05
6.00160444861358E-05
6.00160444861358E-05
6.00160444861358E-05
6.00160444861358E-05
6.00160444861358E-05
6.00160444861358E-05
6.00160444861358E-05
6.00160444861358E-05
6.00160444861358E-05
6.00160444861358E-05
6.00160444861358E-05
6.00160444861358E-05
6.00160444861358E-05
6.00160444861358E-05
6.00160444861358E-05
6.00160444861358E-05

