0.154193534842157
0.154193534842157
0.154193534842157
0.148987227525399
0.111873178353974
0.111873178353974
0.110324520061017
0.110324520061017
0.110324520061017
0.110324520061017
0.0752256529023881
0.0752256529023881
0.0752256529023881
0.0752256529023881
0.0669418066142786
0.0660120406034738
0.0660120406034738
0.0660120406034738
0.0660120406034738
0.0660120406034738
0.0660120406034738
0.0660120406034738
0.0660120406034738
0.0660120406034738
0.0660120406034738
0.0332328609330633
0.0332328609330633
0.0332328609330633
0.0332328609330633
0.00531469352754299
0.00531469352754299
0.00531469352754299
0.00531469352754299
0.00531469352754299
0.00531469352754299
0.00531469352754299
0.00531469352754299
0.00531469352754299
0.00531469352754299
0.00531469352754299
0.00531469352754299
0.00531469352754299
0.00531469352754299
0.00531469352754299
0.00531469352754299
0.00531469352754299
0.00531469352754299
0.00531469352754299
0.00531469352754299
0.00531469352754299
0.00531469352754299
0.00531469352754299
0.00531469352754299
0.00531469352754299
0.00531469352754299
0.00531469352754299
0.00531469352754299
0.00531469352754299
0.00531469352754299
0.00531469352754299
0.00531469352754299
0.00531469352754299
0.00531469352754299
0.00531469352754299
0.00531469352754299
0.00531469352754299
0.00531469352754299
0.00531469352754299
0.00531469352754299
0.00531469352754299
0.00531469352754299
0.00531469352754299
0.00531469352754299
0.00531469352754299
0.00134156979924849
0.00134156979924849
0.00134156979924849
0.00134156979924849
0.00134156979924849
0.00134156979924849
0.00134156979924849
0.00134156979924849
0.00134156979924849
0.00134156979924849
0.00134156852270839
0.00134156852270839
0.00134156852270839
0.00134156852270839
0.00134156852270839
0.00134156852270839
0.00134156852270839
0.00134156852270839
0.00134156852270839
0.00134156852270839
0.00134156852270839
0.00134156852270839
0.00134156852270839
0.00134156852270839
0.00134156852270839
0.00134156852270839
0.00134156852270839
0.00134156852270839
0.00134156852270839
0.00134156852270839
0.00134156852270839
0.00134156852270839
0.00134156852270839
0.00134156852270839
0.00134156852270839
0.00134156852270839
0.00134156852270839
0.00134156852270839
0.00134156852270839
0.00134156852270839
0.00134156852270839
0.00134156852270839
0.00134156852270839
0.00134156852270839
0.00134156852270839
0.00134156852270839
0.000740657482444451
0.000740657482444451
0.000740657482444451
0.000740657482444451
0.000740657482444451
0.000726874537811506
0.000726874537811506
0.000726874537811506
0.000726874537811506
0.000726874537811506
0.000726874537811506
0.000726874537811506
0.000726874537811506
0.000726874537811506
0.000726874537811506
0.000726874537811506
0.000726874537811506
0.000726874537811506
0.000726874537811506
0.000726874537811506
0.000726874537811506
0.000726874537811506
0.000726874537811506
0.000726874537811506
0.000726874537811506
0.000726874537811506
0.000726874537811506
0.000726874537811506
0.000726874537811506
0.000726874537811506
0.000726874537811506
0.000726874537811506
0.000726874537811506
0.000726874537811506
0.000726874537811506
0.000726874537811506
0.000726874537811506
0.000726874537811506
0.000726874537811506
0.000726874537811506
0.000726874537811506
0.000726874537811506
0.000726874537811506
0.000726874537811506
0.000726874537811506
0.000726874537811506
0.000726874537811506
0.000726874537811506
0.000726874537811506
0.000726874537811506
0.000726874537811506
0.000726874537811506
0.000726874537811506
0.000726874537811506
0.000726874537811506
0.000726874537811506
0.000726874537811506
0.000726874537811506
0.000726874537811506
0.000726874537811506
0.000726874537811506
0.000726874537811506
0.000726874537811506
0.000726874537811506
0.000726874537811506
0.000726874537811506
0.000726874537811506
0.000726874537811506
0.000726874537811506
0.000726874537811506
0.000726874537811506
0.000726874537811506
0.000726874537811506
0.000726874537811506
0.000726874537811506
0.000726874537811506
0.000726874537811506
0.000726874537811506
0.000726874537811506
0.000726874537811506
0.000726874537811506
0.000726874537811506
0.000726874537811506
0.000726874537811506
0.000726874537811506
0.000726874537811506
0.000726874537811506
0.000726874537811506
0.000726874537811506
0.000726874537811506
0.000726874537811506
0.000726874537811506
0.000726874537811506
0.000726874537811506
0.000726874537811506
0.000726874537811506
0.000726874537811506
0.000726874537811506
0.000726874537811506
0.000726874537811506
0.000726874537811506
0.000726874537811506
0.000726874537811506
0.000726874537811506
0.000726874537811506
0.000726874537811506
0.000726874537811506
0.000726874537811506
0.000726874537811506
0.000726874537811506
0.000726874537811506
0.000726874537811506
0.000726874537811506
0.000726874537811506
0.000726874537811506
0.000726874537811506
0.000726874537811506
0.000726874537811506
0.000726874537811506
0.000726874537811506
0.000726874537811506
0.000726874537811506
0.000726874537811506
0.000726874537811506
0.000726874537811506
0.000726874537811506
0.000726874537811506
0.000726874537811506
0.000726874537811506
0.000726874537811506
0.000726874537811506
0.000726874537811506
0.000726874537811506
0.000726874537811506
0.000726874537811506
0.000726874537811506
0.000726874537811506
0.000726874537811506
0.000726874537811506
0.000726874537811506
0.000726874537811506
0.000726874537811506
0.000726874537811506
0.000726874537811506
0.000726874537811506
0.000726874537811506
0.000726874537811506
0.000726874537811506
0.000726874537811506
0.000726874537811506
0.000726874537811506
0.000726874537811506
0.000726874537811506
0.000726874537811506
0.000726874537811506
0.000726874537811506
0.000726874537811506
0.000726874537811506
0.000726874537811506
0.000726874537811506
0.000726874537811506
0.000726874537811506
0.000726874537811506
0.000726874537811506
0.000726874537811506
0.000726874537811506
0.000726874537811506
0.000726874537811506
0.000726874537811506
0.000726874537811506
0.000726874537811506
0.000726874537811506
0.000726874537811506
0.000726874537811506
0.000726874537811506
0.000726874537811506
0.000726874537811506
0.000726874537811506
0.000726874537811506
0.000726874537811506
0.000726874537811506
0.000726874537811506
0.000726874537811506
0.000726874537811506
0.000726874537811506
0.000726874537811506
0.000726874537811506
0.000726874537811506
0.000726874537811506
0.000726874537811506
0.000726874537811506
0.000726874537811506
0.000726874537811506
0.000726874537811506
0.000726874537811506
0.000726874537811506
0.000726874537811506
0.000726874537811506
0.000726874537811506
0.000726874537811506
0.000726874537811506
0.000726874537811506
0.000726874537811506
0.000726874537811506
0.000726874537811506
0.000726874537811506
0.000726874537811506
0.000726874537811506
0.000726874537811506
0.000726874537811506
0.000726874537811506
0.000726874537811506
0.000726874537811506
0.000726874537811506
0.000726874537811506
0.000726874537811506
0.000726874537811506
0.000726874537811506
0.000726874537811506
0.000726874537811506
0.000726874537811506
0.000726874537811506
0.000726874537811506
0.000726874537811506
0.000726874537811506
0.000726874537811506
0.000726874537811506
0.000726874537811506
0.000726874537811506
0.000726874537811506
0.000726874537811506
0.000726874537811506
0.000726874537811506
0.000726874537811506
0.000726874537811506
0.000726874537811506
0.000726874537811506
0.000726874537811506
0.000726874537811506
0.000726874537811506
0.000726874537811506
0.000726874537811506
0.000726874537811506
0.000726874537811506
0.000726874537811506
0.000726874537811506
0.000726874537811506
0.000726874537811506
0.000726874537811506
0.000726874537811506
0.000726874537811506
0.000726874537811506
0.000726874537811506
0.000726874537811506
0.000726874537811506
0.000726874537811506
0.000726874537811506
0.000726874537811506
0.000726874537811506
0.000726874537811506
0.000726874537811506
0.000726874537811506
0.000726874537811506
0.000726874537811506
0.000726874537811506
0.000726874537811506
0.000726874537811506
0.000726874537811506
0.000726874537811506
0.000726874537811506
0.000726874537811506
0.000726874537811506
0.000726874537811506
0.000726874537811506
0.000726874537811506
0.000726874537811506
0.000726874537811506
0.000726874537811506
0.000726874537811506
0.000726874537811506
0.000726874537811506
0.000726874537811506
0.000726874537811506
0.000726874537811506
0.000726874537811506
0.000726874537811506
0.000726874537811506
0.000726874537811506
0.000726874537811506
0.000726874537811506
0.000726874537811506
0.000726874537811506
0.000726874537811506
0.000726874537811506
0.000726874537811506
0.000726874537811506
0.000726874537811506
0.000726874537811506
0.000726874537811506
0.000726874537811506
0.000726874537811506
0.000726874537811506
0.000726874537811506
0.000726874537811506
0.000726874537811506
0.000726874537811506
0.000726874537811506
0.000726874537811506
0.000726874537811506
0.000726874537811506
0.000726874537811506
0.000726874537811506
0.000726874537811506
0.000726874537811506
0.000726874537811506
0.000726874537811506
0.000726874537811506
0.000726874537811506
0.000726874537811506
0.000726874537811506
0.000726874537811506
0.000726874537811506
0.000726874537811506
0.000726874537811506
0.000726874537811506
0.000726874537811506
0.000726874537811506
0.000726874537811506
0.000726874537811506
0.000726874537811506
0.000726874537811506
0.000726874537811506
0.000726874537811506
0.000726874537811506
0.000726874537811506
0.000726874537811506
0.000726874537811506
0.000726874537811506
0.000726874537811506
0.000726874537811506
0.000726874537811506
0.000726874537811506
0.000726874537811506
0.000726874537811506
0.000726874537811506
0.000726874537811506
0.000726874537811506
0.000726874537811506
0.000726874537811506
0.000726874537811506
0.000726874537811506
0.000726874537811506
0.000726874537811506
0.000726874537811506
0.000726874537811506
0.000726874537811506
0.000726874537811506
0.000726874537811506
0.000726874537811506
0.000726874537811506
0.000726874537811506
0.000726874537811506
0.000726874537811506
0.000726874537811506
0.000726874537811506
0.000726874537811506
0.000726874537811506
0.000726874537811506
0.000726874537811506
0.000726874537811506
0.000726874537811506
0.000726874537811506
0.000726874537811506
0.000726874537811506
0.000726874537811506
0.000726874537811506
0.000726874537811506
0.000726874537811506
0.000726874537811506
0.000726874537811506

