0.135145063287107
0.0951325051247766
0.0714345795429523
0.0714345795429523
0.051276131223264
0.0115385097114022
0.0106890795697312
0.00674994172016963
0.00646908946272029
0.00213057098501357
0.00162687629339575
0.000952655970318461
0.000388375737163882
0.000149772845035034
9.02392650682371E-05
2.54574170751587E-05
2.54574170751587E-05
8.84694148783893E-06
1.90178780301586E-06
1.90178780301586E-06
5.38009880313162E-07
5.38009880313162E-07
3.16463728777805E-07
3.16463728777805E-07
1.97734353224455E-07
7.24864144263648E-08
4.28957477316416E-08
3.41711554607826E-08
3.07435226165609E-08
2.58765063820832E-08
2.16336758507296E-08
1.20914915857639E-08
1.12134190821678E-08
1.12134190821678E-08
1.11216996723229E-08
3.95068466829684E-09
3.95068466829684E-09
3.78042308568638E-09
3.78042308568638E-09
3.04040859155919E-09
2.97288493822379E-09
2.83804235667873E-09
2.83804235667873E-09
2.79937850677925E-09
2.79937850677925E-09
2.79739209574359E-09
2.79599121633112E-09
2.79586798157538E-09
2.79586798157538E-09
2.7958415582674E-09
2.79580980588889E-09
2.79579148720899E-09
2.79568035388422E-09
2.79564504879204E-09
2.79564504879204E-09
2.79564471572513E-09
2.79564238425678E-09
2.79564238425678E-09
2.79564238425678E-09
2.79564227323448E-09
2.79564227323448E-09
2.79564227323448E-09
2.79564227323448E-09
2.79564227323448E-09
2.79564227323448E-09
2.79564227323448E-09
2.79564227323448E-09
2.79564227323448E-09
2.79564227323448E-09
2.79564227323448E-09
2.79564227323448E-09
2.79564227323448E-09
2.79564227323448E-09
2.79564227323448E-09
2.79564227323448E-09
2.79564227323448E-09
2.79564227323448E-09
2.79564227323448E-09
2.79564227323448E-09
2.79564227323448E-09
2.79564227323448E-09
2.79564227323448E-09
2.79564227323448E-09
2.79564227323448E-09
2.79564227323448E-09
2.79564227323448E-09
2.79564227323448E-09
2.79564227323448E-09
2.79564227323448E-09
2.79564227323448E-09
2.79564227323448E-09
2.79564227323448E-09
2.79564227323448E-09
2.79564227323448E-09
2.79564227323448E-09
2.79564227323448E-09
2.79564227323448E-09
2.79564227323448E-09
2.79564227323448E-09
2.79564227323448E-09
2.79564227323448E-09
2.79564227323448E-09
2.79564227323448E-09
2.79564227323448E-09
2.79564227323448E-09
2.79564227323448E-09
2.79564227323448E-09
2.79564227323448E-09
2.79564227323448E-09
2.79564227323448E-09
2.79564227323448E-09
2.79564227323448E-09
2.79564227323448E-09
2.79564227323448E-09
2.79564227323448E-09
2.79564227323448E-09
2.79564227323448E-09
2.79564227323448E-09
2.79564227323448E-09
2.79564227323448E-09
2.79564227323448E-09
2.79564227323448E-09
2.79564227323448E-09
2.79564227323448E-09
2.79564227323448E-09
2.79564227323448E-09
2.79564227323448E-09
2.79564227323448E-09
2.79564227323448E-09
2.79564227323448E-09
2.79564227323448E-09
2.79564227323448E-09
2.79564227323448E-09
2.79564227323448E-09
2.79564227323448E-09
2.79564227323448E-09
2.79564227323448E-09
2.79564227323448E-09
2.79564227323448E-09
2.79564227323448E-09
2.79564227323448E-09
2.79564227323448E-09
2.79564227323448E-09
2.79564227323448E-09
2.79564227323448E-09
2.79564227323448E-09
2.79564227323448E-09
2.79564227323448E-09
2.79564227323448E-09
2.79564227323448E-09
2.79564227323448E-09
2.79564227323448E-09
2.79564227323448E-09
2.79564227323448E-09
2.79564227323448E-09
2.79564227323448E-09
2.79564227323448E-09
2.79564227323448E-09
2.79564227323448E-09
2.79564227323448E-09
2.79564227323448E-09
2.79564227323448E-09
2.79564227323448E-09
2.79564227323448E-09
2.79564227323448E-09
2.79564227323448E-09
2.79564227323448E-09
2.79564227323448E-09
2.79564227323448E-09
2.79564227323448E-09
2.79564227323448E-09
2.79564227323448E-09
2.79564227323448E-09
2.79564227323448E-09
2.79564227323448E-09
2.79564227323448E-09
2.79564227323448E-09
2.79564227323448E-09
2.79564227323448E-09
2.79564227323448E-09
2.79564227323448E-09
2.79564227323448E-09
2.79564227323448E-09
2.79564227323448E-09
2.79564227323448E-09
2.79564227323448E-09
2.79564227323448E-09
2.79564227323448E-09
2.79564227323448E-09
2.79564227323448E-09
2.79564227323448E-09
2.79564227323448E-09
2.79564227323448E-09
2.79564227323448E-09
2.79564227323448E-09
2.79564227323448E-09
2.79564227323448E-09
2.79564227323448E-09
2.79564227323448E-09
2.79564227323448E-09
2.79564227323448E-09
2.79564227323448E-09
2.79564227323448E-09
2.79564227323448E-09
2.79564227323448E-09
2.79564227323448E-09
2.79564227323448E-09
2.79564227323448E-09
2.79564227323448E-09
2.79564227323448E-09
2.79564227323448E-09
2.79564227323448E-09
2.79564227323448E-09
2.79564227323448E-09
2.79564227323448E-09
2.79564227323448E-09
2.79564227323448E-09
2.79564227323448E-09
2.79564227323448E-09
2.79564227323448E-09
2.79564227323448E-09
2.79564227323448E-09
2.79564227323448E-09
2.79564227323448E-09
2.79564227323448E-09
2.79564227323448E-09
2.79564227323448E-09
2.79564227323448E-09
2.79564227323448E-09
2.79564227323448E-09
2.79564227323448E-09
2.79564227323448E-09
2.79564227323448E-09
2.79564227323448E-09
2.79564227323448E-09
2.79564227323448E-09
2.79564227323448E-09
2.79564227323448E-09
2.79564227323448E-09
2.79564227323448E-09
2.79564227323448E-09
2.79564227323448E-09
2.79564227323448E-09
2.79564227323448E-09
2.79564227323448E-09
2.79564227323448E-09
2.79564227323448E-09
2.79564227323448E-09
2.79564227323448E-09
2.79564227323448E-09
2.79564227323448E-09
2.79564227323448E-09
2.79564227323448E-09
2.79564227323448E-09
2.79564227323448E-09
2.79564227323448E-09
2.79564227323448E-09
2.79564227323448E-09
2.79564227323448E-09
2.79564227323448E-09
2.79564227323448E-09
2.79564227323448E-09
2.79564227323448E-09
2.79564227323448E-09
2.79564227323448E-09
2.79564227323448E-09
2.79564227323448E-09
2.79564227323448E-09
2.79564227323448E-09
2.79564227323448E-09
2.79564227323448E-09
2.79564227323448E-09
2.79564227323448E-09
2.79564227323448E-09
2.79564227323448E-09
2.79564227323448E-09
2.79564227323448E-09
2.79564227323448E-09
2.79564227323448E-09
2.79564227323448E-09
2.79564227323448E-09
2.79564227323448E-09
2.79564227323448E-09
2.79564227323448E-09
2.79564227323448E-09
2.79564227323448E-09
2.79564227323448E-09
2.79564227323448E-09
2.79564227323448E-09
2.79564227323448E-09
2.79564227323448E-09
2.79564227323448E-09
2.79564227323448E-09
2.79564227323448E-09
2.79564227323448E-09
2.79564227323448E-09
2.79564227323448E-09
2.79564227323448E-09
2.79564227323448E-09
2.79564227323448E-09
2.79564227323448E-09
2.79564227323448E-09
2.79564227323448E-09
2.79564227323448E-09
2.79564227323448E-09
2.79564227323448E-09
2.79564227323448E-09
2.79564227323448E-09
2.79564227323448E-09
2.79564227323448E-09
2.79564227323448E-09
2.79564227323448E-09
2.79564227323448E-09
2.79564227323448E-09
2.79564227323448E-09
2.79564227323448E-09
2.79564227323448E-09
2.79564227323448E-09
2.79564227323448E-09
2.79564227323448E-09
2.79564227323448E-09
2.79564227323448E-09
2.79564227323448E-09
2.79564227323448E-09
2.79564227323448E-09
2.79564227323448E-09
2.79564227323448E-09
2.79564227323448E-09
2.79564227323448E-09
2.79564227323448E-09
2.79564227323448E-09
2.79564227323448E-09
2.79564227323448E-09
2.79564227323448E-09
2.79564227323448E-09
2.79564227323448E-09
2.79564227323448E-09
2.79564227323448E-09
2.79564227323448E-09
2.79564227323448E-09
2.79564227323448E-09
2.79564227323448E-09
2.79564227323448E-09
2.79564227323448E-09
2.79564227323448E-09
2.79564227323448E-09
2.79564227323448E-09
2.79564227323448E-09
2.79564227323448E-09
2.79564227323448E-09
2.79564227323448E-09
2.79564227323448E-09
2.79564227323448E-09
2.79564227323448E-09
2.79564227323448E-09
2.79564227323448E-09
2.79564227323448E-09
2.79564227323448E-09
2.79564227323448E-09
2.79564227323448E-09
2.79564227323448E-09
2.79564227323448E-09
2.79564227323448E-09
2.79564227323448E-09
2.79564227323448E-09
2.79564227323448E-09
2.79564227323448E-09
2.79564227323448E-09
2.79564227323448E-09
2.79564227323448E-09
2.79564227323448E-09
2.79564227323448E-09
2.79564227323448E-09
2.79564227323448E-09
2.79564227323448E-09
2.79564227323448E-09
2.79564227323448E-09
2.79564227323448E-09
2.79564227323448E-09
2.79564227323448E-09
2.79564227323448E-09
2.79564227323448E-09
2.79564227323448E-09
2.79564227323448E-09
2.79564227323448E-09
2.79564227323448E-09
2.79564227323448E-09
2.79564227323448E-09
2.79564227323448E-09
2.79564227323448E-09
2.79564227323448E-09
2.79564227323448E-09
2.79564227323448E-09
2.79564227323448E-09
2.79564227323448E-09
2.79564227323448E-09
2.79564227323448E-09
2.79564227323448E-09
2.79564227323448E-09
2.79564227323448E-09
2.79564227323448E-09
2.79564227323448E-09
2.79564227323448E-09
2.79564227323448E-09
2.79564227323448E-09
2.79564227323448E-09
2.79564227323448E-09
2.79564227323448E-09
2.79564227323448E-09
2.79564227323448E-09
2.79564227323448E-09
2.79564227323448E-09
2.79564227323448E-09
2.79564227323448E-09
2.79564227323448E-09
2.79564227323448E-09
2.79564227323448E-09
2.79564227323448E-09
2.79564227323448E-09
2.79564227323448E-09
2.79564227323448E-09
2.79564227323448E-09
2.79564227323448E-09
2.79564227323448E-09
2.79564227323448E-09
2.79564227323448E-09
2.79564227323448E-09
2.79564227323448E-09
2.79564227323448E-09
2.79564227323448E-09
2.79564227323448E-09
2.79564227323448E-09
2.79564227323448E-09
2.79564227323448E-09
2.79564227323448E-09
2.79564227323448E-09
2.79564227323448E-09
2.79564227323448E-09
2.79564227323448E-09
2.79564227323448E-09
2.79564227323448E-09
2.79564227323448E-09
2.79564227323448E-09
2.79564227323448E-09
2.79564227323448E-09
2.79564227323448E-09
2.79564227323448E-09
2.79564227323448E-09
2.79564227323448E-09
2.79564227323448E-09
2.79564227323448E-09
2.79564227323448E-09
2.79564227323448E-09
2.79564227323448E-09
2.79564227323448E-09
2.79564227323448E-09
2.79564227323448E-09
2.79564227323448E-09
2.79564227323448E-09
2.79564227323448E-09
2.79564227323448E-09
2.79564227323448E-09
2.79564227323448E-09
2.79564227323448E-09
2.79564227323448E-09
2.79564227323448E-09
2.79564227323448E-09
2.79564227323448E-09
2.79564227323448E-09
2.79564227323448E-09
2.79564227323448E-09
2.79564227323448E-09
2.79564227323448E-09
2.79564227323448E-09
2.79564227323448E-09
2.79564227323448E-09
2.79564227323448E-09
2.79564227323448E-09
2.79564227323448E-09
2.79564227323448E-09
2.79564227323448E-09
2.79564227323448E-09
2.79564227323448E-09
2.79564227323448E-09
2.79564227323448E-09
2.79564227323448E-09
2.79564227323448E-09
2.79564227323448E-09
2.79564227323448E-09
2.79564227323448E-09
2.79564227323448E-09
2.79564227323448E-09
2.79564227323448E-09
2.79564227323448E-09
2.79564227323448E-09
2.79564227323448E-09
2.79564227323448E-09
2.79564227323448E-09
2.79564227323448E-09
2.79564227323448E-09

