0.210587138327348
0.210587138327348
0.210587138327348
0.210587138327348
0.210587138327348
0.210587138327348
0.210587138327348
0.0633704772103404
0.0633704772103404
0.0633704772103404
0.0633704772103404
0.0633704772103404
0.0206596926978764
0.0206596926978764
0.017166014495845
0.017166014495845
0.017166014495845
0.00245428508195045
0.00245428508195045
0.00245428508195045
0.00245428508195045
0.0024154431651936
0.0024154431651936
0.0024154431651936
0.0024154431651936
0.00223079875866039
0.00223079875866039
0.00223079875866039
0.00223079875866039
0.00223079875866039
0.00216171878979943
0.00216171878979943
0.00216171878979943
0.00216171878979943
0.00216171878979943
0.00216171878979943
0.00216171878979943
0.00216171878979943
0.00216171878979943
0.00216171878979943
0.00216171878979943
0.00216171878979943
0.00216171878979943
0.00216171878979943
0.00216171878979943
0.00216171878979943
0.00216171878979943
0.00216171878979943
0.00216171878979943
0.00216171878979943
0.00216171878979943
0.00216171878979943
0.00216171878979943
0.00216171878979943
0.00216171878979943
0.00216171878979943
0.00216171878979943
0.00216171878979943
0.00216171878979943
0.00216171878979943
0.00216171878979943
0.00216171878979943
0.00216171878979943
0.00216171878979943
0.00216171878979943
0.00216171878979943
0.00216171878979943
0.00216171878979943
0.00216171878979943
0.00216171878979943
0.00216171878979943
0.00216171878979943
0.00216171878979943
0.00216171878979943
0.00216171878979943
0.00216171878979943
0.00216171878979943
0.00216171878979943
0.00216171878979943
0.00216171878979943
0.00216171878979943
0.00216171878979943
0.00216171878979943
0.00216171878979943
0.00216171878979943
0.00216171878979943
0.00216171878979943
0.00216171878979943
0.00216171878979943
0.00216171878979943
0.00216171878979943
0.00216171878979943
0.00216171878979943
0.00216171878979943
0.00216171878979943
0.00216171878979943
0.00216171878979943
0.00216171878979943
0.00216171878979943
0.00216171878979943
0.00216171878979943
0.00216171878979943
0.00216171878979943
0.00216171878979943
0.00216171878979943
0.00216171878979943
0.00216171878979943
0.00216171878979943
0.00216171878979943
0.00216171878979943
0.00216171878979943
0.00216171878979943
0.00185906991498008
0.00162497045016463
0.00162497045016463
0.00162497045016463
0.00162497045016463
0.00162497045016463
0.00160809443803234
0.00160809443803234
0.00160809443803234
0.00160809443803234
0.00160809443803234
0.00160809443803234
0.00160809443803234
0.00160809443803234
0.00160809443803234
0.00160809443803234
0.00160809443803234
0.00160809443803234
0.00160809443803234
0.00160809443803234
0.00160809443803234
0.00160809443803234
0.00160809443803234
0.00160809443803234
0.00160809443803234
0.00160809443803234
0.00160809443803234
0.00160809443803234
0.00160809443803234
0.00160809443803234
0.00160809443803234
0.00160809443803234
0.00160809443803234
0.00160809443803234
0.00160809443803234
0.00160809443803234
0.00160809443803234
0.00160809443803234
0.00160809443803234
0.00160809443803234
0.00160809443803234
0.00160809443803234
0.00160809443803234
0.00160809443803234
0.00160809443803234
0.00160809443803234
0.00160809443803234
0.00160809443803234
0.00160809443803234
0.00160809443803234
0.00160809443803234
0.00160809443803234
0.00160809443803234
0.00160809443803234
0.00160809443803234
0.00160809443803234
0.00160809443803234
0.00160809443803234
0.00160809443803234
0.00160809443803234
0.00160809443803234
0.00160809443803234
0.00160809443803234
0.00160809443803234
0.00160809443803234
0.00160809443803234
0.00160809443803234
0.00160809443803234
0.00160809443803234
0.00160809443803234
0.00160809443803234
0.00160809443803234
0.00160809443803234
0.00160809443803234
0.00160809443803234
0.00160809443803234
0.00160809443803234
0.00160809443803234
0.00160809443803234
0.00160809443803234
0.00160809443803234
0.00160809443803234
0.00160809443803234
0.00160809443803234
0.00160809443803234
0.00160809443803234
0.00160809443803234
0.00160809443803234
0.00160809443803234
0.00160809443803234
0.00160809443803234
0.00160809443803234
0.00160809443803234
0.00160809443803234
0.00160809443803234
0.00160809443803234
0.00160809443803234
0.00160809443803234
0.00160809443803234
0.00160809443803234
0.00160809443803234
0.00160809443803234
0.00160809443803234
0.00160809443803234
0.00160809443803234
0.00160809443803234
0.00160809443803234
0.00160809443803234
0.00160809443803234
0.00160809443803234
0.00160809443803234
0.00160809443803234
0.00160809443803234
0.00160809443803234
0.00160809443803234
0.00160809443803234
0.00160809443803234
0.00160809443803234
0.00160809443803234
0.00160809443803234
0.00160809443803234
0.00160809443803234
0.00160809443803234
0.00160809443803234
0.00160809443803234
0.00160809443803234
0.00160809443803234
0.00160809443803234
0.00160809443803234
0.00160809443803234
0.00160809443803234
0.00160809443803234
0.00160809443803234
0.00160809443803234
0.00160809443803234
0.00160809443803234
0.00160809443803234
0.00160809443803234
0.00160809443803234
0.00160809443803234
0.00160809443803234
0.00160809443803234
0.00160809443803234
0.00160809443803234
0.00160809443803234
0.00160809443803234
0.00160809443803234
0.00160809443803234
0.00160809443803234
0.00160809443803234
0.00160809443803234
0.00160809443803234
0.00160809443803234
0.00160809443803234
0.00160809443803234
0.00160809443803234
0.00160809443803234
0.00160809443803234
0.00160809443803234
0.00160809443803234
0.00160809443803234
0.00160809443803234
0.00160809443803234
0.00160809443803234
0.00160809443803234
0.00160809443803234
0.00160809443803234
0.00160809443803234
0.00160809443803234
0.00160809443803234
0.00160809443803234
0.00160809443803234
0.00160809443803234
0.00160809443803234
0.00160809443803234
0.00160809443803234
0.00160809443803234
0.00160809443803234
0.00160809443803234
0.00160809443803234
0.00160809443803234
0.00160809443803234
0.00160809443803234
0.00160809443803234
0.00160809443803234
0.00160809443803234
0.00160809443803234
0.00160809443803234
0.00160809443803234
0.00160809443803234
0.00160809443803234
0.00160809443803234
0.00160809443803234
0.00160809443803234
0.00160809443803234
0.00160809443803234
0.00160809443803234
0.00160809443803234
0.00160809443803234
0.00160809443803234
0.00160809443803234
0.00160809443803234
0.00160809443803234
0.00160809443803234
0.00160809443803234
0.00160809443803234
0.00160809443803234
0.00160809443803234
0.00160809443803234
0.00160809443803234
0.00160809443803234
0.00160809443803234
0.00160809443803234
0.00160809443803234
0.00160809443803234
0.00160809443803234
0.00160809443803234
0.00160809443803234
0.00160809443803234
0.00160809443803234
0.00160809443803234
0.00160809443803234
0.00160809443803234
0.00160809443803234
0.00160809443803234
0.00160809443803234
0.00160809443803234
0.00160809443803234
0.00160809443803234
0.00160809443803234
0.00160809443803234
0.00160809443803234
0.00160809443803234
0.00160809443803234
0.00160809443803234
0.00160809443803234
0.00160809443803234
0.00160809443803234
0.00160809443803234
0.00160809443803234
0.00160809443803234
0.00160809443803234
0.00160809443803234
0.00160809443803234
0.00160809443803234
0.00160809443803234
0.00160809443803234
0.00160809443803234
0.00160809443803234
0.00160809443803234
0.00160809443803234
0.00160809443803234
0.00160809443803234
0.00160809443803234
0.00160809443803234
0.00160809443803234
0.00160809443803234
0.00160809443803234
0.00160809443803234
0.00160809443803234
0.00160809443803234
0.00160809443803234
0.00160809443803234
0.00160809443803234
0.00160809443803234
0.00160809443803234
0.00160809443803234
0.00160809443803234
0.00160809443803234
0.00160809443803234
0.00160809443803234
0.00160809443803234
0.00160809443803234
0.00160809443803234
0.00160809443803234
0.00160809443803234
0.00160809443803234
0.00160809443803234
0.00160809443803234
0.00160809443803234
0.00160809443803234
0.00160809443803234
0.00160809443803234
0.00160809443803234
0.00160809443803234
0.00160809443803234
0.00160809443803234
0.00160809443803234
0.00160809443803234
0.00160809443803234
0.00160809443803234
0.00160809443803234
0.00160809443803234
0.00160809443803234
0.00160809443803234
0.00160809443803234
0.00160809443803234
0.00160809443803234
0.00160809443803234
0.00160809443803234
0.00160809443803234
0.00160809443803234
0.00160809443803234
0.00160809443803234
0.00160809443803234
0.00160809443803234
0.00160809443803234
0.00160809443803234
0.00160809443803234
0.00160809443803234
0.00160809443803234
0.00160809443803234
0.00160809443803234
0.00160809443803234
0.00160809443803234
0.00160809443803234
0.00160809443803234
0.00160809443803234
0.00160809443803234
0.00160809443803234
0.00160809443803234
0.00160809443803234
0.00160809443803234
0.00160809443803234
0.00160809443803234
0.00160809443803234
0.00160809443803234
0.00160809443803234
0.00160809443803234
0.00160809443803234
0.00160809443803234
0.00160809443803234
0.00160809443803234
0.00160809443803234
0.00160809443803234
0.00160809443803234
0.00160809443803234
0.00160809443803234
0.00160809443803234
0.00160809443803234
0.00160809443803234
0.00160809443803234
0.00160809443803234
0.00160809443803234
0.00160809443803234
0.00160809443803234
0.00160809443803234
0.00160809443803234
0.00160809443803234
0.00160809443803234
0.00160809443803234
0.00160809443803234
0.00160809443803234
0.00160809443803234
0.00160809443803234
0.00160809443803234
0.00160809443803234
0.00160809443803234
0.00160809443803234
0.00160809443803234
0.00160809443803234
0.00160809443803234
0.00160809443803234
0.00160809443803234
0.00160809443803234
0.00160809443803234
0.00160809443803234
0.00160809443803234
0.00160809443803234
0.00160809443803234
0.00160809443803234
0.00160809443803234
0.00160809443803234
0.00160809443803234
0.00160809443803234
0.00160809443803234
0.00160809443803234
0.00160809443803234
0.00160809443803234
0.00160809443803234
0.00160809443803234
0.00160809443803234
0.00160809443803234
0.00160809443803234
0.00160809443803234
0.00160809443803234
0.00160809443803234
0.00160809443803234

