0.0940424458977398
0.0940424458977398
0.0940424458977398
0.0940424458977398
0.0940424458977398
0.0940424458977398
0.0940424458977398
0.0940424458977398
0.0460430468541103
0.0460430468541103
0.0460430468541103
0.0460430468541103
0.0460430468541103
0.0460430468541103
0.0323489102991136
0.0323489102991136
0.0323489102991136
0.0323489102991136
0.0323489102991136
0.0323489102991136
0.0323489102991136
0.0323489102991136
0.0323489102991136
0.0323489102991136
0.0277903095586662
0.0229141147870886
0.0229141147870886
0.0229141147870886
0.0229141147870886
0.0227976169317177
0.0227976169317177
0.0227976169317177
0.0227976169317177
0.0227976169317177
0.0227976169317177
0.0227976169317177
0.0227976169317177
0.0227976169317177
0.0227976169317177
0.0227976169317177
0.0227976169317177
0.0197894097177088
0.0197894097177088
0.0197894097177088
0.0197894097177088
0.0197894097177088
0.0197894097177088
0.0197894097177088
0.0197894097177088
0.0197894097177088
0.0197894097177088
0.0197894097177088
0.0197894097177088
0.0197894097177088
0.0197894097177088
0.0197894097177088
0.0197894097177088
0.0197894097177088
0.0197894097177088
0.0197894097177088
0.0197894097177088
0.0197894097177088
0.0197894097177088
0.0197894097177088
0.0197894097177088
0.0197894097177088
0.0197894097177088
0.0197894097177088
0.0197894097177088
0.0197894097177088
0.0197894097177088
0.0197894097177088
0.0197894097177088
0.0197894097177088
0.0197894097177088
0.0197894097177088
0.0197894097177088
0.0197894097177088
0.0197894097177088
0.0197894097177088
0.0197894097177088
0.0197894097177088
0.0197894097177088
0.0197894097177088
0.0197894097177088
0.0197894097177088
0.0197894097177088
0.0197894097177088
0.0197894097177088
0.0197894097177088
0.0197894097177088
0.0197894097177088
0.0197894097177088
0.0197894097177088
0.0197894097177088
0.0197894097177088
0.0197894097177088
0.0197894097177088
0.0197894097177088
0.0197894097177088
0.0197894097177088
0.0197894097177088
0.0197894097177088
0.0197894097177088
0.0197894097177088
0.0197894097177088
0.0197894097177088
0.0197894097177088
0.0197894097177088
0.0197894097177088
0.0197894097177088
0.0120244467796167
0.0120244467796167
0.00677487606918925
0.00677487606918925
0.00677487606918925
0.00677487606918925
0.00677487606918925
0.00677487606918925
0.00677487606918925
0.00677487606918925
0.00500416062725983
0.00500416062725983
0.00500416062725983
0.00500416062725983
0.00500416062725983
0.00500416062725983
0.00500416062725983
0.00500416062725983
0.00500416062725983
0.00500416062725983
0.00500416062725983
0.00500416062725983
0.00500416062725983
0.00500416062725983
0.00500416062725983
0.00500416062725983
0.00500416062725983
0.00500416062725983
0.00500416062725983
0.00500416062725983
0.00500416062725983
0.00500416062725983
0.00500416062725983
0.00500416062725983
0.00500416062725983
0.00500416062725983
0.00500416062725983
0.00500416062725983
0.00500416062725983
0.00500416062725983
0.00500416062725983
0.00500416062725983
0.00500416062725983
0.00500416062725983
0.00500416062725983
0.00500416062725983
0.00500416062725983
0.00500416062725983
0.00500416062725983
0.00500416062725983
0.00500416062725983
0.00500416062725983
0.00500416062725983
0.00500416062725983
0.00500416062725983
0.00500416062725983
0.00500416062725983
0.00500416062725983
0.00500416062725983
0.00500416062725983
0.00500416062725983
0.00500416062725983
0.00500416062725983
0.00500416062725983
0.00500416062725983
0.00500416062725983
0.00500416062725983
0.00500416062725983
0.00500416062725983
0.00500416062725983
0.00500416062725983
0.00500416062725983
0.00500416062725983
0.00500416062725983
0.00500416062725983
0.00500416062725983
0.00500416062725983
0.00500416062725983
0.00500416062725983
0.00500416062725983
0.00500416062725983
0.00500416062725983
0.00500416062725983
0.00500416062725983
0.00500416062725983
0.00500416062725983
0.00500416062725983
0.00500416062725983
0.00500416062725983
0.00500416062725983
0.00500416062725983
0.00500416062725983
0.00500416062725983
0.00500416062725983
0.00500416062725983
0.00500416062725983
0.00500416062725983
0.00500416062725983
0.00500416062725983
0.00500416062725983
0.00500416062725983
0.00500416062725983
0.00500416062725983
0.00500416062725983
0.00500416062725983
0.00400976548349707
0.00400976548349707
0.00400976548349707
0.00400976548349707
0.00400976548349707
0.00400976548349707
0.00400976548349707
0.00400976548349707
0.00400976548349707
0.00400976548349707
0.00400976548349707
0.00400976548349707
0.00400976548349707
0.00400976548349707
0.00400976548349707
0.00400976548349707
0.00400976548349707
0.00400976548349707
0.00400976548349707
0.00400976548349707
0.00400976548349707
0.00400976548349707
0.00400976548349707
0.00400976548349707
0.00400976548349707
0.00400976548349707
0.00400976548349707
0.00400976548349707
0.00400976548349707
0.00400976548349707
0.00400976548349707
0.00400976548349707
0.00400976548349707
0.00400976548349707
0.00400976548349707
0.00400976548349707
0.00400976548349707
0.00400976548349707
0.00400976548349707
0.00400976548349707
0.00400976548349707
0.00400976548349707
0.00400976548349707
0.00400976548349707
0.00400976548349707
0.00400976548349707
0.00400976548349707
0.00400976548349707
0.00400976548349707
0.00400976548349707
0.00400976548349707
0.00400976548349707
0.00400976548349707
0.00400976548349707
0.00400976548349707
0.00400976548349707
0.00400976548349707
0.00400976548349707
0.00400976548349707
0.00400976548349707
0.00400976548349707
0.00400976548349707
0.00400976548349707
0.00400976548349707
0.00400976548349707
0.00400976548349707
0.00400976548349707
0.00400976548349707
0.00400976548349707
0.00400976548349707
0.00400976548349707
0.00400976548349707
0.00400976548349707
0.00400976548349707
0.00400976548349707
0.00400976548349707
0.00400976548349707
0.00400976548349707
0.00400976548349707
0.00400976548349707
0.00400976548349707
0.00400976548349707
0.00400976548349707
0.00400976548349707
0.00400976548349707
0.00400976548349707
0.00400976548349707
0.00400976548349707
0.00400976548349707
0.00400976548349707
0.00400976548349707
0.00400976548349707
0.00400976548349707
0.00400976548349707
0.00400976548349707
0.00213483119413382
0.00213483119413382
0.00213483119413382
0.00168417461147774
0.00168417461147774
0.00168417461147774
0.00168417461147774
0.00132275205265486
0.00132275205265486
0.00132275205265486
0.00132275205265486
0.00132275205265486
0.00132275205265486
0.00132275205265486
0.00132275205265486
0.00132275205265486
0.00132275205265486
0.00132275205265486
0.00132275205265486
0.00132275205265486
0.00132275205265486
0.00132275205265486
0.00132275205265486
0.00132275205265486
0.00132275205265486
0.00132275205265486
0.00132275205265486
0.00132275205265486
0.00132275205265486
0.00132275205265486
0.00132275205265486
0.00132275205265486
0.00132275205265486
0.00132275205265486
0.00132275205265486
0.00132275205265486
0.00132275205265486
0.00132275205265486
0.00132275205265486
0.00132275205265486
0.00132275205265486
0.00132275205265486
0.00132275205265486
0.00132275205265486
0.00132275205265486
0.00132275205265486
0.00132275205265486
0.00132275205265486
0.00132275205265486
0.00132275205265486
0.00132275205265486
0.00132275205265486
0.00132275205265486
0.00132275205265486
0.00132275205265486
0.00132275205265486
0.00132275205265486
0.00132275205265486
0.00132275205265486
0.00132275205265486
0.00132275205265486
0.00132275205265486
0.00132275205265486
0.00132275205265486
0.00132275205265486
0.00132275205265486
0.00132275205265486
0.00132275205265486
0.00132275205265486
0.00132275205265486
0.00132275205265486
0.00132275205265486
0.00132275205265486
0.00132275205265486
0.00132275205265486
0.00132275205265486
0.00132275205265486
0.00132275205265486
0.00132275205265486
0.00132275205265486
0.00132275205265486
0.00132275205265486
0.00132275205265486
0.00132275205265486
0.00132275205265486
0.00132275205265486
0.00132275205265486
0.00132275205265486
0.00132275205265486
0.00132275205265486
0.00132275205265486
0.00132275205265486
0.00132275205265486
0.00132275205265486
0.00132275205265486
0.00132275205265486
0.00132275205265486
0.00132275205265486
0.00132275205265486
0.00132275205265486
0.00132275205265486
0.00132275205265486
0.00132275205265486
0.00132275205265486
0.00132275205265486
0.00132275205265486
0.00132275205265486
0.000186711909636039
0.000186711909636039
0.000186711909636039
0.000186711909636039
0.000186711909636039
0.000186711909636039
0.000186711909636039
0.000186711909636039
0.000186711909636039
0.000186711909636039
0.000186711909636039
0.000186711909636039
0.000186711909636039
0.000186711909636039
0.000186711909636039
0.000186711909636039
0.000186711909636039
0.000186711909636039
0.000186711909636039
0.000186711909636039
0.000186711909636039
0.000186711909636039
0.000186711909636039
0.000186711909636039
0.000186711909636039
0.000186711909636039
0.000186711909636039
0.000186711909636039
0.000186711909636039
0.000186711909636039
0.000186711909636039
0.000186711909636039
0.000186711909636039
0.000186711909636039
0.000186711909636039
0.000186711909636039
0.000186711909636039
0.000186711909636039
0.000186711909636039
0.000186711909636039
0.000186711909636039
0.000186711909636039
0.000186711909636039
0.000186711909636039
0.000186711909636039
0.000186711909636039
0.000186711909636039
0.000186711909636039
0.000186711909636039
0.000186711909636039
0.000186711909636039
0.000186711909636039
0.000186711909636039
0.000186711909636039
0.000186711909636039
0.000186711909636039
0.000186711909636039
0.000186711909636039
0.000186711909636039
0.000186711909636039
0.000186711909636039
0.000186711909636039
0.000186711909636039
0.000186711909636039
0.000186711909636039
0.000186711909636039
0.000186711909636039
0.000186711909636039
0.000186711909636039
0.000186711909636039
0.000186711909636039
0.000186711909636039
0.000186711909636039
0.000186711909636039
0.000186711909636039
0.000186711909636039
0.000186711909636039
0.000186711909636039
0.000186711909636039
0.000186711909636039
0.000186711909636039
0.000186711909636039

