0.0591194303592978
0.0591194303592978
0.0591194303592978
0.0591194303592978
0.0244968666539368
0.0244968666539368
0.0153196474065731
0.00550434729412796
0.00408700439187182
0.00370121490930397
0.00370121490930397
0.00174409418371346
0.000687024580207862
0.000540617305481383
0.000409301189969513
0.000277055333704035
7.33067414618871E-05
7.33067414618871E-05
2.55362421155425E-05
1.21150483411991E-05
1.21150483411991E-05
4.50736879198388E-06
1.68469062533649E-06
1.68469062533649E-06
2.13837987539378E-07
1.44338139551614E-07
1.32351295811795E-07
1.61728223035951E-08
1.40565286077532E-08
3.50721673925136E-09
2.57060139841059E-09
2.1197752442248E-09
6.14168715884489E-11
6.14168715884489E-11
6.14168715884489E-11
5.17299536539895E-11
8.23718870890389E-12
8.15425504896439E-12
4.64639438035874E-12
1.72961645006353E-12
1.72961645006353E-12
7.51287920763843E-13
5.86863890816858E-13
5.86863890816858E-13
5.30575583468362E-13
5.21249710061511E-13
2.08277839419679E-13
1.9728663147589E-13
1.70752301187349E-13
1.33670852164869E-13
1.25233157177718E-13
1.22346577313692E-13
1.16573417585641E-13
1.13464793116691E-13
1.13464793116691E-13
1.13353770814228E-13
1.13353770814228E-13
1.13353770814228E-13
1.13353770814228E-13
1.13353770814228E-13
1.13353770814228E-13
1.13353770814228E-13
1.13353770814228E-13
1.13353770814228E-13
1.13353770814228E-13
1.13353770814228E-13
1.13353770814228E-13
1.13353770814228E-13
1.13353770814228E-13
1.13353770814228E-13
1.13353770814228E-13
1.13353770814228E-13
1.13353770814228E-13
1.13353770814228E-13
1.13353770814228E-13
1.13353770814228E-13
1.13353770814228E-13
1.13353770814228E-13
1.13353770814228E-13
1.13353770814228E-13
1.13353770814228E-13
1.13353770814228E-13
1.13353770814228E-13
1.13353770814228E-13
1.13353770814228E-13
1.13353770814228E-13
1.13353770814228E-13
1.13353770814228E-13
1.13353770814228E-13
1.13353770814228E-13
1.13353770814228E-13
1.13353770814228E-13
1.13353770814228E-13
1.13353770814228E-13
1.13353770814228E-13
1.13353770814228E-13
1.13353770814228E-13
1.13353770814228E-13
1.13353770814228E-13
1.13353770814228E-13
1.13353770814228E-13
1.13353770814228E-13
1.13353770814228E-13
1.13353770814228E-13
1.13353770814228E-13
1.13353770814228E-13
1.13353770814228E-13
1.13353770814228E-13
1.13353770814228E-13
1.13353770814228E-13
1.13353770814228E-13
1.13353770814228E-13
1.13353770814228E-13
1.13353770814228E-13
1.13353770814228E-13
1.13353770814228E-13
1.13353770814228E-13
1.13353770814228E-13
1.13353770814228E-13
1.13353770814228E-13
1.13353770814228E-13
1.13353770814228E-13
1.13353770814228E-13
1.13353770814228E-13
1.13353770814228E-13
1.13353770814228E-13
1.13353770814228E-13
1.13353770814228E-13
1.13353770814228E-13
1.13353770814228E-13
1.13353770814228E-13
1.13353770814228E-13
1.13353770814228E-13
1.13353770814228E-13
1.13353770814228E-13
1.13353770814228E-13
1.13353770814228E-13
1.13353770814228E-13
1.13353770814228E-13
1.13353770814228E-13
1.13353770814228E-13
1.13353770814228E-13
1.13353770814228E-13
1.13353770814228E-13
1.13353770814228E-13
1.13353770814228E-13
1.13353770814228E-13
1.13353770814228E-13
1.13353770814228E-13
1.13353770814228E-13
1.13353770814228E-13
1.13353770814228E-13
1.13353770814228E-13
1.13353770814228E-13
1.13353770814228E-13
1.13353770814228E-13
1.13353770814228E-13
1.13353770814228E-13
1.13353770814228E-13
1.13353770814228E-13
1.13353770814228E-13
1.13353770814228E-13
1.13353770814228E-13
1.13353770814228E-13
1.13353770814228E-13
1.13353770814228E-13
1.13353770814228E-13
1.13353770814228E-13
1.13353770814228E-13
1.13353770814228E-13
1.13353770814228E-13
1.13353770814228E-13
1.13353770814228E-13
1.13353770814228E-13
1.13353770814228E-13
1.13353770814228E-13
1.13353770814228E-13
1.13353770814228E-13
1.13353770814228E-13
1.13353770814228E-13
1.13353770814228E-13
1.13353770814228E-13
1.13353770814228E-13
1.13353770814228E-13
1.13353770814228E-13
1.13353770814228E-13
1.13353770814228E-13
1.13353770814228E-13
1.13353770814228E-13
1.13353770814228E-13
1.13353770814228E-13
1.13353770814228E-13
1.13353770814228E-13
1.13353770814228E-13
1.13353770814228E-13
1.13353770814228E-13
1.13353770814228E-13
1.13353770814228E-13
1.13353770814228E-13
1.13353770814228E-13
1.13353770814228E-13
1.13353770814228E-13
1.13353770814228E-13
1.13353770814228E-13
1.13353770814228E-13
1.13353770814228E-13
1.13353770814228E-13
1.13353770814228E-13
1.13353770814228E-13
1.13353770814228E-13
1.13353770814228E-13
1.13353770814228E-13
1.13353770814228E-13
1.13353770814228E-13
1.13353770814228E-13
1.13353770814228E-13
1.13353770814228E-13
1.13353770814228E-13
1.13353770814228E-13
1.13353770814228E-13
1.13353770814228E-13
1.13353770814228E-13
1.13353770814228E-13
1.13353770814228E-13
1.13353770814228E-13
1.13353770814228E-13
1.13353770814228E-13
1.13353770814228E-13
1.13353770814228E-13
1.13353770814228E-13
1.13353770814228E-13
1.13353770814228E-13
1.13353770814228E-13
1.13353770814228E-13
1.13353770814228E-13
1.13353770814228E-13
1.13353770814228E-13
1.13353770814228E-13
1.13353770814228E-13
1.13353770814228E-13
1.13353770814228E-13
1.13353770814228E-13
1.13353770814228E-13
1.13353770814228E-13
1.13353770814228E-13
1.13353770814228E-13
1.13353770814228E-13
1.13353770814228E-13
1.13353770814228E-13
1.13353770814228E-13
1.13353770814228E-13
1.13353770814228E-13
1.13353770814228E-13
1.13353770814228E-13
1.13353770814228E-13
1.13353770814228E-13
1.13353770814228E-13
1.13353770814228E-13
1.13353770814228E-13
1.13353770814228E-13
1.13353770814228E-13
1.13353770814228E-13
1.13353770814228E-13
1.13353770814228E-13
1.13353770814228E-13
1.13353770814228E-13
1.13353770814228E-13
1.13353770814228E-13
1.13353770814228E-13
1.13353770814228E-13
1.13353770814228E-13
1.13353770814228E-13
1.13353770814228E-13
1.13353770814228E-13
1.13353770814228E-13
1.13353770814228E-13
1.13353770814228E-13
1.13353770814228E-13
1.13353770814228E-13
1.13353770814228E-13
1.13353770814228E-13
1.13353770814228E-13
1.13353770814228E-13
1.13353770814228E-13
1.13353770814228E-13
1.13353770814228E-13
1.13353770814228E-13
1.13353770814228E-13
1.13353770814228E-13
1.13353770814228E-13
1.13353770814228E-13
1.13353770814228E-13
1.13353770814228E-13
1.13353770814228E-13
1.13353770814228E-13
1.13353770814228E-13
1.13353770814228E-13
1.13353770814228E-13
1.13353770814228E-13
1.13353770814228E-13
1.13353770814228E-13
1.13353770814228E-13
1.13353770814228E-13
1.13353770814228E-13
1.13353770814228E-13
1.13353770814228E-13
1.13353770814228E-13
1.13353770814228E-13
1.13353770814228E-13
1.13353770814228E-13
1.13353770814228E-13
1.13353770814228E-13
1.13353770814228E-13
1.13353770814228E-13
1.13353770814228E-13
1.13353770814228E-13
1.13353770814228E-13
1.13353770814228E-13
1.13353770814228E-13
1.13353770814228E-13
1.13353770814228E-13
1.13353770814228E-13
1.13353770814228E-13
1.13353770814228E-13
1.13353770814228E-13
1.13353770814228E-13
1.13353770814228E-13
1.13353770814228E-13
1.13353770814228E-13
1.13353770814228E-13
1.13353770814228E-13
1.13353770814228E-13
1.13353770814228E-13
1.13353770814228E-13
1.13353770814228E-13
1.13353770814228E-13
1.13353770814228E-13
1.13353770814228E-13
1.13353770814228E-13
1.13353770814228E-13
1.13353770814228E-13
1.13353770814228E-13
1.13353770814228E-13
1.13353770814228E-13
1.13353770814228E-13
1.13353770814228E-13
1.13353770814228E-13
1.13353770814228E-13
1.13353770814228E-13
1.13353770814228E-13
1.13353770814228E-13
1.13353770814228E-13
1.13353770814228E-13
1.13353770814228E-13
1.13353770814228E-13
1.13353770814228E-13
1.13353770814228E-13
1.13353770814228E-13
1.13353770814228E-13
1.13353770814228E-13
1.13353770814228E-13
1.13353770814228E-13
1.13353770814228E-13
1.13353770814228E-13
1.13353770814228E-13
1.13353770814228E-13
1.13353770814228E-13
1.13353770814228E-13
1.13353770814228E-13
1.13353770814228E-13
1.13353770814228E-13
1.13353770814228E-13
1.13353770814228E-13
1.13353770814228E-13
1.13353770814228E-13
1.13353770814228E-13
1.13353770814228E-13
1.13353770814228E-13
1.13353770814228E-13
1.13353770814228E-13
1.13353770814228E-13
1.13353770814228E-13
1.13353770814228E-13
1.13353770814228E-13
1.13353770814228E-13
1.13353770814228E-13
1.13353770814228E-13
1.13353770814228E-13
1.13353770814228E-13
1.13353770814228E-13
1.13353770814228E-13
1.13353770814228E-13
1.13353770814228E-13
1.13353770814228E-13
1.13353770814228E-13
1.13353770814228E-13
1.13353770814228E-13
1.13353770814228E-13
1.13353770814228E-13
1.13353770814228E-13
1.13353770814228E-13
1.13353770814228E-13
1.13353770814228E-13
1.13353770814228E-13
1.13353770814228E-13
1.13353770814228E-13
1.13353770814228E-13
1.13353770814228E-13
1.13353770814228E-13
1.13353770814228E-13
1.13353770814228E-13
1.13353770814228E-13
1.13353770814228E-13
1.13353770814228E-13
1.13353770814228E-13
1.13353770814228E-13
1.13353770814228E-13
1.13353770814228E-13
1.13353770814228E-13
1.13353770814228E-13
1.13353770814228E-13
1.13353770814228E-13
1.13353770814228E-13
1.13353770814228E-13
1.13353770814228E-13
1.13353770814228E-13
1.13353770814228E-13
1.13353770814228E-13
1.13353770814228E-13
1.13353770814228E-13
1.13353770814228E-13
1.13353770814228E-13
1.13353770814228E-13
1.13353770814228E-13
1.13353770814228E-13
1.13353770814228E-13
1.13353770814228E-13
1.13353770814228E-13
1.13353770814228E-13
1.13353770814228E-13
1.13353770814228E-13
1.13353770814228E-13
1.13353770814228E-13
1.13353770814228E-13
1.13353770814228E-13
1.13353770814228E-13
1.13353770814228E-13
1.13353770814228E-13
1.13353770814228E-13
1.13353770814228E-13
1.13353770814228E-13
1.13353770814228E-13
1.13353770814228E-13
1.13353770814228E-13
1.13353770814228E-13
1.13353770814228E-13
1.13353770814228E-13
1.13353770814228E-13
1.13353770814228E-13
1.13353770814228E-13
1.13353770814228E-13
1.13353770814228E-13
1.13353770814228E-13
1.13353770814228E-13
1.13353770814228E-13
1.13353770814228E-13
1.13353770814228E-13
1.13353770814228E-13
1.13353770814228E-13
1.13353770814228E-13
1.13353770814228E-13
1.13353770814228E-13
1.13353770814228E-13
1.13353770814228E-13
1.13353770814228E-13
1.13353770814228E-13
1.13353770814228E-13
1.13353770814228E-13
1.13353770814228E-13
1.13353770814228E-13
1.13353770814228E-13
1.13353770814228E-13
1.13353770814228E-13
1.13353770814228E-13
1.13353770814228E-13
1.13353770814228E-13
1.13353770814228E-13
1.13353770814228E-13
1.13353770814228E-13
1.13353770814228E-13
1.13353770814228E-13
1.13353770814228E-13
1.13353770814228E-13
1.13353770814228E-13
1.13353770814228E-13
1.13353770814228E-13
1.13353770814228E-13
1.13353770814228E-13
1.13353770814228E-13
1.13353770814228E-13

