0.23340870575606
0.114822629025254
0.0668316829719828
0.0474399661662821
0.0474399661662821
0.0419487860389015
0.0412434367775255
0.024385355426761
0.0139178583286538
0.0135234488760577
0.00566264481588541
0.00282413735893816
0.000935444691798404
0.000617278229614104
0.000474066823441865
0.000474066823441865
0.0002465707888889
0.00017401241617987
0.00017401241617987
0.000165527655891284
0.00016217455876455
0.000109416449163624
0.000104136151527379
4.36481034684633E-05
3.29571976867005E-05
2.67429323257407E-05
2.67429323257407E-05
2.4754416926176E-05
2.42921082672654E-05
2.42921082672654E-05
2.41486525208723E-05
2.40180995835226E-05
2.39121527682018E-05
2.39121527682018E-05
2.39121527682018E-05
2.37997089301834E-05
2.37997089301834E-05
2.37993339706755E-05
2.37993339706755E-05
2.37993339706755E-05
2.37993339706755E-05
2.37993339706755E-05
2.37993339706755E-05
2.37993339706755E-05
2.37993339706755E-05
2.37993339502474E-05
2.37993339446962E-05
2.37993339446962E-05
2.37993339446962E-05
2.37993339399223E-05
2.37993339397002E-05
2.37993339395892E-05
2.37993339395892E-05
2.37993339393672E-05
2.37993339393672E-05
2.37993339392562E-05
2.37993339392562E-05
2.37993339392562E-05
2.37993339392562E-05
2.37993339392562E-05
2.37993339392562E-05
2.37993339392562E-05
2.37993339392562E-05
2.37993339392562E-05
2.37993339392562E-05
2.37993339392562E-05
2.37993339392562E-05
2.37993339392562E-05
2.37993339392562E-05
2.37993339392562E-05
2.37993339392562E-05
2.37993339392562E-05
2.37993339392562E-05
2.37993339392562E-05
2.37993339392562E-05
2.37993339392562E-05
2.37993339392562E-05
2.37993339392562E-05
2.37993339392562E-05
2.37993339392562E-05
2.37993339392562E-05
2.37993339392562E-05
2.37993339392562E-05
2.37993339392562E-05
2.37993339392562E-05
2.37993339392562E-05
2.37993339392562E-05
2.37993339392562E-05
2.37993339392562E-05
2.37993339392562E-05
2.37993339392562E-05
2.37993339392562E-05
2.37993339392562E-05
2.37993339392562E-05
2.37993339392562E-05
2.37993339392562E-05
2.37993339392562E-05
2.37993339392562E-05
2.37993339392562E-05
2.37993339392562E-05
2.37993339392562E-05
2.37993339392562E-05
2.37993339392562E-05
2.37993339392562E-05
2.37993339392562E-05
2.37993339392562E-05
2.37993339392562E-05
2.37993339392562E-05
2.37993339392562E-05
2.37993339392562E-05
2.37993339392562E-05
2.37993339392562E-05
2.37993339392562E-05
2.37993339392562E-05
2.37993339392562E-05
2.37993339392562E-05
2.37993339392562E-05
2.37993339392562E-05
2.37993339392562E-05
2.37993339392562E-05
2.37993339392562E-05
2.37993339392562E-05
2.37993339392562E-05
2.37993339392562E-05
2.37993339392562E-05
2.37993339392562E-05
2.37993339392562E-05
2.37993339392562E-05
2.37993339392562E-05
2.37993339392562E-05
2.37993339392562E-05
2.37993339392562E-05
2.37993339392562E-05
2.37993339392562E-05
2.37993339392562E-05
2.37993339392562E-05
2.37993339392562E-05
2.37993339392562E-05
2.37993339392562E-05
2.37993339392562E-05
2.37993339392562E-05
2.37993339392562E-05
2.37993339392562E-05
2.37993339392562E-05
2.37993339392562E-05
2.37993339392562E-05
2.37993339392562E-05
2.37993339392562E-05
2.37993339392562E-05
2.37993339392562E-05
2.37993339392562E-05
2.37993339392562E-05
2.37993339392562E-05
2.37993339392562E-05
2.37993339392562E-05
2.37993339392562E-05
2.37993339392562E-05
2.37993339392562E-05
2.37993339392562E-05
2.37993339392562E-05
2.37993339392562E-05
2.37993339392562E-05
2.37993339392562E-05
2.37993339392562E-05
2.37993339392562E-05
2.37993339392562E-05
2.37993339392562E-05
2.37993339392562E-05
2.37993339392562E-05
2.37993339392562E-05
2.37993339392562E-05
2.37993339392562E-05
2.37993339392562E-05
2.37993339392562E-05
2.37993339392562E-05
2.37993339392562E-05
2.37993339392562E-05
2.37993339392562E-05
2.37993339392562E-05
2.37993339392562E-05
2.37993339392562E-05
2.37993339392562E-05
2.37993339392562E-05
2.37993339392562E-05
2.37993339392562E-05
2.37993339392562E-05
2.37993339392562E-05
2.37993339392562E-05
2.37993339392562E-05
2.37993339392562E-05
2.37993339392562E-05
2.37993339392562E-05
2.37993339392562E-05
2.37993339392562E-05
2.37993339392562E-05
2.37993339392562E-05
2.37993339392562E-05
2.37993339392562E-05
2.37993339392562E-05
2.37993339392562E-05
2.37993339392562E-05
2.37993339392562E-05
2.37993339392562E-05
2.37993339392562E-05
2.37993339392562E-05
2.37993339392562E-05
2.37993339392562E-05
2.37993339392562E-05
2.37993339392562E-05
2.37993339392562E-05
2.37993339392562E-05
2.37993339392562E-05
2.37993339392562E-05
2.37993339392562E-05
2.37993339392562E-05
2.37993339392562E-05
2.37993339392562E-05
2.37993339392562E-05
2.37993339392562E-05
2.37993339392562E-05
2.37993339392562E-05
2.37993339392562E-05
2.37993339392562E-05
2.37993339392562E-05
2.37993339392562E-05
2.37993339392562E-05
2.37993339392562E-05
2.37993339392562E-05
2.37993339392562E-05
2.37993339392562E-05
2.37993339392562E-05
2.37993339392562E-05
2.37993339392562E-05
2.37993339392562E-05
2.37993339392562E-05
2.37993339392562E-05
2.37993339392562E-05
2.37993339392562E-05
2.37993339392562E-05
2.37993339392562E-05
2.37993339392562E-05
2.37993339392562E-05
2.37993339392562E-05
2.37993339392562E-05
2.37993339392562E-05
2.37993339392562E-05
2.37993339392562E-05
2.37993339392562E-05
2.37993339392562E-05
2.37993339392562E-05
2.37993339392562E-05
2.37993339392562E-05
2.37993339392562E-05
2.37993339392562E-05
2.37993339392562E-05
2.37993339392562E-05
2.37993339392562E-05
2.37993339392562E-05
2.37993339392562E-05
2.37993339392562E-05
2.37993339392562E-05
2.37993339392562E-05
2.37993339392562E-05
2.37993339392562E-05
2.37993339392562E-05
2.37993339392562E-05
2.37993339392562E-05
2.37993339392562E-05
2.37993339392562E-05
2.37993339392562E-05
2.37993339392562E-05
2.37993339392562E-05
2.37993339392562E-05
2.37993339392562E-05
2.37993339392562E-05
2.37993339392562E-05
2.37993339392562E-05
2.37993339392562E-05
2.37993339392562E-05
2.37993339392562E-05
2.37993339392562E-05
2.37993339392562E-05
2.37993339392562E-05
2.37993339392562E-05
2.37993339392562E-05
2.37993339392562E-05
2.37993339392562E-05
2.37993339392562E-05
2.37993339392562E-05
2.37993339392562E-05
2.37993339392562E-05
2.37993339392562E-05
2.37993339392562E-05
2.37993339392562E-05
2.37993339392562E-05
2.37993339392562E-05
2.37993339392562E-05
2.37993339392562E-05
2.37993339392562E-05
2.37993339392562E-05
2.37993339392562E-05
2.37993339392562E-05
2.37993339392562E-05
2.37993339392562E-05
2.37993339392562E-05
2.37993339392562E-05
2.37993339392562E-05
2.37993339392562E-05
2.37993339392562E-05
2.37993339392562E-05
2.37993339392562E-05
2.37993339392562E-05
2.37993339392562E-05
2.37993339392562E-05
2.37993339392562E-05
2.37993339392562E-05
2.37993339392562E-05
2.37993339392562E-05
2.37993339392562E-05
2.37993339392562E-05
2.37993339392562E-05
2.37993339392562E-05
2.37993339392562E-05
2.37993339392562E-05
2.37993339392562E-05
2.37993339392562E-05
2.37993339392562E-05
2.37993339392562E-05
2.37993339392562E-05
2.37993339392562E-05
2.37993339392562E-05
2.37993339392562E-05
2.37993339392562E-05
2.37993339392562E-05
2.37993339392562E-05
2.37993339392562E-05
2.37993339392562E-05
2.37993339392562E-05
2.37993339392562E-05
2.37993339392562E-05
2.37993339392562E-05
2.37993339392562E-05
2.37993339392562E-05
2.37993339392562E-05
2.37993339392562E-05
2.37993339392562E-05
2.37993339392562E-05
2.37993339392562E-05
2.37993339392562E-05
2.37993339392562E-05
2.37993339392562E-05
2.37993339392562E-05
2.37993339392562E-05
2.37993339392562E-05
2.37993339392562E-05
2.37993339392562E-05
2.37993339392562E-05
2.37993339392562E-05
2.37993339392562E-05
2.37993339392562E-05
2.37993339392562E-05
2.37993339392562E-05
2.37993339392562E-05
2.37993339392562E-05
2.37993339392562E-05
2.37993339392562E-05
2.37993339392562E-05
2.37993339392562E-05
2.37993339392562E-05
2.37993339392562E-05
2.37993339392562E-05
2.37993339392562E-05
2.37993339392562E-05
2.37993339392562E-05
2.37993339392562E-05
2.37993339392562E-05
2.37993339392562E-05
2.37993339392562E-05
2.37993339392562E-05
2.37993339392562E-05
2.37993339392562E-05
2.37993339392562E-05
2.37993339392562E-05
2.37993339392562E-05
2.37993339392562E-05
2.37993339392562E-05
2.37993339392562E-05
2.37993339392562E-05
2.37993339392562E-05
2.37993339392562E-05
2.37993339392562E-05
2.37993339392562E-05
2.37993339392562E-05
2.37993339392562E-05
2.37993339392562E-05
2.37993339392562E-05
2.37993339392562E-05
2.37993339392562E-05
2.37993339392562E-05
2.37993339392562E-05
2.37993339392562E-05
2.37993339392562E-05
2.37993339392562E-05
2.37993339392562E-05
2.37993339392562E-05
2.37993339392562E-05
2.37993339392562E-05
2.37993339392562E-05
2.37993339392562E-05
2.37993339392562E-05
2.37993339392562E-05
2.37993339392562E-05
2.37993339392562E-05
2.37993339392562E-05
2.37993339392562E-05
2.37993339392562E-05
2.37993339392562E-05
2.37993339392562E-05
2.37993339392562E-05
2.37993339392562E-05
2.37993339392562E-05
2.37993339392562E-05
2.37993339392562E-05
2.37993339392562E-05
2.37993339392562E-05
2.37993339392562E-05
2.37993339392562E-05
2.37993339392562E-05
2.37993339392562E-05
2.37993339392562E-05
2.37993339392562E-05
2.37993339392562E-05
2.37993339392562E-05
2.37993339392562E-05
2.37993339392562E-05
2.37993339392562E-05
2.37993339392562E-05
2.37993339392562E-05
2.37993339392562E-05
2.37993339392562E-05
2.37993339392562E-05
2.37993339392562E-05
2.37993339392562E-05
2.37993339392562E-05
2.37993339392562E-05
2.37993339392562E-05
2.37993339392562E-05
2.37993339392562E-05
2.37993339392562E-05
2.37993339392562E-05
2.37993339392562E-05
2.37993339392562E-05
2.37993339392562E-05
2.37993339392562E-05
2.37993339392562E-05
2.37993339392562E-05
2.37993339392562E-05
2.37993339392562E-05
2.37993339392562E-05
2.37993339392562E-05
2.37993339392562E-05
2.37993339392562E-05
2.37993339392562E-05
2.37993339392562E-05
2.37993339392562E-05
2.37993339392562E-05
2.37993339392562E-05
2.37993339392562E-05
2.37993339392562E-05
2.37993339392562E-05
2.37993339392562E-05
2.37993339392562E-05
2.37993339392562E-05
2.37993339392562E-05
2.37993339392562E-05
2.37993339392562E-05
2.37993339392562E-05
2.37993339392562E-05
2.37993339392562E-05
2.37993339392562E-05
2.37993339392562E-05
2.37993339392562E-05
2.37993339392562E-05
2.37993339392562E-05
2.37993339392562E-05
2.37993339392562E-05
2.37993339392562E-05
2.37993339392562E-05
2.37993339392562E-05
2.37993339392562E-05
2.37993339392562E-05
2.37993339392562E-05
2.37993339392562E-05
2.37993339392562E-05
2.37993339392562E-05
2.37993339392562E-05
2.37993339392562E-05
2.37993339392562E-05
2.37993339392562E-05
2.37993339392562E-05

