0.112029029575725
0.112029029575725
0.0957173095758825
0.0829807632049129
0.0275739827170391
0.0260607714938879
0.0167770218335945
0.00706118919890397
0.00525422589456037
0.000673215518102177
0.000673215518102177
0.000673215518102177
0.000448472362863939
0.000167937099245452
0.000167937099245452
2.63600781227336E-05
1.75779463380543E-05
9.58888580404604E-06
3.47805743405871E-06
1.34980724630918E-06
6.07849336198285E-07
1.08116255281843E-07
8.54299011532333E-08
7.09057723646822E-08
1.39060756243481E-08
1.17002774135955E-08
1.06027610025095E-08
3.50627948897397E-09
2.78413070375905E-09
2.56463672521079E-09
1.4623248167922E-09
4.68860505975499E-10
8.39350811077111E-11
2.64688271300884E-11
2.64688271300884E-11
1.84553483606464E-11
1.5949463971765E-12
1.5949463971765E-12
1.41109346429857E-13
1.41109346429857E-13
1.41109346429857E-13
8.57092175010621E-14
4.39648317751562E-14
4.39648317751562E-14
3.86357612569554E-14
1.7874590696465E-14
1.62092561595273E-14
1.62092561595273E-14
1.21014309684142E-14
8.88178419700125E-15
8.88178419700125E-15
8.88178419700125E-15
8.77076189453874E-15
8.77076189453874E-15
8.77076189453874E-15
8.77076189453874E-15
8.65973959207622E-15
8.54871728961371E-15
8.54871728961371E-15
8.54871728961371E-15
8.54871728961371E-15
8.54871728961371E-15
8.54871728961371E-15
8.54871728961371E-15
8.54871728961371E-15
8.54871728961371E-15
8.54871728961371E-15
8.54871728961371E-15
8.54871728961371E-15
8.54871728961371E-15
8.54871728961371E-15
8.54871728961371E-15
8.54871728961371E-15
8.54871728961371E-15
8.54871728961371E-15
8.54871728961371E-15
8.54871728961371E-15
8.54871728961371E-15
8.54871728961371E-15
8.54871728961371E-15
8.54871728961371E-15
8.54871728961371E-15
8.54871728961371E-15
8.54871728961371E-15
8.54871728961371E-15
8.54871728961371E-15
8.54871728961371E-15
8.54871728961371E-15
8.54871728961371E-15
8.54871728961371E-15
8.54871728961371E-15
8.54871728961371E-15
8.54871728961371E-15
8.54871728961371E-15
8.54871728961371E-15
8.54871728961371E-15
8.54871728961371E-15
8.54871728961371E-15
8.54871728961371E-15
8.54871728961371E-15
8.54871728961371E-15
8.54871728961371E-15
8.54871728961371E-15
8.54871728961371E-15
8.54871728961371E-15
8.54871728961371E-15
8.54871728961371E-15
8.54871728961371E-15
8.54871728961371E-15
8.54871728961371E-15
8.54871728961371E-15
8.54871728961371E-15
8.54871728961371E-15
8.54871728961371E-15
8.54871728961371E-15
8.54871728961371E-15
8.54871728961371E-15
8.54871728961371E-15
8.54871728961371E-15
8.54871728961371E-15
8.54871728961371E-15
8.54871728961371E-15
8.54871728961371E-15
8.54871728961371E-15
8.54871728961371E-15
8.54871728961371E-15
8.54871728961371E-15
8.54871728961371E-15
8.54871728961371E-15
8.54871728961371E-15
8.54871728961371E-15
8.54871728961371E-15
8.54871728961371E-15
8.54871728961371E-15
8.54871728961371E-15
8.54871728961371E-15
8.54871728961371E-15
8.54871728961371E-15
8.54871728961371E-15
8.54871728961371E-15
8.54871728961371E-15
8.54871728961371E-15
8.54871728961371E-15
8.54871728961371E-15
8.54871728961371E-15
8.54871728961371E-15
8.54871728961371E-15
8.54871728961371E-15
8.54871728961371E-15
8.54871728961371E-15
8.54871728961371E-15
8.54871728961371E-15
8.54871728961371E-15
8.54871728961371E-15
8.54871728961371E-15
8.54871728961371E-15
8.54871728961371E-15
8.54871728961371E-15
8.54871728961371E-15
8.54871728961371E-15
8.54871728961371E-15
8.54871728961371E-15
8.54871728961371E-15
8.54871728961371E-15
8.54871728961371E-15
8.54871728961371E-15
8.54871728961371E-15
8.54871728961371E-15
8.54871728961371E-15
8.54871728961371E-15
8.54871728961371E-15
8.54871728961371E-15
8.54871728961371E-15
8.54871728961371E-15
8.54871728961371E-15
8.54871728961371E-15
8.54871728961371E-15
8.54871728961371E-15
8.54871728961371E-15
8.54871728961371E-15
8.54871728961371E-15
8.54871728961371E-15
8.54871728961371E-15
8.54871728961371E-15
8.54871728961371E-15
8.54871728961371E-15
8.54871728961371E-15
8.54871728961371E-15
8.54871728961371E-15
8.54871728961371E-15
8.54871728961371E-15
8.54871728961371E-15
8.54871728961371E-15
8.54871728961371E-15
8.54871728961371E-15
8.54871728961371E-15
8.54871728961371E-15
8.54871728961371E-15
8.54871728961371E-15
8.54871728961371E-15
8.54871728961371E-15
8.54871728961371E-15
8.54871728961371E-15
8.54871728961371E-15
8.54871728961371E-15
8.54871728961371E-15
8.54871728961371E-15
8.54871728961371E-15
8.54871728961371E-15
8.54871728961371E-15
8.54871728961371E-15
8.54871728961371E-15
8.54871728961371E-15
8.54871728961371E-15
8.54871728961371E-15
8.54871728961371E-15
8.54871728961371E-15
8.54871728961371E-15
8.54871728961371E-15
8.54871728961371E-15
8.54871728961371E-15
8.54871728961371E-15
8.54871728961371E-15
8.54871728961371E-15
8.54871728961371E-15
8.54871728961371E-15
8.54871728961371E-15
8.54871728961371E-15
8.54871728961371E-15
8.54871728961371E-15
8.54871728961371E-15
8.54871728961371E-15
8.54871728961371E-15
8.54871728961371E-15
8.54871728961371E-15
8.54871728961371E-15
8.54871728961371E-15
8.54871728961371E-15
8.54871728961371E-15
8.54871728961371E-15
8.54871728961371E-15
8.54871728961371E-15
8.54871728961371E-15
8.54871728961371E-15
8.54871728961371E-15
8.54871728961371E-15
8.54871728961371E-15
8.54871728961371E-15
8.54871728961371E-15
8.54871728961371E-15
8.54871728961371E-15
8.54871728961371E-15
8.54871728961371E-15
8.54871728961371E-15
8.54871728961371E-15
8.54871728961371E-15
8.54871728961371E-15
8.54871728961371E-15
8.54871728961371E-15
8.54871728961371E-15
8.54871728961371E-15
8.54871728961371E-15
8.54871728961371E-15
8.54871728961371E-15
8.54871728961371E-15
8.54871728961371E-15
8.54871728961371E-15
8.54871728961371E-15
8.54871728961371E-15
8.54871728961371E-15
8.54871728961371E-15
8.54871728961371E-15
8.54871728961371E-15
8.54871728961371E-15
8.54871728961371E-15
8.54871728961371E-15
8.54871728961371E-15
8.54871728961371E-15
8.54871728961371E-15
8.54871728961371E-15
8.54871728961371E-15
8.54871728961371E-15
8.54871728961371E-15
8.54871728961371E-15
8.54871728961371E-15
8.54871728961371E-15
8.54871728961371E-15
8.54871728961371E-15
8.54871728961371E-15
8.54871728961371E-15
8.54871728961371E-15
8.54871728961371E-15
8.54871728961371E-15
8.54871728961371E-15
8.54871728961371E-15
8.54871728961371E-15
8.54871728961371E-15
8.54871728961371E-15
8.54871728961371E-15
8.54871728961371E-15
8.54871728961371E-15
8.54871728961371E-15
8.54871728961371E-15
8.54871728961371E-15
8.54871728961371E-15
8.54871728961371E-15
8.54871728961371E-15
8.54871728961371E-15
8.54871728961371E-15
8.54871728961371E-15
8.54871728961371E-15
8.54871728961371E-15
8.54871728961371E-15
8.54871728961371E-15
8.54871728961371E-15
8.54871728961371E-15
8.54871728961371E-15
8.54871728961371E-15
8.54871728961371E-15
8.54871728961371E-15
8.54871728961371E-15
8.54871728961371E-15
8.54871728961371E-15
8.54871728961371E-15
8.54871728961371E-15
8.54871728961371E-15
8.54871728961371E-15
8.54871728961371E-15
8.54871728961371E-15
8.54871728961371E-15
8.54871728961371E-15
8.54871728961371E-15
8.54871728961371E-15
8.54871728961371E-15
8.54871728961371E-15
8.54871728961371E-15
8.54871728961371E-15
8.54871728961371E-15
8.54871728961371E-15
8.54871728961371E-15
8.54871728961371E-15
8.54871728961371E-15
8.54871728961371E-15
8.54871728961371E-15
8.54871728961371E-15
8.54871728961371E-15
8.54871728961371E-15
8.54871728961371E-15
8.54871728961371E-15
8.54871728961371E-15
8.54871728961371E-15
8.54871728961371E-15
8.54871728961371E-15
8.54871728961371E-15
8.54871728961371E-15
8.54871728961371E-15
8.54871728961371E-15
8.54871728961371E-15
8.54871728961371E-15
8.54871728961371E-15
8.54871728961371E-15
8.54871728961371E-15
8.54871728961371E-15
8.54871728961371E-15
8.54871728961371E-15
8.54871728961371E-15
8.54871728961371E-15
8.54871728961371E-15
8.54871728961371E-15
8.54871728961371E-15
8.54871728961371E-15
8.54871728961371E-15
8.54871728961371E-15
8.54871728961371E-15
8.54871728961371E-15
8.54871728961371E-15
8.54871728961371E-15
8.54871728961371E-15
8.54871728961371E-15
8.54871728961371E-15
8.54871728961371E-15
8.54871728961371E-15
8.54871728961371E-15
8.54871728961371E-15
8.54871728961371E-15
8.54871728961371E-15
8.54871728961371E-15
8.54871728961371E-15
8.54871728961371E-15
8.54871728961371E-15
8.54871728961371E-15
8.54871728961371E-15
8.54871728961371E-15
8.54871728961371E-15
8.54871728961371E-15
8.54871728961371E-15
8.54871728961371E-15
8.54871728961371E-15
8.54871728961371E-15
8.54871728961371E-15
8.54871728961371E-15
8.54871728961371E-15
8.54871728961371E-15
8.54871728961371E-15
8.54871728961371E-15
8.54871728961371E-15
8.54871728961371E-15
8.54871728961371E-15
8.54871728961371E-15
8.54871728961371E-15
8.54871728961371E-15
8.54871728961371E-15
8.54871728961371E-15
8.54871728961371E-15
8.54871728961371E-15
8.54871728961371E-15
8.54871728961371E-15
8.54871728961371E-15
8.54871728961371E-15
8.54871728961371E-15
8.54871728961371E-15
8.54871728961371E-15
8.54871728961371E-15
8.54871728961371E-15
8.54871728961371E-15
8.54871728961371E-15
8.54871728961371E-15
8.54871728961371E-15
8.54871728961371E-15
8.54871728961371E-15
8.54871728961371E-15
8.54871728961371E-15
8.54871728961371E-15
8.54871728961371E-15
8.54871728961371E-15
8.54871728961371E-15
8.54871728961371E-15
8.54871728961371E-15
8.54871728961371E-15
8.54871728961371E-15
8.54871728961371E-15
8.54871728961371E-15
8.54871728961371E-15
8.54871728961371E-15
8.54871728961371E-15
8.54871728961371E-15
8.54871728961371E-15
8.54871728961371E-15
8.54871728961371E-15
8.54871728961371E-15
8.54871728961371E-15
8.54871728961371E-15
8.54871728961371E-15
8.54871728961371E-15
8.54871728961371E-15
8.54871728961371E-15
8.54871728961371E-15
8.54871728961371E-15
8.54871728961371E-15
8.54871728961371E-15
8.54871728961371E-15
8.54871728961371E-15
8.54871728961371E-15
8.54871728961371E-15
8.54871728961371E-15
8.54871728961371E-15
8.54871728961371E-15
8.54871728961371E-15
8.54871728961371E-15
8.54871728961371E-15
8.54871728961371E-15
8.54871728961371E-15
8.54871728961371E-15
8.54871728961371E-15
8.54871728961371E-15
8.54871728961371E-15
8.54871728961371E-15
8.54871728961371E-15
8.54871728961371E-15
8.54871728961371E-15
8.54871728961371E-15
8.54871728961371E-15
8.54871728961371E-15
8.54871728961371E-15
8.54871728961371E-15
8.54871728961371E-15
8.54871728961371E-15
8.54871728961371E-15
8.54871728961371E-15
8.54871728961371E-15
8.54871728961371E-15
8.54871728961371E-15
8.54871728961371E-15
8.54871728961371E-15
8.54871728961371E-15
8.54871728961371E-15
8.54871728961371E-15
8.54871728961371E-15
8.54871728961371E-15
8.54871728961371E-15

