0.36684419096851
0.237259967402211
0.237259967402211
0.218185259574487
0.218185259574487
0.218185259574487
0.218185259574487
0.196891924851755
0.196891924851755
0.078331820576697
0.033042383015762
0.033042383015762
0.033042383015762
0.0293820630278283
0.0293820630278283
0.0293820630278283
0.0293820630278283
0.0270178451509416
0.0270178451509416
0.0270178451509416
0.0231622528728817
0.019338827697258
0.019338827697258
0.019338827697258
0.019338827697258
0.019338827697258
0.019338827697258
0.019338827697258
0.019338827697258
0.0190293354346117
0.0190293354346117
0.0190293354346117
0.0190293354346117
0.0190293354346117
0.0190293354346117
0.0190293354346117
0.0190293354346117
0.0190293354346117
0.0190293354346117
0.0190293354346117
0.0190293354346117
0.0190293354346117
0.0190293354346117
0.0190293354346117
0.0190293354346117
0.0190293354346117
0.0190293354346117
0.0190293354346117
0.0190293354346117
0.0190293354346117
0.0190293354346117
0.0190293354346117
0.0190293354346117
0.0190293354346117
0.0190293354346117
0.0190293354346117
0.0190293354346117
0.0190293354346117
0.0190293354346117
0.0190293354346117
0.0135287931646288
0.0135287931646288
0.0135287931646288
0.0135287931646288
0.0135287931646288
0.0135287931646288
0.0135287931646288
0.0135287931646288
0.0135287931646288
0.0135287931646288
0.0135287931646288
0.0135287931646288
0.0135287931646288
0.0135287931646288
0.0135287931646288
0.0135287931646288
0.0135270061446667
0.0135270061446667
0.0135270061446667
0.0135270061446667
0.0135270061446667
0.0135268664285632
0.0135268664285632
0.0135268664285632
0.0135268664285632
0.0135268664285632
0.0135268664285632
0.0135268664285632
0.0135268664285632
0.0135268664285632
0.0135268664285632
0.0135268664285632
0.0135268664285632
0.0135268664285632
0.0135268664285632
0.0135268664285632
0.0135268664285632
0.0135268664285632
0.0135268664285632
0.0135268664285632
0.0135268664285632
0.0135268664285632
0.0135268664285632
0.0135268664285632
0.0135268664285632
0.0135268664285632
0.0135268664285632
0.0135268664285632
0.0135268664285632
0.0135268664285632
0.0135268664285632
0.0135268664285632
0.0135268664285632
0.0135268664285632
0.0135268664285632
0.0135268664285632
0.0135268664285632
0.0135268664285632
0.0135268664285632
0.0135268664285632
0.0135268664285632
0.0135268664285632
0.0135268664285632
0.0135268664285632
0.0135268664285632
0.0135268664285632
0.0135268664285632
0.0135268664285632
0.0135268664285632
0.0135268664285632
0.0135268664285632
0.0135268664285632
0.0135268664285632
0.0135268664285632
0.0135268664285632
0.0135268664285632
0.0135268664285632
0.0135268664285632
0.0135268664285632
0.0135268664285632
0.0135268664285632
0.0135268664285632
0.0135268664285632
0.0135268664285632
0.0135268664285632
0.0135268664285632
0.0135268664285632
0.0135268664285632
0.0135268664285632
0.0135268664285632
0.0135268664285632
0.0135268664285632
0.0135268664285632
0.0135268664285632
0.0135268664285632
0.0135268664285632
0.0135268664285632
0.0135268664285632
0.0135268664285632
0.0135268664285632
0.0135268664285632
0.0135268664285632
0.0135268664285632
0.0135268664285632
0.0135268664285632
0.0135268664285632
0.0135268664285632
0.0135268664285632
0.0135268664285632
0.0135268664285632
0.0135268664285632
0.0135268664285632
0.0135268664285632
0.0135268664285632
0.0135268664285632
0.0135268664285632
0.0135268664285632
0.0135268664285632
0.0135268664285632
0.0135268664285632
0.0135268664285632
0.0135268664285632
0.0135268664285632
0.0135268664285632
0.0135268664285632
0.0135268664285632
0.0135268664285632
0.0135268664285632
0.0135268664285632
0.0135268664285632
0.0135268664285632
0.0135268664285632
0.0135268664285632
0.0135268664285632
0.0135268664285632
0.0135268664285632
0.0135268664285632
0.0135268664285632
0.0135268664285632
0.0135268664285632
0.0135268664285632
0.0135268664285632
0.0135268664285632
0.0135268664285632
0.0135268664285632
0.0135268664285632
0.0135268664285632
0.0135268664285632
0.0135268664285632
0.0135268664285632
0.0135268664285632
0.0135268664285632
0.0135268664285632
0.0135268664285632
0.0135268664285632
0.0135268664285632
0.0135268664285632
0.0135268664285632
0.0135268664285632
0.0135268664285632
0.0135268664285632
0.0135268664285632
0.0135268664285632
0.0135268664285632
0.0135268664285632
0.0135268664285632
0.0135268664285632
0.0135268664285632
0.0135268664285632
0.0135268664285632
0.0135268664285632
0.0135268664285632
0.0135268664285632
0.0135268664285632
0.0135268664285632
0.0135268664285632
0.0135268664285632
0.0135268664285632
0.0135268664285632
0.0135268664285632
0.0135268664285632
0.0135268664285632
0.0135268664285632
0.0135268664285632
0.0135268664285632
0.0135268664285632
0.0135268664285632
0.0135268664285632
0.0135268664285632
0.0135268664285632
0.0135268664285632
0.0135268664285632
0.0135268664285632
0.0135268664285632
0.0135268664285632
0.0135268664285632
0.0135268664285632
0.0135268664285632
0.0135268664285632
0.0135268664285632
0.0135268664285632
0.0135268664285632
0.0135268664285632
0.0135268664285632
0.0135268664285632
0.0135268664285632
0.0135268664285632
0.0135268664285632
0.0135268664285632
0.0135268664285632
0.0135268664285632
0.0135268664285632
0.0135268664285632
0.0135268664285632
0.0135268664285632
0.0135268664285632
0.0135268664285632
0.0135268664285632
0.0135268664285632
0.0135268664285632
0.0135268664285632
0.0135268664285632
0.0135268664285632
0.0135268664285632
0.0135268664285632
0.0135268664285632
0.0135268664285632
0.0135268664285632
0.0135268664285632
0.0135268664285632
0.0135268664285632
0.0135268664285632
0.0135268664285632
0.0135268664285632
0.0135268664285632
0.0135268664285632
0.0135268664285632
0.0135268664285632
0.0135268664285632
0.0135268664285632
0.0135268664285632
0.0135268664285632
0.0135268664285632
0.0135268664285632
0.0135268664285632
0.0135268664285632
0.0135268664285632
0.0135268664285632
0.0135268664285632
0.0135268664285632
0.0135268664285632
0.0135268664285632
0.0135268664285632
0.0135268664285632
0.0135268664285632
0.0135268664285632
0.0135268664285632
0.0135268664285632
0.0135268664285632
0.0135268664285632
0.0135268664285632
0.0135268664285632
0.0135268664285632
0.0135268664285632
0.0135268664285632
0.0135268664285632
0.0135268664285632
0.0135268664285632
0.0135268664285632
0.0135268664285632
0.0135268664285632
0.0135268664285632
0.0135268664285632
0.0135268664285632
0.0135268664285632
0.0135268664285632
0.0135268664285632
0.0135268664285632
0.0135268664285632
0.0135268664285632
0.0135268664285632
0.0135268664285632
0.0135268664285632
0.0135268664285632
0.0135268664285632
0.0135268664285632
0.0135268664285632
0.0135268664285632
0.0135268664285632
0.0135268664285632
0.0135268664285632
0.0135268664285632
0.0135268664285632
0.0135268664285632
0.0135268664285632
0.0135268664285632
0.0135268664285632
0.0135268664285632
0.0135268664285632
0.0135268664285632
0.0135268664285632
0.0135268664285632
0.0135268664285632
0.0135268664285632
0.0135268664285632
0.0135268664285632
0.0135268664285632
0.0135268664285632
0.0135268664285632
0.0135268664285632
0.0135268664285632
0.0135268664285632
0.0135268664285632
0.0135268664285632
0.0135268664285632
0.0135268664285632
0.0135268664285632
0.0135268664285632
0.0135268664285632
0.0135268664285632
0.0135268664285632
0.0135268664285632
0.0135268664285632
0.0135268664285632
0.0135268664285632
0.0135268664285632
0.0135268664285632
0.0135268664285632
0.0135268664285632
0.0135268664285632
0.0135268664285632
0.0135268664285632
0.0135268664285632
0.0135268664285632
0.0135268664285632
0.0135268664285632
0.0135268664285632
0.0135268664285632
0.0135268664285632
0.0135268664285632
0.0135268664285632
0.0135268664285632
0.0135268664285632
0.0135268664285632
0.0135268664285632
0.0135268664285632
0.0135268664285632
0.0135268664285632
0.0135268664285632
0.0135268664285632
0.0135268664285632
0.0135268664285632
0.0135268664285632
0.0135268664285632
0.0135268664285632
0.0135268664285632
0.0135268664285632
0.0135268664285632
0.0135268664285632
0.0135268664285632
0.0135268664285632
0.0135268664285632
0.0135268664285632
0.0135268664285632
0.0135268664285632
0.0135268664285632
0.0135268664285632
0.0135268664285632
0.0135268664285632
0.0135268664285632
0.0135268664285632
0.0135268664285632
0.0135268664285632
0.0135268664285632
0.0135268664285632
0.0135268664285632
0.0135268664285632
0.0135268664285632
0.0135268664285632
0.0135268664285632
0.0135268664285632
0.0135268664285632
0.0135268664285632
0.0135268664285632
0.0135268664285632
0.0135268664285632
0.0135268664285632
0.0135268664285632
0.0135268664285632
0.0135268664285632
0.0135268664285632
0.0135268664285632
0.0135268664285632
0.0135268664285632
0.0135268664285632
0.0135268664285632
0.0135268664285632
0.0135268664285632
0.0135268664285632
0.0135268664285632
0.0135268664285632
0.0135268664285632
0.0135268664285632
0.0135268664285632
0.0135268664285632
0.0135268664285632
0.0135268664285632
0.0135268664285632
0.0135268664285632
0.0135268664285632
0.0135268664285632
0.0135268664285632
0.0135268664285632
0.0135268664285632
0.0135268664285632
0.0135268664285632
0.0135268664285632
0.0135268664285632
0.0135268664285632
0.0135268664285632
0.0135268664285632
0.0135268664285632
0.0135268664285632
0.0135268664285632
0.0135268664285632
0.0135268664285632
0.0135268664285632
0.0135268664285632
0.0135268664285632
0.0135268664285632
0.0135268664285632
0.0135268664285632
0.0135268664285632
0.0135268664285632
0.0135268664285632
0.0135268664285632
0.0135268664285632
0.0135268664285632
0.0135268664285632
0.0135268664285632

