6.41149705782517
6.41149705782517
5.20552275955002
4.14685739917401
3.69550650814
2.7879111640218
2.41920357681367
1.6938621000411
1.6938621000411
1.6938621000411
1.12334392558428
1.08037978294165
1.08037978294165
0.902029005042344
0.843351539482296
0.843351539482296
0.843351539482296
0.843351539482296
0.843351539482296
0.843351539482296
0.835435174693986
0.833702059796125
0.833702059796125
0.833702059796125
0.833702059796125
0.833702059796125
0.833702059796125
0.833702059796125
0.833474362388962
0.833474362388962
0.822616207154545
0.822616207154545
0.822616207154545
0.822616207154545
0.822616207154545
0.822616207154545
0.822616207154545
0.822616207154545
0.822588901018261
0.822588901018261
0.822588901018261
0.822588901018261
0.822588901018261
0.822588901018261
0.822588901018261
0.822588901018261
0.822588901018261
0.822588901018261
0.822588901018261
0.822588901018261
0.822588901018261
0.822588901018261
0.822588901018261
0.822588901018261
0.822588901018261
0.822588901018261
0.822588901018261
0.822588901018261
0.822588901018261
0.822588901018261
0.822588901018261
0.822588901018261
0.822588901018261
0.822588901018261
0.822588901018261
0.822588901018261
0.822588901018261
0.822588901018261
0.822588901018261
0.822588901018261
0.822588901018261
0.822588901018261
0.822588901018261
0.822588901018261
0.822588901018261
0.822588901018261
0.822588901018261
0.822588901018261
0.822588901018261
0.822588901018261
0.822588901018261
0.822588901018261
0.822588901018261
0.822588901018261
0.822588901018261
0.822588901018261
0.822588901018261
0.822588901018261
0.822588901018261
0.822588901018261
0.822588901018261
0.822588901018261
0.822588901018261
0.822588901018261
0.822588901018261
0.822588901018261
0.822588901018261
0.822588901018261
0.822588901018261
0.822588901018261
0.822588901018261
0.822588901018261
0.822588901018261
0.822588901018261
0.822588901018261
0.822588901018261
0.822588901018261
0.822588901018261
0.821797554099714
0.821797554099714
0.821797554099714
0.821797554099714
0.821797554099714
0.821797554099714
0.821797554099714
0.821797554099714
0.821797554099714
0.821797554099714
0.821797554099714
0.821797554099714
0.821797554099714
0.821727524610592
0.821727524610592
0.821727524610592
0.821727524610592
0.821727524610592
0.821727524610592
0.821727524610592
0.821727524610592
0.821727524610592
0.821727524610592
0.821727524610592
0.821727524610592
0.821727524610592
0.821727524610592
0.821727524610592
0.821727524610592
0.821727524610592
0.821727524610592
0.821727524610592
0.821727524610592
0.821727524610592
0.821727524610592
0.821727524610592
0.821727524610592
0.821727524610592
0.821727524610592
0.821727524610592
0.821727524610592
0.821727524610592
0.821727524610592
0.821727524610592
0.821727524610592
0.821727524610592
0.821727524610592
0.821727524610592
0.821727524610592
0.821727524610592
0.821727524610592
0.821727524610592
0.821727524610592
0.821727524610592
0.821727524610592
0.821727524610592
0.821727524610592
0.821727524610592
0.821727524610592
0.821727524610592
0.821727524610592
0.821727524610592
0.821727524610592
0.821727524610592
0.821727524610592
0.821727524610592
0.821727524610592
0.821727524610592
0.821727524610592
0.821727524610592
0.821727524610592
0.821727524610592
0.821727524610592
0.821727524610592
0.821727524610592
0.821727524610592
0.821727524610592
0.821727524610592
0.821727524610592
0.821727524610592
0.821727524610592
0.821727524610592
0.821727524610592
0.821727524610592
0.821727524610592
0.821727524610592
0.821727524610592
0.821727524610592
0.821727524610592
0.821727524610592
0.821727524610592
0.821727524610592
0.821727524610592
0.821727524610592
0.821727524610592
0.821727524610592
0.821727524610592
0.821727524610592
0.821727524610592
0.821727524610592
0.821727524610592
0.821727524610592
0.821727524610592
0.821727524610592
0.821727524610592
0.821727524610592
0.821727524610592
0.821727524610592
0.821727524610592
0.821727524610592
0.821727524610592
0.821727524610592
0.821727524610592
0.821727524610592
0.821727524610592
0.821727524610592
0.821727524610592
0.821727524610592
0.821727524610592
0.821727524610592
0.821727524610592
0.821727524610592
0.821727524610592
0.821727524610592
0.821727524610592
0.821727524610592
0.821727524610592
0.821727524610592
0.821727524610592
0.821727524610592
0.821727524610592
0.821727524610592
0.821727524610592
0.821727524610592
0.821727524610592
0.821727524610592
0.821727524610592
0.821727524610592
0.821727524610592
0.821727524610592
0.821727524610592
0.821727524610592
0.821727524610592
0.821727524610592
0.821727524610592
0.821727524610592
0.821727524610592
0.821727524610592
0.821727524610592
0.821727524610592
0.821727524610592
0.821727524610592
0.821727524610592
0.821727524610592
0.821727524610592
0.821727524610592
0.821727524610592
0.821727524610592
0.821727524610592
0.821727524610592
0.821727524610592
0.821727524610592
0.821727524610592
0.821727524610592
0.821727524610592
0.821727524610592
0.821727524610592
0.821727524610592
0.821727524610592
0.821727524610592
0.821727524610592
0.821727524610592
0.821727524610592
0.821727524610592
0.821727524610592
0.821727524610592
0.821727524610592
0.821727524610592
0.821727524610592
0.821727524610592
0.821727524610592
0.821727524610592
0.821727524610592
0.821727524610592
0.821727524610592
0.821727524610592
0.821727524610592
0.821727524610592
0.821727524610592
0.821727524610592
0.821727524610592
0.821727524610592
0.821727524610592
0.821727524610592
0.821727524610592
0.821727524610592
0.821727524610592
0.821727524610592
0.821727524610592
0.821727524610592
0.821727524610592
0.821727524610592
0.821727524610592
0.821727524610592
0.821727524610592
0.821727524610592
0.821727524610592
0.821727524610592
0.821727524610592
0.821727524610592
0.821727524610592
0.821727524610592
0.821727524610592
0.821727524610592
0.821727524610592
0.821401846308752
0.821401846308752
0.821401846308752
0.821401846308752
0.821401846308752
0.821401846308752
0.821401846308752
0.821401846308752
0.821401846308752
0.821401846308752
0.821401846308752
0.821401846308752
0.821401846308752
0.821401846308752
0.821401846308752
0.821401846308752
0.821401846308752
0.821401846308752
0.821401846308752
0.821401846308752
0.821401846308752
0.821401846308752
0.821401846308752
0.821401846308752
0.821401846308752
0.821401846308752
0.821401846308752
0.821401846308752
0.821401846308752
0.821401846308752
0.821401846308752
0.821401846308752
0.821401846308752
0.821401846308752
0.821401846308752
0.821401846308752
0.821401846308752
0.821401846308752
0.821401846308752
0.821401846308752
0.821401846308752
0.821401846308752
0.821401846308752
0.821401846308752
0.821401846308752
0.821401846308752
0.821401846308752
0.821401846308752
0.821401846308752
0.821401846308752
0.821401846308752
0.821401846308752
0.821401846308752
0.821401846308752
0.821401846308752
0.821401846308752
0.821401846308752
0.821401846308752
0.821401846308752
0.821401846308752
0.821401846308752
0.821401846308752
0.821401846308752
0.821401846308752
0.821401846308752
0.821401846308752
0.821401846308752
0.821401846308752
0.821401846308752
0.821401846308752
0.821401846308752
0.821401846308752
0.821401846308752
0.821401846308752
0.821401846308752
0.821401846308752
0.821401846308752
0.821401846308752
0.821401846308752
0.821401846308752
0.821401846308752
0.821401846308752
0.821401846308752
0.821401846308752
0.821401846308752
0.821401846308752
0.821401846308752
0.821401846308752
0.821401846308752
0.821401846308752
0.821401846308752
0.821401846308752
0.821401846308752
0.821401846308752
0.821401846308752
0.821401846308752
0.821401846308752
0.821401846308752
0.821401846308752
0.821401846308752
0.821401846308752
0.821401846308752
0.821401846308752
0.821401846308752
0.821401846308752
0.821401846308752
0.821401846308752
0.821401846308752
0.821401846308752
0.821401846308752
0.821401846308752
0.821401846308752
0.821401846308752
0.821401846308752
0.821401846308752
0.821401846308752
0.821401846308752
0.821401846308752
0.821401846308752
0.821401846308752
0.821401846308752
0.821401846308752
0.821401846308752
0.821401846308752
0.821401846308752
0.821401846308752
0.821401846308752
0.821401846308752
0.821401846308752
0.821401846308752
0.821401846308752
0.821401846308752
0.821401846308752
0.821401846308752
0.821401846308752
0.821401846308752
0.821401846308752
0.821401846308752
0.821401846308752
0.821401846308752
0.821401846308752
0.821401846308752
0.821401846308752
0.821401846308752
0.821401846308752
0.821401846308752
0.821401846308752
0.821401846308752
0.821401846308752
0.821401846308752
0.821401846308752
0.821401846308752
0.821401846308752
0.821401846308752
0.821401846308752
0.821401846308752
0.821401846308752
0.821401846308752
0.821401846308752
0.821401846308752
0.821401846308752
0.821401846308752
0.821401846308752
0.821401846308752
0.821401846308752
0.821401846308752
0.821401846308752
0.821401846308752
0.821401846308752
0.821401846308752
0.821401846308752
0.821401846308752
0.821401846308752
0.821401846308752
0.821401846308752
0.821401846308752
0.821401846308752

