6.71548064070447
6.71548064070447
5.80990907984991
4.84375365293918
4.38895036572409
3.81721019993714
3.63648549118634
3.18432485969981
2.35565593140087
1.92545621813026
1.92545621813026
1.42804925098521
1.34049342330717
1.09788119456019
1.09788119456019
1.04820675313798
1.04820675313798
0.984253500519331
0.972670847432406
0.972670847432406
0.63019392710368
0.63019392710368
0.63019392710368
0.63019392710368
0.63019392710368
0.63019392710368
0.63019392710368
0.63019392710368
0.63019392710368
0.63019392710368
0.63019392710368
0.617995795178776
0.583623848082365
0.583623848082365
0.583623848082365
0.583623848082365
0.583623848082365
0.583623848082365
0.583623848082365
0.583623848082365
0.574307354781368
0.574307354781368
0.574307354781368
0.574307354781368
0.574307354781368
0.574307354781368
0.574307354781368
0.574307354781368
0.574307354781368
0.574307354781368
0.574307354781368
0.574307354781368
0.574307354781368
0.574307354781368
0.574307354781368
0.574307354781368
0.573989872747514
0.573989872747514
0.573989872747514
0.573989872747514
0.573989872747514
0.573989872747514
0.573989872747514
0.573989872747514
0.573989872747514
0.573989872747514
0.573989872747514
0.573989872747514
0.573989872747514
0.573989872747514
0.573989872747514
0.573989872747514
0.573989872747514
0.573989872747514
0.573989872747514
0.573989872747514
0.573989872747514
0.573989872747514
0.573989872747514
0.573989872747514
0.573989872747514
0.573989872747514
0.573989872747514
0.573989872747514
0.573989872747514
0.573989872747514
0.573986900074749
0.573986900074749
0.573986900074749
0.573986696479785
0.573986696479785
0.573986696479785
0.573986696479785
0.573986696479785
0.573986696479785
0.573986696479785
0.573986696479785
0.573986696479785
0.573986696479785
0.573986696479785
0.573986696479785
0.573986696479785
0.573986696479785
0.573986696479785
0.573986696479785
0.573986696479785
0.573986696479785
0.573986696479785
0.573986696479785
0.573986696479785
0.573986696479785
0.573986696479785
0.573986696479785
0.57366073495477
0.57366073495477
0.57366073495477
0.57366073495477
0.57366073495477
0.57366073495477
0.57366073495477
0.57366073495477
0.57366073495477
0.57366073495477
0.57366073495477
0.57366073495477
0.57366073495477
0.57366073495477
0.57366073495477
0.57366073495477
0.57366073495477
0.57366073495477
0.57366073495477
0.57366073495477
0.57366073495477
0.57366073495477
0.57366073495477
0.57366073495477
0.57366073495477
0.57366073495477
0.57366073495477
0.57366073495477
0.57366073495477
0.57366073495477
0.57366073495477
0.57366073495477
0.57366073495477
0.57366073495477
0.57366073495477
0.57366073495477
0.57366073495477
0.57366073495477
0.57366073495477
0.57366073495477
0.57366073495477
0.57366073495477
0.57366073495477
0.57366073495477
0.57366073495477
0.57366073495477
0.57366073495477
0.57366073495477
0.57366073495477
0.57366073495477
0.57366073495477
0.57366073495477
0.57366073495477
0.57366073495477
0.57366073495477
0.57366073495477
0.57366073495477
0.57366073495477
0.57366073495477
0.57366073495477
0.57366073495477
0.57366073495477
0.57366073495477
0.57366073495477
0.57366073495477
0.57366073495477
0.57366073495477
0.57366073495477
0.57366073495477
0.57366073495477
0.57366073495477
0.57366073495477
0.57366073495477
0.57366073495477
0.57366073495477
0.57366073495477
0.57366073495477
0.57366073495477
0.57366073495477
0.57366073495477
0.57366073495477
0.57366073495477
0.57366073495477
0.57366073495477
0.57366073495477
0.57366073495477
0.57366073495477
0.57366073495477
0.57366073495477
0.57366073495477
0.57366073495477
0.57366073495477
0.57366073495477
0.57366073495477
0.57366073495477
0.57366073495477
0.57366073495477
0.57366073495477
0.57366073495477
0.57366073495477
0.57366073495477
0.57366073495477
0.57366073495477
0.57366073495477
0.57366073495477
0.57366073495477
0.57366073495477
0.57366073495477
0.57366073495477
0.57366073495477
0.57366073495477
0.57366073495477
0.57366073495477
0.57366073495477
0.57366073495477
0.57366073495477
0.57366073495477
0.57366073495477
0.57366073495477
0.57366073495477
0.57366073495477
0.57366073495477
0.57366073495477
0.57366073495477
0.57366073495477
0.57366073495477
0.57366073495477
0.57366073495477
0.57366073495477
0.57366073495477
0.57366073495477
0.57366073495477
0.57366073495477
0.57366073495477
0.57366073495477
0.57366073495477
0.57366073495477
0.57366073495477
0.57366073495477
0.57366073495477
0.57366073495477
0.57366073495477
0.57366073495477
0.57366073495477
0.57366073495477
0.57366073495477
0.57366073495477
0.57366073495477
0.57366073495477
0.57366073495477
0.57366073495477
0.57366073495477
0.57366073495477
0.57366073495477
0.57366073495477
0.57366073495477
0.57366073495477
0.57366073495477
0.57366073495477
0.57366073495477
0.57366073495477
0.57366073495477
0.57366073495477
0.57366073495477
0.57366073495477
0.57366073495477
0.57366073495477
0.57366073495477
0.57366073495477
0.57366073495477
0.57366073495477
0.57366073495477
0.57366073495477
0.57366073495477
0.57366073495477
0.57366073495477
0.57366073495477
0.57366073495477
0.57366073495477
0.57366073495477
0.57366073495477
0.57366073495477
0.57366073495477
0.57366073495477
0.57366073495477
0.57366073495477
0.57366073495477
0.57366073495477
0.57366073495477
0.57366073495477
0.57366073495477
0.57366073495477
0.57366073495477
0.57366073495477
0.57366073495477
0.57366073495477
0.57366073495477
0.57366073495477
0.57366073495477
0.573639194054204
0.573639194054204
0.573639194054204
0.573639194054204
0.573639194054204
0.573639194054204
0.573639194054204
0.573639194054204
0.573639194054204
0.573639194054204
0.573639194054204
0.573639194054204
0.573639194054204
0.573639194054204
0.573639194054204
0.573639194054204
0.573639194054204
0.573639194054204
0.573639194054204
0.573639194054204
0.573639194054204
0.573639194054204
0.573639194054204
0.573639194054204
0.573639194054204
0.573639194054204
0.573639194054204
0.573639194054204
0.573639194054204
0.573639194054204
0.573639194054204
0.573639194054204
0.573639194054204
0.573639194054204
0.573639194054204
0.573639194054204
0.573639194054204
0.573639194054204
0.573639194054204
0.573639194054204
0.573639194054204
0.573639194054204
0.573639194054204
0.573639194054204
0.573639194054204
0.573639194054204
0.573639194054204
0.573639194054204
0.573639194054204
0.573639194054204
0.573639194054204
0.573639194054204
0.573639194054204
0.573639194054204
0.573639194054204
0.573639194054204
0.573639194054204
0.573639194054204
0.573639194054204
0.573639194054204
0.573639194054204
0.573639194054204
0.573639194054204
0.573639194054204
0.573639194054204
0.573639194054204
0.573639194054204
0.573639194054204
0.573639194054204
0.573639194054204
0.573639194054204
0.573639194054204
0.573639194054204
0.573639194054204
0.573639194054204
0.573639194054204
0.573639194054204
0.573639194054204
0.573639194054204
0.573639194054204
0.573639194054204
0.573639194054204
0.573639194054204
0.573639194054204
0.573639194054204
0.573639194054204
0.573639194054204
0.573639194054204
0.573639194054204
0.573639194054204
0.573639194054204
0.573639194054204
0.573639194054204
0.573639194054204
0.573639194054204
0.573639194054204
0.573639194054204
0.573639194054204
0.573639194054204
0.573639194054204
0.573639194054204
0.573639194054204
0.57362932133506
0.57362932133506
0.57362932133506
0.57362932133506
0.57362932133506
0.57362932133506
0.573611804857718
0.573611804857718
0.573611804857718
0.573611804857718
0.573611804857718
0.573611804857718
0.573611804857718
0.573611804857718
0.573611804857718
0.573611804857718
0.573611804857718
0.573611804857718
0.573611804857718
0.573611804857718
0.573611804857718
0.573611804857718
0.573611804857718
0.573611804857718
0.573611804857718
0.573611804857718
0.573611804857718
0.573611804857718
0.573611804857718
0.573611804857718
0.573611804857718
0.573611804857718
0.573611804857718
0.573611804857718
0.573611804857718
0.573611804857718
0.573611804857718
0.573611804857718
0.573611804857718
0.573611804857718
0.573611804857718
0.573611804857718
0.573611804857718
0.573603740234551
0.573603740234551
0.573603740234551
0.573603740234551
0.573603740234551
0.573603740234551
0.573603740234551
0.573603740234551
0.573603740234551
0.573603740234551
0.573603740234551
0.573603740234551
0.573603740234551
0.573603740234551
0.573603740234551
0.573603740234551
0.573603740234551
0.573603740234551
0.573603740234551
0.573603740234551
0.573603740234551
0.573603740234551
0.573603740234551
0.573603740234551
0.573603740234551
0.573603740234551
0.573603740234551
0.573603740234551
0.573603740234551
0.573603740234551
0.573603740234551
0.573603740234551
0.573603740234551
0.573603740234551
0.573603740234551
0.573603740234551
0.573603740234551
0.573603740234551
0.573603740234551
0.573603740234551
0.573603740234551
0.573603740234551
0.573603740234551

