3.94397277907018
3.94397277907018
3.94397277907018
3.37320893195493
3.37320893195493
3.37320893195493
1.68292095530961
1.68292095530961
1.68292095530961
1.22144182177286
1.22144182177286
1.07439532628722
1.07439532628722
1.07439532628722
1.04882345189561
1.04882345189561
1.04882345189561
0.963380886950714
0.916744124900541
0.916744124900541
0.916744124900541
0.916744124900541
0.916744124900541
0.848910741466409
0.835317459614438
0.835317459614438
0.835317459614438
0.835317459614438
0.835317459614438
0.835317459614438
0.835317459614438
0.827680836211906
0.827680836211906
0.816979110038544
0.816979110038544
0.816979110038544
0.816979110038544
0.816979110038544
0.816979110038544
0.816979110038544
0.816979110038544
0.816979110038544
0.816979110038544
0.816979110038544
0.816979110038544
0.816979110038544
0.816897939712797
0.816897939712797
0.816897939712797
0.816897939712797
0.816897939712797
0.816897939712797
0.816897939712797
0.816897939712797
0.816897733406646
0.816897733406646
0.816897733406646
0.816897733406646
0.816897733406646
0.816897733406646
0.816897733406646
0.816897733406646
0.816805398696641
0.816805398696641
0.816805398696641
0.816805398696641
0.816805398696641
0.816805398696641
0.816805398696641
0.816805398696641
0.816805398696641
0.816805398696641
0.816805398696641
0.816805398696641
0.816805398696641
0.816805398696641
0.816805398696641
0.816805398696641
0.816805398696641
0.816805398696641
0.816805398696641
0.816805398696641
0.816805398696641
0.816805398696641
0.816805398696641
0.816805398696641
0.816805398696641
0.816805398696641
0.816805398696641
0.816805398696641
0.816805398696641
0.816805398696641
0.816805398696641
0.816805398696641
0.816805398696641
0.816805398696641
0.816805398696641
0.816805398696641
0.816805398696641
0.816805398696641
0.816805398696641
0.816805398696641
0.816805398696641
0.816805398696641
0.816805398696641
0.816805398696641
0.816805398696641
0.816805398696641
0.816805398696641
0.816805398696641
0.816664880567741
0.816664880567741
0.816664880567741
0.816664880567741
0.816664880567741
0.816664880567741
0.816664880567741
0.816664880567741
0.816664880567741
0.816664880567741
0.816664880567741
0.816664880567741
0.816664880567741
0.816664880567741
0.816664880567741
0.816664880567741
0.816664880567741
0.816664880567741
0.816664880567741
0.816664880567741
0.816664880567741
0.816664880567741
0.816664880567741
0.816664880567741
0.816664880567741
0.816664880567741
0.816664880567741
0.816664880567741
0.816664880567741
0.816664880567741
0.816664880567741
0.816664880567741
0.816508802318711
0.816508802318711
0.816508802318711
0.816508802318711
0.816508802318711
0.816508802318711
0.816508802318711
0.816508802318711
0.816508802318711
0.816508802318711
0.816508802318711
0.816508802318711
0.816508802318711
0.816508802318711
0.816508802318711
0.816508802318711
0.816508802318711
0.816508802318711
0.816508802318711
0.816508802318711
0.816508802318711
0.816508802318711
0.816508802318711
0.816508802318711
0.816508802318711
0.816508802318711
0.816508802318711
0.816508802318711
0.816508802318711
0.816508802318711
0.816508802318711
0.816508802318711
0.816508802318711
0.816508802318711
0.816508802318711
0.816508802318711
0.816508802318711
0.816508802318711
0.816508802318711
0.816508802318711
0.816508802318711
0.816508802318711
0.816508802318711
0.816508802318711
0.816508802318711
0.816508802318711
0.816508802318711
0.816508802318711
0.816508802318711
0.816508802318711
0.816508802318711
0.816508802318711
0.816508802318711
0.816508802318711
0.816508802318711
0.816508802318711
0.816508802318711
0.816508802318711
0.816508802318711
0.816508802318711
0.816508802318711
0.816508802318711
0.816508802318711
0.816508802318711
0.816508802318711
0.816508802318711
0.816508802318711
0.816508802318711
0.816508802318711
0.816508802318711
0.816508802318711
0.816508802318711
0.816508802318711
0.816508802318711
0.816508802318711
0.816508802318711
0.816508802318711
0.816508802318711
0.816508802318711
0.816508802318711
0.816508802318711
0.816508802318711
0.816508802318711
0.816508802318711
0.816508802318711
0.816508802318711
0.816508802318711
0.816508802318711
0.816508802318711
0.816508802318711
0.816508802318711
0.816508802318711
0.816508802318711
0.816508802318711
0.816508802318711
0.816508802318711
0.816508802318711
0.816508802318711
0.816501806778781
0.816501806778781
0.816501806778781
0.816501806778781
0.816501806778781
0.816501806778781
0.816501806778781
0.816501806778781
0.8164976369966
0.8164976369966
0.8164976369966
0.8164976369966
0.8164976369966
0.8164976369966
0.8164976369966
0.8164976369966
0.8164976369966
0.8164976369966
0.8164976369966
0.8164976369966
0.8164976369966
0.8164976369966
0.8164976369966
0.8164976369966
0.8164976369966
0.8164976369966
0.8164976369966
0.8164976369966
0.8164976369966
0.8164976369966
0.8164976369966
0.8164976369966
0.8164976369966
0.8164976369966
0.8164976369966
0.8164976369966
0.8164976369966
0.8164976369966
0.8164976369966
0.8164976369966
0.8164976369966
0.8164976369966
0.8164976369966
0.8164976369966
0.8164976369966
0.8164976369966
0.8164976369966
0.8164976369966
0.8164976369966
0.8164976369966
0.8164976369966
0.8164976369966
0.8164976369966
0.8164976369966
0.8164976369966
0.8164976369966
0.8164976369966
0.8164976369966
0.8164976369966
0.8164976369966
0.8164976369966
0.8164976369966
0.8164976369966
0.8164976369966
0.8164976369966
0.8164976369966
0.8164976369966
0.8164976369966
0.8164976369966
0.816467059732171
0.816429638224649
0.816429638224649
0.816429638224649
0.816429638224649
0.816429638224649
0.816429638224649
0.816429638224649
0.816429638224649
0.816429638224649
0.816429638224649
0.816429638224649
0.816429638224649
0.816429638224649
0.816429638224649
0.816429638224649
0.816429638224649
0.816429638224649
0.816429638224649
0.816429638224649
0.816429638224649
0.816429638224649
0.816429638224649
0.816429638224649
0.816429638224649
0.816429638224649
0.816429638224649
0.816429638224649
0.816429638224649
0.816429638224649
0.816429638224649
0.816429638224649
0.816429638224649
0.816429638224649
0.816429638224649
0.816429638224649
0.816429638224649
0.816429638224649
0.816429638224649
0.816429638224649
0.816429638224649
0.816429638224649
0.816429638224649
0.816429638224649
0.816429638224649
0.816429638224649
0.816429638224649
0.816429638224649
0.816429638224649
0.816429638224649
0.816429638224649
0.816429638224649
0.816429638224649
0.816429638224649
0.816429638224649
0.816429638224649
0.816429638224649
0.816429638224649
0.816429638224649
0.816429638224649
0.816429638224649
0.816429638224649
0.816429638224649
0.816429638224649
0.816429638224649
0.816429638224649
0.816429638224649
0.816429638224649
0.816429638224649
0.816429638224649
0.816429638224649
0.816429638224649
0.816429638224649
0.816429638224649
0.816429638224649
0.816429638224649
0.816429638224649
0.816429638224649
0.816429638224649
0.816429638224649
0.816429638224649
0.816429638224649
0.816429638224649
0.816429638224649
0.816429638224649
0.816429638224649
0.816429638224649
0.816429638224649
0.816429638224649
0.816429638224649
0.816429638224649
0.816429638224649
0.816429638224649
0.816429638224649
0.816429638224649
0.816429638224649
0.816429638224649
0.816429638224649
0.816429638224649
0.816429638224649
0.816429638224649
0.816429638224649
0.816429638224649
0.816429638224649
0.816429638224649
0.816429638224649
0.816429638224649
0.816429638224649
0.816429638224649
0.816429638224649
0.816429638224649
0.816429638224649
0.816429638224649
0.816429638224649
0.816429638224649
0.816429638224649
0.816429638224649
0.816429638224649
0.816429638224649
0.816428298787565
0.816428298787565
0.816428298787565
0.816428298787565
0.816428298787565
0.816428298787565
0.816428298787565
0.816428298787565
0.816428298787565
0.816428298787565
0.816428298787565
0.816428298787565
0.816428298787565
0.816428298787565
0.816428298787565
0.816428298787565
0.816428298787565
0.816428298787565
0.816428298787565
0.816428199096772
0.816428199096772
0.816428199096772
0.816428199096772
0.816428199096772
0.816428199096772
0.816428199096772
0.816428199096772
0.816428199096772
0.816428199096772
0.816428199096772
0.816428199096772
0.816428199096772
0.816428199096772
0.816428199096772
0.816428199096772
0.816428199096772
0.816428199096772
0.816428199096772
0.816428199096772
0.816428199096772
0.816428199096772
0.816428199096772
0.816428199096772
0.816428199096772
0.816428199096772
0.816428199096772
0.816428199096772
0.816428199096772
0.816428199096772
0.816428199096772
0.816428199096772
0.816428199096772
0.816428199096772
0.816428199096772
0.816428199096772
0.816428199096772
0.816428199096772
0.816428199096772
0.816428199096772
0.816428199096772
0.816428199096772
0.816428199096772
0.816428199096772
0.816428199096772
0.816428199096772
0.816428199096772
0.816428199096772
0.816428199096772
0.816428199096772
0.816428199096772
0.816428199096772
0.816428199096772

