5.11731375291203
5.11731375291203
5.11731375291203
5.11731375291203
4.2113278737209
3.79805432983206
3.44983053965881
2.7140293303163
2.7140293303163
2.7140293303163
1.78809847451401
1.78809847451401
1.41522323610822
1.33913519516541
1.20605543410658
1.09664081044927
1.0441333193526
0.893484651754749
0.885342725477797
0.885342725477797
0.864372371626805
0.864372371626805
0.864372371626805
0.864372371626805
0.864372371626805
0.864372371626805
0.864372371626805
0.861147403648842
0.797245771435899
0.778037611853004
0.778037611853004
0.778037611853004
0.778037611853004
0.770756301452339
0.76901494264922
0.76901494264922
0.768929896352618
0.768929896352618
0.768929896352618
0.768929896352618
0.768929896352618
0.768929896352618
0.768866428054681
0.768866428054681
0.768866428054681
0.768866428054681
0.768866428054681
0.768865938057955
0.768865938057955
0.768865938057955
0.768865938057955
0.768865938057955
0.768865938057955
0.768865938057955
0.768865938057955
0.768865938057955
0.768865938057955
0.768865938057955
0.768865938057955
0.768865938057955
0.768865267948565
0.768865267948565
0.768865267948565
0.768865267948565
0.768865267948565
0.768865267948565
0.768865267948565
0.768865267948565
0.768865267948565
0.768865267948565
0.768865267948565
0.768865267948565
0.768865267948565
0.768865267948565
0.768865267948565
0.768865267948565
0.768865267948565
0.768865267948565
0.768865267948565
0.768865267948565
0.768865267948565
0.768865267948565
0.768865267948565
0.768865267948565
0.768865267948565
0.768865267948565
0.768865267948565
0.768865267948565
0.768865267948565
0.768865267948565
0.768865267948565
0.768865267948565
0.768865267948565
0.768865267948565
0.768865267948565
0.768865267948565
0.768865267948565
0.768865267948565
0.768865267948565
0.768865267948565
0.768865267948565
0.768865267948565
0.768865267948565
0.768865267948565
0.765905693340466
0.765905693340466
0.765905693340466
0.761684614129595
0.761684614129595
0.761684614129595
0.760555906695307
0.760555906695307
0.760555906695307
0.760555906695307
0.759565393755882
0.759565393755882
0.759565393755882
0.759565393755882
0.759565393755882
0.759514499648994
0.759514499648994
0.759514499648994
0.759514499648994
0.759514499648994
0.759514499648994
0.759514499648994
0.759514499648994
0.759514499648994
0.759514499648994
0.759514499648994
0.759514499648994
0.759514499648994
0.759514499648994
0.759514499648994
0.759514499648994
0.759514499648994
0.759514499648994
0.759514499648994
0.759514499648994
0.759514499648994
0.759514499648994
0.759514499648994
0.759514499648994
0.759514499648994
0.759514499648994
0.759514499648994
0.759514499648994
0.759514499648994
0.759514499648994
0.759514499648994
0.759514499648994
0.759514499648994
0.759514499648994
0.759514499648994
0.759514499648994
0.759514499648994
0.759514499648994
0.759514499648994
0.759514499648994
0.759514499648994
0.759514499648994
0.759514499648994
0.759514499648994
0.759514499648994
0.759514499648994
0.759514499648994
0.759514499648994
0.759514499648994
0.759514499648994
0.759514499648994
0.759514499648994
0.759514499648994
0.759514499648994
0.759514499648994
0.759514499648994
0.759514499648994
0.759514499648994
0.759514499648994
0.759514499648994
0.759514499648994
0.759514499648994
0.759514499648994
0.759514499648994
0.759514499648994
0.759514499648994
0.759514499648994
0.759514499648994
0.759514499648994
0.759514499648994
0.759514499648994
0.759514499648994
0.759514499648994
0.759514499648994
0.759514499648994
0.759514499648994
0.759514499648994
0.759514499648994
0.759514499648994
0.759514499648994
0.759514499648994
0.759514499648994
0.759514499648994
0.759514499648994
0.759514499648994
0.759514499648994
0.759514499648994
0.759514499648994
0.759514499648994
0.759078392064219
0.759078392064219
0.759078392064219
0.759078392064219
0.759078392064219
0.759078392064219
0.759078392064219
0.759078392064219
0.759078392064219
0.759078392064219
0.759078392064219
0.759078342036399
0.759078342036399
0.759078342036399
0.759078342036399
0.759078342036399
0.759078342036399
0.759078342036399
0.759078342036399
0.759078342036399
0.759078342036399
0.759078342036399
0.759078342036399
0.759078342036399
0.759078342036399
0.759078342036399
0.759078342036399
0.759078342036399
0.759078342036399
0.759078342036399
0.759078342036399
0.759078342036399
0.759078342036399
0.759078342036399
0.759078342036399
0.759078342036399
0.759078342036399
0.759078342036399
0.759078342036399
0.759078342036399
0.759078342036399
0.759077959662507
0.759077959662507
0.759077959662507
0.759077959662507
0.759077959662507
0.759077959662507
0.759077959662507
0.759077959662507
0.759077959662507
0.759077959662507
0.759077959662507
0.759077959662507
0.759077959662507
0.759077959662507
0.759077959662507
0.759077959662507
0.759077959662507
0.759077959662507
0.759077959662507
0.759077959662507
0.759077959662507
0.759077959662507
0.759077959662507
0.759077959662507
0.759077959662507
0.759077959662507
0.759077959662507
0.759077959662507
0.759077959662507
0.759077959662507
0.759077959662507
0.759077959662507
0.759077959662507
0.759077959662507
0.759077959662507
0.759077959662507
0.759077959662507
0.759077959662507
0.759077959662507
0.759077959662507
0.759077959662507
0.759077959662507
0.759077959662507
0.759077959662507
0.759077959662507
0.759077959662507
0.759077959662507
0.759077959662507
0.759077959662507
0.759077959662507
0.759077959662507
0.759077959662507
0.759077959662507
0.759077959662507
0.759077959662507
0.759077959662507
0.759077959662507
0.759077959662507
0.759077959662507
0.758458478836061
0.758458478836061
0.758458478836061
0.758458478836061
0.758458478836061
0.758458478836061
0.758458478836061
0.758444599216566
0.758444599216566
0.758444599216566
0.758444599216566
0.758444599216566
0.758444599216566
0.758444599216566
0.758444599216566
0.758444599216566
0.758444599216566
0.758444599216566
0.758444599216566
0.758444599216566
0.758444599216566
0.758444599216566
0.758444599216566
0.758444599216566
0.758444599216566
0.758444599216566
0.758444599216566
0.758444599216566
0.758444599216566
0.758444599216566
0.758444599216566
0.758444599216566
0.758444599216566
0.758444599216566
0.758444599216566
0.758444599216566
0.758444599216566
0.758444599216566
0.758444599216566
0.758444599216566
0.758444599216566
0.758444599216566
0.758444599216566
0.758444599216566
0.758444599216566
0.758444599216566
0.758444599216566
0.758444599216566
0.758444599216566
0.758444599216566
0.758444599216566
0.758444599216566
0.758444599216566
0.758444599216566
0.758444599216566
0.758444599216566
0.758444599216566
0.758444599216566
0.758444599216566
0.758444599216566
0.758444599216566
0.758444599216566
0.758444599216566
0.758444599216566
0.758444599216566
0.758444599216566
0.758444599216566
0.758444599216566
0.758444599216566
0.758444599216566
0.758444599216566
0.758444599216566
0.758444599216566
0.758444599216566
0.758444599216566
0.758444599216566
0.758444599216566
0.758444599216566
0.758444599216566
0.758444599216566
0.758444599216566
0.758444599216566
0.758444599216566
0.758444599216566
0.758444599216566
0.758444599216566
0.758444599216566
0.758444599216566
0.758444599216566
0.758444599216566
0.758444599216566
0.758444599216566
0.758444599216566
0.758444599216566
0.758444599216566
0.758444599216566
0.758444599216566
0.758444599216566
0.758444599216566
0.758444599216566
0.758444599216566
0.758391757333774
0.758391757333774
0.758391757333774
0.758391757333774
0.758391757333774
0.758391757333774
0.758391757333774
0.758380198566084
0.758380198566084
0.758380198566084
0.758380198566084
0.758380198566084
0.758380198566084
0.758380198566084
0.758380198566084
0.758380198566084
0.758380198566084
0.758380198566084
0.758380198566084
0.758380198566084
0.758380198566084
0.758380198566084
0.758380198566084
0.758380198566084
0.758380198566084
0.758380198566084
0.758380198566084
0.758380198566084
0.758380198566084
0.758380198566084
0.758380198566084
0.758380198566084
0.758380198566084
0.758380198566084
0.758380198566084
0.758380198566084
0.758380198566084
0.758380198566084
0.758380198320975
0.758380198320975
0.758380198320975
0.758380198320975
0.758380198320975
0.758380198320975
0.758380198320975
0.758380198320975
0.758380198320975
0.758380198320975
0.758380198320975
0.758380198320975
0.758380198320975
0.758380198320975
0.758380198320975
0.758380198320975
0.758380198320975
0.758380198320975
0.758380198320975
0.758380198320975
0.758380198320975
0.758380198320975
0.758380198320975
0.758380198320975
0.758380198320975
0.758380198320975
0.758380198320975
0.758380198320975
0.758380198320975
0.758380198320975
0.758380198320975
0.758380198320975
0.758380198320975
0.758380198320975
0.758380198320975
0.758380198320975
0.758380198320975
0.758380198320975
0.758380198320975
0.758380198320975
0.758380198320975
0.758380198320975
0.758380198320975
0.758380198320975
0.758380198320975
0.758380198320975
0.758380198320975
0.758380198320975
0.758380198320975
0.758380198320975
0.758380198320975
0.758380198320975
0.758380198320975

