7.04258056238354
7.04258056238354
5.06845288147274
5.06845288147274
5.06845288147274
5.06845288147274
2.38714959828852
2.38714959828852
1.82398290578869
1.82398290578869
1.82398290578869
1.6516273672014
1.6516273672014
1.37013908426726
1.13893929878163
1.13893929878163
1.03662989366599
0.995689813195683
0.995689813195683
0.991366554457598
0.991366554457598
0.982559929499172
0.923339002325551
0.923339002325551
0.923339002325551
0.877590762690669
0.877590762690669
0.854086656123134
0.854086656123134
0.794559205695033
0.794559205695033
0.794559205695033
0.794559205695033
0.711647557419718
0.703862922117948
0.703862922117948
0.703862922117948
0.703862922117948
0.703862922117948
0.703862922117948
0.703862922117948
0.703862922117948
0.703862922117948
0.703862922117948
0.703862922117948
0.703862922117948
0.703862922117948
0.703862922117948
0.703862922117948
0.703862922117948
0.703862922117948
0.703862922117948
0.703862922117948
0.703862922117948
0.703862922117948
0.703862922117948
0.703862922117948
0.703862922117948
0.703862922117948
0.703862922117948
0.703862922117948
0.703862922115369
0.703862922115369
0.703862922115369
0.703862922115369
0.703862922115369
0.703862922115369
0.703862922115369
0.703862922115369
0.703862922115369
0.703862922115369
0.703862922115369
0.703862922115369
0.703862922115369
0.703862922115369
0.703862922115369
0.703862922115369
0.703862922115369
0.703862922115369
0.703862922115369
0.703862922115369
0.703862922115369
0.703862922115369
0.703862922115369
0.703862922115369
0.703862922115369
0.703862922115369
0.703862922115369
0.703862922115369
0.703862922115369
0.703862922115369
0.703862922115369
0.703862922115369
0.703862922115369
0.703862922115369
0.703862922115369
0.703862922115369
0.703862922115369
0.703862922115369
0.703862922115369
0.703862922115369
0.703862922115369
0.703862922115369
0.703862922115369
0.703862922115369
0.703862922115369
0.703862922115369
0.703862922115369
0.703862922115369
0.703862922115369
0.703862922115369
0.703862922115369
0.703862922115369
0.703862922115369
0.703862922115369
0.703862922115369
0.703862922115369
0.703862922115369
0.703862922115369
0.703862922115369
0.703862922115369
0.703862922115369
0.703862922115369
0.703862922115369
0.703862922115369
0.703862922115369
0.703862922115369
0.703862922115369
0.703862922115369
0.703862922115369
0.703862922115369
0.703862922115369
0.703862922115369
0.703862922115369
0.703862922115369
0.703862922115369
0.703862922115369
0.703862922115369
0.703862922115369
0.703862922115369
0.703862922115369
0.703862922115369
0.703862922115369
0.703862922115369
0.703862922115369
0.703862922115369
0.703862922115369
0.703862922115369
0.703862922115369
0.703862922115369
0.703862922115369
0.703862922115369
0.703862922115369
0.703862922115369
0.703862922115369
0.703862922115369
0.703862922115369
0.703862922115369
0.703862922115369
0.703862922115369
0.703862922115369
0.703862922115369
0.703862922115369
0.703862922115369
0.703862922115369
0.703862922115369
0.703862922115369
0.703862922115369
0.703862922115369
0.703862922115369
0.703862922115369
0.703862922115369
0.703862922115369
0.703862922115369
0.703862922115369
0.703862922115369
0.703862922115369
0.703862922115369
0.703862922115369
0.703862922115369
0.703862922115369
0.703862922115369
0.703862922115369
0.703862922115369
0.703862922115369
0.703862922115369
0.703862922115369
0.703862922115369
0.703862922115369
0.703862922115369
0.703862922115369
0.703862922115369
0.703862922115369
0.703862922115369
0.703862922115369
0.703862922115369
0.703862922115369
0.703862922115369
0.703862922115369
0.703862922115369
0.703862922115369
0.703862922115369
0.703862922115369
0.703862922115369
0.703862922115369
0.703862922115369
0.703862922115369
0.703862922115369
0.703232396718638
0.703232396718638
0.703232396718638
0.703232396718638
0.703232396718638
0.703224326707247
0.703224326707247
0.703224326707247
0.703224326707247
0.703224326707247
0.703224326707247
0.703224326707247
0.703224326707247
0.703224326707247
0.703224326707247
0.703224326707247
0.703224326707247
0.703224326707247
0.703224326707247
0.703224326707247
0.703224326707247
0.703224326707247
0.703224326707247
0.703224326707247
0.703224326707247
0.703224326707247
0.703224326707247
0.703224326707247
0.703224326707247
0.703224326707247
0.703224326707247
0.703224326707247
0.703224326707247
0.703224326707247
0.703224326707247
0.703224326707247
0.703154284107441
0.703154284107441
0.703136173145144
0.703136173145144
0.703136173145144
0.703136173145144
0.703136173145144
0.703136173145144
0.703136173145144
0.703136173145144
0.703136173145144
0.703136173145144
0.703136173145144
0.703136173145144
0.703136173145144
0.703136173145144
0.703136173145144
0.703136173145144
0.703136173145144
0.703136173145144
0.703136173145144
0.703136173145144
0.703136173145144
0.703136173145144
0.703136173145144
0.703136173145144
0.703136173145144
0.703136173145144
0.703136173145144
0.703136173145144
0.703136173145144
0.703136173145144
0.703136173145144
0.703136173145144
0.703136173145144
0.703136173145144
0.703136173145144
0.703136173145144
0.703136173145144
0.703136173145144
0.703136173145144
0.703136173145144
0.703136173145144
0.703136173145144
0.703136173145144
0.703136173145144
0.703136173145144
0.703136173145144
0.703136173145144
0.703136173145144
0.703136173145144
0.703136173145144
0.703136173145144
0.703136173145144
0.703136173145144
0.703136173145144
0.703136173145144
0.703136173145144
0.703136173145144
0.703136173145144
0.703136173145144
0.703136173145144
0.703136173145144
0.703136173145144
0.703136173145144
0.703136173145144
0.703136173145144
0.703136173145144
0.703080978070979
0.703080978070979
0.703080978070979
0.703080978070979
0.703080978070979
0.703080978070979
0.703080978070979
0.703080978070979
0.703080978070979
0.703080978070979
0.703080978070979
0.703080978070979
0.703080978070979
0.703080978070979
0.703080978070979
0.703080978070979
0.703080978070979
0.703080978070979
0.703080978070979
0.703080978070979
0.703080978070979
0.703080978070979
0.703080978070979
0.703080978070979
0.703080978070979
0.703080978070979
0.703080978070979
0.703080978070979
0.703080978070979
0.703080978070979
0.703080978070979
0.703080978070979
0.703080978070979
0.703080978070979
0.703080978070979
0.703080978070979
0.703080978070979
0.703080978070979
0.703080978070979
0.703080978070979
0.703080978070979
0.703080978070979
0.703080978070979
0.703080978070979
0.703080978070979
0.703080978070979
0.703080978070979
0.703080978070979
0.703080978070979
0.703080978070979
0.703080978070979
0.703080978070979
0.703080978070979
0.703080978070979
0.703080978070979
0.703080978070979
0.703080978070979
0.703080978070979
0.703080978070979
0.703080978070979
0.703080978070979
0.703080978070979
0.703080978070979
0.703080978070979
0.703080978070979
0.703080978070979
0.703080978070979
0.703080978070979
0.703080978070979
0.703080978070979
0.703080978070979
0.703080978070979
0.703080978070979
0.703080978070979
0.703080978070979
0.703080978070979
0.703080978070979
0.703080978070979
0.703080978070979
0.703080978070979
0.703080978070979
0.703080978070979
0.703080978070979
0.703080978070979
0.703080978070979
0.703080978070979
0.703080978070979
0.703080978070979
0.703080978070979
0.703080978070979
0.703080978070979
0.703080978070979
0.703080978070979
0.703080978070979
0.703080978070979
0.703080978070979
0.703080978070979
0.703080978070979
0.703080978070979
0.703080978070979
0.70307477417683
0.70307477417683
0.70307477417683
0.70307477417683
0.70307477417683
0.70307477417683
0.70307477417683
0.70307477417683
0.70307477417683
0.70307477417683
0.70307477417683
0.70307477417683
0.70307477417683
0.70307477417683
0.70307477417683
0.70307477417683
0.70307477417683
0.70307477417683
0.70307477417683
0.70307477417683
0.70307477417683
0.70307477417683
0.70307477417683
0.70307477417683
0.70307477417683
0.70307477417683
0.70307477417683
0.70307477417683
0.70307477417683
0.70307477417683
0.70307477417683
0.70307477417683
0.70307477417683
0.70307477417683
0.70307477417683
0.70307477417683
0.70307477417683
0.70307477417683
0.70307477417683
0.70307477417683
0.70307477417683
0.70307477417683
0.70307477417683
0.70307477417683
0.70307477417683
0.70307477417683
0.70307477417683
0.70307477417683
0.70307477417683
0.70307477417683
0.70307477417683
0.70307477417683
0.70307477417683
0.70307477417683
0.70307477417683
0.70307477417683
0.70307477417683
0.70307477417683
0.70307477417683
0.70307477417683
0.70307477417683
0.70307477417683
0.70307477417683
0.70307477417683
0.70307477417683
0.70307477417683
0.70307477417683
0.70307477417683
0.70307477417683
0.70307477417683
0.70307477417683
0.70307477417683
0.70307477417683
0.70307477417683
0.70307477417683
0.70307477417683
0.70307477417683
0.70307477417683
0.70307477417683
0.70307477417683
0.70307477417683
0.70307477417683
0.70307477417683
0.70307477417683
0.70307477417683
0.70307477417683
0.70307477417683
0.70307477417683

