7.04052763636553
6.31185892293228
4.56374842828523
3.22357422883792
1.97572109717687
1.41563697062942
0.792381463505239
0.754271577086037
0.754271577086037
0.752722385198189
0.738312432675022
0.734623312475618
0.731808587659098
0.726798464855352
0.723094637761202
0.722949370080774
0.719621473718675
0.719537766359056
0.717997994705794
0.717180561041507
0.716891328561506
0.71657807279947
0.716532378217848
0.71651534402696
0.716472490752016
0.716467341871157
0.716454857255622
0.716454857255622
0.716452684698132
0.716452684698132
0.71645257024906
0.716452393607151
0.716452393607151
0.716452393607151
0.716452392389758
0.716452392389758
0.716452392044448
0.716452392017873
0.716452392017873
0.716452391963258
0.716452391884623
0.716452391884623
0.716452391883572
0.716452391878805
0.716452391875635
0.716452391875635
0.716452391875476
0.716452391875469
0.716452391875469
0.716452391875362
0.716452391875347
0.71645239187534
0.716452391875334
0.716452391875331
0.716452391875329
0.716452391875327
0.716452391875327
0.716452391875327
0.716452391875327
0.716452391875327
0.716452391875327
0.716452391875327
0.716452391875327
0.716452391875327
0.716452391875327
0.716452391875327
0.716452391875327
0.716452391875327
0.716452391875327
0.716452391875327
0.716452391875327
0.716452391875327
0.716452391875327
0.716452391875327
0.716452391875327
0.716452391875327
0.716452391875327
0.716452391875327
0.716452391875327
0.716452391875327
0.716452391875327
0.716452391875327
0.716452391875327
0.716452391875327
0.716452391875327
0.716452391875327
0.716452391875327
0.716452391875327
0.716452391875327
0.716452391875327
0.716452391875327
0.716452391875327
0.716452391875327
0.716452391875327
0.716452391875327
0.716452391875327
0.716452391875327
0.716452391875327
0.716452391875327
0.716452391875327
0.716452391875327
0.716452391875327
0.716452391875327
0.716452391875327
0.716452391875327
0.716452391875327
0.716452391875327
0.716452391875327
0.716452391875327
0.716452391875327
0.716452391875327
0.716452391875327
0.716452246416257
0.716451515196206
0.7164511070226
0.716451070048811
0.716451070048811
0.716451052432076
0.716451052432076
0.716451052432076
0.716451052432076
0.716451052432076
0.716451052432076
0.71645105233266
0.716451052285625
0.716451052205869
0.716451052170172
0.716451052170172
0.716451052159934
0.716451052149413
0.716451052149413
0.716451052134769
0.716451052134769
0.716451052134769
0.716451052134769
0.716451052134769
0.71645105213444
0.716451052134351
0.71645105213416
0.71645105213416
0.716451052134134
0.716451052134134
0.716451052134134
0.716451052134134
0.716451052134134
0.716451052134134
0.716451052134134
0.716451052134134
0.716451052134134
0.716451052134134
0.716451052134134
0.716451052134134
0.716451052134134
0.716451052134134
0.716451052134134
0.716451052134134
0.716451052134134
0.716451052134134
0.716451052134134
0.716451052134134
0.716451052134134
0.716451052134134
0.716451052134134
0.716451052134134
0.716451052134134
0.716451052134134
0.716451052134134
0.716451052134134
0.716451052134134
0.716451052134134
0.716451052134134
0.716451052134134
0.716451052134134
0.716451052134134
0.716451052134134
0.716451052134134
0.716451052134134
0.716451052134134
0.716451052134134
0.716451052134134
0.716451052134134
0.716451052134134
0.716451052134134
0.716451052134134
0.716451052134134
0.716451052134134
0.716451052134134
0.716451052134134
0.716451052134134
0.716451052134134
0.716451052134134
0.716451052134134
0.716451052134134
0.716451052134134
0.716451052134134
0.716451052134134
0.716451052134134
0.716451052134134
0.716451052134134
0.716451052134134
0.716451052134134
0.716451052134134
0.716451052134134
0.716451052134134
0.716451052134134
0.716451052134134
0.716451052134134
0.716451052134134
0.716451052134134
0.716451052134134
0.716451052134134
0.716451052134134
0.716451052134134
0.716451052134134
0.716451052134134
0.716451052134134
0.716451052134134
0.716451052134134
0.716451052134134
0.716451052134134
0.716451052134134
0.716451052134134
0.716451052134134
0.716451052134134
0.716451052134057
0.716451052134057
0.716451052133915
0.716451052133915
0.716451052133887
0.716451052133871
0.716451052133871
0.716451052133871
0.716451052133866
0.716451052133866
0.716451052133865
0.716451052133865
0.716451052133865
0.716451052133865
0.716451052133865
0.716451052133865
0.716451052133865
0.716451052133865
0.716451052133865
0.716451052133865
0.716451052133865
0.716451052133865
0.716451052133865
0.716451052133865
0.716451052133864
0.716451052133864
0.716451052133864
0.716451052133864
0.716451052133864
0.716451052133864
0.716451052133864
0.716451052133864
0.716451052133864
0.716451052133864
0.716451052133864
0.716451052133864
0.716451052133864
0.716451052133864
0.716451052133864
0.716451052133864
0.716451052133864
0.716451052133864
0.716451052133864
0.716451052133864
0.716451052133864
0.716451052133864
0.716451052133864
0.716451052133864
0.716451052133864
0.716451052133864
0.716451052133864
0.716451052133864
0.716451052133864
0.716451052133864
0.716451052133864
0.716451052133864
0.716451052133864
0.716451052133864
0.716451052133864
0.716451052133864
0.716451052133864
0.716451052133864
0.716451052133864
0.716451052133864
0.716451052133864
0.716451052133864
0.716451052133864
0.716451052133864
0.716451052133864
0.716451052133864
0.716451052133864
0.716451052133864
0.716451052133864
0.716451052133864
0.716451052133864
0.716451052133864
0.716451052133864
0.716451052133864
0.716451052133864
0.716451052133864
0.716451052133864
0.716451052133864
0.716451052133864
0.716451052133864
0.716451052133864
0.716451052133864
0.716451052133864
0.716451052133864
0.716451052133864
0.716451052133864
0.716451052133864
0.716451052133864
0.716451052133864
0.716451052133864
0.716451052133864
0.716451052133864
0.716451052133864
0.716451052133864
0.716451052133864
0.716451052133864
0.716451052133864
0.716451052133864
0.716451052133864
0.716451052133864
0.716451052133864
0.716451052133864
0.716451052133864
0.716451052133864
0.716451052133864
0.716451052133864
0.716451052133864
0.716451052133864
0.716451052133864
0.716451052133864
0.716451052133864
0.716451052133864
0.716451052133864
0.716451052133864
0.716451052133864
0.716451052133864
0.716451052133864
0.716451052133864
0.716451052133864
0.716451052133864
0.716451052133864
0.716451052133864
0.716451052133864
0.716451052133864
0.716451052133864
0.716451052133864
0.716451052133864
0.716451052133864
0.716451052133864
0.716451052133864
0.716451052133864
0.716451052133864
0.716451052133864
0.716451052133864
0.716451052133864
0.716451052133864
0.716451052133864
0.716451052133864
0.716451052133864
0.716451052133864
0.716451052133864
0.716451052133864
0.716451052133864
0.716451052133864
0.716451052133864
0.716451052133864
0.716451052133864
0.716451052133864
0.716451052133864
0.716451052133864
0.716451052133864
0.716451052133864
0.716451052133864
0.716451052133864
0.716451052133864
0.716451052133864
0.716451052133864
0.716451052133864
0.716451052133864
0.716451052133864
0.716451052133864
0.716451052133864
0.716451052133864
0.716451052133864
0.716451052133864
0.716451052133864
0.716451052133864
0.716451052133864
0.716451052133864
0.716451052133864
0.716451052133864
0.716451052133864
0.716451052133864
0.716451052133864
0.716451052133864
0.716451052133864
0.716451052133864
0.716451052133864
0.716451052133864
0.716451052133864
0.716451052133864
0.716451052133864
0.716451052133864
0.716451052133864
0.716451052133864
0.716451052133864
0.716451052133864
0.716451052133864
0.716451052133864
0.716451052133864
0.716451052133864
0.716451052133864
0.716451052133864
0.716451052133864
0.716451052133864
0.716451052133864
0.716451052133864
0.716451052133864
0.716451052133864
0.716451052133864
0.716451052133864
0.716451052133864
0.716451052133864
0.716451052133864
0.716451052133864
0.716451052133864
0.716451052133864
0.716451052133864
0.716451052133864
0.716451052133864
0.716451052133864
0.716451052133864
0.716451052133864
0.716451052133864
0.716451052133864
0.716451052133864
0.716451052133864
0.716451052133864
0.716451052133864
0.716451052133864
0.716451052133864
0.716451052133864
0.716451052133864
0.716451052133864
0.716451052133864
0.716451052133864
0.716451052133864
0.716451052133864
0.716451052133864
0.716451052133864
0.716451052133864
0.716451052133864
0.716451052133864
0.716451052133864
0.716451052133864
0.716451052133864
0.716451052133864
0.716451052133864
0.716451052133864
0.716451052133864
0.716451052133864
0.716451052133864
0.716451052133864
0.716451052133864
0.716451052133864
0.716451052133864
0.716451052133864
0.716451052133864
0.716451052133864
0.716451052133864
0.716451052133864
0.716451052133864
0.716451052133864
0.716451052133864
0.716451052133864
0.716451052133864
0.716451052133864
0.716451052133864
0.716451052133864
0.716451052133864
0.716451052133864
0.716451052133864
0.716451052133864
0.716451052133864
0.716451052133864
0.716451052133864
0.716451052133864
0.716451052133864
0.716451052133864
0.716451052133864
0.716451052133864
0.716451052133864

