6.47966236914202
6.47966236914202
5.94507750796272
4.69566616799579
4.69566616799579
3.4884461266539
3.15547784342457
2.2633856880628
2.2633856880628
2.2633856880628
1.89007030022664
1.70532387607063
1.24956993819245
1.24956993819245
0.875058472900161
0.806113445987464
0.806113445987464
0.793380490312214
0.756351286966205
0.756351286966205
0.756351286966205
0.756351286966205
0.755664016927188
0.755664016927188
0.753368692189299
0.753368692189299
0.753368692189299
0.753368692189299
0.753368692189299
0.753091025466312
0.753091025466312
0.753091025466312
0.753091025466312
0.753091025466312
0.753091025466312
0.753091025466312
0.753091025466312
0.753091025466312
0.753091025466312
0.753091025466312
0.753091025466312
0.753091025466312
0.753091025466312
0.753091025466312
0.753091025466312
0.753091025466312
0.753091025466312
0.753091025466312
0.753091025466312
0.753091025466312
0.753091025466312
0.753091025466312
0.753091025466312
0.753091025466312
0.753091025466312
0.753091025466312
0.753091025466312
0.753091025466312
0.753091025466312
0.753091025466312
0.753091025466312
0.753091025466312
0.753091025466312
0.753091025466312
0.753091025466312
0.753091025466312
0.753091025466312
0.753091025466312
0.753091025466312
0.753091025466312
0.753091025466312
0.753091025466312
0.753091025466312
0.753091025466312
0.753091025466312
0.753091025466312
0.753091025466312
0.753091025466312
0.753078829506924
0.753078829506924
0.753078829506924
0.753078829506924
0.753078829506924
0.753078829506924
0.753078829506924
0.753078829506924
0.753078829506924
0.753078829506924
0.753078829506924
0.753078829506924
0.753078829506924
0.753078829506924
0.753078829506924
0.753078829506924
0.753078829506924
0.753078829506924
0.753078829506924
0.753078829506924
0.753078829506924
0.753078829506924
0.753078829506924
0.753078829506924
0.753078829506924
0.753078829506924
0.753078829506924
0.753078829506924
0.753078829506924
0.753078829506924
0.753078829506924
0.753078829506924
0.753078829506924
0.753033765510281
0.753033765510281
0.752792260881428
0.752792260881428
0.752792260881428
0.752792260881428
0.752792260881428
0.752792260881428
0.752792260881428
0.752792260881428
0.752792260881428
0.752792260881428
0.752792260881428
0.752792260881428
0.752792260881428
0.752792260881428
0.752792260881428
0.752792260881428
0.752792260881428
0.752792260881428
0.752792260881428
0.752792260881428
0.752792260881428
0.752792260881428
0.752792260881428
0.752792260881428
0.752792260881428
0.752792260881428
0.752792260881428
0.752792260881428
0.752792260881428
0.752792260881428
0.752792260881428
0.752792260881428
0.752792260881428
0.752792260881428
0.752792260881428
0.752792260881428
0.752792260881428
0.752792260881428
0.752792260881428
0.752792260881428
0.752792260881428
0.752792260881428
0.752792260881428
0.752792260881428
0.752792260881428
0.752792260881428
0.752792260881428
0.752792260881428
0.752792260881428
0.752792260881428
0.752792260881428
0.752792260881428
0.752792260881428
0.752792260881428
0.752792260881428
0.752792260881428
0.752792260881428
0.752792260881428
0.752792260881428
0.752792260881428
0.752792260881428
0.752792260881428
0.752792260881428
0.752792260881428
0.752792260881428
0.752792260881428
0.752792260881428
0.752792260881428
0.752792260881428
0.752792260881428
0.752792260881428
0.752792260881428
0.752792260881428
0.752792260881428
0.752792260881428
0.752792260881428
0.752792260881428
0.752792260881428
0.752792260881428
0.752792260881428
0.752792260881428
0.752792260881428
0.752792260881428
0.752792260881428
0.752792260881428
0.752792260881428
0.752792260881428
0.752792260881428
0.752792260881428
0.752792260881428
0.752792260881428
0.752792260881428
0.752792260881428
0.752792260881428
0.752792260881428
0.752792260881428
0.752792260881428
0.752792260881428
0.752792260881428
0.752792260881428
0.752792260881428
0.752792260881428
0.752792260881428
0.752792260881428
0.752792260881428
0.752792260881428
0.752754432117604
0.752754432117604
0.752754432117604
0.752754432117604
0.752754432117604
0.752754432117604
0.752754432117604
0.752754432117604
0.752754432117604
0.752754432117604
0.752754432117604
0.752754432117604
0.752754432117604
0.752754432117604
0.752754432117604
0.752754432117604
0.752754432117604
0.752754432117604
0.752754432117604
0.752754432117604
0.752754432117604
0.752754432117604
0.752754432117604
0.752754432117604
0.752754432117604
0.752754432117604
0.752754432117604
0.752754432117604
0.752754432117604
0.752754432117604
0.752754432117604
0.752754432117604
0.752754432117604
0.752754432117604
0.752754432117604
0.752754432117604
0.752754432117604
0.752754432117604
0.752754432117604
0.752754432117604
0.752754432117604
0.752754432117604
0.752754432117604
0.752754432117604
0.752754432117604
0.752754432117604
0.752754432117604
0.752754432117604
0.752754432117604
0.752754432117604
0.752754432117604
0.752754432117604
0.752754432117604
0.752754432117604
0.752754432117604
0.752754432117604
0.752754432117604
0.752754432117604
0.752754432117604
0.752754432117604
0.752754432117604
0.752754432117604
0.752754432117604
0.752754432117604
0.752754432117604
0.752754432117604
0.752754432117604
0.752754432117604
0.752754432117604
0.752754432117604
0.752754432117604
0.752754432117604
0.752754432117604
0.752754432117604
0.752754432117604
0.752754432117604
0.752754432117604
0.752754432117604
0.752754432117604
0.752754432117604
0.752754432117604
0.752754432117604
0.752754432117604
0.752754432117604
0.752754432117604
0.752754432117604
0.752754432117604
0.752754432117604
0.752754432117604
0.752754432117604
0.752754432117604
0.752754432117604
0.752754432117604
0.752754432117604
0.752754432117604
0.752754432117604
0.752754432117604
0.752754432117604
0.752754432117604
0.752754432117604
0.752754432117604
0.752754432117604
0.752754432117604
0.752754432117604
0.752754432117604
0.752754432117604
0.752754432117604
0.752754432117604
0.752754432117604
0.752754432117604
0.752754432117604
0.752754432117604
0.752754432117604
0.752754432117604
0.752754432117604
0.752754432117604
0.752754432117604
0.752754432117604
0.752754432117604
0.752754432117604
0.752754432117604
0.752754432117604
0.752754432117604
0.752754432117604
0.752754432117604
0.752754432117604
0.752754432117604
0.752754432117604
0.752754432117604
0.752754432117604
0.752754432117604
0.752754432117604
0.752754432117604
0.752754432117604
0.752754432117604
0.752754432117604
0.752754432117604
0.752754432117604
0.752754432117604
0.752754432117604
0.752754432117604
0.752754432117604
0.752754432117604
0.752754432117604
0.752754432117604
0.752754432117604
0.752754432117604
0.752754432117604
0.752754432117604
0.752754432117604
0.752754432117604
0.752754432117604
0.752754432117604
0.752754432117604
0.752754432117604
0.752754432117604
0.752754432117604
0.752754432117604
0.752754432117604
0.752754432117604
0.752754432117604
0.752754432117604
0.752754432117604
0.752754432117604
0.752754432117604
0.752754432117604
0.752754432117604
0.752754432117604
0.752754432117604
0.752754432117604
0.752754432117604
0.752754432117604
0.752754432117604
0.752754432117604
0.752754432117604
0.752754432117604
0.752754432117604
0.752754432117604
0.752754432117604
0.752754432117604
0.752754432117604
0.752754432117604
0.752754432117604
0.752754432117604
0.752754432117604
0.752754432117604
0.752754432117604
0.752754432117604
0.752754432117604
0.752754432117604
0.752754432117604
0.752754432117604
0.752754432117604
0.752754432117604
0.752754432117604
0.752754432117604
0.752752667643876
0.752752667643876
0.752752667643876
0.752752667643876
0.752752667643876
0.752752667643876
0.752752667643876
0.752752667643876
0.752752667643876
0.752752667643876
0.752752667643876
0.752752450647974
0.752752450647974
0.752752450647974
0.752752450647974
0.752752450647974
0.752752450647974
0.752752450647974
0.752752450647974
0.752752450647974
0.752752450647974
0.752752450647974
0.752752450647974
0.752752450647974
0.752752450647974
0.752752450647974
0.752752450647974
0.752752450647974
0.752752450647974
0.752752450647974
0.752752450647974
0.752752450647974
0.752752450647974
0.752752450647974
0.752752450647974
0.752752450647974
0.752752450647974
0.752752450647974
0.752752450647974
0.752752450647974
0.752752450647974
0.752752450647974
0.752752450647974
0.752752450647974
0.752752450647974
0.752752450647974
0.752752450647974
0.752752450647974
0.752752450647974
0.752752450647974
0.752752450647974
0.752752450647974
0.752752450647974
0.752752450647974
0.752752450647974
0.752752450647974
0.752752450647974
0.752752450647974
0.752752450647974
0.752752450647974
0.752752450647974
0.752752450647974
0.752752450647974
0.752752450647974
0.752752450647974
0.752752450647974
0.752752450647974
0.752752450647974
0.752752450647974
0.752752450647974
0.752752450647974
0.752752450647974
0.752752450647974
0.752752450647974
0.752752450647974
0.752752450647974
0.752752450647974
0.752752450647974
0.752752450647974
0.752752450647974
0.752752450647974
0.752752450647974
0.752752450647974
0.752752450647974
0.752752450647974

