7.29998863907127
7.29998863907127
5.89266464010683
5.02197044931707
5.02197044931707
3.83383838571747
3.31476777880315
3.15403896015772
2.90508438822121
2.36156764879856
2.26345158492668
2.01037895942135
1.40321667262495
1.18272126255943
1.18272126255943
1.17570023696269
1.059706961
1.059706961
1.059706961
1.02527499316586
1.02527499316586
1.00778782288165
1.00778782288165
0.992307577894072
0.977716329782226
0.977716329782226
0.977716329782226
0.921422042612238
0.921422042612238
0.920018889299249
0.907567906128363
0.794944467893951
0.794944467893951
0.794944467893951
0.794944467893951
0.794944467893951
0.794944467893951
0.794944467893951
0.794944467893951
0.794944467893951
0.794944467893951
0.794944467893951
0.794944467893951
0.794944467893951
0.794944467893951
0.794944467893951
0.794944467893951
0.794944467893951
0.794944467893951
0.794944467893951
0.794944467893951
0.794944467893951
0.794944467893951
0.794944467893951
0.794944467893951
0.794944467893951
0.794944467893951
0.794944467893951
0.794944467893951
0.794944467893951
0.794944467893951
0.794944467893951
0.794944467893951
0.794944467893951
0.794944467893951
0.794944467893951
0.794944467893951
0.794944467893951
0.794944467893951
0.794944467893951
0.794944467893951
0.794944467893951
0.794944467893951
0.794944467893951
0.794944467893951
0.794944467893951
0.794944467893951
0.794944467893951
0.794944467893951
0.794944467893951
0.794944467893951
0.794804590402069
0.794804590402069
0.794804590402069
0.794804590402069
0.794804590402069
0.794804590402069
0.794804590402069
0.794804590402069
0.794804590402069
0.794804590402069
0.794804590402069
0.794804590402069
0.794804590402069
0.794804590402069
0.794804590402069
0.794804590402069
0.794804590402069
0.794804590402069
0.794804590402069
0.794804590402069
0.794804590402069
0.794804590402069
0.794804590402069
0.794804590402069
0.794804590402069
0.794804590402069
0.794804590402069
0.794804590402069
0.794804590402069
0.794804590402069
0.794804590402069
0.794804590402069
0.794804590402069
0.794804590402069
0.794804590402069
0.794804590402069
0.794804590402069
0.794421875060036
0.794421875060036
0.794421875060036
0.794421875060036
0.794421875060036
0.794369021533418
0.794369021533418
0.794369021533418
0.794369021533418
0.794369021533418
0.794369021533418
0.794369021533418
0.794369021533418
0.794369021533418
0.794369021533418
0.794369021533418
0.794369021533418
0.794369021533418
0.794369021533418
0.794369021533418
0.794369021533418
0.794369021533418
0.794369021533418
0.794369021533418
0.794369021533418
0.794369021533418
0.794369021533418
0.794369021533418
0.794369021533418
0.794369021533418
0.794369021533418
0.794369021533418
0.794369021533418
0.794369021533418
0.794369021533418
0.794369021533418
0.794369021533418
0.794369021533418
0.794369021533418
0.794369021533418
0.794369021533418
0.794369021533418
0.794369021533418
0.794369021533418
0.794369021533418
0.794369021533418
0.794369021533418
0.794369021533418
0.794369021533418
0.794369021533418
0.794369021533418
0.794369021533418
0.794369021533418
0.794369021533418
0.794369021533418
0.794369021533418
0.794369021533418
0.794369021533418
0.794369021533418
0.794369021533418
0.794369021533418
0.794369021533418
0.794369021533418
0.794369021533418
0.794369021533418
0.794369021533418
0.794369021533418
0.794369021533418
0.794369021533418
0.794369021533418
0.794369021533418
0.794369021533418
0.794369021533418
0.794369021533418
0.794369021533418
0.794369021533418
0.794369021533418
0.794369021533418
0.794369021533418
0.794369021533418
0.794369021533418
0.794369021533418
0.794369021533418
0.794369021533418
0.794369021533418
0.794369021533418
0.794369021533418
0.794369021533418
0.793478401784834
0.792205713627279
0.792205713627279
0.792205713627279
0.792205713627279
0.792205713627279
0.792205713627279
0.792205713627279
0.792205713627279
0.792205713627279
0.792205713627279
0.792205713627279
0.792205713627279
0.792205713627279
0.792205713627279
0.792205713627279
0.792205713627279
0.792205713627279
0.792205713627279
0.792205713627279
0.792205713627279
0.792205713627279
0.792205713627279
0.792205713627279
0.792205713627279
0.792205713627279
0.792205713627279
0.792205713627279
0.792205713627279
0.792205713627279
0.792205713627279
0.792205713627279
0.792205713627279
0.792205713627279
0.792205713627279
0.792205713627279
0.792205713627279
0.792205713627279
0.792205713627279
0.792205713627279
0.792205713627279
0.792205713627279
0.792205713627279
0.792205713627279
0.792205713627279
0.792205713627279
0.792205713627279
0.792205713627279
0.792205713627279
0.792205713627279
0.792205713627279
0.792205713627279
0.792205713627279
0.792205713627279
0.792205713627279
0.792205713627279
0.792205713627279
0.792205713627279
0.792205713627279
0.792205713627279
0.792205713627279
0.792205713627279
0.792205713627279
0.792205713627279
0.792205713627279
0.792205713627279
0.792205713627279
0.792205713627279
0.792205713627279
0.792205713627279
0.792205713627279
0.792205713627279
0.792205713627279
0.792205713627279
0.792205713627279
0.792205713627279
0.792205713627279
0.792205713627279
0.792205713627279
0.792205713627279
0.792205713627279
0.792205713627279
0.792205713627279
0.792205713627279
0.792205713627279
0.792205713627279
0.792205713627279
0.792205713627279
0.792205713627279
0.792205713627279
0.792205713627279
0.792205713627279
0.792205713627279
0.792205713627279
0.792205713627279
0.792205713627279
0.792205713627279
0.792205713627279
0.792205713627279
0.792205713627279
0.792205713627279
0.792205713627279
0.792205713627279
0.792205713627279
0.792205713627279
0.792205713627279
0.79205557721992
0.79205557721992
0.79205557721992
0.79205557721992
0.79205557721992
0.79205557721992
0.79205557721992
0.79205557721992
0.79205557721992
0.79205557721992
0.79205557721992
0.79205557721992
0.79205557721992
0.79205557721992
0.79205557721992
0.79205557721992
0.79205557721992
0.79205557721992
0.79205557721992
0.79205557721992
0.79205557721992
0.79205557721992
0.79205557721992
0.79205557721992
0.79205557721992
0.79205557721992
0.79205557721992
0.79205557721992
0.79205557721992
0.79205557721992
0.79205557721992
0.79205557721992
0.79205557721992
0.79205557721992
0.79205557721992
0.79205557721992
0.79205557721992
0.79205557721992
0.79205557721992
0.79205557721992
0.79205557721992
0.79205557721992
0.79205557721992
0.79205557721992
0.79205557721992
0.79205557721992
0.79205557721992
0.79205557721992
0.79205557721992
0.79205557721992
0.79205557721992
0.79205557721992
0.79205557721992
0.79205557721992
0.79205557721992
0.79205557721992
0.79205557721992
0.79205557721992
0.79205557721992
0.79205557721992
0.79205557721992
0.79205557721992
0.79205557721992
0.79205557721992
0.79205557721992
0.79205557721992
0.79205557721992
0.79205557721992
0.79205557721992
0.79205557721992
0.79205557721992
0.79205557721992
0.79205557721992
0.79205557721992
0.79205557721992
0.79205557721992
0.79205557721992
0.79205557721992
0.79205557721992
0.79205557721992
0.79205557721992
0.79205557721992
0.79205557721992
0.79205557721992
0.79205557721992
0.79205557721992
0.79205557721992
0.79205557721992
0.79205557721992
0.79205557721992
0.79205557721992
0.79205557721992
0.79205557721992
0.79205557721992
0.79205557721992
0.79205557721992
0.79205557721992
0.79205557721992
0.79205557721992
0.79205557721992
0.79205557721992
0.791883692352346
0.791883692352346
0.791883692352346
0.791883692352346
0.791883692352346
0.791883692352346
0.791883692352346
0.791883692352346
0.791883692352346
0.791883692352346
0.791883692352346
0.791883692352346
0.791883692352346
0.791883692352346
0.791883692352346
0.791883692352346
0.791883692352346
0.791883692352346
0.791883692352346
0.791883692352346
0.791883692352346
0.791883692352346
0.791883692352346
0.791883692352346
0.791883692352346
0.791883692352346
0.791883692352346
0.791883692352346
0.791883692352346
0.791883692352346
0.791883692352346
0.791883692352346
0.791883692352346
0.791883692352346
0.791883692352346
0.791883692352346
0.791883692352346
0.791883692352346
0.791883692352346
0.791883692352346
0.791883692352346
0.791883692352346
0.791883692352346
0.791883692352346
0.791883692352346
0.791883692352346
0.791883692352346
0.791883692352346
0.791883692352346
0.791883692352346
0.791883692352346
0.791883692352346
0.791883692352346
0.791883692352346
0.791883692352346
0.791883692352346
0.791883692352346
0.791883692352346
0.791883692352346
0.791883692352346
0.791883692352346
0.791883692352346
0.791883692352346
0.791883692352346
0.791883692352346
0.791883692352346
0.791883692352346
0.791883692352346
0.791883692352346
0.791883692352346
0.791883692352346
0.791883692352346
0.791883692352346
0.791883692352346
0.791883692352346
0.791883692352346
0.791883692352346
0.791883692352346
0.791883692352346
0.791883692352346
0.791883692352346
0.791883692352346
0.791883692352346
0.791883692352346
0.791883692352346
0.791883692352346
0.791883692352346

