7.85367715741582
7.85367715741582
6.15391934497614
5.1462849220716
4.51238076802895
3.58640359407652
3.58640359407652
3.16266653503666
2.42723869896128
1.89087355247036
1.89087355247036
1.57638333754892
1.49723393291675
1.11378905604071
1.07582046781141
1.00131848110572
0.874136791001369
0.874136791001369
0.874136791001369
0.835691094678893
0.835691094678893
0.835691094678893
0.835691094678893
0.835691094678893
0.824336653976876
0.824336653976876
0.821060583557682
0.791058431679331
0.791058431679331
0.791058431679331
0.791058431679331
0.791058431679331
0.791058431679331
0.791058431679331
0.791058431679331
0.791058431679331
0.791058431679331
0.7908556452766
0.7908556452766
0.7908556452766
0.7908556452766
0.7908556452766
0.7908556452766
0.7908556452766
0.7908556452766
0.7908556452766
0.7908556452766
0.7908556452766
0.790772414641507
0.790772414641507
0.790772414641507
0.790772414641507
0.790772414641507
0.790772414641507
0.790772414641507
0.790772414641507
0.790772414641507
0.790772414641507
0.790772414641507
0.790772414641507
0.790772414641507
0.790772414641507
0.790772414641507
0.790772414641507
0.790772414641507
0.790772414641507
0.790772414641507
0.790772414641507
0.790772414641507
0.790772414641507
0.790772414641507
0.790772414641507
0.790772414641507
0.790772414641507
0.790772414641507
0.790772414641507
0.790772414641507
0.790772414641507
0.790772364148516
0.790772364148516
0.790772364148516
0.790772364148516
0.790772364148516
0.790772364148516
0.790772364148516
0.790772364148516
0.790772364148516
0.790772364148516
0.790772364148516
0.790772364148516
0.790772364148516
0.790772364148516
0.790772364148516
0.790772364148516
0.790772364148516
0.790772364148516
0.790772364148516
0.790772364148516
0.790772364148516
0.790772364148516
0.790772364148516
0.790772364148516
0.790772364148516
0.790772364148516
0.790772364148516
0.790772364148516
0.785117819846192
0.785117819846192
0.785117819846192
0.785117819846192
0.785117819846192
0.785117819846192
0.785117819846192
0.785117819846192
0.785117819846192
0.785117819846192
0.785117819846192
0.785117819846192
0.785117819846192
0.785117819846192
0.785117819846192
0.785117819846192
0.785117819846192
0.785117819846192
0.785117819846192
0.785117819846192
0.785117819846192
0.785117819846192
0.785117819846192
0.78489493695664
0.78489493695664
0.78489493695664
0.78489493695664
0.78489493695664
0.78489493695664
0.78489493695664
0.78489493695664
0.78489493695664
0.78489493695664
0.78489493695664
0.78489493695664
0.78489493695664
0.78489493695664
0.78489493695664
0.78489493695664
0.78489493695664
0.78489493695664
0.78489493695664
0.78489493695664
0.78489493695664
0.78489493695664
0.78489493695664
0.78489493695664
0.78489493695664
0.78489493695664
0.78489493695664
0.78489493695664
0.78489493695664
0.78489493695664
0.78489493695664
0.78489493695664
0.78489493695664
0.78489493695664
0.78489493695664
0.78489493695664
0.78489493695664
0.78489493695664
0.78489493695664
0.78489493695664
0.78489493695664
0.78489493695664
0.78489493695664
0.78489493695664
0.78489493695664
0.78489493695664
0.78489493695664
0.78489493695664
0.78489493695664
0.78489493695664
0.78489493695664
0.78489493695664
0.78489493695664
0.78489493695664
0.78489493695664
0.78489493695664
0.78489493695664
0.78489493695664
0.78489493695664
0.78489493695664
0.78489493695664
0.78489493695664
0.78489493695664
0.78489493695664
0.78489493695664
0.78489493695664
0.78489493695664
0.78489493695664
0.78489493695664
0.78489493695664
0.78489493695664
0.78489493695664
0.78489493695664
0.78489493695664
0.78489493695664
0.78489493695664
0.783331002554547
0.783331002554547
0.782068300238724
0.782068300238724
0.782068300238724
0.782068300238724
0.782068300238724
0.782068300238724
0.782068300238724
0.782068300238724
0.782068300238724
0.782068300238724
0.782068300238724
0.782068300238724
0.782068300238724
0.782068300238724
0.782068300238724
0.782068300238724
0.782068300238724
0.782068300238724
0.782068300238724
0.782068300238724
0.782068300238724
0.782068300238724
0.782068300238724
0.782068300238724
0.782068300238724
0.782068300238724
0.782068300238724
0.782068300238724
0.782068300238724
0.782068300238724
0.782068300238724
0.782068300238724
0.782068300238724
0.782068300238724
0.782068300238724
0.782068300238724
0.782068300238724
0.782068300238724
0.782068300238724
0.782068300238724
0.782068300238724
0.782068300238724
0.782068300238724
0.782068300238724
0.782068300238724
0.782068300238724
0.782068300238724
0.782068300238724
0.782068300238724
0.782068300238724
0.782068300238724
0.782068300238724
0.782068300238724
0.782068300238724
0.782068300238724
0.782068300238724
0.782068300238724
0.782068300238724
0.782068300238724
0.782068300238724
0.782068300238724
0.782068300238724
0.782068300238724
0.782068300238724
0.782068300238724
0.782068300238724
0.782068300238724
0.782068300238724
0.782068300238724
0.782068300238724
0.782068300238724
0.782068300238724
0.782068300238724
0.782068300238724
0.782068300238724
0.782068300238724
0.782068300238724
0.782068300238724
0.782068300238724
0.782068300238724
0.782068300238724
0.782068300238724
0.782068300238724
0.782068300238724
0.782068300238724
0.782068300238724
0.782068300238724
0.782068300238724
0.782068300238724
0.782068300238724
0.782068300238724
0.782068300238724
0.782068300238724
0.782068300238724
0.782068300238724
0.782068300238724
0.782068300238724
0.782068300238724
0.782068300238724
0.782068300238724
0.782068300238724
0.782068300238724
0.782068300238724
0.782068300238724
0.782068300238724
0.782068300238724
0.782068300238724
0.782068300238724
0.782068300238724
0.782068300238724
0.782068300238724
0.782068300238724
0.782068300238724
0.782068300238724
0.782068300238724
0.782068300238724
0.782068300238724
0.782068300238724
0.782068300238724
0.782068300238724
0.782068300238724
0.782068300238724
0.782068300238724
0.782068300238724
0.782068300238724
0.782068300238724
0.782068300238724
0.782068300238724
0.782068300238724
0.782068300238724
0.782068300238724
0.782068300238724
0.782068300238724
0.782068300238724
0.782068300238724
0.782068300238724
0.782068300238724
0.782068300238724
0.782068300238724
0.782068300238724
0.782068300238724
0.782068300238724
0.782068300238724
0.782068300238724
0.782068300238724
0.782068300238724
0.782068300238724
0.782068300238724
0.782068300238724
0.782068300238724
0.782068300238724
0.782068300238724
0.782068300238724
0.782068300238724
0.782068300238724
0.782068300238724
0.782068300238724
0.782068300238724
0.782068300238724
0.782068300238724
0.782068300238724
0.782068300238724
0.782068300238724
0.782068300238724
0.782068300238724
0.782068300238724
0.782068300238724
0.782068300238724
0.782068300238724
0.782068300238724
0.782068300238724
0.782068300238724
0.782068300238724
0.782068300238724
0.782068300238724
0.782068300238724
0.782068300238724
0.782068300238724
0.782068300238724
0.782068300238724
0.782068300238724
0.782068300238724
0.782068300238724
0.782068300238724
0.782068300238724
0.782068300238724
0.782068300238724
0.782068300238724
0.782068300238724
0.782068300238724
0.782068300238724
0.782068300238724
0.782068300238724
0.782068300238724
0.782068300238724
0.782068300238724
0.782068300238724
0.782068300238724
0.782068300238724
0.782068300238724
0.782068300238724
0.782068300238724
0.782068300238724
0.782068300238724
0.782068300238724
0.782068300238724
0.782068300238724
0.780961878919537
0.780961878919537
0.780961878919537
0.780961878919537
0.780961878919537
0.780961878919537
0.780961878919537
0.780961878919537
0.780961878919537
0.780961878919537
0.780961878919537
0.780961878919537
0.780961878919537
0.780961878919537
0.780961878919537
0.780961878919537
0.780961878919537
0.780961878919537
0.780961878919537
0.780961878919537
0.780961878919537
0.780961878919537
0.780961878919537
0.780961878919537
0.780961878919537
0.780961878919537
0.780961878919537
0.780961878919537
0.780961878919537
0.780961878919537
0.780961878919537
0.780961878919537
0.780961878919537
0.780961878919537
0.780961878919537
0.780961878919537
0.780961878919537
0.780961878919537
0.780961878919537
0.780961878919537
0.780961878919537
0.780961878919537
0.780961878919537
0.780961878919537
0.780961878919537
0.780961878919537
0.780961878919537
0.780961878919537
0.780961878919537
0.780961878919537
0.780961878919537
0.780961878919537
0.780961878919537
0.780961878919537
0.780961878919537
0.780961878919537
0.780961878919537
0.780961878919537
0.780961878919537
0.780961878919537
0.780961878919537
0.780961878919537
0.780961878919537
0.780961878919537
0.780961878919537
0.780961878919537
0.780961878919537
0.780961878919537
0.780961878919537
0.780961878919537
0.780961878919537
0.780961878919537
0.780961878919537
0.780961878919537
0.780961878919537
0.780961878919537
0.780961878919537
0.780961878919537
0.780961878919537
0.780961878919537
0.780961878919537
0.780961878919537
0.780961878919537
0.780961878919537
0.780961878919537
0.780961878919537

