6.5542290919572
6.5542290919572
6.1122694580518
4.8347158291764
4.18661720878741
3.5451007165244
2.95174558287297
2.50288178431162
2.26277421649139
1.54886759529315
1.37348211149226
1.2463859668617
1.21422537063073
1.09076522802823
0.822954129912249
0.822954129912249
0.777700516781196
0.777700516781196
0.777700516781196
0.777700516781196
0.777700516781196
0.739753929524685
0.739753929524685
0.739753929524685
0.739753929524685
0.739753929524685
0.739753929524685
0.739753929524685
0.739753929524685
0.739753929524685
0.739753929524685
0.739753929524685
0.739753929524685
0.704616566440629
0.704616566440629
0.704616566440629
0.704616566440629
0.704616551416751
0.704616551416751
0.704616551416751
0.704616551416751
0.704616551416751
0.704616551416751
0.704616551416751
0.704616551416751
0.704616542147097
0.704616542147097
0.704616542147097
0.704616542147097
0.704616542147097
0.704616542147097
0.704616542147097
0.704616542147097
0.704616542101653
0.704616542101653
0.70461653828742
0.70461653828742
0.70461653828742
0.70461653828742
0.70461653828742
0.70461653828742
0.70461653828742
0.704616534007671
0.704616534007671
0.704616534007671
0.704616534007671
0.704616534007671
0.704616534007671
0.704616534007671
0.704616533730434
0.704616533730434
0.704616533730434
0.704616533730434
0.704616533730434
0.704616533730434
0.704616533730434
0.704616533017915
0.704616532166599
0.704616532166599
0.704616532166599
0.704616532166599
0.704616532166599
0.704616532166599
0.704616532166599
0.704616532166599
0.704616532166599
0.704616532166599
0.704616532166599
0.704616532166599
0.704616532166599
0.704616532166599
0.704616532166599
0.704616532166599
0.704616532166599
0.704616532166599
0.704616532166599
0.704616532166599
0.704616532166599
0.704616532166599
0.704616532166599
0.704616532166599
0.704616532166599
0.704616532166599
0.704616532166599
0.704616532166599
0.704616532166599
0.704616532166599
0.704616532166599
0.704616532166599
0.704616532166599
0.704616532166599
0.704616532166599
0.704616532166599
0.704616532166599
0.704616532166599
0.704616532166599
0.704616532166599
0.704616532166599
0.704616532166599
0.704616532166599
0.704616532166599
0.704616532166599
0.704616532166599
0.704616532166599
0.704616532166599
0.704616532166599
0.704616513701167
0.704616513701167
0.704616513701167
0.704616513701167
0.704616513701167
0.704616513701167
0.704616513701167
0.704616513701167
0.704616513701167
0.704616513701167
0.704616513701167
0.704616513701167
0.704616513701167
0.704616513701167
0.704616513701167
0.704616513701167
0.704616513701167
0.704616513701167
0.704616513701167
0.704616513701167
0.704616513701167
0.704616513701167
0.704616513701167
0.704616513701167
0.704616513701167
0.704616513701167
0.704616513701167
0.704616513701167
0.704616513701167
0.704616513701167
0.704616513701167
0.704616513701167
0.704616513701167
0.704616513701167
0.704616513701167
0.704616513701167
0.704616513701167
0.704616513701167
0.704616513701167
0.704616513701167
0.704616513701167
0.704616513701167
0.704616513701167
0.704616513701167
0.704616513701167
0.704616513701167
0.704616513701167
0.704616513701167
0.704616513701167
0.704616513701167
0.704616513701167
0.704616513701167
0.704616513701167
0.704616513701167
0.704616513701167
0.704616513701167
0.704616513701167
0.704616513701167
0.704616513701167
0.704616513701167
0.704616513701167
0.704616513701167
0.704616513701167
0.704616513701167
0.704616513701167
0.704616513701167
0.704616513701167
0.704616513701167
0.704616513701167
0.704616513701167
0.704616513701167
0.704616513701167
0.704616513701167
0.704616513701167
0.704616513701167
0.704616513701167
0.704616513701167
0.704616513701167
0.704616513701167
0.704616513701167
0.704616513701167
0.704616513701167
0.704616513701167
0.704616513701167
0.704616513701167
0.704616513701167
0.704616513701167
0.704616513701167
0.704616513701167
0.704616513701167
0.704616513701167
0.704616354327359
0.704616354327359
0.704616354327359
0.704616354327359
0.704616354327359
0.704616354327359
0.704616354327359
0.704616354327359
0.704616354327359
0.704616354327359
0.704616354327359
0.704616354327359
0.704616354327359
0.704616354116736
0.704616354116736
0.704616354116736
0.704616354116736
0.704616354116736
0.704616354116736
0.704616354116736
0.704616354116736
0.704616354116736
0.704616354116736
0.704616354116736
0.704616354116736
0.704616354116736
0.704616354116736
0.704616354116736
0.704616354116736
0.704616354116736
0.704616354116736
0.704616354116736
0.704616354116736
0.704616354116736
0.704616354116736
0.704616354116736
0.704616354116736
0.704616354116736
0.704616354116736
0.704616354116736
0.704616354116736
0.704616354116736
0.704616354116736
0.704616354116736
0.704616354116736
0.704616354116736
0.704616354116736
0.704616354116736
0.704616354116736
0.704616354116736
0.704616354116736
0.704616354116736
0.704616354116736
0.704616354116736
0.704616354116736
0.704616354116736
0.704616354116736
0.704616354116736
0.704616354116736
0.704616354116736
0.704616354116736
0.704616354116736
0.704616354116736
0.704616354116736
0.704616354116736
0.704616354116736
0.704616354116736
0.704616354116736
0.704616354116736
0.704616354116736
0.704616354116736
0.704616354116736
0.704616354116736
0.704616354116736
0.704616354116736
0.704616354116736
0.704616354116736
0.704616354116736
0.704616354116736
0.704616354116736
0.704616354116736
0.704616354116736
0.704616354116736
0.704616354116736
0.704616354116736
0.704616354116736
0.704616354116736
0.704616354116736
0.704616354116736
0.704616354116736
0.704616354116736
0.704616354116736
0.704616354116736
0.704616354116736
0.704616354116736
0.704616354116736
0.704616354116736
0.704616354116736
0.704616354116736
0.704616354116736
0.704616354116736
0.704616354116736
0.704616354116736
0.704616354116736
0.704616354116736
0.704616354116736
0.704616354116736
0.704616352094597
0.704616352094597
0.704616352094597
0.704616352094597
0.704616352094597
0.704616352094597
0.704616352094597
0.704616352094597
0.704616352094597
0.704616352094597
0.704616352094597
0.704616352094597
0.704616352094597
0.704616352094597
0.704616352094597
0.704616352094597
0.704616352094597
0.704616352094597
0.704616352094597
0.704616352094597
0.704616352094597
0.704616352094597
0.704616352094597
0.704616352094597
0.704616352094597
0.704616352094597
0.704616352094597
0.704616352094597
0.704616352094597
0.704616352094597
0.704616352094597
0.704616352094597
0.704616352094597
0.704616352094597
0.704616352094597
0.704616352094597
0.704616352094597
0.704616352094597
0.704616352094597
0.704616352094597
0.704616352094597
0.704616352094597
0.704616352094597
0.704616352094597
0.704616352094597
0.704616352094597
0.704616352094597
0.704616352094597
0.704616352094597
0.704616352094597
0.704616352094597
0.704616352094597
0.704616352094597
0.704616352094597
0.704616352094597
0.704616352094597
0.704616352094597
0.704616352094597
0.704616352094597
0.704616352094597
0.704616352094597
0.704616352094597
0.704616352094597
0.704616352094597
0.704616352094597
0.704616352094597
0.704616352094597
0.704616352094597
0.704616352094597
0.704616352094597
0.704616352094597
0.704616352094597
0.704616352094597
0.704616352094597
0.704616352094597
0.704616352094597
0.704616352094597
0.704616352094597
0.704616352094597
0.704616352094597
0.704616352094597
0.704616352094597
0.704616352094597
0.704616352094597
0.704616352094597
0.704616352094597
0.704616352094597
0.704616352094597
0.704616352094597
0.704616352094597
0.704616352094597
0.704616352094597
0.704616352094597
0.704616352094597
0.704616352094597
0.704616352094597
0.704616352094597
0.704616352094597
0.704616352094597
0.704616352094597
0.704616352094597
0.704616352094597
0.704616352094597
0.704616352094597
0.704616352094597
0.704616352094597
0.704616352094597
0.704616352094597
0.704616352094597
0.704616352094597
0.704616352094597
0.704616349223392
0.704616349223392
0.704616349223392
0.704616349223392
0.704616349177512
0.704616349177512
0.704616349177512
0.704616349177512
0.704616349177512
0.704616349177512
0.704616349177512
0.704616349177512
0.704616349177512
0.704616349177512
0.704616349177512
0.704616349177512
0.704616349177512
0.704616349177512
0.704616349177512
0.704616349177512
0.704616349177512
0.704616349177512
0.704616349177512
0.704616349177512
0.704616349177512
0.704616349177512
0.704616349177512
0.704616349177512
0.704616349177512
0.704616349177512
0.704616349177512
0.704616349177512
0.704616349177512
0.704616349177512
0.704616349177512
0.704616349177512
0.704616349177512
0.704616349177512
0.704616349177512
0.704616349177512
0.704616349177512
0.704616349177512
0.704616349177512
0.704616349177512
0.704616349177512
0.704616349177512
0.704616349177512
0.704616349177512
0.704616349177512
0.704616349177512
0.704616349177512
0.704616349177512
0.704616349177512
0.704616349177512
0.704616349177512
0.704616349177512
0.704616349177512
0.704616349177512
0.704616349177512
0.704616349177512
0.704616349177512
0.704616349177512
0.704616349177512
0.704616349177512
0.704616349177512

