5.59021880427568
5.32842291274821
5.32842291274821
5.32842291274821
5.32842291274821
3.4244582316958
3.40451460695968
3.20641635355312
2.54839425870787
2.54839425870787
1.86119325245327
1.38449346719949
1.38449346719949
1.28267747352892
1.16451302104534
1.05801485335066
0.958011337182145
0.958011337182145
0.958011337182145
0.73064425967031
0.723741211123292
0.723741211123292
0.723741211123292
0.723741211123292
0.723741211123292
0.723741211123292
0.723741211123292
0.723741211123292
0.723741211123292
0.723741211123292
0.723741211123292
0.723741211123292
0.723741211123292
0.723741211123292
0.723741078039058
0.723741078039058
0.723741078039058
0.723741078039058
0.723741078039058
0.723741078039058
0.723741078039058
0.723741078039058
0.723741078039058
0.723741078039058
0.723741078039058
0.723741078039058
0.723741078039058
0.723741078039058
0.723741078039058
0.723741078039058
0.723741078039058
0.723741078039058
0.723741078039058
0.723741078039058
0.723741078039058
0.723741078039058
0.723741078039058
0.723741078039058
0.723741078039058
0.723741078039058
0.723741078039058
0.723741078039058
0.723741078039058
0.723741078039058
0.723741078039058
0.723741078039058
0.723741078039058
0.723741078039058
0.723741078039058
0.723741078039058
0.723741078039058
0.723741078039058
0.723741078039058
0.723741078039058
0.723741078039058
0.723741078039058
0.723741078039058
0.723741078039058
0.723741078039058
0.723741078039058
0.723741078039058
0.723741078039058
0.723741078039058
0.723741078039058
0.723741078039058
0.723741078039058
0.723741078039058
0.723741078039058
0.723741078039058
0.723741078039058
0.723741078039058
0.723741078039058
0.723741078039058
0.723741078039058
0.723741078039058
0.723741078039058
0.723741078039058
0.723741078039058
0.723741078039058
0.723741078039058
0.723741078039058
0.723741078039058
0.723741078039058
0.723741078039058
0.723741078039058
0.723741078039058
0.723741078039058
0.723741078039058
0.723741078039058
0.723741078039058
0.723741078039058
0.723741078039058
0.723741078039058
0.723741078039058
0.723741078039058
0.723741078039058
0.723741078039058
0.723741078039058
0.723741078039058
0.723741078039058
0.723741078039058
0.723741078039058
0.723741078039058
0.723741078039058
0.723741078039058
0.723741078039058
0.723741078039058
0.723741078039058
0.723741078039058
0.723741078039058
0.723741078039058
0.723741078039058
0.723741078039058
0.723741078039058
0.723741078039058
0.723741078039058
0.723741078039058
0.723741078039058
0.723741078039058
0.723741078039058
0.723741078039058
0.723741077981984
0.723741077981984
0.723741077981984
0.723741077981984
0.723741076363353
0.723741076363353
0.723741076363353
0.723741076363353
0.723741076363353
0.723741076363353
0.723741076363353
0.723741076363353
0.723741076363353
0.723741076363353
0.723741076363353
0.723741076363353
0.723741076363353
0.723741076363353
0.723741076363353
0.723741076363353
0.723741076363353
0.723741076363353
0.723741076363353
0.723741076363353
0.723741076363353
0.723741076363353
0.723741076363353
0.723741076363353
0.723741076363353
0.723741076363353
0.723741076363353
0.723741076363353
0.723741076363353
0.723741076363353
0.723741076363353
0.723741076363353
0.723741076363353
0.723741076363353
0.723741076363353
0.723741076363353
0.723741076363353
0.723741076363353
0.723741076363353
0.723741076363353
0.723741076363353
0.723741076363353
0.723741076363353
0.723741076363353
0.723741076363353
0.723741076363353
0.723741076363353
0.723741076363353
0.723741076363353
0.723741076363353
0.723741076363353
0.723741076363353
0.723741076363353
0.723741076363353
0.723741076363353
0.723741076363353
0.723741076363353
0.723741076363353
0.723741076363353
0.723741076363353
0.723741076363353
0.723741076363353
0.723741076363353
0.723741076363353
0.723741076363353
0.723741076363353
0.723741076363353
0.723741076363353
0.723741076363353
0.723741076363353
0.723741076363353
0.723741076363353
0.723741076363353
0.723741076363353
0.723741076363353
0.723741076363353
0.723741076363353
0.723741076363353
0.723741076363353
0.723741076363353
0.723741076363353
0.723741076363353
0.723741076363353
0.723741076363353
0.723741076363353
0.723741076363353
0.723741076363353
0.723741076363353
0.723741076363353
0.723741076363353
0.723741076363353
0.723741076363353
0.723741076363353
0.723741076363353
0.723741076363353
0.723741076363353
0.723741076363353
0.723741076363353
0.723741076363353
0.723741076363353
0.723741076363353
0.723741076363353
0.723741076363353
0.723741076363353
0.723741076363353
0.723741076363353
0.723741076363353
0.723741076363353
0.723741076363353
0.723741076363353
0.723741076363353
0.723741076363353
0.723741076363353
0.723741076363353
0.723741076363353
0.723741076363353
0.723741076363353
0.723741076363353
0.723741076363353
0.723741076363353
0.723741076363353
0.723741076363353
0.723741076363353
0.723741076363353
0.723741076363353
0.723741076363353
0.723741076363353
0.723741076363353
0.723741076363353
0.723741076363353
0.723741076363353
0.723741076363353
0.723741076363353
0.723741076363353
0.723741076363353
0.723741076363353
0.723741076363353
0.723741076363353
0.723741076363353
0.723741076363353
0.723741076363353
0.723741076363353
0.723741076363353
0.723741076363353
0.723741076363353
0.723741076363353
0.723741076363353
0.723741076363353
0.723741076363353
0.723741076363353
0.723741076363353
0.723741076363353
0.723741076363353
0.723741076363353
0.723741076363353
0.723741076363353
0.723741076363353
0.723741076363353
0.723741076363353
0.723741076363353
0.723741076363353
0.723741076363353
0.723741076363353
0.723741076363353
0.723741076363353
0.723741076363353
0.723741076363353
0.723741076363353
0.723741076363353
0.723741076363353
0.723741076363353
0.723741076363353
0.723741076363353
0.723741076363353
0.723741076363353
0.723741076363353
0.723741076363353
0.723741076363353
0.723741076363353
0.723741076363353
0.723741076363353
0.723741076363353
0.723741076363353
0.723741076363353
0.723741076363353
0.723741076363353
0.723741076363353
0.723741076363353
0.723741076363353
0.723741076363353
0.723741076363353
0.723741076363353
0.723741076363353
0.723741076363353
0.723741076363353
0.723741076363353
0.723741076363353
0.723741076363353
0.723741076363353
0.723741076363353
0.723741076363353
0.723741076363353
0.723741076363353
0.723741076363353
0.723741076363353
0.723741076363353
0.723741076363353
0.723741076363353
0.723741076363353
0.723741076363353
0.723741076363353
0.723741076363353
0.723741076363353
0.723741076363353
0.723741076363353
0.723741076363353
0.723741076363353
0.723741076363353
0.723741076363353
0.723741076363353
0.723741076363353
0.723741076363353
0.723741076363353
0.723741076363353
0.723741076363353
0.723741076363353
0.723741076363353
0.723741076363353
0.723741076363353
0.723741076363353
0.723741076363353
0.723741076363353
0.723741076363353
0.723741076363353
0.723741076363353
0.723741076363353
0.723741076363353
0.723741076363353
0.723741076363353
0.723741076363353
0.723741076363353
0.723741076363353
0.723741076363353
0.723741076363353
0.723741076363353
0.723741076363353
0.723741076363353
0.723741076363353
0.723741076363353
0.723741076363353
0.723741076363353
0.723741076363353
0.723741076363353
0.723741076363353
0.723741076363353
0.723741076363353
0.723741076363353
0.723741076363353
0.723741076363353
0.723741076363353
0.723741076363353
0.723741076363353
0.723741076363353
0.723741076363353
0.723741076363353
0.723741076363353
0.723741076363353
0.723741076363353
0.723741076363353
0.723741076363353
0.723741076363353
0.723741076363353
0.723741076363353
0.723741076363353
0.723741076363353
0.723741076363353
0.723741076363353
0.723741076363353
0.723741076363353
0.723741076363353
0.723741076363353
0.723741076363353
0.723741076363353
0.723741076363353
0.723741076363353
0.723741076363353
0.723741076363353
0.723741076363353
0.723741076363353
0.723741076363353
0.723741076363353
0.723741076363353
0.723741076363353
0.723741076363353
0.723741076363353
0.723741076363353
0.723741076363353
0.723741076363353
0.723741076363353
0.723741076363353
0.723741076363353
0.723741076363353
0.723741076363353
0.723741076363353
0.723741076363353
0.723741076363353
0.723741076363353
0.723741076363353
0.723741076363353
0.723741076363353
0.723741076363353
0.723741076363353
0.723741076363353
0.723741076363353
0.723741076363353
0.723741076363353
0.723741076363353
0.723741076363353
0.723741076363353
0.723741076363353
0.723741076363353
0.723741076363353
0.723741076363353
0.723741076363353
0.723741076363353
0.723741076363353
0.723741076363353
0.723741076363353
0.723741076363353
0.723741076363353
0.723741076363353
0.723741076363353
0.723741076363353
0.723741076363353
0.723741076363353
0.723741076363353
0.723741076363353
0.723741076363353
0.723741076363353
0.723741076363353
0.723741076363353
0.723741076363353
0.723741076363353
0.723741076363353
0.723741076363353
0.723741076363353
0.723741076363353
0.723741076363353
0.723741076363353
0.723741076363353
0.723741076363353
0.723741076363353
0.723741076363353
0.723741076363353
0.723741076363353

