7.8305500388943
7.8305500388943
6.48964600320743
5.51373406733308
5.51373406733308
4.04076212235609
4.04076212235609
3.39156158516259
3.39156158516259
2.39659670390358
2.39659670390358
2.21672368354418
1.90532989930192
1.64576821362937
1.36453431189685
1.36453431189685
1.04539533811904
1.04539533811904
1.0315893261905
1.0315893261905
1.0315893261905
1.01484488848064
1.01484488848064
1.00366367931712
1.00366367931712
1.00138332671376
1.00129485605695
1.00036237202369
1.00036237202369
0.992061445459208
0.992061445459208
0.992061445459208
0.984936343713931
0.972070512355925
0.972070512355925
0.972070512355925
0.972070512355925
0.972070512355925
0.971060060991576
0.971060060991576
0.971060060991576
0.971060060991576
0.971060060991576
0.971060060991576
0.968948899834879
0.968948899834879
0.968948899834879
0.968948899834879
0.968948899834879
0.968948899834879
0.968948899834879
0.968948899834879
0.968948899834879
0.968948899834879
0.968948899834879
0.968948899834879
0.968948899834879
0.968948899834879
0.968948899834879
0.968948899834879
0.968948899834879
0.968948899834879
0.968948899834879
0.968948899834879
0.968948899834879
0.968948899834879
0.968948899834879
0.968948899834879
0.968948899834879
0.968948899834879
0.968948899834879
0.968948899834879
0.968948899834879
0.968948899834879
0.968948899834879
0.968948899834879
0.968948899834879
0.968948899834879
0.968948899834879
0.968948899834879
0.968948899834879
0.968948899834879
0.968948899834879
0.968948899834879
0.968948899834879
0.968948899834879
0.968948899834879
0.968948899834879
0.968948899834879
0.968948899834879
0.899840201898567
0.899840201898567
0.899840201898567
0.899840201898567
0.899840201898567
0.899840201898567
0.899840201898567
0.899840201898567
0.899840201898567
0.899840201898567
0.899840201898567
0.899840201898567
0.899840201898567
0.899840201898567
0.899840201898567
0.899840201898567
0.899840201898567
0.899840201898567
0.899840201898567
0.899840201898567
0.899840201898567
0.899840201898567
0.899840201898567
0.899840201898567
0.899840201898567
0.899840201898567
0.899840201898567
0.899840201898567
0.899840201898567
0.899840201898567
0.899840201898567
0.899840201898567
0.899840201898567
0.899840201898567
0.899840201898567
0.899840201898567
0.899840201898567
0.872812467601166
0.872812467601166
0.872812467601166
0.872812467601166
0.872812467601166
0.872812467601166
0.872812467601166
0.872812467601166
0.872812467601166
0.872812467601166
0.872812467601166
0.872812467601166
0.872812467601166
0.872812467601166
0.872812467601166
0.872812467601166
0.872812467601166
0.872812467601166
0.872812467601166
0.872812467601166
0.872812467601166
0.872812467601166
0.872812467601166
0.872812467601166
0.872812467601166
0.872812467601166
0.872812467601166
0.872812467601166
0.872812467601166
0.872812467601166
0.872812467601166
0.872812467601166
0.872812467601166
0.872812467601166
0.872812467601166
0.872812467601166
0.872812467601166
0.872812467601166
0.872812467601166
0.872812467601166
0.872812467601166
0.872812467601166
0.872812467601166
0.872812467601166
0.872812467601166
0.872812467601166
0.872812467601166
0.872812467601166
0.872812467601166
0.872812467601166
0.872812467601166
0.872812467601166
0.872812467601166
0.872812467601166
0.872812467601166
0.872812467601166
0.872812467601166
0.872812467601166
0.872812467601166
0.872812467601166
0.872812467601166
0.872812467601166
0.872812467601166
0.872812467601166
0.872812467601166
0.872812467601166
0.872812467601166
0.872812467601166
0.872812467601166
0.872812467601166
0.872812467601166
0.872812467601166
0.872812467601166
0.872812467601166
0.872812467601166
0.872812467601166
0.872812467601166
0.872812467601166
0.872812467601166
0.872812467601166
0.871761498681827
0.871761498681827
0.871761498681827
0.871761498681827
0.871482343235707
0.871482343235707
0.871482343235707
0.871482343235707
0.871107539732624
0.871107539732624
0.871107539732624
0.871107539732624
0.871107539732624
0.871107539732624
0.871107539732624
0.871107539732624
0.871107539732624
0.871107539732624
0.871107539732624
0.871107539732624
0.871107539732624
0.871107539732624
0.871107539732624
0.871107539732624
0.871107539732624
0.871107539732624
0.871107539732624
0.871107539732624
0.871107539732624
0.871107539732624
0.871107539732624
0.871107539732624
0.871107539732624
0.871107539732624
0.871107539732624
0.871107539732624
0.871107539732624
0.871107539732624
0.871107539732624
0.871107539732624
0.871107539732624
0.871107539732624
0.871107539732624
0.871107539732624
0.871107539732624
0.871107539732624
0.871107539732624
0.871107539732624
0.871107539732624
0.871107539732624
0.871107539732624
0.871107539732624
0.871107539732624
0.871107539732624
0.871107539732624
0.871107539732624
0.871107539732624
0.871107539732624
0.871107539732624
0.871107539732624
0.871107539732624
0.871107539732624
0.871107539732624
0.871107539732624
0.871107539732624
0.871107539732624
0.871107539732624
0.871107539732624
0.871107539732624
0.871107539732624
0.871107539732624
0.871107539732624
0.871107539732624
0.871107539732624
0.871107539732624
0.871107539732624
0.871107539732624
0.871107539732624
0.871107539732624
0.871107539732624
0.871107539732624
0.871107539732624
0.871107539732624
0.871107539732624
0.871107539732624
0.871107539732624
0.871107539732624
0.871107539732624
0.871107539732624
0.871107539732624
0.871107539732624
0.871107539732624
0.871107539732624
0.871107539732624
0.871107539732624
0.871107539732624
0.871107539732624
0.871107539732624
0.871107539732624
0.871107539732624
0.871107539732624
0.871107539732624
0.871107539732624
0.871107539732624
0.871107539732624
0.871107539732624
0.871107539732624
0.871107539732624
0.871107539732624
0.871107539732624
0.871107539732624
0.871107539732624
0.871107539732624
0.871107539732624
0.871107539732624
0.871107539732624
0.871107539732624
0.871107539732624
0.871107539732624
0.871107539732624
0.871107539732624
0.871107539732624
0.871107539732624
0.871107539732624
0.871107539732624
0.871107539732624
0.871107539732624
0.871107539732624
0.871107539732624
0.871107539732624
0.871107539732624
0.871107539732624
0.871107539732624
0.871107539732624
0.871107539732624
0.871107539732624
0.871107539732624
0.871107539732624
0.871107539732624
0.871107539732624
0.871107539732624
0.871107539732624
0.871107539732624
0.871107539732624
0.871107539732624
0.871107539732624
0.871107539732624
0.871107539732624
0.871107539732624
0.871107539732624
0.871107539732624
0.871107539732624
0.871107539732624
0.871107539732624
0.871107539732624
0.871107539732624
0.871107539732624
0.871107539732624
0.871107539732624
0.871107539732624
0.871107539732624
0.871107539732624
0.871107539732624
0.871107539732624
0.871107539732624
0.871107539732624
0.871107539732624
0.871107539732624
0.871107539732624
0.871107539732624
0.871107539732624
0.871107539732624
0.871107539732624
0.871107539732624
0.871107539732624
0.871107539732624
0.871107539732624
0.871107539732624
0.871107539732624
0.871107539732624
0.871107539732624
0.871107539732624
0.871107539732624
0.871107539732624
0.871107539732624
0.871107539732624
0.871107539732624
0.871107539732624
0.871107539732624
0.871107539732624
0.871107539732624
0.871107539732624
0.871107539732624
0.871107539732624
0.871107539732624
0.871107539732624
0.871107539732624
0.871107539732624
0.871107539732624
0.871107539732624
0.871107539732624
0.871065875611245
0.871065875611245
0.871065875611245
0.871065875611245
0.871065875611245
0.871065875611245
0.871065875611245
0.871065875611245
0.871065875611245
0.871065875611245
0.871065875611245
0.871065875611245
0.871065875611245
0.871065875611245
0.871065875611245
0.871065875611245
0.871065875611245
0.871065875611245
0.871065875611245
0.871065875611245
0.871065875611245
0.871065875611245
0.871065875611245
0.871065875611245
0.871065875611245
0.871065875611245
0.871065875611245
0.871065875611245
0.871065875611245
0.871065875611245
0.871065875611245
0.871065875611245
0.871065875611245
0.871065875611245
0.871065875611245
0.871065875611245
0.871065875611245
0.871065875611245
0.871065875611245
0.871065875611245
0.871065875611245
0.871065875611245
0.871065875611245
0.871065875611245
0.871065875611245
0.871065875611245
0.871065875611245
0.871065875611245
0.871065875611245
0.871065875611245
0.871065875611245
0.871065875611245
0.871065875611245
0.871065875611245
0.871065875611245
0.871065875611245
0.871065875611245
0.871065875611245
0.871065875611245
0.871065875611245
0.871065875611245
0.871065875611245
0.871065875611245
0.871065875611245
0.871065875611245
0.871065875611245
0.871065875611245
0.871065875611245
0.871065875611245
0.871065875611245
0.871065875611245
0.871065875611245
0.871065875611245
0.871065875611245
0.871065875611245
0.871065875611245
0.871065875611245
0.871065875611245
0.871065875611245
0.871065875611245
0.871065875611245
0.871065875611245
0.871065875611245
0.871065875611245
0.871065875611245
0.871065875611245
0.871065875611245
0.871065875611245
0.871065875611245
0.871065875611245
0.871065875611245
0.871065875611245

