4.63632291173401
4.63632291173401
4.63632291173401
3.78498631077904
3.78498631077904
3.78498631077904
2.48899789120888
2.01327184892879
1.67965021815634
1.16260012485563
1.15412609450397
1.02807200211865
1.02807200211865
1.02807200211865
1.02807200211865
1.02807200211865
0.959389043465076
0.959389043465076
0.959389043465076
0.959389043465076
0.914718184682179
0.914718184682179
0.889378223415942
0.889378223415942
0.869861798048818
0.867109753443513
0.867109753443513
0.861224871110636
0.861224871110636
0.861224871110636
0.859045850559914
0.859045850559914
0.859045850559914
0.859045850559914
0.859045850559914
0.859045850559914
0.859045850559914
0.859045850559914
0.859045850559914
0.859045850559914
0.859045850559914
0.859045850559914
0.859045850559914
0.859045850559914
0.859045850559914
0.859045850559914
0.859045850559914
0.859045850559914
0.859045850559914
0.859045850559914
0.859045850559914
0.859045850559914
0.859045850559914
0.859045850559914
0.859045850559914
0.859045850559914
0.859045850559914
0.859045850559914
0.859045850559914
0.859045850559914
0.859045850559914
0.859045850559914
0.859045850559914
0.859045850559914
0.859045850559914
0.859045850559914
0.859045850559914
0.859045850559914
0.859045850559914
0.859045850559914
0.859045850559914
0.859045850559914
0.859045850559914
0.859045850559914
0.859045850559914
0.859045850559914
0.859045850559914
0.859045850559914
0.859045850559914
0.859045850559914
0.859045850559914
0.859045850559914
0.859045850559914
0.859045850559914
0.859045850559914
0.859045850559914
0.859045850559914
0.859045850559914
0.859045850559914
0.859045850559914
0.859045850559914
0.859045850559914
0.859045850559914
0.859045850559914
0.859045850559914
0.859045850559914
0.859045850559914
0.859045850559914
0.859045850559914
0.859045850559914
0.859045850559914
0.859045850559914
0.859045850559914
0.859045850559914
0.859045850559914
0.859045850559914
0.859045850559914
0.855871615076636
0.855871615076636
0.855871615076636
0.855871615076636
0.855871615076636
0.855871615076636
0.855871615076636
0.855871615076636
0.855871615076636
0.855871615076636
0.855871615076636
0.855871615076636
0.855871615076636
0.855871615076636
0.855871615076636
0.855871615076636
0.855871615076636
0.855871615076636
0.855871615076636
0.855871615076636
0.855871615076636
0.855871615076636
0.855871615076636
0.855871615076636
0.855871615076636
0.855871615076636
0.855871615076636
0.855871615076636
0.855871615076636
0.855871615076636
0.855871615076636
0.855871615076636
0.855871615076636
0.855871615076636
0.855871615076636
0.855871615076636
0.855871615076636
0.855871615076636
0.855871615076636
0.855871615076636
0.855871615076636
0.855871615076636
0.855871615076636
0.855871615076636
0.855871615076636
0.855871615076636
0.855871615076636
0.855871615076636
0.855871615076636
0.855871615076636
0.855871615076636
0.855871615076636
0.855871615076636
0.855871615076636
0.855871615076636
0.855871615076636
0.855871615076636
0.855871615076636
0.855871615076636
0.855871615076636
0.855871615076636
0.855871615076636
0.855871615076636
0.855871615076636
0.855871615076636
0.855871615076636
0.855871615076636
0.855871615076636
0.855871615076636
0.855871615076636
0.855871615076636
0.855871615076636
0.855871615076636
0.855871615076636
0.855871615076636
0.855871615076636
0.855871615076636
0.855871615076636
0.855871615076636
0.855871615076636
0.855871615076636
0.855871615076636
0.855871615076636
0.855871615076636
0.855871615076636
0.855871615076636
0.855871615076636
0.855871615076636
0.855871615076636
0.855871615076636
0.855871615076636
0.855871615076636
0.855871615076636
0.855871615076636
0.855871615076636
0.855871615076636
0.855871615076636
0.855871615076636
0.845824893169509
0.845824893169509
0.845824893169509
0.845824893169509
0.8404413768556
0.8404413768556
0.8404413768556
0.8404413768556
0.8404413768556
0.839628607087611
0.839628607087611
0.839628607087611
0.839628607087611
0.839628607087611
0.839628607087611
0.839628607087611
0.839628607087611
0.839628607087611
0.839578318591469
0.839578318591469
0.839578318591469
0.839578318591469
0.838529151759862
0.838529151759862
0.838529151759862
0.838529151759862
0.838529151759862
0.838529151759862
0.838529151759862
0.838529151759862
0.838529151759862
0.838529151759862
0.838529151759862
0.838529151759862
0.838529151759862
0.838529151759862
0.838529151759862
0.838529151759862
0.838529151759862
0.838529151759862
0.838529151759862
0.838529151759862
0.838529151759862
0.838529151759862
0.838529151759862
0.838529151759862
0.838527686796335
0.838527686796335
0.838527686796335
0.838527686796335
0.838527686796335
0.838527686796335
0.838527686796335
0.838527686796335
0.838527686796335
0.838527686796335
0.838527686796335
0.838527686796335
0.838527686796335
0.838527686796335
0.838527686796335
0.838527686796335
0.838527686796335
0.838527686796335
0.838527686796335
0.838527686796335
0.838527686796335
0.838527686796335
0.838527686796335
0.838527686796335
0.838527686796335
0.838527686796335
0.838527686796335
0.838527686796335
0.838527686796335
0.838527686796335
0.838527686796335
0.838527686796335
0.838527686796335
0.838527686796335
0.838527686796335
0.838527686796335
0.838527686796335
0.838527686796335
0.838527686796335
0.838527686796335
0.838527686796335
0.838527686796335
0.838527686796335
0.838527686796335
0.838527686796335
0.838527686796335
0.838527686796335
0.838527686796335
0.838527686796335
0.838527686796335
0.838527686796335
0.838527686796335
0.838527686796335
0.838527686796335
0.838527686796335
0.838527686796335
0.838527686796335
0.838527686796335
0.838527686796335
0.838527686796335
0.838527686796335
0.838527686796335
0.838527686796335
0.838527686796335
0.838527686796335
0.838527686796335
0.838527686796335
0.838527686796335
0.838527686796335
0.838527686796335
0.838527686796335
0.838527686796335
0.838527686796335
0.838527686796335
0.838527686796335
0.838527686796335
0.838527686796335
0.838527686796335
0.838527686796335
0.838527686796335
0.838527686796335
0.838527686796335
0.838527686796335
0.838527686796335
0.838527686796335
0.838527686796335
0.838527686796335
0.838527686796335
0.838527686796335
0.838527686796335
0.838527686796335
0.838527686796335
0.838527686796335
0.838527686796335
0.838527686796335
0.838527686796335
0.838527686796335
0.838527686796335
0.838527686796335
0.838527686796335
0.838527686796335
0.838527686796335
0.838527686796335
0.838527686796335
0.838527686796335
0.838527686796335
0.838527686796335
0.838527686796335
0.838527686796335
0.838527686796335
0.838527686796335
0.838527686796335
0.838527686796335
0.838527686793863
0.838527686793863
0.838527686793863
0.838527686793863
0.838527686793863
0.838527686793863
0.838527686793863
0.838527686793863
0.838527686793863
0.838527686793863
0.838527686793863
0.838527686793863
0.838527686793863
0.838527686793863
0.838527686793863
0.838527686793863
0.838527686793863
0.838527686793863
0.838527686793863
0.838527686793863
0.838527686793863
0.838527686793863
0.838527686793863
0.838527686793863
0.838527686793863
0.838527686793863
0.838527686793863
0.838527686793863
0.838527686793863
0.838527686793863
0.838527686793863
0.838527686793863
0.838527686793863
0.838527686793863
0.838527686793863
0.838527686793863
0.838527686793863
0.838527686793863
0.838527686793863
0.838527686793863
0.838527686793863
0.838527686793863
0.838527686793863
0.838527686793863
0.838527686793863
0.838527686793863
0.838527686793863
0.838527686793863
0.838527686793863
0.838527164109972
0.838527164109972
0.83852715257307
0.83852715257307
0.83852715257307
0.83852715257307
0.83852715257307
0.838527105482077
0.838527105482077
0.838527105482077
0.838527105482077
0.838527105482077
0.838527105482077
0.838527105482077
0.838527105482077
0.838527105482077
0.838527105482077
0.838527105482077
0.838527105482077
0.838527105482077
0.838527105482077
0.838527105482077
0.838527105482077
0.838527105482077
0.838527105482077
0.838527105482077
0.838527105482077
0.838527105482077
0.838527105482077
0.838527105482077
0.838527105482077
0.838527105482077
0.838527105482077
0.838527105482077
0.838527105482077
0.838527105482077
0.838527105482077
0.838527105482077
0.838527105482077
0.838527105482077
0.838527105482077
0.838527105482077
0.838527105482077
0.838527105482077
0.838527105482077
0.838527105482077
0.838527105482077
0.838527105482077
0.838527105482077
0.838527105482077
0.838527105482077
0.838527105482077
0.838527105482077
0.838527105482077
0.838527105482077
0.838527105482077
0.838527105482077
0.838527105482077
0.838527105482077
0.838527105482077
0.838527105482077
0.838527105482077
0.838527105482077
0.838527105482077
0.838527105482077
0.838527105482077
0.838527105482077
0.838527105482077
0.838527105482077
0.838527105482077
0.838527105482077
0.838527105482077
0.838527105482077
0.838527105482077
0.838527105482077
0.838527105482077
0.838527105482077
0.838527105482077
0.838527105482077
0.838527105482077
0.838527105482077
0.838527105482077
0.838527105482077
0.838527105482077
0.838527105482077
0.838527105482077
0.838527105482077

