6.04956440409496
5.66652168716009
5.66652168716009
5.66652168716009
5.66652168716009
3.38624171563658
3.38624171563658
2.8571885649698
2.39534482378065
2.39534482378065
1.52800683761953
1.52800683761953
1.24196977624328
1.19456342010165
0.963145996448569
0.848950064102581
0.848950064102581
0.773995175003893
0.735403584232876
0.735403584232876
0.735403584232876
0.733438937629394
0.733438937629394
0.73173157045965
0.73173157045965
0.728674766822067
0.728674766822067
0.728674766822067
0.728674766822067
0.728674766822067
0.728674766822067
0.728674766822067
0.728674766822067
0.728674766822067
0.728674766822067
0.728674766822067
0.728674766822067
0.728674766822067
0.728674766822067
0.728674766822067
0.728674766822067
0.728674766822067
0.728674766822067
0.728674766822067
0.728674766822067
0.728674766822067
0.728674766822067
0.728674766822067
0.728674766822067
0.728674766822067
0.728674766822067
0.728674766822067
0.728674766822067
0.728674766822067
0.728674766822067
0.728674766822067
0.728674766822067
0.728674766822067
0.728674766822067
0.728674766822067
0.728674766822067
0.728674766822067
0.728674766822067
0.728674766822067
0.728674766822067
0.728674766822067
0.728674766822067
0.728674766822067
0.728674766822067
0.728674766822067
0.728674766822067
0.728674766822067
0.728674766822067
0.728674766822067
0.728674766822067
0.728674766822067
0.728674766822067
0.728674766822067
0.728674766822067
0.728674766822067
0.728674766822067
0.728674766822067
0.728674766822067
0.728674766822067
0.728674766822067
0.728674766822067
0.728674766822067
0.728674766822067
0.728674766822067
0.728674766822067
0.728674766822067
0.728674766822067
0.728674766822067
0.728674766822067
0.728674766822067
0.728674766822067
0.728674766822067
0.728674766822067
0.728674766822067
0.728674766822067
0.728674766822067
0.728674766822067
0.728674766822067
0.728674766822067
0.728674766822067
0.727961853540357
0.727961853540357
0.727961853540357
0.727961853540357
0.727961853540357
0.727961853540357
0.727961853540357
0.727961853540357
0.727961853540357
0.727961853540357
0.727961853540357
0.727961853540357
0.727961853540357
0.727961853540357
0.727961853540357
0.727961853540357
0.727961853540357
0.727961853540357
0.726697774630577
0.726697774630577
0.726697774630577
0.726697774630577
0.726697774630577
0.726697774630577
0.726697774630577
0.726697774630577
0.726697774630577
0.726697774630577
0.726697774630577
0.726697774630577
0.726697774630577
0.726697774630577
0.726697774630577
0.726697774630577
0.726697774630577
0.726697774630577
0.726697774630577
0.726697774630577
0.726697774630577
0.726697774630577
0.726697774630577
0.726697774630577
0.726697774630577
0.726697774630577
0.726697774630577
0.726697774630577
0.726697774630577
0.726697774630577
0.726697774630577
0.726697774630577
0.726697774630577
0.726697774630577
0.726697774630577
0.726697774630577
0.726697774630577
0.726697774630577
0.726697774630577
0.726697774630577
0.726697774630577
0.726697774630577
0.726697774630577
0.726697774630577
0.726697774630577
0.726697774630577
0.726697774630577
0.726697774630577
0.726697774630577
0.726697774630577
0.726697774630577
0.726697774630577
0.726697774630577
0.726697774630577
0.726697774630577
0.726697774630577
0.726697774630577
0.726697774630577
0.726697774630577
0.726697774630577
0.726697774630577
0.726697774630577
0.726697774630577
0.726697774630577
0.726697774630577
0.726697774630577
0.726697774630577
0.726697774630577
0.726697774630577
0.726697774630577
0.726697774630577
0.726697774630577
0.726697774630577
0.726697774630577
0.726697774630577
0.726697774630577
0.726697774630577
0.726697774630577
0.726697774630577
0.726697774630577
0.726697774630577
0.726697774630577
0.726697774630577
0.726697774630577
0.726697774630577
0.726697774630577
0.726697774630577
0.724732739341495
0.724732739341495
0.724732739341495
0.724732739341495
0.724732739341495
0.724732739341495
0.724732739341495
0.724732739341495
0.724732739341495
0.724732739341495
0.724732739341495
0.724732739341495
0.724732739341495
0.724732739341495
0.724732739341495
0.724732739341495
0.724732739341495
0.724732739341495
0.724732739341495
0.724732739341495
0.724732739341495
0.724732739341495
0.724732739341495
0.724732739341495
0.724732739341495
0.724732739341495
0.724732739341495
0.724732739341495
0.724732739341495
0.724732739341495
0.724732739341495
0.724732739341495
0.724732739341495
0.724732739341495
0.724732739341495
0.724732739341495
0.724732739341495
0.724732739341495
0.724732739341495
0.724732739341495
0.724732739341495
0.724732739341495
0.724623126550623
0.724623126550623
0.724623126550623
0.724623126550623
0.724623126550623
0.724623126550623
0.724623126550623
0.724623126550623
0.724623126550623
0.724623126550623
0.724623126550623
0.724623126550623
0.724623126550623
0.724623126550623
0.724623126550623
0.724623126550623
0.724623126550623
0.724623126550623
0.724623126550623
0.724623126550623
0.724623126550623
0.724623126550623
0.724623126550623
0.724623126550623
0.724623126550623
0.724623126550623
0.724623126550623
0.724623126550623
0.724623126550623
0.724623126550623
0.724623126550623
0.724623126550623
0.724623126550623
0.724623126550623
0.724623126550623
0.724623126550623
0.724623126550623
0.724623126550623
0.724623126550623
0.724623126550623
0.724623126550623
0.724623126550623
0.724623126550623
0.724623126550623
0.724623126550623
0.724623126550623
0.724623126550623
0.724623126550623
0.724623126550623
0.724623126550623
0.724623126550623
0.724623126550623
0.724623126550623
0.724623126550623
0.724623126550623
0.724623126550623
0.724623126550623
0.724623126550623
0.724623126550623
0.724623126550623
0.724623126550623
0.724623126550623
0.724623126550623
0.724623126550623
0.724623126550623
0.724459848051548
0.724459848051548
0.724459848051548
0.724459848051548
0.72197887907795
0.72197887907795
0.72197887907795
0.72197887907795
0.72197887907795
0.72197887907795
0.72197887907795
0.72197887907795
0.72197887907795
0.72197887907795
0.72197887907795
0.72197887907795
0.72197887907795
0.72197887907795
0.72197887907795
0.72197887907795
0.72197887907795
0.72197887907795
0.72197887907795
0.72197887907795
0.72197887907795
0.72197887907795
0.72197887907795
0.72197887907795
0.72197887907795
0.72197887907795
0.72197887907795
0.72197887907795
0.72197887907795
0.72197887907795
0.72197887907795
0.721978879077629
0.721978879077629
0.721978879077629
0.721978879077629
0.721978879077629
0.721978879077629
0.721978879077629
0.721978879077629
0.721978879077629
0.721978879077629
0.721978879077629
0.721978879077629
0.721978879077629
0.721978879077629
0.721978879077629
0.721978879077629
0.721978879077629
0.721978879077629
0.721978879077629
0.721978879077629
0.721978879077629
0.721978879077629
0.721978879077629
0.721978879077629
0.721978879077629
0.721978879077629
0.721978879077629
0.721978879077629
0.721978879077629
0.721978879077629
0.721978879077629
0.721978879077629
0.721978879077629
0.721978879077629
0.721978879077629
0.721978879077629
0.721978879077629
0.721978879077629
0.721978879077629
0.721978879077629
0.721978879077629
0.721978879077629
0.721978879077629
0.721978879077629
0.721978879077629
0.721978879077629
0.721978879077629
0.721978879077629
0.721978879077629
0.721978879077629
0.721978879077629
0.721978879077629
0.721978879077629
0.721978879077629
0.721978879077629
0.718113088982619
0.718113088982619
0.718113088982619
0.718113088982619
0.718113088982619
0.718113088982619
0.718113088982619
0.718113088982619
0.718113088982619
0.718113088982619
0.718113088982619
0.718113088982619
0.718113088982619
0.718113088982619
0.718113088982619
0.718113088982619
0.718113088982619
0.718113088982619
0.718113088982619
0.718113088982619
0.718113088982619
0.718113088982619
0.718113088982619
0.718113088982619
0.718113088982619
0.718113088982619
0.718113088982619
0.718113088982619
0.718113088982619
0.718113088982619
0.718113088982619
0.718113088982619
0.718113088982619
0.718113088982619
0.718113088982619
0.718113088982619
0.718113088982619
0.718113088982619
0.718113088982619
0.718113088982619
0.718113088982619
0.718113088982619
0.718113088982619
0.718113088982619
0.718113088982619
0.718113088982619
0.718113088982619
0.718113088982619
0.718113088982619
0.718113088982619
0.718113088982619
0.718113088982619
0.718113088982619
0.718113088982619
0.718113088982619
0.718113088982619
0.718113088982619
0.718113088982619
0.718113088982619
0.718113088982619
0.718113088982619
0.718113088982619
0.718113088982619
0.718113088982619
0.718113088982619
0.718113088982619
0.718113088982619
0.718113088982619
0.718113088982619
0.718113088982619
0.718113088982619
0.718113088982619
0.718113088982619
0.718113088982619
0.718113088982619
0.718113088982619
0.718113088982619
0.718113088982619
0.718113088982619
0.718113088982619
0.718113088982619
0.718113088982619
0.718113088982619
0.718113088982619
0.718113088982619
0.718113088982619
0.718113088982619
0.718113088982619
0.718113088982619
0.718113088982619
0.718113088982619
0.718113088982619
0.718113088982619

