6.87276280191171
6.76401575768112
6.07304949391326
5.17784458866832
5.17784458866832
5.17784458866832
4.17922049530196
3.0006853794705
3.0006853794705
2.20558955928012
1.97053338158121
1.45774360805334
1.45774360805334
1.27107298442279
1.02969601804622
0.994818081373726
0.994818081373726
0.853225930913371
0.853225930913371
0.853225930913371
0.853225930913371
0.853225930913371
0.853225930913371
0.853225930913371
0.826672551342512
0.826672551342512
0.826672551342512
0.826672551342512
0.81476714445479
0.81476714445479
0.814020148016565
0.814020148016565
0.81332682505088
0.812473863563929
0.812473863563929
0.812473863563929
0.812473863563929
0.810857734207731
0.810857734207731
0.810857734207731
0.810857734207731
0.776685236762247
0.776685236762247
0.776685236762247
0.776685236762247
0.776685236762247
0.776685236762247
0.776685236762247
0.776685236762247
0.776685236762247
0.776685236762247
0.776685236762247
0.776685236762247
0.776685236762247
0.776685236762247
0.759429219745392
0.759429219745392
0.759429219745392
0.759429219745392
0.759429219745392
0.759429219745392
0.759429219745392
0.759429219745392
0.759429219745392
0.759429219745392
0.759429219745392
0.759429219745392
0.759429219745392
0.759429219745392
0.759429219745392
0.759429219745392
0.759429219745392
0.759429219745392
0.759429219745392
0.759429219745392
0.759429219745392
0.759429219745392
0.759429219745392
0.759429219745392
0.759429219745392
0.759429219745392
0.759429219745392
0.759429219745392
0.759429219745392
0.759429219745392
0.759429219745392
0.759429219745392
0.759429219745392
0.759429219745392
0.759429219745392
0.623342535556484
0.623342535556484
0.623342535556484
0.623342535556484
0.623342535556484
0.623342535556484
0.623342535556484
0.623342535556484
0.623342535556484
0.623342535556484
0.623342535556484
0.623342535556484
0.623342535556484
0.623342535556484
0.623342535556484
0.623342535556484
0.623342535556484
0.623342535556484
0.623342535556484
0.623342535556484
0.623342535556484
0.623342535556484
0.623342535556484
0.623342535556484
0.623342535556484
0.623342535556484
0.623342535556484
0.623342535556484
0.623342535556484
0.623342535556484
0.623342535556484
0.623342535556484
0.623342535556484
0.623342535556484
0.623342535556484
0.623342535556484
0.623342535556484
0.623342535534241
0.623342535534241
0.623342535534241
0.623342535534241
0.623342535534241
0.623342535534241
0.623342535534241
0.623342535534241
0.623342535534241
0.623342535534241
0.623342535534241
0.623342535534241
0.623342535534241
0.623342535534241
0.623342535534241
0.623342535534241
0.623342535534241
0.623342535534241
0.623342535534241
0.623342535534241
0.623342535534241
0.623342535534241
0.623342535534241
0.623342535534241
0.623342535534241
0.623342535534241
0.623342535534241
0.623342535534241
0.623342535534241
0.623342535534241
0.623342535534241
0.623342535534241
0.623342535534241
0.623342535534241
0.623342535534241
0.623342535534241
0.623342535534241
0.623342535534241
0.623342535534241
0.623342535534241
0.623342535534241
0.623342535534241
0.623342535534241
0.623342535534241
0.623342535534241
0.623342535534241
0.623342535534241
0.623342535534241
0.623342535534241
0.623342535534241
0.623342535534241
0.623342535534241
0.623342535534241
0.623342535534241
0.623342535534241
0.623342535534241
0.623342535534241
0.623342535534241
0.623342535534241
0.623342535534241
0.623342535534241
0.623342535534241
0.623342535534241
0.623342535534241
0.623342535534241
0.623342535534241
0.623342535534241
0.623342535534241
0.623342535534241
0.623342535534241
0.623342535534241
0.623342535534241
0.623342535534241
0.623342535534241
0.623342535534241
0.623342535534241
0.623342535534241
0.623342535534241
0.623342535534241
0.623342535534241
0.623342535534241
0.623342535534241
0.623342535534241
0.623342535534241
0.623342535534241
0.623076206451369
0.623076206451369
0.623076206451369
0.623076206451369
0.623076206451369
0.623076206451369
0.623076206451369
0.623076206451369
0.623076206451369
0.623076206451369
0.623076206451369
0.623076206451369
0.623076206451369
0.623076206451369
0.623076206451369
0.623076206451369
0.623076206451369
0.623076206451369
0.623076206451369
0.623076206451369
0.623076206451369
0.623076206451369
0.623076206451369
0.623076206451369
0.623076206451369
0.623076206451369
0.623076206451369
0.623076206451369
0.623076206451369
0.623076206451369
0.623076206451369
0.623076206451369
0.623076206451369
0.623076206451369
0.623076206451369
0.623076206451369
0.623076206451369
0.623076206451369
0.623076206451369
0.623076206451369
0.623076206451369
0.623076206451369
0.623076206451369
0.623076206451369
0.623076206451369
0.623076206451369
0.623076206451369
0.623076206451369
0.623076206451369
0.623076206451369
0.623076206451369
0.623076206451369
0.623076206451369
0.623076206451369
0.623076206451369
0.623076206451369
0.623076206451369
0.623076206451369
0.623076206451369
0.623076206451369
0.623076206451369
0.623076206451369
0.623076206451369
0.623076206451369
0.623076206451369
0.623076206451369
0.623076206451369
0.623076206451369
0.623076206451369
0.623076206451369
0.623076206451369
0.623076206451369
0.623076206451369
0.623076206451369
0.623076206451369
0.623076206451369
0.623076206451369
0.623076206451369
0.623076206451369
0.623076206451369
0.623076206451369
0.623076206451369
0.623076206451369
0.623076206451369
0.623076206451369
0.623076206451369
0.623076206451369
0.623076206451369
0.623076206451369
0.623076206451369
0.623076206451369
0.623076206451369
0.623076206451369
0.623076206451369
0.623076206451369
0.623076206451369
0.623076206451369
0.622807572108686
0.622807572108686
0.622807572108686
0.622807572108686
0.622807572108686
0.622807572108686
0.622807572108686
0.622807572108686
0.622807572108686
0.622807572108686
0.622807572108686
0.622807572108686
0.622807572108686
0.622807572108686
0.622807572108686
0.622807572108686
0.622807572108686
0.622807572108686
0.622807572108686
0.622807572108686
0.622807572108686
0.622807572108686
0.622807572108686
0.622807572108686
0.622807572108686
0.622807572108686
0.622807572108686
0.622807572108686
0.622807572108686
0.622807572108686
0.622807572108686
0.622807572108686
0.622807572108686
0.622807572108686
0.622807572108686
0.622807572108686
0.622807572108686
0.622807572108686
0.622807572108686
0.622807572108686
0.622807572108686
0.622807572108686
0.622807572108686
0.622807572108686
0.622807572108686
0.622807572108686
0.622807572108686
0.622807572108686
0.622807572108686
0.622807572108686
0.622807572108686
0.622807572108686
0.622807572108686
0.622807572108686
0.622807572108686
0.622807572108686
0.622807572108686
0.622807572108686
0.622807572108686
0.622807572108686
0.622807572108686
0.622807572108686
0.622807572108686
0.622807572108686
0.622807572108686
0.622807572108686
0.622807572108686
0.622807572108686
0.622807572108686
0.622807572108686
0.622807572108686
0.622807572108686
0.622807572108686
0.622807572108686
0.622807572108686
0.622807572108686
0.622807572108686
0.622807572108686
0.622807572108686
0.622807572108686
0.622807572108686
0.622807572108686
0.622807572108686
0.622807572108686
0.622807572108686
0.622807572108686
0.622807572108686
0.622807572108686
0.622807572108686
0.622807572108686
0.622807572108686
0.622807572108686
0.622807572108686
0.622807572108686
0.622807572108686
0.622807572108686
0.622807572108686
0.622807572108686
0.622807572108686
0.622807572108686
0.622807572108686
0.622807572108686
0.622807572108686
0.622807572108686
0.622807572108686
0.622807572108686
0.622807572108686
0.622807572108686
0.622807572108686
0.622807572108686
0.622807572108686
0.622807572108686
0.622807572108686
0.622807572108686
0.622807572108686
0.622807572108686
0.622807572108686
0.622807572108686
0.622807572108686
0.622807572108686
0.622807572108686
0.622807572108686
0.622807572108686
0.622807572108686
0.622807572108686
0.622807572108686
0.622807572108686
0.622807572108686
0.622807572108686
0.622807572108686
0.622807572108686
0.622807572108686
0.622807572108686
0.622807572108686
0.622807572108686
0.622807572108686
0.622807572108686
0.622807572108686
0.622807572108686
0.622807572108686
0.622807572108686
0.622807572108686
0.622807572108686
0.622807572108686
0.622807572108686
0.622807572108686
0.622807572108686
0.622807572108686
0.622807572108686
0.622807572108686
0.622807572108686
0.622807572108686
0.622807572108686
0.622807572108686
0.622807572108686
0.622807572108686
0.622807572108686
0.622807572108686
0.622807572108686
0.622807572108686
0.622807572108686
0.622807572108686
0.622807572108686
0.622807572108686
0.622807572108686
0.622807572108686
0.622807572108686
0.622807572108686
0.622807572108686
0.622807572108686
0.622807572108686
0.622807572108686
0.622807572108686
0.622807572108686
0.622807572108686
0.622807572108686
0.622807572108686
0.622807572108686
0.622807572108686
0.622807572108686
0.622807572108686
0.622807572108686
0.622807572108686
0.622807572108686
0.622807572108686
0.622807572108686
0.622807572108686
0.622807572108686
0.622807572108686
0.622807572108686
0.622807572108686

