6.42310541649824
6.42310541649824
6.42310541649824
5.56877430367695
4.6032783982642
3.76206653108109
2.95569222293153
2.95569222293153
1.83972566264485
1.66202840564984
1.66202840564984
1.39568447609258
1.10814739006454
1.10814739006454
0.925375043658265
0.925375043658265
0.925375043658265
0.873276903680381
0.87262149432845
0.845617264601883
0.845617264601883
0.845617264601883
0.845617264601883
0.845617264601883
0.843488807030161
0.843488807030161
0.843488807030161
0.843488807030161
0.843488807030161
0.843488807030161
0.8434522999516
0.8434522999516
0.843362326219767
0.843362326219767
0.843362326219767
0.843362326219767
0.843362326219767
0.843362326219767
0.843353136981922
0.843353136981922
0.843353136981922
0.843353136981922
0.843353136981922
0.843353136981922
0.843353136981922
0.843353136981922
0.843353136981922
0.843353136981922
0.843353136981922
0.843353136981922
0.843353136981922
0.843353136981922
0.843353136981922
0.843353136981922
0.843353136981922
0.843353136981922
0.843353136981922
0.84335312978438
0.84335312978438
0.84335312978438
0.84335312978438
0.84335312978438
0.84335312978438
0.84335312978438
0.84335312978438
0.84335312978438
0.84335312978438
0.84335312978438
0.84335312978438
0.843353119124505
0.843353119124505
0.843353119124505
0.843353119124505
0.843353119124505
0.843353119124505
0.843353119124505
0.843353119124505
0.843353119124505
0.843353119124505
0.843353119124505
0.843353119124505
0.843353119124505
0.843353119124505
0.843353119124505
0.843353119124505
0.843353119124505
0.843353119124505
0.843353119124505
0.843353119124505
0.843353119124505
0.843353119124505
0.843353119124505
0.843353119124505
0.843353119124505
0.843353119124505
0.843353119124505
0.843353119124505
0.843353119124505
0.843353119124505
0.843353119124505
0.843353119124505
0.843353119124505
0.843353119124505
0.843353119124505
0.843353119124505
0.843353119124505
0.843353119124505
0.843353119124505
0.843353119124505
0.843353119124505
0.843353119124505
0.843353119124505
0.843353119124505
0.843353119124505
0.843353119124505
0.843353119124505
0.843353119124505
0.843353119124505
0.843353119124505
0.843353119124505
0.843353119124505
0.843353119124505
0.843353119124505
0.843353119124505
0.843353119124505
0.843353119124505
0.843353119124505
0.843353119124505
0.843353119124505
0.843353119124505
0.843353119124505
0.843353119124505
0.843353119124505
0.843353119124505
0.843353119124505
0.843353119124505
0.843353119124505
0.843353119124505
0.843353119124505
0.843353119124505
0.843353119124505
0.843353119124505
0.843353119124505
0.843353119124505
0.843353119124505
0.843353119124505
0.843353119124505
0.843353119124505
0.843353119124505
0.843353119124505
0.843353119124505
0.843353119124505
0.843353119124505
0.843353119124505
0.843353119124505
0.843353119124505
0.843353119124505
0.843353119124505
0.843353119124505
0.843353119124505
0.843353119124505
0.843353119124505
0.843353119124505
0.843353119124505
0.843353119124505
0.843353119124505
0.843353119124505
0.843353119124505
0.843353119124505
0.843353119124505
0.843353119124505
0.843353119124505
0.843353119124505
0.843353119124505
0.843353119124505
0.843353119124505
0.843353119124505
0.843353119124505
0.843353119124505
0.843353119124505
0.843353119124505
0.843353119124505
0.843353119124505
0.843353119124505
0.843353119124505
0.843353119124505
0.843353119124505
0.843353119124505
0.843353119124505
0.843353119124505
0.843353119124505
0.843353119124505
0.843353119124505
0.843353119124505
0.843353119124505
0.843353119124505
0.843353119124505
0.843353119124505
0.843353119124505
0.843353119124505
0.843353119124505
0.843353119124505
0.843353119124505
0.843353119124505
0.843353119124505
0.843353119124505
0.843353119124505
0.843353119124505
0.843353119124505
0.843353119124505
0.843353119124505
0.843353119124505
0.843353119124505
0.843353119124505
0.843353119124505
0.843353119124505
0.843353119124505
0.843353119124505
0.843353119124505
0.843353119124505
0.843353119124505
0.843353119124505
0.843353119124505
0.843353119124505
0.843353119124505
0.843353119124505
0.843353119124505
0.843353119124505
0.843353119124505
0.843353119124505
0.843353119124505
0.843353119124505
0.843353119124505
0.843353119124505
0.843353119124505
0.843353119124505
0.843353119124505
0.843353119124505
0.843353119124505
0.843353119124505
0.843353119124505
0.843353119124505
0.843353119124505
0.843353119124505
0.843353119124505
0.843353119124505
0.843353119124505
0.843353119124505
0.843353119124505
0.843353119124505
0.843353119124505
0.843353119124505
0.843353119124505
0.843353119124505
0.843353119124505
0.843353119124505
0.843353119124505
0.843353119124505
0.843353119124505
0.843353119124505
0.843353119124505
0.843353119124505
0.843353119124505
0.843353119124505
0.843353119124505
0.843353119124505
0.843353119124505
0.843353119124505
0.843353119124505
0.843353119124505
0.843353119124505
0.843353119124505
0.843353119124505
0.843353119124505
0.843353119124505
0.843353119124505
0.843353119124505
0.843353119124505
0.843353119124505
0.843353119124505
0.843353119124505
0.843353119124505
0.843353119124505
0.843353119124505
0.843353119124505
0.843353119124505
0.843353119124505
0.843353119124505
0.843353119124505
0.843353119124505
0.843353119124505
0.843353119124505
0.843353119124505
0.843353119124505
0.843353119124505
0.843353119124505
0.843353119124505
0.843353119124505
0.843353119124505
0.843353119124505
0.843353119124505
0.843353119124505
0.843353119124505
0.843353119124505
0.843353119124505
0.843353119124505
0.843353119124505
0.843353119124505
0.843353119124505
0.843353119124505
0.843353119124505
0.843353119124505
0.843353119124505
0.843353119124505
0.843353119124505
0.843353119124505
0.843353119124505
0.843353119124505
0.843353119124505
0.843353119124505
0.843353119124505
0.843353119124505
0.843353119124505
0.843353119124505
0.843353119124505
0.843353119124505
0.843353119124505
0.843353119124505
0.843353119124505
0.843353119124505
0.843353119124505
0.843353119124505
0.843353119124505
0.843353119124505
0.843353119124505
0.843353119124505
0.843353119124505
0.843353119124505
0.843353119124505
0.843353119124505
0.843353119124505
0.843353119124505
0.843353119124505
0.843353119124505
0.843353119124505
0.843353119124505
0.843353119124505
0.843353119124505
0.843353119124505
0.843353119124505
0.843353119124505
0.843353119124505
0.843353119124505
0.843353119124505
0.843353119124505
0.843353119124505
0.843353119124505
0.843353119124505
0.843353119124505
0.843353119124505
0.843353119124505
0.843353119124505
0.843353119124505
0.843353119124505
0.843353119124505
0.843353119124505
0.843353119124505
0.843353119124505
0.843353119124505
0.843353119124505
0.843353119124505
0.843353119124505
0.843353119124505
0.843353119124505
0.843353119124505
0.843353119124505
0.843353119124505
0.843353119124505
0.843353119124505
0.843353119124505
0.843353119124505
0.843353119124505
0.843353119124505
0.843353119124505
0.843353119124505
0.843353119124505
0.843353119124505
0.843353119124505
0.843353119124505
0.843353119124505
0.843353119124505
0.843353119124505
0.843353119124505
0.843353119124505
0.843353119124505
0.843353119124505
0.843353119124505
0.843353119124505
0.843353119124505
0.843353119124505
0.843353119124505
0.843353119124505
0.843353119124505
0.843353119124505
0.843353119124505
0.843353119124505
0.843353119124505
0.843353119124505
0.843353119124505
0.843353119124505
0.843353119124505
0.843353119124505
0.843353119124505
0.843353119124505
0.843353119124505
0.843353119124505
0.843353119124505
0.843353119124505
0.843353119124505
0.843353119124505
0.843353119124505
0.843353119124505
0.843353119124505
0.843353119124505
0.843353119124505
0.843353119124505
0.843353119124505
0.843353119124505
0.843353119124505
0.843353119124505
0.843353119124505
0.843353119124505
0.843353119124505
0.843353119124505
0.843353119124505
0.843353119124505
0.843353119124505
0.843353119124505
0.843353119124505
0.843353119124505
0.843353119124505
0.843353119124505
0.843353119124505
0.843353119124505
0.843353119124505
0.843353119124505
0.843353119124505
0.843353119124505
0.843353119124505
0.843353119124505
0.843353119124505
0.843353119124505
0.843353119124505
0.843353119124505
0.843353119124505
0.843353119124505
0.843353119124505
0.843353119124505
0.843353119124505
0.843353119124505
0.843353119124505
0.843353119124505
0.843353119124505
0.843353119124505
0.843353119124505
0.843353119124505
0.843353119124505
0.843353119124505
0.843353119124505
0.843353119124505
0.843353119124505
0.843353119124505
0.843353119124505
0.843353119124505
0.843353119124505
0.843353119124505
0.843353119124505
0.843353119124505
0.843353119124505
0.843353119124505
0.843353119124505
0.843353119124505
0.843353119124505
0.843353119124505
0.843353119124505
0.843353119124505
0.843353119124505
0.843353119124505
0.843353119124505
0.843353119124505
0.843353119124505
0.843353119124505
0.843353119124505
0.843353119124505
0.843353119124505
0.843353119124505
0.843353119124505
0.843353119124505
0.843353119124505
0.843353119124505

