5.0660100331775
5.0660100331775
5.0660100331775
4.57861472029446
4.03993744117082
3.33433768929835
3.33433768929835
2.86303363254485
2.26675665899798
1.99703306704862
1.71374264798987
1.66374704895005
1.44375282065986
1.36245870769115
1.11704557559829
1.11704557559829
1.00883518635775
1.00883518635775
0.886101150377916
0.886101150377916
0.886101150377916
0.867931457019696
0.867931457019696
0.848888389248708
0.848888389248708
0.848888389248708
0.848888389248708
0.848888389248708
0.848888389248708
0.835526321400674
0.835526321400674
0.835526321400674
0.820937150293954
0.820937150293954
0.820937150293954
0.820937150293954
0.820937150293954
0.820937150293954
0.820937150293954
0.820937150293954
0.820937150293954
0.820937150293954
0.820937150293954
0.820937150293954
0.820937150293954
0.820937150293954
0.820937150293954
0.820937150293954
0.820937150293954
0.820937150293954
0.820937150293954
0.820937150293954
0.820937150293954
0.820937150293954
0.820937150293954
0.820937150293954
0.820937150293954
0.820937150293954
0.820937150293954
0.820937150293954
0.820937150293954
0.820937150293954
0.820937150293954
0.820937150293954
0.820937150293954
0.820937150293954
0.820937150293954
0.820937150293954
0.820937150293954
0.820937150293954
0.820937150293954
0.820937150293954
0.820937150293954
0.820937150293954
0.820937150293954
0.820937150293954
0.820937150293954
0.820937150293954
0.820937150293954
0.820937150293954
0.820937150293954
0.820937150293954
0.820937150293954
0.820937150293954
0.820937150293954
0.820937150293954
0.820937150293954
0.820937150293954
0.820937150293954
0.820937150293954
0.820937150293954
0.820937150293954
0.820937150293954
0.820937150293954
0.820937150293954
0.820937150293954
0.820937150293954
0.820937150293954
0.820937150293954
0.820937150293954
0.820937150293954
0.820937150293954
0.820937150293954
0.820937150293954
0.820937150293954
0.820937150293954
0.820937150293954
0.820937150293954
0.820937150293954
0.820937150293954
0.820937150293954
0.820937150293954
0.820937150293954
0.820937150293954
0.820937150293954
0.820937150293954
0.820937150293954
0.820937150293954
0.820937150293954
0.820937150293954
0.820937150293954
0.820937150293954
0.820937150293954
0.820937150293954
0.820937150293954
0.820937150293954
0.820937150293954
0.820937150293954
0.820937150293954
0.820937150293954
0.820937150293954
0.820937150293954
0.820937150293954
0.820937150293954
0.820937150293954
0.820937150293954
0.820937150293954
0.820937150293954
0.820937150293954
0.820937150293954
0.820937150293954
0.820937150293954
0.820937150293954
0.820937150293954
0.820937150293954
0.820937150293954
0.820937150293954
0.820937150293954
0.820937150293954
0.820937150293954
0.820937150293954
0.820937150293954
0.820937150293954
0.820937150293954
0.820937150293954
0.820937150293954
0.820937150293954
0.820937150293954
0.820937150293954
0.820937150293954
0.820937150293954
0.820937150293954
0.820937150293954
0.820937150293954
0.820937150293954
0.820937150293954
0.820937150293954
0.820937150293954
0.820937150293954
0.820937150293954
0.820937150293954
0.820937150293954
0.820937150293954
0.820937150293954
0.820937150293954
0.820937150293954
0.820937150293954
0.820937150293954
0.820937150293954
0.820937150293954
0.820937150293954
0.820937150293954
0.820937150293954
0.820937150293954
0.820937150293954
0.820937150293954
0.820937150293954
0.820937150293954
0.820937150293954
0.820937150293954
0.820937150293954
0.820937150293954
0.820937150293954
0.820937150293954
0.820937150293954
0.820937150293954
0.820937150293954
0.820937150293954
0.820937150293954
0.820937150293954
0.820937150293954
0.820937150293954
0.820937150293954
0.820937150293954
0.820937150293954
0.820937150293954
0.820937150293954
0.820937150293954
0.820937150293954
0.820937150293954
0.820937150293954
0.820937150293954
0.820937150293954
0.820937150293954
0.820937150293954
0.820937150293954
0.820937150293954
0.820937150293954
0.820937150293954
0.820937150293954
0.820937150293954
0.820937150293954
0.820937150293954
0.820937150293954
0.820937150293954
0.820937150293954
0.820937150293954
0.820937150293954
0.820937150293954
0.820937150293954
0.820937150293954
0.820937150293954
0.820937150293954
0.820937150293954
0.820937150293954
0.820937150293954
0.820937150293954
0.820937150293954
0.820937150293954
0.820937150293954
0.820937150293954
0.820937150293954
0.820937150293954
0.820937150293954
0.820937150293954
0.820937150293954
0.820937150293954
0.820937150293954
0.820937150293954
0.820937150293954
0.820937150293954
0.820937150293954
0.820937150293954
0.820937150293954
0.820937150293954
0.820937150293954
0.820937150293954
0.820937150293954
0.820937150293954
0.820937150293954
0.820937150293954
0.820937150293954
0.820937150293954
0.820937150293954
0.820937150293954
0.820937150293954
0.820937150293954
0.820937150293954
0.820937150293954
0.820937150293954
0.820937150293954
0.820937150293954
0.820937150293954
0.820937150293954
0.820937150293954
0.820937150293954
0.820937150293954
0.820937150293954
0.820937150293954
0.820937150293954
0.820937150293954
0.820937150293954
0.820937150293954
0.820937150293954
0.820937150293954
0.820937150293954
0.820937150293954
0.820937150293954
0.820937150293954
0.820937150293954
0.820937150293954
0.820937150293954
0.820937150293954
0.820937150293954
0.820937150293954
0.820937150293954
0.820937150293954
0.820937150293954
0.820937150293954
0.820937150293954
0.820937150293954
0.820937150293954
0.820937150293954
0.820937150293954
0.820937150293954
0.820937150293954
0.820937150293954
0.820937150293954
0.820937150293954
0.820937150293954
0.820937150293954
0.820937150293954
0.820937150293954
0.820937150293954
0.820937150293954
0.820937150293954
0.820937150293954
0.820937150293954
0.820937150293954
0.820937150293954
0.820937150293954
0.820937150293954
0.820937150293954
0.820937150293954
0.820937150293954
0.820937150293954
0.820937150293954
0.820937150293954
0.820937150293954
0.820937150293954
0.820937150293954
0.820937150293954
0.820937150293954
0.820937150293954
0.820937150293954
0.820937150293954
0.820937150293954
0.820937150293954
0.820937150293954
0.820937150293954
0.820937150293954
0.820937150293954
0.820937150293954
0.820937150293954
0.820937150293954
0.820937150293954
0.820937150293954
0.820937150293954
0.820937150293954
0.820937150293954
0.820937150293954
0.820937150293954
0.820937150293954
0.820937150293954
0.820937150293954
0.820937150293954
0.820937150293954
0.820937150293954
0.820937150293954
0.820937150293954
0.820937150293954
0.820937150293954
0.820937150293954
0.820937150293954
0.820937150293954
0.820937150293954
0.820937150293954
0.820937150293954
0.820937150293954
0.820937150293954
0.820937150293954
0.820937150293954
0.820937150293954
0.820937150293954
0.820937150293954
0.820937150293954
0.820937150293954
0.820937150293954
0.820937150293954
0.820937150293954
0.820937150293954
0.820937150293954
0.820937150293954
0.820937150293954
0.820937150293954
0.820937150293954
0.820937150293954
0.820937150293954
0.820937150293954
0.820937150293954
0.820937150293954
0.820937150293954
0.820937150293954
0.820937150293954
0.820937150293954
0.820937150293954
0.820937150293954
0.820937150293954
0.820937150293954
0.820937150293954
0.820937150293954
0.820937150293954
0.820937150293954
0.820937150293954
0.820937150293954
0.820937150293954
0.820937150293954
0.820937150293954
0.820937150293954
0.820937150293954
0.820937150293954
0.820937150293954
0.820937150293954
0.820937150293954
0.820937150293954
0.820937150293954
0.820937150293954
0.820937150293954
0.820937150293954
0.820937150293954
0.820937150293954
0.820937150293954
0.820937150293954
0.820937150293954
0.820937150293954
0.820937150293954
0.820937150293954
0.820937150293954
0.820937150293954
0.820937150293954
0.820937150293954
0.820937150293954
0.820937150293954
0.820937150293954
0.820937150293954
0.820937150293954
0.820937150293954
0.820937150293954
0.820937150293954
0.820937150293954
0.820937150293954
0.820937150293954
0.820937150293954
0.820937150293954
0.820937150293954
0.820937150293954
0.820937150293954
0.820937150293954
0.820937150293954
0.820937150293954
0.820937150293954
0.820937150293954
0.820937150293954
0.820937150293954
0.820937150293954
0.820937150293954
0.820937150293954
0.820937150293954
0.820937150293954
0.820937150293954
0.820937150293954
0.820937150293954
0.820937150293954
0.820937150293954
0.820937150293954
0.820937150293954
0.820937150293954
0.820937150293954
0.820937150293954
0.820937150293954
0.820937150293954
0.820937150293954
0.820937150293954
0.820937150293954
0.820937150293954
0.820937150293954
0.820937150293954
0.820937150293954
0.820937150293954
0.820937150293954
0.820937150293954
0.820937150293954
0.820937150293954
0.820937150293954
0.820937150293954
0.820937150293954
0.820937150293954
0.820937150293954
0.820937150293954
0.820937150293954
0.820937150293954
0.820937150293954
0.820937150293954
0.820937150293954
0.820937150293954
0.820937150293954
0.820937150293954
0.820937150293954
0.820937150293954
0.820937150293954

