5.77614312193743
5.77614312193743
4.32306268935103
3.42109512956707
2.25879800270948
1.11759452468178
0.906866696613624
0.778797649551203
0.68090945720529
0.591322914262781
0.591322914262781
0.584742295625603
0.574087921932533
0.574087921932533
0.570233646821682
0.570233646821682
0.566667064425767
0.566432273179469
0.565502658141578
0.565502658141578
0.565480882044155
0.565434056456292
0.565434056456292
0.565426915207577
0.565420668778862
0.565420668778862
0.565420046303363
0.565420046303363
0.565419740404212
0.565419740404212
0.56541973160345
0.565419499914985
0.565419499914985
0.565419499522951
0.565419497460529
0.565419497460529
0.565419497460529
0.565419497185062
0.565419496909238
0.565419496695189
0.565419496695189
0.565419496695189
0.565419496695189
0.565419496695189
0.565419496695189
0.565419496695189
0.565419496695189
0.565419496695189
0.565419496695189
0.565419496695189
0.565419496694873
0.565419496694873
0.565419496694873
0.565419496694873
0.565419496694873
0.565419496694873
0.565419496694873
0.565419496694873
0.565419496694873
0.565419496694873
0.565419496694873
0.565419496694873
0.565419496694873
0.565419496694873
0.565419496694873
0.565419496694873
0.565419496694873
0.565419496694873
0.565419496694873
0.565419496694873
0.565419496694873
0.565419496694873
0.565419496694873
0.565419496694873
0.565419496694873
0.565419496694873
0.565419496694873
0.565419496694873
0.565419496694873
0.565419496694873
0.565419496694873
0.565419496694873
0.565419496694873
0.565419496694873
0.565419496694873
0.565419496694873
0.565419496694873
0.565419496694873
0.565419496694873
0.565419496694873
0.565419496694873
0.565419496694873
0.565419496694873
0.565419496694873
0.565419496694873
0.565419496694873
0.565419496694873
0.565419496694873
0.565419496694873
0.565419496694873
0.565419496694873
0.565419496694873
0.565419496694873
0.565419496694873
0.565419496694873
0.565419496694873
0.565419496694873
0.565419496694873
0.565419496694873
0.565419496694873
0.565419496694873
0.565419496694873
0.565419496694873
0.565419496694873
0.565419496694873
0.565419496694873
0.565419496694873
0.565419496694873
0.565419496694873
0.565419496694873
0.565419496694873
0.565419496694873
0.565419496694873
0.565419496694873
0.565419496694873
0.565419496694873
0.565419496694873
0.565419496694873
0.565419496694873
0.565419496694873
0.565419496694873
0.565419496694873
0.565419496694873
0.565419496694873
0.565419496694873
0.565419496694873
0.565419496694873
0.565419496694873
0.565419496694873
0.565419496694873
0.565419496694873
0.565419496694873
0.565419496694873
0.565419496694873
0.565419496694873
0.565419496694873
0.565419496694873
0.565419496694873
0.565419496694873
0.565419496694873
0.565419496694873
0.565419496694873
0.565419496694873
0.565419496694873
0.565419496694873
0.565419496694873
0.565419496694873
0.565419496694873
0.565419496694873
0.565419496694873
0.565419496694873
0.565419496694873
0.565419496694873
0.565419496694873
0.565419496694873
0.565419496694873
0.565419496694873
0.565419496694873
0.565419496694873
0.565419496694873
0.565419496694873
0.565419496694873
0.565419496694873
0.565419496694873
0.565419496694873
0.565419496694873
0.565419496694873
0.565419496694873
0.565419496694873
0.565419496694873
0.565419496694873
0.565419496694873
0.565419496694873
0.565419496694873
0.565419496694873
0.565419496694873
0.565419496694873
0.565419496694873
0.565419496694873
0.565419496694873
0.565419496694873
0.565419496694873
0.565419496694873
0.565419496694873
0.565419496694873
0.565419496694873
0.565419496694873
0.565419496694873
0.565419496694873
0.565419496694873
0.565419496694873
0.565419496694873
0.565419496694873
0.565419496694873
0.565419496694873
0.565419496694873
0.565419496694873
0.565419496694873
0.565419496694873
0.565419496694873
0.565419496694873
0.565419496694873
0.565419496694873
0.565419496694873
0.565419496694873
0.565419496694873
0.565419496694873
0.565419496694873
0.565419496694873
0.565419496694873
0.565419496694873
0.565419496694873
0.565419496694873
0.565419496694873
0.565419496694873
0.565419496694873
0.565419496694873
0.565419496694873
0.565419496694873
0.565419496694873
0.565419496694873
0.565419496694873
0.565419496694873
0.565419496694873
0.565419496694873
0.565419496694873
0.565419496694873
0.565419496694873
0.565419496694873
0.565419496694873
0.565419496694873
0.565419496694873
0.565419496694873
0.565419496694873
0.565419496694873
0.565419496694873
0.565419496694873
0.565419496694873
0.565419496694873
0.565419496694873
0.565419496694873
0.565419496694873
0.565419496694873
0.565419496694873
0.565419496694873
0.565419496694873
0.565419496694873
0.565419496694873
0.565419496694873
0.565419496694873
0.565419496694873
0.565419496694873
0.565419496694873
0.565419496694873
0.565419496694873
0.565419496694873
0.565419496694873
0.565419496694873
0.565419496694873
0.565419496694873
0.565419496694873
0.565419496694873
0.565419496694873
0.565419496694873
0.565419496694873
0.565419496694873
0.565419496694873
0.565419496694873
0.565419496694873
0.565419496694873
0.565419496694873
0.565419496694873
0.565419496694873
0.565419496694873
0.565419496694873
0.565419496694873
0.565419496694873
0.565419496694873
0.565419496694873
0.565419496694873
0.565419496694873
0.565419496694873
0.565419496694873
0.565419496694873
0.565419496694873
0.565419496694873
0.565419496694873
0.565419496694873
0.565419496694873
0.565419496694873
0.565419496694873
0.565419496694873
0.565419496694873
0.565419496694873
0.565419496694873
0.565419496694873
0.565419496694873
0.565419496694873
0.565419496694873
0.565419496694873
0.565419496694873
0.565419496694873
0.565419496694873
0.565419496694873
0.565419496694873
0.565419496694873
0.565419496694873
0.565419496694873
0.565419496694873
0.565419496694873
0.565419496694873
0.565419496694873
0.565419496694873
0.565419496694873
0.565419496694873
0.565419496694873
0.565419496694873
0.565419496694873
0.565419496694873
0.565419496694873
0.565419496694873
0.565419496694873
0.565419496694873
0.565419496694873
0.565419496694873
0.565419496694873
0.565419496694873
0.565419496694873
0.565419496694873
0.565419496694873
0.565419496694873
0.565419496694873
0.565419496694873
0.565419496694873
0.565419496694873
0.565419496694873
0.565419496694873
0.565419496694873
0.565419496694873
0.565419496694873
0.565419496694873
0.565419496694873
0.565419496694873
0.565419496694873
0.565419496694873
0.565419496694873
0.565419496694873
0.565419496694873
0.565419496694873
0.565419496694873
0.565419496694873
0.565419496694873
0.565419496694873
0.565419496694873
0.565419496694873
0.565419496694873
0.565419496694873
0.565419496694873
0.565419496694873
0.565419496694873
0.565419496694873
0.565419496694873
0.565419496694873
0.565419496694873
0.565419496694873
0.565419496694873
0.565419496694873
0.565419496694873
0.565419496694873
0.565419496694873
0.565419496694873
0.565419496694873
0.565419496694873
0.565419496694873
0.565419496694873
0.565419496694873
0.565419496694873
0.565419496694873
0.565419496694873
0.565419496694873
0.565419496694873
0.565419496694873
0.565419496694873
0.565419496694873
0.565419496694873
0.565419496694873
0.565419496694873
0.565419496694873
0.565419496694873
0.565419496694873
0.565419496694873
0.565419496694873
0.565419496694873
0.565419496694873
0.565419496694873
0.565419496694873
0.565419496694873
0.565419496694873
0.565419496694873
0.565419496694873
0.565419496694873
0.565419496694873
0.565419496694873
0.565419496694873
0.565419496694873
0.565419496694873
0.565419496694873
0.565419496694873
0.565419496694873
0.565419496694873
0.565419496694873
0.565419496694873
0.565419496694873
0.565419496694873
0.565419496694873
0.565419496694873
0.565419496694873
0.565419496694873
0.565419496694873
0.565419496694873
0.565419496694873
0.565419496694873
0.565419496694873
0.565419496694873
0.565419496694873
0.565419496694873
0.565419496694873
0.565419496694873
0.565419496694873
0.565419496694873
0.565419496694873
0.565419496694873
0.565419496694873
0.565419496694873
0.565419496694873
0.565419496694873
0.565419496694873
0.565419496694873
0.565419496694873
0.565419496694873
0.565419496694873
0.565419496694873
0.565419496694873
0.565419496694873
0.565419496694873
0.565419496694873
0.565419496694873
0.565419496694873
0.565419496694873
0.565419496694873
0.565419496694873
0.565419496694873
0.565419496694873
0.565419496694873
0.565419496694873
0.565419496694873
0.565419496694873
0.565419496694873
0.565419496694873
0.565419496694873
0.565419496694873
0.565419496694873
0.565419496694873
0.565419496694873
0.565419496694873
0.565419496694873
0.565419496694873
0.565419496694873
0.565419496694873
0.565419496694873
0.565419496694873
0.565419496694873
0.565419496694873
0.565419496694873
0.565419496694873
0.565419496694873
0.565419496694873
0.565419496694873
0.565419496694873
0.565419496694873
0.565419496694873
0.565419496694873
0.565419496694873
0.565419496694873
0.565419496694873
0.565419496694873
0.565419496694873
0.565419496694873
0.565419496694873
0.565419496694873

