7.61016001822265
6.37516022288239
4.17034811171634
2.92031299120475
1.57468762255807
1.08004089952018
0.758399028935854
0.758399028935854
0.643604623956351
0.614917171553847
0.597970997097383
0.585775994451568
0.585775994451568
0.585775994451568
0.576504228312464
0.571232952644174
0.569529523380137
0.56863257265245
0.56787776172533
0.56787776172533
0.567805572945475
0.567751974474255
0.567751974474255
0.567747528891505
0.567746385630583
0.567745266541953
0.567745266541953
0.567745266541953
0.567745013947999
0.567744956937733
0.567744956937733
0.567744956937733
0.567744956528344
0.567744956528344
0.567744956528344
0.567744950696865
0.567744948377232
0.567744936344538
0.567744936344538
0.567744935657429
0.567744935538209
0.567744935512138
0.567744935087311
0.567744934937181
0.567744934787838
0.567744934787838
0.567744934782005
0.567744934768633
0.567744934768633
0.567744934768633
0.567744934767275
0.567744934767275
0.567744934767222
0.567744934767221
0.56774493476717
0.56774493476717
0.56774493476717
0.56774493476717
0.56774493476717
0.56774493476717
0.567744934767169
0.567744934767169
0.567744934767169
0.567744934767169
0.567744934767169
0.567744934767169
0.567744934767169
0.567744934767169
0.567744934767169
0.567744934767169
0.567744934767169
0.567744934767169
0.567744934767169
0.567744934767169
0.567744934767169
0.567744934767169
0.567744934767169
0.567744934767169
0.567744934767169
0.567744934767169
0.567744934767169
0.567744934767169
0.567744934767169
0.567744934767169
0.567744934767169
0.567744934767169
0.567744934767169
0.567744934767169
0.567744934767169
0.567744934767169
0.567744934767169
0.567744934767169
0.567744934767169
0.567744934767169
0.567744934767169
0.567744934767169
0.567744934767169
0.567744934767169
0.567744934767169
0.567744934767169
0.567744934767169
0.567744934767169
0.567744934767169
0.567744934767169
0.567744934767169
0.567744934767169
0.567744934767169
0.567744934767169
0.567744934767169
0.567744934767169
0.567744934767169
0.567744934767169
0.567744934767169
0.567744934767169
0.567744934767169
0.567744934767169
0.567744934767169
0.567744934767169
0.567744934767169
0.567744934767169
0.567744934767169
0.567744934767169
0.567744934767169
0.567744934767169
0.567744934767169
0.567744934767169
0.567744934767169
0.567744934767169
0.567744934767169
0.567744934767169
0.567744934767169
0.567744934767169
0.567744934767169
0.567744934767169
0.567744934767169
0.567744934767169
0.567744934767169
0.567744934767169
0.567744934767169
0.567744934767169
0.567744934767169
0.567744934767169
0.567744934767169
0.567744934767169
0.567744934767169
0.567744934767169
0.567744934767169
0.567744934767169
0.567744934767169
0.567744934767169
0.567744934767169
0.567744934767169
0.567744934767169
0.567744934767169
0.567744934767169
0.567744934767169
0.567744934767169
0.567744934767169
0.567744934767169
0.567744934767169
0.567744934767169
0.567744934767169
0.567744934767169
0.567744934767169
0.567744934767169
0.567744934767169
0.567744934767169
0.567744934767169
0.567744934767169
0.567744934767169
0.567744934767169
0.567744934767169
0.567744934767169
0.567744934767169
0.567744934767169
0.567744934767169
0.567744934767169
0.567744934767169
0.567744934767169
0.567744934767169
0.567744934767169
0.567744934767169
0.567744934767169
0.567744934767169
0.567744934767169
0.567744934767169
0.567744934767169
0.567744934767169
0.567744934767169
0.567744934767169
0.567744934767169
0.567744934767169
0.567744934767169
0.567744934767169
0.567744934767169
0.567744934767169
0.567744934767169
0.567744934767169
0.567744934767169
0.567744934767169
0.567744934767169
0.567744934767169
0.567744934767169
0.567744934767169
0.567744934767169
0.567744934767169
0.567744934767169
0.567744934767169
0.567744934767169
0.567744934767169
0.567744934767169
0.567744934767169
0.567744934767169
0.567744934767169
0.567744934767169
0.567744934767169
0.567744934767169
0.567744934767169
0.567744934767169
0.567744934767169
0.567744934767169
0.567744934767169
0.567744934767169
0.567744934767169
0.567744934767169
0.567744934767169
0.567744934767169
0.567744934767169
0.567744934767169
0.567744934767169
0.567744934767169
0.567744934767169
0.567744934767169
0.567744934767169
0.567744934767169
0.567744934767169
0.567744934767169
0.567744934767169
0.567744934767169
0.567744934767169
0.567744934767169
0.567744934767169
0.567744934767169
0.567744934767169
0.567744934767169
0.567744934767169
0.567744934767169
0.567744934767169
0.567744934767169
0.567744934767169
0.567744934767169
0.567744934767169
0.567744934767169
0.567744934767169
0.567744934767169
0.567744934767169
0.567744934767169
0.567744934767169
0.567744934767169
0.567744934767169
0.567744934767169
0.567744934767169
0.567744934767169
0.567744934767169
0.567744934767169
0.567744934767169
0.567744934767169
0.567744934767169
0.567744934767169
0.567744934767169
0.567744934767169
0.567744934767169
0.567744934767169
0.567744934767169
0.567744934767169
0.567744934767169
0.567744934767169
0.567744934767169
0.567744934767169
0.567744934767169
0.567744934767169
0.567744934767169
0.567744934767169
0.567744934767169
0.567744934767169
0.567744934767169
0.567744934767169
0.567744934767169
0.567744934767169
0.567744934767169
0.567744934767169
0.567744934767169
0.567744934767169
0.567744934767169
0.567744934767169
0.567744934767169
0.567744934767169
0.567744934767169
0.567744934767169
0.567744934767169
0.567744934767169
0.567744934767169
0.567744934767169
0.567744934767169
0.567744934767169
0.567744934767169
0.567744934767169
0.567744934767169
0.567744934767169
0.567744934767169
0.567744934767169
0.567744934767169
0.567744934767169
0.567744934767169
0.567744934767169
0.567744934767169
0.567744934767169
0.567744934767169
0.567744934767169
0.567744934767169
0.567744934767169
0.567744934767169
0.567744934767169
0.567744934767169
0.567744934767169
0.567744934767169
0.567744934767169
0.567744934767169
0.567744934767169
0.567744934767169
0.567744934767169
0.567744934767169
0.567744934767169
0.567744934767169
0.567744934767169
0.567744934767169
0.567744934767169
0.567744934767169
0.567744934767169
0.567744934767169
0.567744934767169
0.567744934767169
0.567744934767169
0.567744934767169
0.567744934767169
0.567744934767169
0.567744934767169
0.567744934767169
0.567744934767169
0.567744934767169
0.567744934767169
0.567744934767169
0.567744934767169
0.567744934767169
0.567744934767169
0.567744934767169
0.567744934767169
0.567744934767169
0.567744934767169
0.567744934767169
0.567744934767169
0.567744934767169
0.567744934767169
0.567744934767169
0.567744934767169
0.567744934767169
0.567744934767169
0.567744934767169
0.567744934767169
0.567744934767169
0.567744934767169
0.567744934767169
0.567744934767169
0.567744934767169
0.567744934767169
0.567744934767169
0.567744934767169
0.567744934767169
0.567744934767169
0.567744934767169
0.567744934767169
0.567744934767169
0.567744934767169
0.567744934767169
0.567744934767169
0.567744934767169
0.567744934767169
0.567744934767169
0.567744934767169
0.567744934767169
0.567744934767169
0.567744934767169
0.567744934767169
0.567744934767169
0.567744934767169
0.567744934767169
0.567744934767169
0.567744934767169
0.567744934767169
0.567744934767169
0.567744934767169
0.567744934767169
0.567744934767169
0.567744934767169
0.567744934767169
0.567744934767169
0.567744934767169
0.567744934767169
0.567744934767169
0.567744934767169
0.567744934767169
0.567744934767169
0.567744934767169
0.567744934767169
0.567744934767169
0.567744934767169
0.567744934767169
0.567744934767169
0.567744934767169
0.567744934767169
0.567744934767169
0.567744934767169
0.567744934767169
0.567744934767169
0.567744934767169
0.567744934767169
0.567744934767169
0.567744934767169
0.567744934767169
0.567744934767169
0.567744934767169
0.567744934767169
0.567744934767169
0.567744934767169
0.567744934767169
0.567744934767169
0.567744934767169
0.567744934767169
0.567744934767169
0.567744934767169
0.567744934767169
0.567744934767169
0.567744934767169
0.567744934767169
0.567744934767169
0.567744934767169
0.567744934767169
0.567744934767169
0.567744934767169
0.567744934767169
0.567744934767169
0.567744934767169
0.567744934767169
0.567744934767169
0.567744934767169
0.567744934767169
0.567744934767169
0.567744934767169
0.567744934767169
0.567744934767169
0.567744934767169
0.567744934767169
0.567744934767169
0.567744934767169
0.567744934767169
0.567744934767169
0.567744934767169
0.567744934767169
0.567744934767169
0.567744934767169
0.567744934767169
0.567744934767169
0.567744934767169
0.567744934767169
0.567744934767169
0.567744934767169
0.567744934767169
0.567744934767169
0.567744934767169
0.567744934767169
0.567744934767169
0.567744934767169
0.567744934767169
0.567744934767169
0.567744934767169
0.567744934767169
0.567744934767169
0.567744934767169
0.567744934767169
0.567744934767169
0.567744934767169
0.567744934767169
0.567744934767169
0.567744934767169
0.567744934767169
0.567744934767169
0.567744934767169
0.567744934767169
0.567744934767169
0.567744934767169

