5.427779281764
5.07754777401748
4.05058927796833
2.89738092828127
2.3337894097674
1.3607048731886
0.91716648798062
0.600910924813895
0.600910924813895
0.570195521026849
0.549818474409681
0.531050215378648
0.525989725159019
0.525989725159019
0.516112012306758
0.516112012306758
0.514652071253026
0.507088273775804
0.507088273775804
0.505621700185195
0.505621700185195
0.505621700185195
0.505447683189038
0.505424192581566
0.505424192581566
0.505424192581566
0.505419914992816
0.505419914992816
0.505417827036105
0.505417827036105
0.505417827036105
0.505417827036105
0.505417827036105
0.505417821900121
0.50541782130695
0.50541782130695
0.50541782130695
0.505417819143672
0.505417819143672
0.505417819143672
0.505417819112614
0.505417819112614
0.505417819112614
0.505417819112614
0.505417819112614
0.505417819112614
0.505417819112614
0.505417819112614
0.505417819112614
0.505417819112614
0.505417819112614
0.505417819112614
0.505417819112614
0.505417819112614
0.505417819112614
0.505417819112602
0.505417819112602
0.505417819112602
0.505417819112602
0.505417819112602
0.505417819112602
0.505417819112602
0.505417819112602
0.505417819112602
0.505417819112602
0.505417819112602
0.505417819112602
0.505417819112602
0.505417819112602
0.505417819112602
0.505417819112602
0.505417819112602
0.505417819112602
0.505417819112602
0.505417819112602
0.505417819112602
0.505417819112602
0.505417819112602
0.505417819112602
0.505417819112602
0.505417819112602
0.505417819112602
0.505417819112602
0.505417819112602
0.505417819112602
0.505417819112602
0.505417819112602
0.505417819112602
0.505417819112602
0.505417819112602
0.505417819112602
0.505417819112602
0.505417819112602
0.505417819112602
0.505417819112602
0.505417819112602
0.505417819112602
0.505417819112602
0.505417819112602
0.505417819112602
0.505417819112602
0.505417819112602
0.505417819112602
0.505417819112602
0.505417819112602
0.505417819112602
0.505417819112602
0.505417819112602
0.505417819112602
0.505417819112602
0.505417819112602
0.505417819112602
0.505417819112602
0.505417819112602
0.505417819112602
0.505417819112602
0.505417819112602
0.505417819112602
0.505417819112602
0.505417819112602
0.505417819112602
0.505417819112602
0.505417819112602
0.505417819112602
0.505417819112602
0.505417819112602
0.505417819112602
0.505417819112602
0.505417819112602
0.505417819112602
0.505417819112602
0.505417819112602
0.505417819112602
0.505417819112602
0.505417819112602
0.505417819112602
0.505417819112602
0.505417819112602
0.505417819112602
0.505417819112602
0.505417819112602
0.505417819112602
0.505417819112602
0.505417819112602
0.505417819112602
0.505417819112602
0.505417819112602
0.505417819112602
0.505417819112602
0.505417819112602
0.505417819112602
0.505417819112602
0.505417819112602
0.505417819112602
0.505417819112602
0.505417819112602
0.505417819112602
0.505417819112602
0.505417819112602
0.505417819112602
0.505417819112602
0.505417819112602
0.505417819112602
0.505417819112602
0.505417819112602
0.505417819112602
0.505417819112602
0.505417819112602
0.505417819112602
0.505417819112602
0.505417819112602
0.505417819112602
0.505417819112602
0.505417819112602
0.505417819112602
0.505417819112602
0.505417819112602
0.505417819112602
0.505417819112602
0.505417819112602
0.505417819112602
0.505417819112602
0.505417819112602
0.505417819112602
0.505417819112602
0.505417819112602
0.505417819112602
0.505417819112602
0.505417819112602
0.505417819112602
0.505417819112602
0.505417819112602
0.505417819112602
0.505417819112602
0.505417819112602
0.505417819112602
0.505417819112602
0.505417819112602
0.505417819112602
0.505417819112602
0.505417819112602
0.505417819112602
0.505417819112602
0.505417819112602
0.505417819112602
0.505417819112602
0.505417819112602
0.505417819112602
0.505417819112602
0.505417819112602
0.505417819112602
0.505417819112602
0.505417819112602
0.505417819112602
0.505417819112602
0.505417819112602
0.505417819112602
0.505417819112602
0.505417819112602
0.505417819112602
0.505417819112602
0.505417819112602
0.505417819112602
0.505417819112602
0.505417819112602
0.505417819112602
0.505417819112602
0.505417819112602
0.505417819112602
0.505417819112602
0.505417819112602
0.505417819112602
0.505417819112602
0.505417819112602
0.505417819112602
0.505417819112602
0.505417819112602
0.505417819112602
0.505417819112602
0.505417819112602
0.505417819112602
0.505417819112602
0.505417819112602
0.505417819112602
0.505417819112602
0.505417819112602
0.505417819112602
0.505417819112602
0.505417819112602
0.505417819112602
0.505417819112602
0.505417819112602
0.505417819112602
0.505417819112602
0.505417819112602
0.505417819112602
0.505417819112602
0.505417819112602
0.505417819112602
0.505417819112602
0.505417819112602
0.505417819112602
0.505417819112602
0.505417819112602
0.505417819112602
0.505417819112602
0.505417819112602
0.505417819112602
0.505417819112602
0.505417819112602
0.505417819112602
0.505417819112602
0.505417819112602
0.505417819112602
0.505417819112602
0.505417819112602
0.505417819112602
0.505417819112602
0.505417819112602
0.505417819112602
0.505417819112602
0.505417819112602
0.505417819112602
0.505417819112602
0.505417819112602
0.505417819112602
0.505417819112602
0.505417819112602
0.505417819112602
0.505417819112602
0.505417819112602
0.505417819112602
0.505417819112602
0.505417819112602
0.505417819112602
0.505417819112602
0.505417819112602
0.505417819112602
0.505417819112602
0.505417819112602
0.505417819112602
0.505417819112602
0.505417819112602
0.505417819112602
0.505417819112602
0.505417819112602
0.505417819112602
0.505417819112602
0.505417819112602
0.505417819112602
0.505417819112602
0.505417819112602
0.505417819112602
0.505417819112602
0.505417819112602
0.505417819112602
0.505417819112602
0.505417819112602
0.505417819112602
0.505417819112602
0.505417819112602
0.505417819112602
0.505417819112602
0.505417819112602
0.505417819112602
0.505417819112602
0.505417819112602
0.505417819112602
0.505417819112602
0.505417819112602
0.505417819112602
0.505417819112602
0.505417819112602
0.505417819112602
0.505417819112602
0.505417819112602
0.505417819112602
0.505417819112602
0.505417819112602
0.505417819112602
0.505417819112602
0.505417819112602
0.505417819112602
0.505417819112602
0.505417819112602
0.505417819112602
0.505417819112602
0.505417819112602
0.505417819112602
0.505417819112602
0.505417819112602
0.505417819112602
0.505417819112602
0.505417819112602
0.505417819112602
0.505417819112602
0.505417819112602
0.505417819112602
0.505417819112602
0.505417819112602
0.505417819112602
0.505417819112602
0.505417819112602
0.505417819112602
0.505417819112602
0.505417819112602
0.505417819112602
0.505417819112602
0.505417819112602
0.505417819112602
0.505417819112602
0.505417819112602
0.505417819112602
0.505417819112602
0.505417819112602
0.505417819112602
0.505417819112602
0.505417819112602
0.505417819112602
0.505417819112602
0.505417819112602
0.505417819112602
0.505417819112602
0.505417819112602
0.505417819112602
0.505417819112602
0.505417819112602
0.505417819112602
0.505417819112602
0.505417819112602
0.505417819112602
0.505417819112602
0.505417819112602
0.505417819112602
0.505417819112602
0.505417819112602
0.505417819112602
0.505417819112602
0.505417819112602
0.505417819112602
0.505417819112602
0.505417819112602
0.505417819112602
0.505417819112602
0.505417819112602
0.505417819112602
0.505417819112602
0.505417819112602
0.505417819112602
0.505417819112602
0.505417819112602
0.505417819112602
0.505417819112602
0.505417819112602
0.505417819112602
0.505417819112602
0.505417819112602
0.505417819112602
0.505417819112602
0.505417819112602
0.505417819112602
0.505417819112602
0.505417819112602
0.505417819112602
0.505417819112602
0.505417819112602
0.505417819112602
0.505417819112602
0.505417819112602
0.505417819112602
0.505417819112602
0.505417819112602
0.505417819112602
0.505417819112602
0.505417819112602
0.505417819112602
0.505417819112602
0.505417819112602
0.505417819112602
0.505417819112602
0.505417819112602
0.505417819112602
0.505417819112602
0.505417819112602
0.505417819112602
0.505417819112602
0.505417819112602
0.505417819112602
0.505417819112602
0.505417819112602
0.505417819112602
0.505417819112602
0.505417819112602
0.505417819112602
0.505417819112602
0.505417819112602
0.505417819112602
0.505417819112602
0.505417819112602
0.505417819112602
0.505417819112602
0.505417819112602
0.505417819112602
0.505417819112602
0.505417819112602
0.505417819112602
0.505417819112602
0.505417819112602
0.505417819112602
0.505417819112602
0.505417819112602
0.505417819112602
0.505417819112602
0.505417819112602
0.505417819112602
0.505417819112602
0.505417819112602
0.505417819112602
0.505417819112602
0.505417819112602
0.505417819112602
0.505417819112602
0.505417819112602
0.505417819112602
0.505417819112602
0.505417819112602
0.505417819112602
0.505417819112602
0.505417819112602
0.505417819112602
0.505417819112602
0.505417819112602
0.505417819112602
0.505417819112602
0.505417819112602
0.505417819112602
0.505417819112602
0.505417819112602
0.505417819112602
0.505417819112602

