6.71119003981842
6.71119003981842
5.84405391407992
4.86612748650062
4.44919332687711
4.28948901649604
4.11855391759824
3.55194831628788
2.75775938617763
2.22396086034935
2.22396086034935
1.66219000211112
1.29973404903613
1.29973404903613
1.15056474766177
1.13140427325078
1.13140427325078
0.977939604850824
0.92989054215531
0.92989054215531
0.805348206688369
0.805348206688369
0.805348206688369
0.805348206688369
0.805348206688369
0.805348206688369
0.805348206688369
0.7181456065703
0.7181456065703
0.71503929301522
0.67596227589367
0.635742603697337
0.635742603697337
0.635742603697337
0.635742603697337
0.557369883348768
0.557369883348768
0.557369883348768
0.557369883348768
0.557369883348768
0.557369883348768
0.557369883348768
0.557369883348768
0.557369883348768
0.557369883348768
0.557285305185638
0.557285305185638
0.557285305185638
0.557285305185638
0.557285305185638
0.557285305185638
0.557285305185638
0.557285305185638
0.557285305185638
0.557285305185638
0.557285305185638
0.557285305185638
0.557285305185638
0.557285305185638
0.557285305185638
0.557285305185638
0.557285305185638
0.557285305185638
0.557285305185638
0.557285305185638
0.557285305185638
0.557285305185638
0.557285305185638
0.557285305185638
0.557285305185638
0.557285305185638
0.557285305185638
0.557285305185638
0.557285305185638
0.557285305185638
0.557285305185638
0.557285305185638
0.557285305185638
0.557285305185638
0.557285305185638
0.557285305185638
0.557285305185638
0.557285305185638
0.557285305185638
0.557285305185638
0.557285305185638
0.557285305185638
0.557285305185638
0.557285305185638
0.557285305185638
0.557285305185638
0.557285305185638
0.557285305185638
0.557285305185638
0.557285305185638
0.557285305185638
0.557285305185638
0.557285305185638
0.557285305185638
0.557285305185638
0.557285305185638
0.557285305185638
0.557285305185638
0.557285305185638
0.557285305185638
0.557285305185638
0.557285305185638
0.557285305185638
0.557284395702935
0.557284395702935
0.557284395702935
0.557284395702935
0.557284395702935
0.557284395702935
0.557284395702935
0.557284395702935
0.557284395702935
0.557284395702935
0.557284395702935
0.557284395702935
0.557284395702935
0.557284395702935
0.557284395702935
0.557284395702935
0.557284395702935
0.557284395702935
0.557284395702935
0.557284395702935
0.557284395702935
0.557284395702935
0.557284395702935
0.557284395702935
0.557284395702935
0.557284395702935
0.557284395702935
0.557284395702935
0.557284395702935
0.557284395702935
0.557284395702935
0.557284395702935
0.557284395702935
0.557284395702935
0.557284395702935
0.557284395702935
0.557284395702935
0.557284395702935
0.557284395702935
0.557284395702935
0.557284395702935
0.557284395702935
0.557284395702935
0.557284395702935
0.557284395702935
0.557284395702935
0.557284395702935
0.557284395702935
0.557284395702935
0.557284395702935
0.557284395702935
0.557284395702935
0.557284395702935
0.557284395702935
0.557284395702935
0.557284395702935
0.557284395702935
0.557284395702935
0.557284395702935
0.557284395702935
0.557284395702935
0.557284395702935
0.557284395702935
0.557284395702935
0.557284395702935
0.557284395702935
0.557284395702935
0.557284395702935
0.557284395702935
0.557284395702935
0.557284395702935
0.557284395702935
0.557284395702935
0.557284395702935
0.557284395702935
0.557284395702935
0.557284395702935
0.557284395702935
0.557284395702935
0.557284395702935
0.557284395702935
0.557284395702935
0.557284395702935
0.557284395702935
0.557284395702935
0.557284395702935
0.557284395702935
0.557284395702935
0.557284395702935
0.557284395702935
0.557284395702935
0.557284395702935
0.557284395702935
0.557284395702935
0.557284395702935
0.557284395702935
0.557284395702935
0.557284395702935
0.557284395702935
0.557284395702935
0.557284395702935
0.557284395702935
0.557284395702935
0.557284395702935
0.557284395702935
0.557284395702935
0.557284395702935
0.557284395702935
0.557284395702935
0.557284395702935
0.557284395702935
0.557284395702935
0.557284395702935
0.557284395702935
0.557284395702935
0.557284395702935
0.557284395702935
0.557284395702935
0.557284395702935
0.557284395702935
0.557284395702935
0.557284395702935
0.557284395702935
0.557284395702935
0.557284395702935
0.557284395702935
0.557284395702935
0.557284395702935
0.557284395702935
0.557284395702935
0.557284395702935
0.557284395702935
0.557284395702935
0.557284395702935
0.557284395702935
0.557284395702935
0.557284395702935
0.557284395702935
0.557284395702935
0.557284395702935
0.557284395702935
0.557284395702935
0.557284395702935
0.557284395702935
0.557284395702935
0.557284395702935
0.557284395702935
0.557284395702935
0.557284395702935
0.557284395702935
0.557284395702935
0.557284395702935
0.557284395702935
0.557284395702935
0.557284395702935
0.557284395702935
0.557284395702935
0.557284395702935
0.557284395702935
0.557284395702935
0.557284395702935
0.557284395702935
0.557284395702935
0.557284395702935
0.557284395702935
0.557284395702935
0.557284395702935
0.557284395702935
0.557284395702935
0.557284395702935
0.557284395702935
0.557284395702935
0.557284395702935
0.557284395702935
0.557284395702935
0.557284395702935
0.557284395702935
0.557284395702935
0.557284395702935
0.557284395702935
0.557284395702935
0.557284395702935
0.557284395702935
0.557284395702935
0.557284395702935
0.557284395702935
0.557284395702935
0.557284395702935
0.557284395702935
0.557284395702935
0.557284395702935
0.557284395702935
0.557284395702935
0.557284395702935
0.557284395702935
0.557284395702935
0.557284395702935
0.557284395702935
0.557284395702935
0.557284395702935
0.557284395702935
0.557284395702935
0.557284395702935
0.557284395702935
0.557284395702935
0.557284395702935
0.557284395702935
0.557284395702935
0.557284395702935
0.557284395702935
0.557284395702935
0.557284395702935
0.557284395702935
0.557284395702935
0.557284395702935
0.557284395702935
0.557284395702935
0.557284395702935
0.557284395702935
0.557284395702935
0.557284395702935
0.557284395702935
0.557284395702935
0.557284395702935
0.557284395702935
0.557284395702935
0.557284395702935
0.557284395702935
0.557284395702935
0.557284395702935
0.557284395702935
0.557284395702935
0.557284395702935
0.557284395702935
0.557284395702935
0.557284395702935
0.557284395702935
0.557284395702935
0.557284395702935
0.557284395702935
0.557284395702935
0.557284395702935
0.557284395702935
0.557284395702935
0.557284395702935
0.557284395702935
0.557284395702935
0.557284395702935
0.557284395702935
0.557284395702935
0.557284395702935
0.557284395702935
0.557284395702935
0.557284395702935
0.557284395702935
0.557284395702935
0.557284395702935
0.557284395702935
0.557284395702935
0.557284395702935
0.557284395702935
0.557284395702935
0.557284395702935
0.557284395702935
0.557284395702935
0.557284395702935
0.557284395702935
0.557284395702935
0.557284395702935
0.557284395702935
0.557284395702935
0.557284395702935
0.557284395702935
0.557284395702935
0.557284395702935
0.557284395702935
0.557284395702935
0.557284395702935
0.557284395702935
0.557284395702935
0.557284395702935
0.557284395702935
0.557284395702935
0.557284395702935
0.557284395702935
0.557284395702935
0.557284395702935
0.557284395702935
0.557284395702935
0.557284395702935
0.557284395702935
0.557284395702935
0.557284395702935
0.557284395702935
0.557284395702935
0.557284395702935
0.557284395702935
0.557284395702935
0.557284395702935
0.557284395702935
0.557284395702935
0.557284395702935
0.557284395702935
0.557284395702935
0.557284395702935
0.557284395702935
0.557284395702935
0.557284395702935
0.557284395702935
0.557284395702935
0.557284395702935
0.557284395702935
0.557284395702935
0.557284395702935
0.557284395702935
0.557284395702935
0.557284395702935
0.557284395702935
0.557284395702935
0.557284395702935
0.557284395702935
0.557284395702935
0.557284395702935
0.557284395702935
0.557284395702935
0.557284395702935
0.557284395702935
0.557284395702935
0.557284395702935
0.557284395702935
0.557284395702935
0.557284395702935
0.557284395702935
0.557284395702935
0.557284395702935
0.557284395702935
0.557284395702935
0.557284395702935
0.557284395702935
0.557284395702935
0.557284395702935
0.557284395702935
0.557284395702935
0.557284395702935
0.557284395702935
0.557284395702935
0.557284395702935
0.557284395702935
0.557284395702935
0.557284395702935
0.557284395702935
0.557284395702935
0.557284395702935
0.557284395702935
0.557284395702935
0.557284395702935
0.557284395702935
0.557284395702935
0.557284395702935
0.557284395702935
0.557284395702935
0.557284395702935
0.557284395702935
0.557284395702935
0.557284395702935
0.557284395702935
0.557284395702935
0.557284395702935
0.557284395702935
0.557284395702935
0.557284395702935
0.557284395702935
0.557284395702935
0.557284395702935
0.557284395702935
0.557284395702935
0.557284395702935
0.557284395702935
0.557284395702935
0.557284395702935
0.557284395702935
0.557284395702935
0.557284395702935
0.557284395702935
0.557284395702935
0.557284395702935
0.557284395702935
0.557284395702935
0.557284395702935
0.557284395702935
0.557284395702935
0.557284395702935

