5.25904182090065
5.25904182090065
5.25904182090065
5.25904182090065
4.96520923940337
3.76291230344828
3.29861413203784
2.43085119748322
2.25820339273885
1.61530799590721
1.3435291912015
1.18313688743149
0.985609254495503
0.985609254495503
0.985609254495503
0.985609254495503
0.985609254495503
0.985609254495503
0.985609254495503
0.985609254495503
0.972967946306742
0.956587304216443
0.956587304216443
0.812667240102869
0.812667240102869
0.812667240102869
0.812667240102869
0.812667240102869
0.812667240102869
0.812667240102869
0.812667240102869
0.812667240102869
0.811674803622434
0.811674803622434
0.811674803622434
0.811674803622434
0.811674803622434
0.811674803622434
0.811674803622434
0.811673931923721
0.811673931923721
0.811673245883206
0.811673245883206
0.807617003585994
0.807617003585994
0.804019181831062
0.804019181831062
0.804019181831062
0.804019181831062
0.804019181831062
0.804019181831062
0.804019181831062
0.804019181831062
0.804019181831062
0.804019181831062
0.804019181831062
0.804019181831062
0.804019181831062
0.804019181831062
0.804019181831062
0.804019181831062
0.804019181831062
0.804019181831062
0.804019181831062
0.804019181831062
0.804019181831062
0.804019181831062
0.804019181831062
0.804019181831062
0.804019181831062
0.804019181831062
0.804019181831062
0.804019181831062
0.804019181831062
0.804019181831062
0.804019181831062
0.804019181831062
0.804019181831062
0.804019181831062
0.804019181831062
0.804019181831062
0.804019181831062
0.804019181831062
0.804019181831062
0.804019181831062
0.804019181831062
0.804019181831062
0.804019181831062
0.804019181831062
0.804019181831062
0.804019181831062
0.804019181831062
0.804019181831062
0.804019181831062
0.804019181831062
0.804019181831062
0.804019181831062
0.804019181831062
0.804019181831062
0.804019181831062
0.804019181831062
0.804019181831062
0.804019181831062
0.804019181831062
0.804019181831062
0.804019181831062
0.804019181831062
0.804019181831062
0.804019181831062
0.804019181831062
0.804019181831062
0.804019181831062
0.804019181831062
0.804019181831062
0.804019181831062
0.804019181831062
0.804019181831062
0.804019181831062
0.804019181831062
0.804019181831062
0.804019181831062
0.804019181831062
0.804019181831062
0.804019181831062
0.804019181831062
0.804019181831062
0.804019181831062
0.804019181831062
0.804019181831062
0.804019181831062
0.804019181831062
0.804019181831062
0.804019181831062
0.804019181831062
0.804019181831062
0.804019181831062
0.804019181831062
0.804019181831062
0.804019181831062
0.804019181831062
0.804019181831062
0.804019181831062
0.804019181831062
0.804019181831062
0.804019181831062
0.804019181831062
0.804019181831062
0.804019181831062
0.804019181831062
0.804019181831062
0.804019181831062
0.804019181831062
0.804019181831062
0.804019181831062
0.804019181831062
0.804019181831062
0.804019181831062
0.804019181831062
0.804019181831062
0.804019181831062
0.804019181831062
0.804019181831062
0.804019181831062
0.804019181831062
0.804019181831062
0.804019181831062
0.804019181831062
0.804019181831062
0.804019181831062
0.804019181831062
0.804019181831062
0.804019181831062
0.804019181831062
0.804019181831062
0.804019181831062
0.804019181831062
0.804019181831062
0.804019181831062
0.804019181831062
0.804019181831062
0.804019181831062
0.804019181831062
0.804019181831062
0.804019181831062
0.804019181831062
0.804019181831062
0.804019181831062
0.804019181831062
0.804019181831062
0.804019181831062
0.804019181831062
0.804019181831062
0.804019181831062
0.804019181831062
0.804019181831062
0.804019181831062
0.804019181831062
0.804019181831062
0.804019181831062
0.804019181831062
0.804019181831062
0.804019181831062
0.804019181831062
0.804019181831062
0.804019181831062
0.804019181831062
0.804019181831062
0.804019181831062
0.804019181831062
0.804019181831062
0.804019181831062
0.804019181831062
0.804019181831062
0.804019181831062
0.804019181831062
0.804019181831062
0.804019181831062
0.804019181831062
0.804019181831062
0.804019181831062
0.804019181831062
0.804019181831062
0.804019181831062
0.804019181831062
0.804019181831062
0.804019181831062
0.804019181831062
0.804019181831062
0.804019181831062
0.804019181831062
0.804019181831062
0.804019181831062
0.804019181831062
0.804019181831062
0.804019181831062
0.804019181831062
0.804019181831062
0.804019181831062
0.804019181831062
0.804019181831062
0.804019181831062
0.804019181831062
0.804019181831062
0.804019181831062
0.804019181831062
0.804019181831062
0.804019181831062
0.804019181831062
0.804019181831062
0.804019181831062
0.804019181831062
0.804019181831062
0.804019181831062
0.804019181831062
0.804019181831062
0.804019181831062
0.804019181831062
0.804019181831062
0.804019181831062
0.804019181831062
0.804019181831062
0.804019181831062
0.804019181831062
0.804019181831062
0.804019181831062
0.804019181831062
0.804019181831062
0.804019181831062
0.804019181831062
0.804019181831062
0.804019181831062
0.804019181831062
0.804019181831062
0.804019181831062
0.804019181831062
0.804019181831062
0.804019181831062
0.804019181831062
0.804019181831062
0.804019181831062
0.804019181831062
0.804019181831062
0.804019181831062
0.804019181831062
0.804019181831062
0.804019181831062
0.804019181831062
0.804019181831062
0.804019181831062
0.804019181831062
0.804019181831062
0.804019181831062
0.804019181831062
0.804019181831062
0.804019181831062
0.804019181831062
0.804019181831062
0.804019181831062
0.804019181831062
0.804019181831062
0.804019181831062
0.804019181831062
0.804019181831062
0.804019181831062
0.804019181831062
0.804019181831062
0.804019181831062
0.804019181831062
0.804019181831062
0.804019181831062
0.804019181831062
0.804019181831062
0.804019181831062
0.804019181831062
0.804019181831062
0.804019181831062
0.804019181831062
0.804019181831062
0.804019181831062
0.804019181831062
0.804019181831062
0.804019181831062
0.804019181831062
0.804019181831062
0.804019181831062
0.804019181831062
0.804019181831062
0.804019181831062
0.804019181831062
0.804019181831062
0.804019181831062
0.804019181831062
0.804019181831062
0.804019181831062
0.804019181831062
0.804019181831062
0.804019181831062
0.804019181831062
0.804019181831062
0.804019181831062
0.804019181831062
0.804019181831062
0.804019181831062
0.804019181831062
0.804019181831062
0.804019181831062
0.804019181831062
0.804019181831062
0.804019181831062
0.804019181831062
0.804019181831062
0.804019181831062
0.804019181831062
0.804019181831062
0.804019181831062
0.804019181831062
0.804019181831062
0.804019181831062
0.804019181831062
0.804019181831062
0.804019181831062
0.804019181831062
0.804019181831062
0.804019181831062
0.804019181831062
0.804019181831062
0.804019181831062
0.804019181831062
0.804019181831062
0.804019181831062
0.804019181831062
0.804019181831062
0.804019181831062
0.804019181831062
0.804019181831062
0.804019181831062
0.804019181831062
0.804019181831062
0.804019181831062
0.804019181831062
0.804019181831062
0.804019181831062
0.804019181831062
0.804019181831062
0.804019181831062
0.804019181831062
0.804019181831062
0.804019181831062
0.804019181831062
0.804019181831062
0.804019181831062
0.804019181831062
0.804019181831062
0.804019181831062
0.804019181831062
0.804019181831062
0.804019181831062
0.804019181831062
0.804019181831062
0.804019181831062
0.804019181831062
0.804019181831062
0.804019181831062
0.804019181831062
0.804019181831062
0.804019181831062
0.804019181831062
0.804019181831062
0.804019181831062
0.804019181831062
0.804019181831062
0.804019181831062
0.804019181831062
0.804019181831062
0.804019181831062
0.804019181831062
0.804019181831062
0.804019181831062
0.804019181831062
0.804019181831062
0.804019181831062
0.804019181831062
0.804019181831062
0.804019181831062
0.804019181831062
0.804019181831062
0.804019181831062
0.804019181831062
0.804019181831062
0.804019181831062
0.804019181831062
0.804019181831062
0.804019181831062
0.804019181831062
0.804019181831062
0.804019181831062
0.804019181831062
0.804019181831062
0.804019181831062
0.804019181831062
0.804019181831062
0.804019181831062
0.804019181831062
0.804019181831062
0.804019181831062
0.804019181831062
0.804019181831062
0.804019181831062
0.804019181831062
0.804019181831062
0.804019181831062
0.804019181831062
0.804019181831062
0.804019181831062
0.804019181831062
0.804019181831062
0.804019181831062
0.804019181831062
0.804019181831062
0.804019181831062
0.804019181831062
0.804019181831062
0.804019181831062
0.804019181831062
0.804019181831062
0.804019181831062
0.804019181831062
0.804019181831062
0.804019181831062
0.804019181831062
0.804019181831062
0.804019181831062
0.804019181831062
0.804019181831062
0.804019181831062
0.804019181831062
0.804019181831062
0.804019181831062
0.804019181831062
0.804019181831062
0.804019181831062
0.804019181831062
0.804019181831062
0.804019181831062
0.804019181831062
0.804019181831062
0.804019181831062
0.804019181831062
0.804019181831062
0.804019181831062
0.804019181831062
0.804019181831062
0.804019181831062
0.804019181831062
0.804019181831062
0.804019181831062
0.804019181831062
0.804019181831062
0.804019181831062
0.804019181831062

