0.164895839642865
0.0869900685880168
0.0869900685880168
0.0598113597364795
0.0582893683368736
0.0582893683368736
0.0582893683368736
0.0529839649738247
0.0176550426495526
0.0159715418992087
0.00563084255593282
0.00101347467472457
0.00031707374978962
0.00028916771901083
0.000168566002247128
7.69162511523591E-05
3.99965817716452E-05
1.09491640873649E-05
6.85707365569166E-06
5.2863855964369E-06
4.66956059141932E-06
2.40815042248932E-06
1.8699809326006E-07
1.8699809326006E-07
1.65649507888332E-07
1.24906170712036E-07
8.00003182588327E-08
8.00003182588327E-08
7.47560282565729E-08
6.94465277228939E-08
5.56753283753597E-08
5.4876717864305E-08
5.47374247039656E-08
5.39369488516961E-08
5.33972850658149E-08
5.05177097376297E-08
4.78201978015846E-08
3.83907981238441E-08
3.8090754272968E-08
3.75236378080679E-08
3.74726515095514E-08
3.74726515095514E-08
3.73816533560944E-08
3.73552260513055E-08
3.72726828290482E-08
3.72693769179477E-08
3.72683922889028E-08
3.72668784442975E-08
3.7266699476346E-08
3.72663905290338E-08
3.72662844749794E-08
3.72662242453803E-08
3.72662097847254E-08
3.72662040670768E-08
3.72661959069376E-08
3.72661926317797E-08
3.72661926317797E-08
3.72661926317797E-08
3.72661917436012E-08
3.72661907999117E-08
3.72661905223559E-08
3.72661904113336E-08
3.72661904113336E-08
3.72661904113336E-08
3.72661904113336E-08
3.72661903558225E-08
3.72661903558225E-08
3.72661903558225E-08
3.72661903558225E-08
3.72661903558225E-08
3.72661903558225E-08
3.72661903558225E-08
3.72661903558225E-08
3.72661903558225E-08
3.72661903558225E-08
3.72661903558225E-08
3.72661903558225E-08
3.72661903558225E-08
3.72661903558225E-08
3.72661903558225E-08
3.72661903558225E-08
3.72661903558225E-08
3.72661903558225E-08
3.72661903558225E-08
3.72661903558225E-08
3.72661903558225E-08
3.72661903558225E-08
3.72661903558225E-08
3.72661903558225E-08
3.72661903558225E-08
3.72661903558225E-08
3.72661903558225E-08
3.72661903558225E-08
3.72661903558225E-08
3.72661903558225E-08
3.72661903558225E-08
3.72661903558225E-08
3.72661903558225E-08
3.72661903558225E-08
3.72661903558225E-08
3.72661903558225E-08
3.72661903558225E-08
3.72661903558225E-08
3.72661903558225E-08
3.72661903558225E-08
3.72661903558225E-08
3.72661903558225E-08
3.72661903558225E-08
3.72661903558225E-08
3.72661903558225E-08
2.04113993317725E-15
2.04113993317725E-15
2.04113993317725E-15
2.04113993317725E-15
2.04113993317725E-15
2.04113993317725E-15
2.04113993317725E-15
2.04113993317725E-15
2.04113993317725E-15
2.04113993317725E-15
2.04113993317725E-15
2.04113993317725E-15
2.04113993317725E-15
2.04113993317725E-15
1.20532495987276E-15
1.20532495987276E-15
1.02155744635497E-15
1.02155744635497E-15
1.02155744635497E-15
1.02155744635497E-15
1.02155744635497E-15
1.02155744635497E-15
1.02155744635497E-15
1.02155744635497E-15
1.02155744635497E-15
1.02155744635497E-15
1.02155744635497E-15
1.02155744635497E-15
1.02155744635497E-15
1.02155744635497E-15
1.02155719391007E-15
1.02155719391007E-15
7.30906043722755E-16
3.83093770803215E-16
3.59448001679451E-16
3.59448001679451E-16
3.59448001679451E-16
3.59448001679451E-16
3.59448001679451E-16
3.45987205691382E-16
3.45987205691382E-16
3.45987205691382E-16
3.45987205691382E-16
3.24380739906278E-16
3.17304425069734E-16
3.16576566640746E-16
3.1623060925702E-16
3.15591400819115E-16
3.15505590895175E-16
3.15267196104802E-16
3.15267196104802E-16
3.1526681422613E-16
3.15261456511597E-16
3.15261456511597E-16
3.15261456511597E-16
3.15261456511597E-16
3.15261456511597E-16
3.15261456511597E-16
3.15261456511597E-16
3.15261456511597E-16
3.15261456511597E-16
3.15261456511597E-16
3.15261456511597E-16
3.15261456511597E-16
3.15261456511597E-16
3.15261456511597E-16
3.15261456511597E-16
3.15261456511597E-16
3.15261456511597E-16
3.15261456511597E-16
3.15261456511597E-16
3.15261456511597E-16
3.15261456511597E-16
3.15261456511597E-16
3.15261456511597E-16
3.15261456511597E-16
3.15261456511597E-16
3.15261456511597E-16
3.15261456511597E-16
3.15261456511597E-16
3.15261456511597E-16
3.15261456511597E-16
3.15261456511597E-16
3.15261456511597E-16
3.15261456511597E-16
3.15261456511597E-16
3.15261456511597E-16
3.15261456511597E-16
3.15261456511597E-16
3.15261456511597E-16
3.15261456511597E-16
3.15261456511597E-16
3.15261456511597E-16
3.15261456511597E-16
3.15261456511597E-16
3.15261456511597E-16
3.15261456511597E-16
3.15261456511597E-16
3.15261456511597E-16
3.15261456511597E-16
3.15261456511597E-16
3.15261456511597E-16
3.15261456511597E-16
3.15261456511597E-16
3.15261456511597E-16
3.15261456511597E-16
3.15261456511597E-16
3.15261456511597E-16
3.15261456511597E-16
3.15261456511597E-16
3.15261456511597E-16
3.15261456511597E-16
3.15261456511597E-16
3.15261456511597E-16
3.15261456511597E-16
3.15261456511597E-16
3.15261456511597E-16
3.15261456511597E-16
3.15261456511597E-16
3.15261456511597E-16
3.15261456511597E-16
3.15261456511597E-16
3.15261456511597E-16
3.15261456511597E-16
3.15261456511597E-16
3.15261456511597E-16
3.15261456511597E-16
3.15261456511597E-16
3.15261456511597E-16
3.15261456511597E-16
3.15261456511597E-16
3.15261456511597E-16
3.15261456511597E-16
3.15261456511597E-16
3.15261456511597E-16
3.15261456511597E-16
3.15261456511597E-16
3.15261456511597E-16
3.15261456511597E-16
3.15261456511597E-16
3.15261456511597E-16
3.15261456511597E-16
3.15261456511597E-16
3.15261456511597E-16
3.15261456511597E-16
3.15261456511597E-16
3.15261456511597E-16
3.15261456511597E-16
3.15261456511597E-16
3.15261456511597E-16
3.15261456511597E-16
3.15261456511597E-16
3.15261456511597E-16
3.15261456511597E-16
3.15261456511597E-16
3.15261456511597E-16
3.15261456511597E-16
3.15261456511597E-16
3.15261456511597E-16
3.15261456511597E-16
3.15261456511597E-16
3.15261456511597E-16
3.15261456511597E-16
3.15261456511597E-16
3.15261456511597E-16
3.15261456511597E-16
3.15261456511597E-16
3.15261456511597E-16
3.15261456511597E-16
3.15261456511597E-16
3.15261456511597E-16
3.15261456511597E-16
3.15261456511597E-16
3.15261456511597E-16
3.15261456511597E-16
3.15261456511597E-16
3.15261456511597E-16
3.15261456511597E-16
3.15261456511597E-16
3.15261456511597E-16
3.15261456511597E-16
3.15261456511597E-16
3.15261456511597E-16
3.15261456511597E-16
3.15261456511597E-16
3.15261456511597E-16
3.15261456511597E-16
3.15261456511597E-16
3.15261456511597E-16
3.15261456511597E-16
3.15261456511597E-16
3.15261456511597E-16
3.15261456511597E-16
3.15261456511597E-16
3.15261456511597E-16
3.15261456511597E-16
3.15261456511597E-16
3.15261456511597E-16
3.15261456511597E-16
3.15261456511597E-16
3.15261456511597E-16
3.15261456511597E-16
3.15261456511597E-16
3.15261456511597E-16
3.15261456511597E-16
3.15261456511597E-16
3.15261456511597E-16
3.15261456511597E-16
3.15261456511597E-16
3.15261456511597E-16
3.15261456511597E-16
3.15261456511597E-16
3.15261456511597E-16
3.15261456511597E-16
3.15261456511597E-16
3.15261456511597E-16
3.15261456511597E-16
3.15261456511597E-16
3.15261456511597E-16
3.15261456511597E-16
3.15261456511597E-16
3.15261456511597E-16
3.15261456511597E-16
3.15261456511597E-16
3.15261456511597E-16
3.15261456511597E-16
3.15261456511597E-16
3.15261456511597E-16
3.15261456511597E-16
3.15261456511597E-16
3.15261456511597E-16
3.15261456511597E-16
3.15261456511597E-16
3.15261456511597E-16
3.15261456511597E-16
3.15261456511597E-16
3.15261456511597E-16
3.15261456511597E-16
3.15261456511597E-16
3.15261456511597E-16
3.15261456511597E-16
3.15261456511597E-16
3.15261456511597E-16
3.15261456511597E-16
3.15261456511597E-16
3.15261456511597E-16
3.15261456511597E-16
3.15261456511597E-16
3.15261456511597E-16
3.15261456511597E-16
3.15261456511597E-16
3.15261456511597E-16
3.15261456511597E-16
3.15261456511597E-16
3.15261456511597E-16
3.15261456511597E-16
3.15261456511597E-16
3.15261456511597E-16
3.15261456511597E-16
3.15261456511597E-16
3.15261456511597E-16
3.15261456511597E-16
3.15261456511597E-16
3.15261456511597E-16
3.15261456511597E-16
3.15261456511597E-16
3.15261456511597E-16
3.15261456511597E-16
3.15261456511597E-16
3.15261456511597E-16
3.15261456511597E-16
3.15261456511597E-16
3.15261456511597E-16
3.15261456511597E-16
3.15261456511597E-16
3.15261456511597E-16
3.15261456511597E-16
3.15261456511597E-16
3.15261456511597E-16
3.15261456511597E-16
3.15261456511597E-16
3.15261456511597E-16
3.15261456511597E-16
3.15261456511597E-16
3.15261456511597E-16
3.15261456511597E-16
3.15261456511597E-16
3.15261456511597E-16
3.15261456511597E-16
3.15261456511597E-16
3.15261456511597E-16
3.15261456511597E-16
3.15261456511597E-16
3.15261456511597E-16
3.15261456511597E-16
3.15261456511597E-16
3.15261456511597E-16
3.15261456511597E-16
3.15261456511597E-16
3.15261456511597E-16
3.15261456511597E-16
3.15261456511597E-16
3.15261456511597E-16
3.15261456511597E-16
3.15261456511597E-16
3.15261456511597E-16
3.15261456511597E-16
3.15261456511597E-16
3.15261456511597E-16
3.15261456511597E-16
3.15261456511597E-16
3.15261456511597E-16
3.15261456511597E-16
3.15261456511597E-16
3.15261456511597E-16
3.15261456511597E-16
3.15261456511597E-16
3.15261456511597E-16
3.15261456511597E-16
3.15261456511597E-16
3.15261456511597E-16
3.15261456511597E-16
3.15261456511597E-16
3.15261456511597E-16
3.15261456511597E-16
3.15261456511597E-16
3.15261456511597E-16
3.15261456511597E-16
3.15261456511597E-16
3.15261456511597E-16
3.15261456511597E-16
3.15261456511597E-16
3.15261456511597E-16
3.15261456511597E-16
3.15261456511597E-16
3.15261456511597E-16
3.15261456511597E-16
3.15261456511597E-16
3.15261456511597E-16
3.15261456511597E-16
3.15261456511597E-16
3.15261456511597E-16
3.15261456511597E-16
3.15261456511597E-16
3.15261456511597E-16
3.15261456511597E-16
3.15261456511597E-16
3.15261456511597E-16
3.15261456511597E-16
3.15261456511597E-16
3.15261456511597E-16
3.15261456511597E-16
3.15261456511597E-16
3.15261456511597E-16
3.15261456511597E-16
3.15261456511597E-16
3.15261456511597E-16
3.15261456511597E-16
3.15261456511597E-16
3.15261456511597E-16
3.15261456511597E-16
3.15261456511597E-16
3.15261456511597E-16
3.15261456511597E-16
3.15261456511597E-16
3.15261456511597E-16
3.15261456511597E-16
3.15261456511597E-16
3.15261456511597E-16
3.15261456511597E-16
3.15261456511597E-16
3.15261456511597E-16
3.15261456511597E-16
3.15261456511597E-16
3.15261456511597E-16
3.15261456511597E-16
3.15261456511597E-16
3.15261456511597E-16
3.15261456511597E-16
3.15261456511597E-16
3.15261456511597E-16
3.15261456511597E-16
3.15261456511597E-16
3.15261456511597E-16
3.15261456511597E-16
3.15261456511597E-16
3.15261456511597E-16
3.15261456511597E-16
3.15261456511597E-16
3.15261456511597E-16

