0.0636704968653124
0.0636704968653124
0.0636704968653124
0.0636704968653124
0.0636704968653124
0.0636704968653124
0.0636704968653124
0.0636704968653124
0.0636704968653124
0.0636704968653124
0.0401784054843489
0.0401784054843489
0.0401784054843489
0.0401784054843489
0.0401784054843489
0.0401784054843489
0.0401784054843489
0.0401784054843489
0.0401784054843489
0.0401784054843489
0.00508230319791383
0.00508230319791383
0.00508230319791383
0.00508230319791383
0.00508230319791383
0.00508230319791383
0.00508230319791383
0.00508230319791383
0.00508230319791383
0.00508230319791383
0.00508230319791383
0.00508230319791383
0.00508230319791383
0.00508230319791383
0.00508230319791383
0.00508230319791383
0.00508230319791383
0.00508230319791383
0.00508230319791383
0.00508230319791383
0.00508230319791383
0.00508230319791383
0.00508230319791383
0.00508230319791383
0.00508230319791383
0.00508230319791383
0.00508230319791383
0.00508230319791383
0.00508230319791383
0.00508230319791383
0.00508230319791383
0.00508230319791383
0.00508230319791383
0.00508230319791383
0.00508230319791383
0.00508230319791383
0.00508230319791383
0.00508230319791383
0.00508230319791383
0.00508230319791383
0.00508230319791383
0.00508230319791383
0.00508230319791383
0.00508230319791383
0.00508230319791383
0.00508230319791383
0.00134554867874218
0.00134554867874218
0.00134554867874218
0.00134554867874218
0.00134554867874218
0.00134554867874218
0.00134554867874218
0.00134554867874218
0.00134554867874218
0.00134554867874218
0.00134554867874218
0.00134554867874218
0.00134554867874218
0.00134554867874218
0.00134554867874218
0.00134554867874218
0.00134554867874218
0.00134554867874218
0.00134554867874218
0.00134554867874218
0.00134554867874218
0.00134554867874218
0.00134554867874218
0.00134554867874218
0.00134554867874218
0.00134554867874218
0.00134554867874218
0.00134554867874218
0.00134554867874218
0.00134554867874218
0.00134554867874218
0.00134554867874218
0.00134554867874218
0.00134554867874218
0.00134554867874218
0.00134554867874218
0.00134554867874218
0.00134554867874218
0.00134554867874218
0.00134554867874218
0.00134554867874218
0.00134554867874218
0.00134554867874218
0.00134554867874218
0.00134554867874218
0.00134554867874218
0.00134554867874218
0.00134554867874218
0.00134554867874218
0.00134554867874218
0.00134554867874218
0.00134554867874218
0.00134554867874218
0.00134554867874218
0.00134554867874218
0.00134554867874218
0.00134554867874218
0.00134554867874218
0.00134554867874218
0.00134554867874218
0.00134554867874218
0.00134554867874218
0.00134554867874218
0.00134554867874218
0.00134554867874218
0.00134554867874218
0.00134554867874218
0.00134554867874218
0.00134554867874218
0.00134554867874218
0.00134554867874218
0.00134554867874218
0.00134554867874218
0.00134554867874218
0.00134554867874218
0.00134554867874218
0.00134554867874218
0.00134554867874218
0.00134554867874218
0.00134554867874218
0.00134554867874218
0.00134554867874218
0.00134554867874218
0.00134554867874218
0.00134554867874218
0.00134554867874218
0.00134554867874218
0.00134554867874218
0.00134554867874218
0.00134554867874218
0.00134554867874218
0.00134554867874218
0.00134554867874218
0.00134554867874218
0.00134554867874218
0.00134554867874218
0.00134554867874218
0.00134554867874218
0.00134554867874218
0.00134554867874218
0.00134554867874218
0.00134554867874218
0.00134554867874218
0.00134554867874218
0.00134554867874218
0.00134554867874218
0.00134554867874218
0.00134554867874218
0.00134554867874218
0.00134554867874218
0.00134554867874218
0.00134554867874218
0.00134554867874218
0.00134554867874218
0.00134554867874218
0.00134554867874218
0.00134554867874218
0.00134554867874218
0.00134554867874218
0.00134554867874218
0.00134554867874218
0.00134554867874218
0.00134554867874218
0.00134554867874218
0.00134554867874218
0.00134554867874218
0.00134554867874218
0.00134554867874218
0.000743502708001692
4.8126297805443E-05
2.12107904235765E-05
2.12107904235765E-05
6.08961227142265E-06
6.08961227142265E-06
6.08961227142265E-06
2.95626611088214E-06
2.95626611088214E-06
2.95626611088214E-06
2.95626611088214E-06
2.95626611088214E-06
2.95626611088214E-06
2.95626611088214E-06
2.95626611088214E-06
2.95626611088214E-06
2.95626611088214E-06
2.95626611088214E-06
2.95626611088214E-06
2.95626611088214E-06
2.95626611088214E-06
2.95626611088214E-06
2.95626611088214E-06
2.95626611088214E-06
2.95626611088214E-06
2.95626611088214E-06
2.95626611088214E-06
2.95626611088214E-06
2.95626611088214E-06
2.95626611088214E-06
2.95626611088214E-06
2.95626611088214E-06
2.95626611088214E-06
2.95626611088214E-06
2.95626611088214E-06
2.95626611088214E-06
2.95626611088214E-06
2.95626611088214E-06
2.95626611088214E-06
2.95626611088214E-06
2.95626611088214E-06
2.95626611088214E-06
2.95626611088214E-06
2.95626611088214E-06
2.95626611088214E-06
2.95626611088214E-06
2.95626611088214E-06
2.95626611088214E-06
2.95626611088214E-06
2.95626611088214E-06
2.95626611088214E-06
2.95626611088214E-06
2.95626611088214E-06
2.95626611088214E-06
2.95626611088214E-06
2.95626611088214E-06
2.95626611088214E-06
2.95626611088214E-06
2.95626611088214E-06
2.95626611088214E-06
2.95626611088214E-06
2.95626611088214E-06
2.95626611088214E-06
2.95626611088214E-06
2.95626611088214E-06
2.95626611088214E-06
2.95626611088214E-06
2.95626611088214E-06
2.95626611088214E-06
2.95626611088214E-06
2.95626611088214E-06
2.95626611088214E-06
2.95626611088214E-06
2.95626611088214E-06
2.95626611088214E-06
2.95626611088214E-06
2.95626611088214E-06
2.95626611088214E-06
2.95626611088214E-06
2.95626611088214E-06
2.95626611088214E-06
2.95626611088214E-06
2.95626611088214E-06
2.95626611088214E-06
2.95626611088214E-06
2.95626611088214E-06
2.95626611088214E-06
2.95626611088214E-06
2.95626611088214E-06
2.95626611088214E-06
2.95626611088214E-06
2.95626611088214E-06
2.95626611088214E-06
2.95626611088214E-06
2.95626611088214E-06
2.95626611088214E-06
2.95626611088214E-06
2.95626611088214E-06
2.95626611088214E-06
2.95626611088214E-06
2.95626611088214E-06
2.95626611088214E-06
2.95626611088214E-06
2.95626611088214E-06
2.95626611088214E-06
2.95626611088214E-06
2.95626611088214E-06
2.95626611088214E-06
2.95626611088214E-06
2.95626611088214E-06
2.95626611088214E-06
2.95626611088214E-06
2.95626611088214E-06
2.95626611088214E-06
2.95626611088214E-06
2.95626611088214E-06
2.95626611088214E-06
2.95626611088214E-06
2.95626611088214E-06
2.95626611088214E-06
2.95626611088214E-06
2.95626611088214E-06
2.95626611088214E-06
2.95626611088214E-06
2.95626611088214E-06
2.95626611088214E-06
2.95626611088214E-06
2.95626611088214E-06
2.48786906509325E-06
2.48786906509325E-06
2.48786906509325E-06
2.48786906509325E-06
2.48786906509325E-06
2.48786906509325E-06
2.48786906509325E-06
2.48786906509325E-06
2.47656248356654E-06
1.34105474711553E-06
1.34105474711553E-06
1.34105474711553E-06
1.34105474711553E-06
1.34105474711553E-06
1.34105474711553E-06
1.34105474711553E-06
1.34105474711553E-06
1.34105474711553E-06
1.34105474711553E-06
1.34105474711553E-06
1.34105474711553E-06
1.34105474711553E-06
1.34105474711553E-06
1.34105474711553E-06
1.34105474711553E-06
1.34105474711553E-06
1.34105474711553E-06
1.34105474711553E-06
1.34105474711553E-06
1.34105474711553E-06
1.34105474711553E-06
1.34105474711553E-06
1.34105474711553E-06
1.34105474711553E-06
1.34105474711553E-06
1.34105474711553E-06
1.34105474711553E-06
1.34105474711553E-06
1.34105474711553E-06
1.34105474711553E-06
1.34105474711553E-06
1.34105474711553E-06
1.34105474711553E-06
1.34105474711553E-06
1.34105474711553E-06
1.34105474711553E-06
1.34105474711553E-06
1.34105474711553E-06
1.34105474711553E-06
1.34105474711553E-06
1.34105474711553E-06
1.34105474711553E-06
1.34105474711553E-06
1.34105474711553E-06
1.34105474711553E-06
1.34105474711553E-06
1.34105474711553E-06
1.34105474711553E-06
1.34105474711553E-06
1.34105474711553E-06
1.34105474711553E-06
1.34105474711553E-06
1.34105474711553E-06
1.34105474711553E-06
1.34105474711553E-06
1.34105474711553E-06
1.34105474711553E-06
1.34105474711553E-06
1.34105474711553E-06
1.34105474711553E-06
1.34105474711553E-06
1.34105474711553E-06
1.34105474711553E-06
1.34105474711553E-06
1.34105474711553E-06
1.34105474711553E-06
1.34105474711553E-06
1.34105474711553E-06
1.34105474711553E-06
1.34105474711553E-06
1.34105474711553E-06
1.34105474711553E-06
1.34105474711553E-06
1.34105474711553E-06
1.34105474711553E-06
1.34105474711553E-06
1.34105474711553E-06
1.34105474711553E-06
1.34105474711553E-06
1.34105474711553E-06
1.34105474711553E-06
1.34105474711553E-06
1.34105474711553E-06
1.34105474711553E-06
1.34105474711553E-06
1.34105474711553E-06
1.34105474711553E-06
1.34105474711553E-06
1.34105474711553E-06
1.34105474711553E-06
1.34105474711553E-06
1.34105474711553E-06
1.34105474711553E-06
1.34105474711553E-06
1.34105474711553E-06
1.34105474711553E-06
1.4026111235117E-07
1.4026111235117E-07
1.4026111235117E-07
1.4026111235117E-07
1.4026111235117E-07
1.4026111235117E-07
1.4026111235117E-07
1.4026111235117E-07
1.4026111235117E-07
1.4026111235117E-07
1.4026111235117E-07
1.4026111235117E-07
1.4026111235117E-07
1.4026111235117E-07
1.4026111235117E-07
1.4026111235117E-07
1.4026111235117E-07
1.4026111235117E-07
1.4026111235117E-07
1.4026111235117E-07
1.4026111235117E-07
1.4026111235117E-07
1.4026111235117E-07
1.4026111235117E-07
1.4026111235117E-07
1.4026111235117E-07
1.4026111235117E-07
1.4026111235117E-07
1.4026111235117E-07
1.4026111235117E-07
1.4026111235117E-07
1.4026111235117E-07
1.4026111235117E-07
1.4026111235117E-07
1.4026111235117E-07
1.4026111235117E-07
1.4026111235117E-07
1.4026111235117E-07
1.4026111235117E-07
1.4026111235117E-07
1.4026111235117E-07
1.4026111235117E-07
1.4026111235117E-07
1.4026111235117E-07
1.4026111235117E-07
1.4026111235117E-07
1.4026111235117E-07
1.4026111235117E-07
1.4026111235117E-07
1.4026111235117E-07
1.4026111235117E-07
1.4026111235117E-07
1.4026111235117E-07
1.4026111235117E-07
1.4026111235117E-07
1.4026111235117E-07
1.4026111235117E-07
1.4026111235117E-07
1.4026111235117E-07
1.4026111235117E-07
1.4026111235117E-07
1.4026111235117E-07
1.4026111235117E-07
1.4026111235117E-07
1.4026111235117E-07
1.4026111235117E-07
1.4026111235117E-07
1.4026111235117E-07
1.4026111235117E-07
1.4026111235117E-07
1.4026111235117E-07
1.4026111235117E-07

