0.0310598041080887
0.0310598041080887
0.0310598041080887
0.0310598041080887
0.0310598041080887
0.0310598041080887
0.0310598041080887
0.00427068433770228
0.00427068433770228
0.00427068433770228
0.00427068433770228
0.00427068433770228
0.00427068433770228
0.00427068433770228
0.00427068433770228
0.00427068433770228
0.00427068433770228
0.00427068433770228
0.00427068433770228
0.00251654285447159
0.00230285617883308
0.00230285617883308
0.00230285617883308
0.00230285617883308
0.00230285617883308
0.00230285617883308
0.00230285617883308
0.00230285617883308
0.00230285617883308
0.00230285617883308
0.00230285617883308
0.00230285617883308
0.00230285617883308
0.00230285617883308
0.00110973030712383
0.00110973030712383
0.00110973030712383
0.00110973030712383
0.00110973030712383
0.000474869627225066
0.000474869627225066
0.000474869627225066
0.000474869627225066
0.000474869627225066
0.000474869627225066
0.000474869627225066
0.000474869627225066
0.000474869627225066
0.000474869627225066
0.000474869627225066
0.000474869627225066
0.000474869627225066
0.000474869627225066
0.000474869627225066
0.000474869627225066
0.000474869627225066
0.000474869627225066
0.000474869627225066
0.000474869627225066
0.000474869627225066
0.000474869627225066
0.000474869627225066
0.000474869627225066
0.000474869627225066
0.000474869627225066
0.000474869627225066
0.000474869627225066
0.000474869627225066
0.000474869627225066
0.000474869627225066
0.000474869627225066
0.000474869627225066
0.000474869627225066
0.000474869627225066
0.000474869627225066
0.000474869627225066
0.000474869627225066
0.000474869627225066
0.000346683915610962
0.000346683915610962
0.000346683915610962
0.000346683915610962
0.000346683915610962
0.000346683915610962
0.000346683915610962
0.000346683915610962
0.000346683915610962
0.000346683915610962
0.000346683915610962
0.000346683915610962
0.000346683915610962
0.000346683915610962
0.000346683915610962
0.000346683915610962
0.000346683915610962
0.000346683915610962
0.000346683915610962
0.000346683915610962
0.000346683915610962
0.000346683915610962
0.000346683915610962
0.000346683915610962
0.000346683915610962
0.000346683915610962
0.000346683915610962
0.000346683915610962
0.000346683915610962
0.000346683915610962
0.000346683915610962
0.000346683915610962
0.000346683915610962
0.000346683915610962
0.000346683915610962
0.000346683915610962
0.000346683915610962
0.000346683915610962
0.000346683915610962
0.000346683915610962
0.000346683915610962
0.000346683915610962
0.000346683915610962
0.000346683915610962
0.000346683915610962
0.000346683915610962
0.000346683915610962
0.000346683915610962
0.000346683915610962
0.000346683915610962
0.000346683915610962
0.000346683915610962
0.000346683915610962
0.000346683915610962
0.000346683915610962
0.000346683915610962
0.000346683915610962
0.000346683915610962
0.000346683915610962
0.000346683915610962
0.000346683915610962
0.000346683915610962
0.000346683915610962
0.000346683915610962
0.000346683915610962
0.000346683915610962
0.000346683915610962
0.000346683915610962
0.000346683915610962
0.000346683915610962
0.000346683915610962
0.000346683915610962
0.000346683915610962
0.000346683915610962
0.000346683915610962
0.000346683915610962
0.000346683915610962
0.000346683915610962
0.000346683915610962
0.000346683915610962
0.000346683915610962
0.000346683915610962
0.000346683915610962
0.000346683915610962
0.000346683915610962
0.000346683915610962
0.000346683915610962
0.000346683915610962
0.000346683915610962
0.000346683915610962
0.000346683915610962
0.000346683915610962
0.000346683915610962
0.000346683915610962
0.000346683915610962
0.000346683915610962
0.000346683915610962
0.000346683915610962
0.000346683915610962
0.000346683915610962
0.000346683915610962
0.000346683915610962
0.000346683915610962
0.000346683915610962
0.000346683915610962
0.000346683915610962
0.000346683915610962
0.000346683915610962
0.000346683915610962
0.000346683915610962
0.000346683915610962
0.000346683915610962
0.000346683915610962
0.000346683915610962
0.000340408185109212
0.000171362942450238
0.000171362942450238
0.000171362942450238
0.000171362942450238
0.000171362942450238
6.18434423413527E-05
4.17229324227129E-05
4.17229324227129E-05
4.17229324227129E-05
4.17229324227129E-05
4.17229324227129E-05
4.17229324227129E-05
4.17229324227129E-05
4.17229324227129E-05
4.17229324227129E-05
4.17229324227129E-05
4.17229324227129E-05
4.17229324227129E-05
4.17229324227129E-05
4.17229324227129E-05
4.17229324227129E-05
4.17229324227129E-05
4.17229324227129E-05
4.17229324227129E-05
4.17229324227129E-05
4.17229324227129E-05
4.17229324227129E-05
4.17229324227129E-05
4.17229324227129E-05
4.17229324227129E-05
4.17229324227129E-05
4.17229324227129E-05
4.17229324227129E-05
4.17229324227129E-05
4.17229324227129E-05
4.17229324227129E-05
4.17229324227129E-05
4.17229324227129E-05
4.17229324227129E-05
4.17229324227129E-05
4.17229324227129E-05
4.17229324227129E-05
4.17229324227129E-05
4.17229324227129E-05
4.17229324227129E-05
4.17229324227129E-05
4.17229324227129E-05
4.17229324227129E-05
4.17229324227129E-05
4.17229324227129E-05
4.17229324227129E-05
4.17229324227129E-05
4.17229324227129E-05
4.17229324227129E-05
4.17229324227129E-05
4.17229324227129E-05
4.17229324227129E-05
4.17229324227129E-05
4.17229324227129E-05
4.17229324227129E-05
4.17229324227129E-05
4.17229324227129E-05
4.17229324227129E-05
4.17229324227129E-05
4.17229324227129E-05
4.17229324227129E-05
4.17229324227129E-05
4.17229324227129E-05
4.17229324227129E-05
4.17229324227129E-05
4.17229324227129E-05
4.17229324227129E-05
4.17229324227129E-05
4.17229324227129E-05
4.17229324227129E-05
4.17229324227129E-05
4.17229324227129E-05
4.17229324227129E-05
4.17229324227129E-05
4.17229324227129E-05
4.17229324227129E-05
4.17229324227129E-05
4.17229324227129E-05
4.17229324227129E-05
4.17229324227129E-05
4.17229324227129E-05
4.17229324227129E-05
4.17229324227129E-05
4.17229324227129E-05
4.17229324227129E-05
4.17229324227129E-05
4.17229324227129E-05
4.17229324227129E-05
4.17229324227129E-05
4.17229324227129E-05
4.17229324227129E-05
4.17229324227129E-05
4.11653401727071E-05
4.11653401727071E-05
4.11653401727071E-05
4.11653401727071E-05
4.11653401727071E-05
4.11653401727071E-05
4.11653401727071E-05
4.11653401727071E-05
4.11653401727071E-05
4.11653401727071E-05
4.11653401727071E-05
4.11653401727071E-05
4.11653401727071E-05
4.11653401727071E-05
4.11653401727071E-05
4.11653401727071E-05
4.11653401727071E-05
4.11653401727071E-05
2.54227160049598E-05
2.54227160049598E-05
2.54227160049598E-05
2.54227160049598E-05
2.54227160049598E-05
2.54227160049598E-05
2.54227160049598E-05
2.54227160049598E-05
2.54227160049598E-05
2.54227160049598E-05
2.54227160049598E-05
2.54227160049598E-05
2.54227160049598E-05
2.54227160049598E-05
2.16231634780956E-05
2.16231634780956E-05
2.16231634780956E-05
2.16231634780956E-05
2.16231634780956E-05
2.16231634780956E-05
2.16231634780956E-05
2.16231634780956E-05
2.16231634780956E-05
2.16231634780956E-05
2.16231634780956E-05
2.16231634780956E-05
2.16231634780956E-05
2.16231634780956E-05
2.16231634780956E-05
2.16231634780956E-05
2.16231634780956E-05
2.16231634780956E-05
2.16231634780956E-05
2.16231634780956E-05
2.16231634780956E-05
2.16231634780956E-05
2.16231634780956E-05
2.16231634780956E-05
2.16231634780956E-05
2.16231634780956E-05
2.16231634780956E-05
2.16231634780956E-05
2.16231634780956E-05
2.16231634780956E-05
2.16231634780956E-05
2.16231634780956E-05
2.16231634780956E-05
2.16231634780956E-05
2.05602607768213E-05
2.05602607768213E-05
2.05602607768213E-05
2.05602607768213E-05
2.05602607768213E-05
2.05602607768213E-05
2.05602607768213E-05
2.05602607768213E-05
2.05602607768213E-05
2.05602607768213E-05
2.05602607768213E-05
2.05602607768213E-05
2.05602607768213E-05
2.05602607768213E-05
2.05602607768213E-05
2.05602607768213E-05
2.05602607768213E-05
2.05602607768213E-05
2.05602607768213E-05
2.05602607768213E-05
2.05602607768213E-05
2.05602607768213E-05
2.05602607768213E-05
2.05602607768213E-05
2.05602607768213E-05
2.05602607768213E-05
2.05602607768213E-05
2.05602607768213E-05
2.05602607768213E-05
2.05602607768213E-05
2.05602607768213E-05
2.05602607768213E-05
2.05602607768213E-05
2.05602607768213E-05
2.05602607768213E-05
2.05602607768213E-05
2.05602607768213E-05
2.05602607768213E-05
2.05602607768213E-05
2.05602607768213E-05
2.05602607768213E-05
2.05602607768213E-05
2.05602607768213E-05
2.05602607768213E-05
2.05602607768213E-05
2.05602607768213E-05
2.05602607768213E-05
2.05602607768213E-05
2.05602607768213E-05
2.05602607768213E-05
2.05602607768213E-05
2.05602607768213E-05
2.05602607768213E-05
2.05602607768213E-05
2.04113993317725E-15
2.04113993317725E-15
2.04113993317725E-15
2.04113993317725E-15
2.04113993317725E-15
2.04113993317725E-15
2.04113993317725E-15
2.04113993317725E-15
2.04113993317725E-15
2.04113993317725E-15
2.04113993317725E-15
2.04113993317725E-15
2.04113993317725E-15
2.04113993317725E-15
2.04113993317725E-15
2.04113993317725E-15
2.04113993317725E-15
2.04113993317725E-15
2.04113993317725E-15
2.04113993317725E-15
2.04113993317725E-15
2.04113993317725E-15
2.04113993317725E-15
2.04113993317725E-15
2.04113993317725E-15
2.04113993317725E-15
2.04113993317725E-15
2.04113993317725E-15
2.04113993317725E-15
2.04113993317725E-15
2.04113993317725E-15
2.04113993317725E-15
2.04113993317725E-15
2.04113993317725E-15
2.04113993317725E-15
2.04113993317725E-15
2.04113993317725E-15
2.04113993317725E-15
2.04113993317725E-15
2.04113993317725E-15
2.04113993317725E-15
2.04113993317725E-15
2.04113993317725E-15
2.04113993317725E-15
2.04113993317725E-15
2.04113993317725E-15
2.04113993317725E-15
2.04113993317725E-15
2.04113993317725E-15
2.04113993317725E-15
2.04113993317725E-15
2.04113993317725E-15
2.04113993317725E-15
2.04113993317725E-15
2.04113993317725E-15
2.04113993317725E-15
2.04113993317725E-15
2.04113993317725E-15
2.04113993317725E-15
2.04113993317725E-15
2.04113993317725E-15
2.04113993317725E-15
2.04113993317725E-15
2.04113993317725E-15
2.04113993317725E-15
2.04113993317725E-15
2.04113993317725E-15
2.04113993317725E-15
2.04113993317725E-15
2.04113993317725E-15
2.04113993317725E-15
2.04113993317725E-15
2.04113993317725E-15
2.04113993317725E-15
2.04113993317725E-15
2.04113993317725E-15
2.04113993317725E-15
2.04113993317725E-15
2.04113993317725E-15
2.04113993317725E-15
2.04113993317725E-15
2.04113993317725E-15
2.04113993317725E-15
2.04113993317725E-15
2.04113993317725E-15
2.04113993317725E-15
2.04113993317725E-15
2.04113993317725E-15
2.04113993317725E-15
2.04113993317725E-15

