0.0369848163507499
0.0369848163507499
0.0369848163507499
0.0369848163507499
0.0369848163507499
0.0369848163507499
0.0369848163507499
0.0105562497423351
0.0105562497423351
0.00924703963355106
0.00666983840137109
0.00522133088702215
0.00432303683495877
0.00432303683495877
0.00420803849346085
0.00361053089450136
0.00315588126619581
0.00229340999098276
0.00214368320840008
0.00102491985092718
0.000782267216050514
0.000649088372597473
0.000514220030791157
0.000269676324221424
0.000223221606000523
0.000215845455339148
0.000215845455339148
0.000214707635597278
0.000214090236796305
0.000214090236796305
0.000182273259469456
0.000180056752139279
0.000180002099393728
0.000179650288524236
0.000179650288524236
0.000179520793340715
0.000179520793340715
0.000179505433058502
0.000179504702651545
0.000179504607900116
0.000179503992551455
0.000179503734833331
0.000179503436983086
0.000179503269891079
0.000179503213140364
0.000179503178422857
0.000179503178422857
0.000179503175264994
0.000179503175264994
0.000179503175264994
0.000179503175089468
0.000179503174955631
0.000179503174924045
0.00017950317488824
0.00017950317488824
0.00017950317488824
0.00017950317488824
0.00017950317488824
0.00017950317488824
0.00017950317488824
0.00017950317488824
0.00017950317488824
0.00017950317488824
0.00017950317488824
0.00017950317488824
0.00017950317488824
0.00017950317488824
0.00017950317488824
0.00017950317488824
0.00017950317488824
0.00017950317488824
0.00017950317488824
0.00017950317488824
0.00017950317488824
0.00017950317488824
0.00017950317488824
0.00017950317488824
0.00017950317488824
0.00017950317488824
0.00017950317488824
0.00017950317488824
0.00017950317488824
0.00017950317488824
0.00017950317488824
0.00017950317488824
0.00017950317488824
0.00017950317488824
0.00017950317488824
0.00017950317488824
0.00017950317488824
0.00017950317488824
0.00017950317488824
0.00017950317488824
0.00017950317488824
0.00017950317488824
0.00017950317488824
0.00017950317488824
0.00017950317488824
0.00017950317488824
0.00017950317488824
0.00017950317488824
0.00017950317488824
0.00017950317488824
0.00017950317488824
0.00017950317488824
0.00017950317488824
0.00017950317488824
0.00017950317488824
0.00017950317488824
0.00017950317488824
2.04113993317725E-15
2.04113993317725E-15
2.04113993317725E-15
2.04113993317725E-15
2.04113993317725E-15
2.04113993317725E-15
2.04113993317725E-15
2.04113993317725E-15
2.04113993317725E-15
2.04113993317725E-15
2.04113993317725E-15
2.04113993317725E-15
2.04113993317725E-15
2.04113993317725E-15
1.57008760040676E-16
1.57008760040676E-16
1.56448346171076E-16
1.40374020973123E-16
1.24754904761532E-16
1.24754904761532E-16
1.20228247261935E-16
1.20228247261935E-16
1.19286046159069E-16
1.18048740026526E-16
1.18048740026526E-16
1.18048740026526E-16
1.18048740026526E-16
1.1716694645759E-16
1.16646882071777E-16
1.1647318197002E-16
1.16456323847813E-16
1.16433156303654E-16
1.16433156303654E-16
1.16431819276004E-16
1.16431524862772E-16
1.16431310497457E-16
1.16431310497457E-16
1.16431238958828E-16
1.16431238958828E-16
1.16431238958828E-16
1.16431238958828E-16
1.16431238958828E-16
1.16431188224895E-16
1.16431188224895E-16
1.16431188224895E-16
1.16431188224895E-16
1.16431188224895E-16
1.16431188224895E-16
1.16431188224895E-16
1.16431188224895E-16
1.16431188224895E-16
1.16431188224895E-16
1.16431188224895E-16
1.16431188224895E-16
1.16431188224895E-16
1.16431188224895E-16
1.16431188224895E-16
1.16431188224895E-16
1.16431188224895E-16
1.16431188224895E-16
1.16431188224895E-16
1.16431188224895E-16
1.16431188224895E-16
1.16431188224895E-16
1.16431188224895E-16
1.16431188224895E-16
1.16431188224895E-16
1.16431188224895E-16
1.16431188224895E-16
1.16431188224895E-16
1.16431188224895E-16
1.16431188224895E-16
1.16431188224895E-16
1.16431188224895E-16
1.16431188224895E-16
1.16431188224895E-16
1.16431188224895E-16
1.16431188224895E-16
1.16431188224895E-16
1.16431188224895E-16
1.16431188224895E-16
1.16431188224895E-16
1.16431188224895E-16
1.16431188224895E-16
1.16431188224895E-16
1.16431188224895E-16
1.16431188224895E-16
1.16431188224895E-16
1.16431188224895E-16
1.16431188224895E-16
1.16431188224895E-16
1.16431188224895E-16
1.16431188224895E-16
1.16431188224895E-16
1.16431188224895E-16
1.16431188224895E-16
1.16431188224895E-16
1.16431188224895E-16
1.16431188224895E-16
1.16431188224895E-16
1.16431188224895E-16
1.16431188224895E-16
1.16431188224895E-16
1.16431188224895E-16
1.16431188224895E-16
1.16431188224895E-16
1.16431188224895E-16
1.16431188224895E-16
1.16431188224895E-16
1.16431188224895E-16
1.16431188224895E-16
1.16431188224895E-16
1.16431188224895E-16
1.16431188224895E-16
1.16431188224895E-16
1.16431188224895E-16
1.16431188224895E-16
1.16431188224895E-16
1.16431188224895E-16
1.16431188224895E-16
1.16431188224895E-16
1.16431188224895E-16
1.16431188224895E-16
1.16431188224895E-16
1.16431188224895E-16
1.16431188224895E-16
1.16431188224895E-16
1.16431188224895E-16
1.16431188224895E-16
1.16431188224895E-16
1.16431188224895E-16
1.16431188224895E-16
1.16431188224895E-16
1.16431188224895E-16
1.16431188224895E-16
1.16431188224895E-16
1.16431188224895E-16
1.16431188224895E-16
1.16431188224895E-16
1.16431188224895E-16
1.16431188224895E-16
1.16431188224895E-16
1.16431188224895E-16
1.16431188224895E-16
1.16431188224895E-16
1.16431188224895E-16
1.16431188224895E-16
1.16431188224895E-16
1.16431188224895E-16
1.16431188224895E-16
1.16431188224895E-16
1.16431188224895E-16
1.16431188224895E-16
1.16431188224895E-16
1.16431188224895E-16
1.16431188224895E-16
1.16431188224895E-16
1.16431188224895E-16
1.16431188224895E-16
1.16431188224895E-16
1.16431188224895E-16
1.16431188224895E-16
1.16431188224895E-16
1.16431188224895E-16
1.16431188224895E-16
1.16431188224895E-16
1.16431188224895E-16
1.16431188224895E-16
1.16431188224895E-16
1.16431188224895E-16
1.16431188224895E-16
1.16431188224895E-16
1.16431188224895E-16
1.16431188224895E-16
1.16431188224895E-16
1.16431188224895E-16
1.16431188224895E-16
1.16431188224895E-16
1.16431188224895E-16
1.16431188224895E-16
1.16431188224895E-16
1.16431188224895E-16
1.16431188224895E-16
1.16431188224895E-16
1.16431188224895E-16
1.16431188224895E-16
1.16431188224895E-16
1.16431188224895E-16
1.16431188224895E-16
1.16431188224895E-16
1.16431188224895E-16
1.16431188224895E-16
1.16431188224895E-16
1.16431188224895E-16
1.16431188224895E-16
1.16431188224895E-16
1.16431188224895E-16
1.16431188224895E-16
1.16431188224895E-16
1.16431188224895E-16
1.16431188224895E-16
1.16431188224895E-16
1.16431188224895E-16
1.16431188224895E-16
1.16431188224895E-16
1.16431188224895E-16
1.16431188224895E-16
1.16431188224895E-16
1.16431188224895E-16
1.16431188224895E-16
1.16431188224895E-16
1.16431188224895E-16
1.16431188224895E-16
1.16431188224895E-16
1.16431188224895E-16
1.16431188224895E-16
1.16431188224895E-16
1.16431188224895E-16
1.16431188224895E-16
1.16431188224895E-16
1.16431188224895E-16
1.16431188224895E-16
1.16431188224895E-16
1.16431188224895E-16
1.16431188224895E-16
1.16431188224895E-16
1.16431188224895E-16
1.16431188224895E-16
1.16431188224895E-16
1.16431188224895E-16
1.16431188224895E-16
1.16431188224895E-16
1.16431188224895E-16
1.16431188224895E-16
1.16431188224895E-16
1.16431188224895E-16
1.16431188224895E-16
1.16431188224895E-16
1.16431188224895E-16
1.16431188224895E-16
1.16431188224895E-16
1.16431188224895E-16
1.16431188224895E-16
1.16431188224895E-16
1.16431188224895E-16
1.16431188224895E-16
1.16431188224895E-16
1.16431188224895E-16
1.16431188224895E-16
1.16431188224895E-16
1.16431188224895E-16
1.16431188224895E-16
1.16431188224895E-16
1.16431188224895E-16
1.16431188224895E-16
1.16431188224895E-16
1.16431188224895E-16
1.16431188224895E-16
1.16431188224895E-16
1.16431188224895E-16
1.16431188224895E-16
1.16431188224895E-16
1.16431188224895E-16
1.16431188224895E-16
1.16431188224895E-16
1.16431188224895E-16
1.16431188224895E-16
1.16431188224895E-16
1.16431188224895E-16
1.16431188224895E-16
1.16431188224895E-16
1.16431188224895E-16
1.16431188224895E-16
1.16431188224895E-16
1.16431188224895E-16
1.16431188224895E-16
1.16431188224895E-16
1.16431188224895E-16
1.16431188224895E-16
1.16431188224895E-16
1.16431188224895E-16
1.16431188224895E-16
1.16431188224895E-16
1.16431188224895E-16
1.16431188224895E-16
1.16431188224895E-16
1.16431188224895E-16
1.16431188224895E-16
1.16431188224895E-16
1.16431188224895E-16
1.16431188224895E-16
1.16431188224895E-16
1.16431188224895E-16
1.16431188224895E-16
1.16431188224895E-16
1.16431188224895E-16
1.16431188224895E-16
1.16431188224895E-16
1.16431188224895E-16
1.16431188224895E-16
1.16431188224895E-16
1.16431188224895E-16
1.16431188224895E-16
1.16431188224895E-16
1.16431188224895E-16
1.16431188224895E-16
1.16431188224895E-16
1.16431188224895E-16
1.16431188224895E-16
1.16431188224895E-16
1.16431188224895E-16
1.16431188224895E-16
1.16431188224895E-16
1.16431188224895E-16
1.16431188224895E-16
1.16431188224895E-16
1.16431188224895E-16
1.16431188224895E-16
1.16431188224895E-16
1.16431188224895E-16
1.16431188224895E-16
1.16431188224895E-16
1.16431188224895E-16
1.16431188224895E-16
1.16431188224895E-16
1.16431188224895E-16
1.16431188224895E-16
1.16431188224895E-16
1.16431188224895E-16
1.16431188224895E-16
1.16431188224895E-16
1.16431188224895E-16
1.16431188224895E-16
1.16431188224895E-16
1.16431188224895E-16
1.16431188224895E-16
1.16431188224895E-16
1.16431188224895E-16
1.16431188224895E-16
1.16431188224895E-16
1.16431188224895E-16
1.16431188224895E-16
1.16431188224895E-16
1.16431188224895E-16
1.16431188224895E-16
1.16431188224895E-16
1.16431188224895E-16
1.16431188224895E-16
1.16431188224895E-16
1.16431188224895E-16
1.16431188224895E-16
1.16431188224895E-16
1.16431188224895E-16
1.16431188224895E-16
1.16431188224895E-16
1.16431188224895E-16
1.16431188224895E-16
1.16431188224895E-16
1.16431188224895E-16
1.16431188224895E-16
1.16431188224895E-16
1.16431188224895E-16
1.16431188224895E-16
1.16431188224895E-16
1.16431188224895E-16
1.16431188224895E-16
1.16431188224895E-16
1.16431188224895E-16
1.16431188224895E-16
1.16431188224895E-16
1.16431188224895E-16
1.16431188224895E-16
1.16431188224895E-16
1.16431188224895E-16
1.16431188224895E-16
1.16431188224895E-16
1.16431188224895E-16
1.16431188224895E-16
1.16431188224895E-16
1.16431188224895E-16
1.16431188224895E-16
1.16431188224895E-16
1.16431188224895E-16
1.16431188224895E-16
1.16431188224895E-16
1.16431188224895E-16
1.16431188224895E-16
1.16431188224895E-16
1.16431188224895E-16
1.16431188224895E-16

