0.145794044409168
0.100456794217606
0.0999924053167326
0.0999924053167326
0.0984653718220365
0.0984653718220365
0.0984653718220365
0.0832721326172358
0.0821350816757517
0.0641016718911973
0.0641016718911973
0.0641016718911973
0.0641016718911973
0.0641016718911973
0.0641016718911973
0.0612316071467522
0.0612316071467522
0.0518917240305755
0.0162794497037306
0.0162794497037306
0.0116913596157299
0.0116913596157299
0.0116913596157299
0.0116913596157299
0.0116913596157299
0.0116913596157299
0.0113413631178704
0.0113413631178704
0.0113413631178704
0.0113413631178704
0.0113413631178704
0.0113413631178704
0.0113413631178704
0.0113413631178704
0.0113413631178704
0.0113413631178704
0.00625773776852234
0.00625773776852234
0.00625773776852234
0.00625773776852234
0.00625773776852234
0.00625773776852234
0.00625773776852234
0.00625773776852234
0.00625773776852234
0.00625773776852234
0.00625773776852234
0.00625773776852234
0.00625773776852234
0.00625773776852234
0.00625773776852234
0.00625773776852234
0.00625773776852234
0.00625773776852234
0.00625773776852234
0.00625773776852234
0.00625773776852234
0.00625773776852234
0.00625773776852234
0.00625773776852234
0.00625773776852234
0.00625773776852234
0.00625773776852234
0.00625773776852234
0.00625773776852234
0.00625773776852234
0.00625773776852234
0.00625773776852234
0.00625773776852234
0.00625773776852234
0.00625773776852234
0.00625773776852234
0.00625773776852234
0.00625773776852234
0.00625773776852234
0.00625773776852234
0.00625773776852234
0.00625773776852234
0.00625773776852234
0.00625773776852234
0.00625773776852234
0.00625773776852234
0.00625773776852234
0.00625773776852234
0.00625773776852234
0.00625773776852234
0.00625773776852234
0.00625773776852234
0.00625773776852234
0.00625773776852234
0.00625773776852234
0.00625773776852234
0.00625773776852234
0.00625773776852234
0.00625773776852234
0.00625773776852234
0.00625773776852234
0.00625773776852234
0.00625773776852234
0.00625773776852234
0.00625773776852234
0.00625773776852234
0.00625773776852234
0.00625773776852234
0.00625773776852234
0.00625773776852234
0.00383780861422692
0.00383780861422692
0.00383780861422692
0.00383780861422692
0.00383780861422692
0.00383780861422692
0.00383780861422692
0.00383780861422692
0.00383780861422692
0.00383780861422692
0.00383780861422692
0.00383780861422692
0.00383780861422692
0.00383780861422692
0.00383780861422692
0.00383780861422692
0.00383780861422692
0.00383780861422692
0.00383780861422692
0.00383780861422692
0.00383780861422692
0.00383780861422692
0.00383780861422692
0.00383780861422692
0.00383780861422692
0.00383780861422692
0.00383780861422692
0.00383780861422692
0.00383780861422692
0.00383780861422692
0.00383780861422692
0.00383780861422692
0.00383780861422692
0.00383780861422692
0.00383780861422692
0.00383780861422692
0.00383780861422692
0.00383780861422692
0.00383780861422692
0.00383780861422692
0.00383780861422692
0.00383780861422692
0.00383780861422692
0.00383780861422692
0.00383780861422692
0.00383780861422692
0.00383780861422692
0.00383780861422692
0.00383780861422692
0.00383780861422692
0.00383780861422692
0.00383780861422692
0.00383780861422692
0.00383780861422692
0.00383780861422692
0.00383780861422692
0.00383780861422692
0.00383780861422692
0.00383780861422692
0.00383780861422692
0.00383780861422692
0.00383780861422692
0.00383780861422692
0.00383780861422692
0.00383780861422692
0.00383780861422692
0.00383780861422692
0.00383780861422692
0.00383780861422692
0.00383780861422692
0.00383780861422692
0.00383780861422692
0.00383780861422692
0.00383780861422692
0.00383780861422692
0.00383780861422692
0.00383780861422692
0.00383780861422692
0.00383780861422692
0.00383780861422692
0.00383780861422692
0.00383780861422692
0.00383780861422692
0.00383780861422692
0.00383780861422692
0.00102993277746409
0.00102993277746409
0.00102993277746409
6.29693308052937E-05
6.29693308052937E-05
6.29693308052937E-05
2.00559450356058E-05
2.00559450356058E-05
2.00559450356058E-05
2.00559450356058E-05
2.00559450356058E-05
2.00559450356058E-05
2.00559450356058E-05
2.00559450356058E-05
2.00559450356058E-05
2.00559450356058E-05
2.00559450356058E-05
2.00559450356058E-05
2.00559450356058E-05
2.00559450356058E-05
2.00559450356058E-05
2.00559450356058E-05
2.00559450356058E-05
2.00559450356058E-05
2.00559450356058E-05
2.00559450356058E-05
2.00559450356058E-05
2.00559450356058E-05
2.00559450356058E-05
2.00559450356058E-05
2.00559450356058E-05
2.00559450356058E-05
2.00559450356058E-05
2.00559450356058E-05
2.00559450356058E-05
2.00559450356058E-05
2.00559450356058E-05
2.00559450356058E-05
2.00559450356058E-05
2.00559450356058E-05
2.00559450356058E-05
2.00559450356058E-05
2.00559450356058E-05
2.00559450356058E-05
2.00559450356058E-05
2.00559450356058E-05
2.00559450356058E-05
2.00559450356058E-05
2.00559450356058E-05
2.00559450356058E-05
2.00559450356058E-05
2.00559450356058E-05
2.00559450356058E-05
2.00559450356058E-05
2.00559450356058E-05
2.00559450356058E-05
2.00559450356058E-05
2.00559450356058E-05
2.00559450356058E-05
2.00559450356058E-05
2.00559450356058E-05
2.00559450356058E-05
2.00559450356058E-05
2.00559450356058E-05
2.00559450356058E-05
2.00559450356058E-05
2.00559450356058E-05
2.00559450356058E-05
2.00559450356058E-05
2.00559450356058E-05
2.00559450356058E-05
2.00559450356058E-05
2.00559450356058E-05
2.00559450356058E-05
2.00559450356058E-05
2.00559450356058E-05
2.00559450356058E-05
2.00559450356058E-05
2.00559450356058E-05
2.00559450356058E-05
2.00559450356058E-05
2.00559450356058E-05
2.00559450356058E-05
2.00559450356058E-05
2.00559450356058E-05
2.00559450356058E-05
2.00559450356058E-05
2.00559450356058E-05
2.00559450356058E-05
2.00559450356058E-05
2.00559450356058E-05
2.00559450356058E-05
2.00559450356058E-05
2.00559450356058E-05
2.00559450356058E-05
2.00559450356058E-05
2.00559450356058E-05
2.00559450356058E-05
2.00559450356058E-05
2.00559450356058E-05
2.00559450356058E-05
2.00559450356058E-05
2.00559450356058E-05
2.00559450356058E-05
2.00559450356058E-05
2.00559450356058E-05
2.00559450356058E-05
2.00559450356058E-05
2.00559450356058E-05
2.00559450356058E-05
2.00559450356058E-05
2.00559450356058E-05
2.00559450356058E-05
2.00559450356058E-05
2.00559450356058E-05
2.00559450356058E-05
2.00559450356058E-05
2.00559450356058E-05
2.00559450356058E-05
2.00559450356058E-05
2.00559450356058E-05
2.00559450356058E-05
2.00559450356058E-05
2.00559450356058E-05
2.00559450356058E-05
2.00559450356058E-05
2.00559450356058E-05
2.00559450356058E-05
2.00559450356058E-05
2.00559450356058E-05
2.00559450356058E-05
2.00559450356058E-05
2.00559450356058E-05
2.00559450356058E-05
2.00559450356058E-05
2.00559450356058E-05
2.00559450356058E-05
2.00559450356058E-05
2.00559450356058E-05
2.00559450356058E-05
2.00559450356058E-05
2.00559450356058E-05
2.00559450356058E-05
2.00559450356058E-05
2.00559450356058E-05
2.00559450356058E-05
2.00559450356058E-05
2.00559450356058E-05
2.00559450356058E-05
2.00559450356058E-05
2.00559450356058E-05
2.00559450356058E-05
2.00559450356058E-05
2.00559450356058E-05
2.00559450356058E-05
2.00559450356058E-05
2.00559450356058E-05
2.00559450356058E-05
2.00559450356058E-05
2.00559450356058E-05
2.00559450356058E-05
2.00559450356058E-05
2.00559450356058E-05
2.00559450356058E-05
2.00559450356058E-05
2.00559450356058E-05
2.00559450356058E-05
2.00559450356058E-05
2.00559450356058E-05
2.00559450356058E-05
2.00559450356058E-05
2.00559450356058E-05
2.00559450356058E-05
2.00559450356058E-05
2.00559450356058E-05
2.00559450356058E-05
2.00559450356058E-05
2.00559450356058E-05
2.00559450356058E-05
2.00559450356058E-05
2.00559450356058E-05
2.00559450356058E-05
2.00559450356058E-05
2.00559450356058E-05
2.00559450356058E-05
2.00559450356058E-05
2.00559450356058E-05
2.00559450356058E-05
2.00559450356058E-05
2.00559450356058E-05
2.00559450356058E-05
2.00559450356058E-05
2.00559450356058E-05
2.00559450356058E-05
2.00559450356058E-05
2.00559450356058E-05
2.00559450356058E-05
2.00559450356058E-05
2.00559450356058E-05
2.00559450356058E-05
2.00559450356058E-05
2.00559450356058E-05
2.00559450356058E-05
2.00559450356058E-05
2.00559450356058E-05
2.00559450356058E-05
2.00559450356058E-05
2.00559450356058E-05
2.00559450356058E-05
2.00559450356058E-05
2.00559450356058E-05
2.00559450356058E-05
2.00559450356058E-05
2.00559450356058E-05
2.00559450356058E-05
2.00559450356058E-05
2.00559450356058E-05
2.00559450356058E-05
2.00559450356058E-05
2.00559450356058E-05
2.00559450356058E-05
2.00559450356058E-05
2.00559450356058E-05
2.00559450356058E-05
2.00559450356058E-05
2.00559450356058E-05
2.00559450356058E-05
2.00559450356058E-05
2.00559450356058E-05
2.00559450356058E-05
2.00559450356058E-05
2.00559450356058E-05
2.00559450356058E-05
2.00559450356058E-05
2.00559450356058E-05
2.00559450356058E-05
2.00559450356058E-05
2.00559450356058E-05
2.00559450356058E-05
2.00559450356058E-05
2.00559450356058E-05
2.00559450356058E-05
2.00559450356058E-05
2.00559450356058E-05
2.00559450356058E-05
2.00559450356058E-05
2.00559450356058E-05
2.00559450356058E-05
2.00559450356058E-05
2.00559450356058E-05
2.00559450356058E-05
2.00559450356058E-05
2.00559450356058E-05
2.00559450356058E-05
2.00559450356058E-05
2.00559450356058E-05
2.00559450356058E-05
2.00559450356058E-05
2.00559450356058E-05
2.00559450356058E-05
2.00559450356058E-05
2.00559450356058E-05
2.00559450356058E-05
2.00559450356058E-05
2.00559450356058E-05
2.00559450356058E-05
2.00559450356058E-05
2.00559450356058E-05
2.00559450356058E-05
2.00559450356058E-05
2.00559450356058E-05
2.00559450356058E-05
2.00559450356058E-05
2.00559450356058E-05
2.00559450356058E-05
2.00559450356058E-05
2.00559450356058E-05
2.00559450356058E-05
2.00559450356058E-05
2.00559450356058E-05
2.00559450356058E-05
2.00559450356058E-05
2.00559450356058E-05
2.00559450356058E-05
2.00559450356058E-05
2.00559450356058E-05
2.00559450356058E-05
2.00559450356058E-05
2.00559450356058E-05
2.00559450356058E-05
2.00559450356058E-05
2.00559450356058E-05
2.00559450356058E-05
2.00559450356058E-05
2.00559450356058E-05
2.00559450356058E-05
2.00559450356058E-05
2.00559450356058E-05
2.00559450356058E-05
2.00559450356058E-05
2.00559450356058E-05
2.00559450356058E-05
2.00559450356058E-05
2.00559450356058E-05
2.00559450356058E-05
2.00559450356058E-05
2.00559450356058E-05
2.00559450356058E-05
2.00559450356058E-05

