0.0759162587691959
0.0759162587691959
0.0759162587691959
0.0759162587691959
0.0759162587691959
0.0759162587691959
0.0418699325274651
0.0418699325274651
0.0418699325274651
0.0418699325274651
0.0418699325274651
0.0418699325274651
0.0418699325274651
0.0418699325274651
0.0250368642209821
0.0223784932555531
0.0223784932555531
0.0223784932555531
0.0132185056321463
0.0132185056321463
0.0132185056321463
0.0132185056321463
0.0132185056321463
0.00892348588939285
0.00892348588939285
0.00892348588939285
0.00892348588939285
0.00892348588939285
0.00892348588939285
0.00892348588939285
0.00892348588939285
0.00855424165043339
0.00855424165043339
0.00855424165043339
0.00851842756164262
0.0082088088133378
0.0082088088133378
0.0082088088133378
0.0082088088133378
0.0082088088133378
0.0082088088133378
0.0082088088133378
0.0082088088133378
0.0082088088133378
0.0082088088133378
0.0082088088133378
0.0082088088133378
0.0082088088133378
0.0082088088133378
0.0082088088133378
0.0082088088133378
0.0082088088133378
0.0082088088133378
0.0082088088133378
0.0082088088133378
0.0082088088133378
0.0082088088133378
0.0082088088133378
0.0082088088133378
0.0082088088133378
0.0082088088133378
0.0082088088133378
0.0082088088133378
0.0082088088133378
0.0082088088133378
0.0082088088133378
0.0082088088133378
0.0082088088133378
0.0082088088133378
0.0082088088133378
0.0082088088133378
0.0082088088133378
0.0082088088133378
0.0082088088133378
0.0082088088133378
0.0082088088133378
0.0082088088133378
0.0082088088133378
0.0082088088133378
0.0082088088133378
0.0082088088133378
0.0082088088133378
0.0082088088133378
0.0082088088133378
0.0082088088133378
0.0082088088133378
0.0082088088133378
0.0082088088133378
0.0082088088133378
0.0082088088133378
0.0082088088133378
0.0082088088133378
0.0082088088133378
0.0082088088133378
0.0082088088133378
0.0082088088133378
0.0082088088133378
0.0082088088133378
0.0082088088133378
0.0082088088133378
0.0082088088133378
0.0082088088133378
0.00656231075524209
0.00656231075524209
0.00656231075524209
0.00656231075524209
0.00133914280620168
0.000755183554746852
0.000755183554746852
0.000505533445905981
0.000505533445905981
0.000505533445905981
0.000505533445905981
0.000505533445905981
0.000505533445905981
0.000505533445905981
0.000505533445905981
0.000505533445905981
0.000505533445905981
0.000505533445905981
0.000505533445905981
0.000505533445905981
0.000505533445905981
0.000505533445905981
0.000505533445905981
0.000505533445905981
0.000505533445905981
0.000505533445905981
0.000505533445905981
0.000505533445905981
0.000505533445905981
0.000505533445905981
0.000505533445905981
0.000505533445905981
0.000505533445905981
0.000505533445905981
0.000505533445905981
0.000505533445905981
0.000505533445905981
0.000505533445905981
0.000505533445905981
0.000505533445905981
0.000505533445905981
0.000505533445905981
0.000505533445905981
0.000505533445905981
0.000505533445905981
0.000505533445905981
0.000505533445905981
0.000505533445905981
0.000505533445905981
0.000505533445905981
0.000505533445905981
0.000505533445905981
0.000505533445905981
0.000505533445905981
0.000505533445905981
0.000505533445905981
0.000505533445905981
0.000505533445905981
0.000505533445905981
0.000505533445905981
0.000505533445905981
0.000505533445905981
0.000505533445905981
0.000505533445905981
0.000505533445905981
0.000505533445905981
0.000505533445905981
0.000505533445905981
0.000505533445905981
0.000505533445905981
0.000505533445905981
0.000505533445905981
0.000505533445905981
0.000505533445905981
0.000505533445905981
0.000505533445905981
0.000505533445905981
0.000505533445905981
0.000505533445905981
0.000505533445905981
0.000505533445905981
0.000505533445905981
0.000505533445905981
0.000505533445905981
0.000505533445905981
0.000505533445905981
0.000505533445905981
0.000505533445905981
0.000505533445905981
0.000505533445905981
0.000505533445905981
0.000505533445905981
0.000505533445905981
0.000505533445905981
0.000505533445905981
0.000505533445905981
0.000221209348163264
0.000221209348163264
0.000221209348163264
0.000221209348163264
0.000221209348163264
0.000221209348163264
0.000221209348163264
0.000221209348163264
0.000221209348163264
0.000221209348163264
0.000221209348163264
0.000221209348163264
0.000221209348163264
0.000221209348163264
0.000221209348163264
0.000221209348163264
0.000221209348163264
0.000221209348163264
0.000221209348163264
0.000221209348163264
0.000221209348163264
0.000221209348163264
0.000221209348163264
0.000221209348163264
0.000221209348163264
0.000221209348163264
0.000221209348163264
0.000221209348163264
0.000221209348163264
0.000221209348163264
0.000221209348163264
0.000221209348163264
0.000221209348163264
0.000221209348163264
0.000221209348163264
0.000221209348163264
0.000221209348163264
0.000221209348163264
0.000221209348163264
0.000221209348163264
0.000221209348163264
0.000221209348163264
0.000221209348163264
0.000221209348163264
0.000221209348163264
0.000221209348163264
0.000221209348163264
0.000221209348163264
0.000221209348163264
0.000221209348163264
0.000221209348163264
0.000221209348163264
0.000221209348163264
0.000221209348163264
0.000221209348163264
0.000221209348163264
0.000221209348163264
0.000221209348163264
0.000221209348163264
0.000221209348163264
0.000221209348163264
0.000221209348163264
0.000221209348163264
0.000221209348163264
0.000221209348163264
0.000221209348163264
0.000221209348163264
0.000221209348163264
0.000221209348163264
0.000221209348163264
0.000221209348163264
0.000221209348163264
0.000221209348163264
0.000221209348163264
0.000221209348163264
0.000221209348163264
0.000221209348163264
0.000221209348163264
0.000221209348163264
0.000221209348163264
0.000221209348163264
0.000221209348163264
0.000221209348163264
0.000221209348163264
0.000221209348163264
0.000221209348163264
0.000221209348163264
0.000221209348163264
0.000221209348163264
0.000221209348163264
0.000221209348163264
0.000221209348163264
0.000221209348163264
0.000221209348163264
0.000221209348163264
0.000221209348163264
0.000221209348163264
0.000221209348163264
0.000221209348163264
0.000221209348163264
0.000221209348163264
0.000221209348163264
0.000221209348163264
0.000221209348163264
0.000221209348163264
0.000221209348163264
0.000221209348163264
0.000221209348163264
0.000221209348163264
0.000221209348163264
0.000221209348163264
0.000221209348163264
0.000221209348163264
0.000221209348163264
0.000221209348163264
0.000221209348163264
0.000221209348163264
0.000221209348163264
0.000221209348163264
0.000221209348163264
0.000221209348163264
0.000221209348163264
0.000221209348163264
0.000221209348163264
0.000221209348163264
0.000221209348163264
0.000221209348163264
0.000221209348163264
0.000221209348163264
0.000221209348163264
0.000221209348163264
0.000221209348163264
0.000221209348163264
0.000221209348163264
0.000221209348163264
0.000221209348163264
0.000221209348163264
0.000221209348163264
0.000221209348163264
0.000221209348163264
0.000221209348163264
0.000221209348163264
0.000221209348163264
0.000221209348163264
0.000221209348163264
0.000221209348163264
0.000221209348163264
0.000221209348163264
0.000221209348163264
0.000221209348163264
0.000221209348163264
0.000221209348163264
0.000221209348163264
0.000221209348163264
0.000221209348163264
0.000221209348163264
0.000221209348163264
0.000221209348163264
0.000221209348163264
0.000221209348163264
0.000221209348163264
0.000221209348163264
0.000221209348163264
0.000221209348163264
0.000221209348163264
0.000221209348163264
0.000221209348163264
0.000221209348163264
0.000221209348163264
0.000221209348163264
0.000221209348163264
0.000221209348163264
0.000221209348163264
0.000221209348163264
0.000221209348163264
0.000221209348163264
0.000221209348163264
0.000221209348163264
0.000221209348163264
0.000221209348163264
0.000221209348163264
0.000221209348163264
0.000221209348163264
0.000221209348163264
0.000221209348163264
0.000221209348163264
0.000221209348163264
0.000221209348163264
0.000221209348163264
0.000221209348163264
0.000221209348163264
0.000221209348163264
0.000221209348163264
0.000221209348163264
0.000221209348163264
0.000221209348163264
0.000221209348163264
0.000221209348163264
0.000221209348163264
0.000221209348163264
0.000221209348163264
0.000221209348163264
0.000221209348163264
0.000221209348163264
0.000221209348163264
0.000221209348163264
0.000221209348163264
0.000221209348163264
0.000221209348163264
0.000221209348163264
0.000221209348163264
0.000221209348163264
0.000221209348163264
0.000221209348163264
0.000221209348163264
0.000221209348163264
0.000221209348163264
0.000221209348163264
0.000221209348163264
0.000221209348163264
0.000221209348163264
0.000221209348163264
0.000221209348163264
0.000221209348163264
0.000221209348163264
0.000221209348163264
0.000221209348163264
0.000221209348163264
0.000221209348163264
0.000221209348163264
0.000221209348163264
0.000221209348163264
0.000221209348163264
0.000221209348163264
0.000221209348163264
0.000221209348163264
0.000221209348163264
0.000221209348163264
0.000221209348163264
0.000221209348163264
0.000221209348163264
0.000221209348163264
0.000221209348163264
0.000221209348163264
0.000221209348163264
0.000221209348163264
0.000221209348163264
0.000221209348163264
0.000221209348163264
0.000221209348163264
0.000221209348163264
0.000221209348163264
0.000221209348163264
0.000221209348163264
0.000221209348163264
0.000221209348163264
0.000221209348163264
0.000221209348163264
0.000221209348163264
0.000221209348163264
0.000221209348163264
0.000221209348163264
0.000221209348163264
0.000221209348163264
0.000221209348163264
0.000221209348163264
0.000221209348163264
0.000221209348163264
0.000221209348163264
0.000221209348163264
0.000221209348163264
0.000221209348163264
0.000221209348163264
0.000221209348163264
0.000221209348163264
0.000221209348163264
0.000221209348163264
0.000221209348163264
0.000221209348163264
0.000221209348163264
0.000221209348163264
0.000221209348163264
0.000221209348163264
0.000221209348163264
0.000221209348163264
0.000221209348163264
0.000221209348163264
0.000221209348163264
0.000221209348163264
0.000221209348163264
0.000221209348163264
0.000221209348163264
0.000221209348163264
0.000221209348163264
0.000221209348163264
0.000221209348163264
0.000221209348163264
0.000221209348163264
0.000221209348163264
0.000221209348163264
0.000221209348163264
0.000221209348163264

