0.241002816993448
0.241002816993448
0.211188901300953
0.0922604469107386
0.0922604469107386
0.0316132561634974
0.0316132561634974
0.0316132561634974
0.0316132561634974
0.0316132561634974
0.0297350702483535
0.0227420076061041
0.0227420076061041
0.0227420076061041
0.0227420076061041
0.0189444680984013
0.0170574061767141
0.0170574061767141
0.0170574061767141
0.0170574061767141
0.0151692091598992
0.0151692091598992
0.0151692091598992
0.0151692091598992
0.0151692091598992
0.0145048687060331
0.0145048687060331
0.0145048687060331
0.0145048687060331
0.0145048687060331
0.0145048687060331
0.0145048687060331
0.0144927620285546
0.0144927620285546
0.0144927620285546
0.0144927620285546
0.0144927620285546
0.0144927620285546
0.00449649712782907
0.00438308974968127
0.00438308974968127
0.00438308974968127
0.00438308974968127
0.00438308974968127
0.00438308974968127
0.00438308974968127
0.00438308974968127
0.00438308974968127
0.00438308974968127
0.00438308974968127
0.00438308974968127
0.00438308974968127
0.00438308974968127
0.00438308974968127
0.00438308974968127
0.00438308974968127
0.00438308974968127
0.00438308974968127
0.00438308974968127
0.00438308974968127
0.00438308974968127
0.00438308974968127
0.00328760346637527
0.00328760346637527
0.00328760346637527
0.00328760346637527
0.00328760346637527
0.00328760346637527
0.00328760346637527
0.00328760346637527
0.00328760346637527
0.00328760346637527
0.00328760346637527
0.00328760346637527
0.00328760346637527
0.00328760346637527
0.00328760346637527
0.00328760346637527
0.00328760346637527
0.00328760346637527
0.00328760346637527
0.00328760346637527
0.00328760346637527
0.00328760346637527
0.00328760346637527
0.00328760346637527
0.00328760346637527
0.00328760346637527
0.00328760346637527
0.00328760346637527
0.00328760346637527
0.00328760346637527
0.00328760346637527
0.00328760346637527
0.000635263140974742
0.000635263140974742
0.000635263140974742
0.000174805049873378
2.72791560863668E-05
2.72791560863668E-05
2.72791560863668E-05
2.72791560863668E-05
2.72791560863668E-05
2.72791560863668E-05
2.72791560863668E-05
2.72791560863668E-05
2.72791560863668E-05
2.72791560863668E-05
2.72791560863668E-05
1.58735603779755E-05
1.58735603779755E-05
1.58735603779755E-05
1.58735603779755E-05
1.58735603779755E-05
1.58735603779755E-05
1.58735603779755E-05
1.58735603779755E-05
1.58735603779755E-05
1.58735603779755E-05
1.58735603779755E-05
1.58735603779755E-05
1.58735603779755E-05
1.58735603779755E-05
1.58735603779755E-05
1.58735603779755E-05
1.58735603779755E-05
1.58735603779755E-05
1.58735603779755E-05
1.58735603779755E-05
1.58735603779755E-05
1.58735603779755E-05
1.58735603779755E-05
1.58735603779755E-05
1.58735603779755E-05
1.58735603779755E-05
1.58735603779755E-05
1.58735603779755E-05
1.58735603779755E-05
1.58735603779755E-05
1.58735603779755E-05
1.58735603779755E-05
1.58735603779755E-05
1.58735603779755E-05
1.58735603779755E-05
1.58735603779755E-05
1.58735603779755E-05
1.58735603779755E-05
1.58735603779755E-05
1.58735603779755E-05
1.58735603779755E-05
1.58735603779755E-05
1.58735603779755E-05
1.58735603779755E-05
1.58735603779755E-05
1.58735603779755E-05
1.58735603779755E-05
1.58735603779755E-05
1.58735603779755E-05
1.58735603779755E-05
1.58735603779755E-05
1.58735603779755E-05
1.58735603779755E-05
1.58735603779755E-05
1.58735603779755E-05
1.58735603779755E-05
1.58735603779755E-05
1.58735603779755E-05
1.58735603779755E-05
1.58735603779755E-05
1.58735603779755E-05
1.58735603779755E-05
1.58735603779755E-05
1.58735603779755E-05
1.58735603779755E-05
1.58735603779755E-05
1.58735603779755E-05
1.58735603779755E-05
1.58735603779755E-05
1.58735603779755E-05
1.58735603779755E-05
1.58735603779755E-05
1.58735603779755E-05
1.58735603779755E-05
1.58735603779755E-05
1.58735603779755E-05
1.58735603779755E-05
1.58735603779755E-05
1.58735603779755E-05
1.58735603779755E-05
1.58735603779755E-05
1.58735603779755E-05
1.58735603779755E-05
1.58735603779755E-05
1.58735603779755E-05
1.58735603779755E-05
1.58735603779755E-05
1.58735603779755E-05
1.58735603779755E-05
1.58735603779755E-05
1.58735603779755E-05
1.58735603779755E-05
1.58735603779755E-05
1.58735603779755E-05
1.58735603779755E-05
1.58735603779755E-05
1.47650839744719E-05
1.47650839744719E-05
1.47650839744719E-05
1.47650839744719E-05
1.47650839744719E-05
1.47650839744719E-05
1.47650839744719E-05
1.47650839744719E-05
1.47650839744719E-05
1.47650839744719E-05
1.37187399975624E-05
1.37187399975624E-05
1.37187399975624E-05
1.37187399975624E-05
1.37187399975624E-05
1.37187399975624E-05
1.37187399975624E-05
1.37187399975624E-05
1.37187399975624E-05
1.37187399975624E-05
1.37187399975624E-05
1.37187399975624E-05
1.37187399975624E-05
1.37187399975624E-05
1.37187399975624E-05
1.37187399975624E-05
1.37187399975624E-05
1.37187399975624E-05
1.37187399975624E-05
1.37187399975624E-05
1.37187399975624E-05
1.37187399975624E-05
1.37187399975624E-05
1.37187399975624E-05
1.37187399975624E-05
1.37187399975624E-05
1.37187399975624E-05
1.37187399975624E-05
1.37187399975624E-05
1.37187399975624E-05
1.37187399975624E-05
1.37187399975624E-05
1.37187399975624E-05
1.37187399975624E-05
1.37187399975624E-05
1.37187399975624E-05
1.37187399975624E-05
1.37187399975624E-05
1.37187399975624E-05
1.37187399975624E-05
1.37187399975624E-05
1.37187399975624E-05
1.37187399975624E-05
1.37187399975624E-05
1.37187399975624E-05
1.37187399975624E-05
1.37187399975624E-05
1.37187399975624E-05
1.37187399975624E-05
1.37187399975624E-05
1.37187399975624E-05
1.37187399975624E-05
1.37187399975624E-05
1.37187399975624E-05
1.37187399975624E-05
1.37187399975624E-05
1.37187399975624E-05
1.37187399975624E-05
1.37187399975624E-05
1.37187399975624E-05
1.37187399975624E-05
1.37187399975624E-05
1.37187399975624E-05
1.37187399975624E-05
1.37187399975624E-05
1.37187399975624E-05
1.37187399975624E-05
1.37187399975624E-05
1.37187399975624E-05
1.37187399975624E-05
1.37187399975624E-05
1.37187399975624E-05
1.37187399975624E-05
1.37187399975624E-05
1.37187399975624E-05
1.37187399975624E-05
1.37187399975624E-05
1.37187399975624E-05
1.37187399975624E-05
1.37187399975624E-05
1.37187399975624E-05
1.37187399975624E-05
1.37187399975624E-05
1.37187399975624E-05
1.37187399975624E-05
1.37187399975624E-05
1.37187399975624E-05
1.37187399975624E-05
1.37187399975624E-05
1.37187399975624E-05
1.37187399975624E-05
1.37187399975624E-05
1.37187399975624E-05
1.37187399975624E-05
1.37187399975624E-05
1.37187399975624E-05
1.37187399975624E-05
1.37187399975624E-05
1.32088553914649E-05
1.32088553914649E-05
1.32088553914649E-05
1.32088553914649E-05
1.32088553914649E-05
1.10974786921921E-05
1.10974786921921E-05
1.10974786921921E-05
1.10974786921921E-05
1.10974786921921E-05
1.10974786921921E-05
1.10974786921921E-05
1.10974786921921E-05
1.10974786921921E-05
1.10974786921921E-05
1.10974786921921E-05
1.10974786921921E-05
1.10974786921921E-05
1.10974786921921E-05
1.10974786921921E-05
1.10974786921921E-05
1.10974786921921E-05
1.10974786921921E-05
1.10974786921921E-05
1.10974786921921E-05
1.10974786921921E-05
1.10974786921921E-05
1.10974786921921E-05
1.10974786921921E-05
1.10974786921921E-05
1.10974786921921E-05
1.10974786921921E-05
1.10974786921921E-05
1.10974786921921E-05
1.10974786921921E-05
1.10974786921921E-05
1.10974786921921E-05
1.10974786921921E-05
1.10974786921921E-05
1.10974786921921E-05
1.10974786921921E-05
1.10974786921921E-05
1.10974786921921E-05
1.10974786921921E-05
1.10974786921921E-05
1.10974786921921E-05
1.10974786921921E-05
1.10974786921921E-05
1.10974786921921E-05
1.10974786921921E-05
1.10974786921921E-05
1.10974786921921E-05
1.10974786921921E-05
1.10974786921921E-05
1.10974786921921E-05
1.10974786921921E-05
1.10974786921921E-05
1.10974786921921E-05
1.10974786921921E-05
1.10974786921921E-05
1.10974786921921E-05
1.10974786921921E-05
1.10974786921921E-05
1.10974786921921E-05
1.10974786921921E-05
1.10974786921921E-05
1.10974786921921E-05
1.10974786921921E-05
1.10974786921921E-05
1.10974786921921E-05
1.10974786921921E-05
1.10974786921921E-05
1.10974786921921E-05
1.10974786921921E-05
1.10974786921921E-05
1.10974786921921E-05
1.10974786921921E-05
1.10974786921921E-05
1.10974786921921E-05
1.10974786921921E-05
1.10974786921921E-05
1.10974786921921E-05
1.10974786921921E-05
1.10974786921921E-05
1.10974786921921E-05
1.10974786921921E-05
1.10974786921921E-05
1.10974786921921E-05
1.10974786921921E-05
1.10974786921921E-05
1.10974786921921E-05
1.10974786921921E-05
1.10974786921921E-05
1.10974786921921E-05
1.10974786921921E-05
1.10974786921921E-05
1.10974786921921E-05
1.10974786921921E-05
1.10974786921921E-05
1.10974786921921E-05
1.10974786921921E-05
1.10974786921921E-05
1.10974786921921E-05
1.10974786921921E-05
1.10974786921921E-05
1.10974786921921E-05
1.10974786921921E-05
1.10974786921921E-05
1.10974786921921E-05
1.10974786921921E-05
1.10974786921921E-05
1.10974786921921E-05
1.10974786921921E-05
1.06656597688671E-05
1.06656597688671E-05
1.06656597688671E-05
1.06656597688671E-05
1.06656597688671E-05
1.06656597688671E-05
1.06656597688671E-05
1.06656597688671E-05
1.06656597688671E-05
1.06656597688671E-05
1.06656597688671E-05
1.06656597688671E-05
1.06656597688671E-05
1.06656597688671E-05
1.06656597688671E-05
1.06656597688671E-05
1.06656597688671E-05
1.06656597688671E-05
1.06656597688671E-05
1.06656597688671E-05
1.06656597688671E-05
1.06656597688671E-05
1.06656597688671E-05
1.06656597688671E-05
1.06656597688671E-05
1.06656597688671E-05
1.06656597688671E-05
1.06656597688671E-05
1.06656597688671E-05
1.06656597688671E-05
1.06656597688671E-05
1.06656597688671E-05
1.06656597688671E-05
1.06656597688671E-05
1.06656597688671E-05
1.06656597688671E-05
1.06656597688671E-05
1.06656597688671E-05
1.06656597688671E-05
1.06656597688671E-05
1.06656597688671E-05
1.06656597688671E-05
1.06656597688671E-05
1.06656597688671E-05
1.06656597688671E-05
1.06656597688671E-05
1.06656597688671E-05
1.06656597688671E-05
1.06656597688671E-05
1.06656597688671E-05
1.06656597688671E-05
1.06656597688671E-05
1.06656597688671E-05
1.06656597688671E-05
1.06656597688671E-05
1.06656597688671E-05
1.06656597688671E-05
1.06656597688671E-05
1.06656597688671E-05
1.06656597688671E-05
1.06656597688671E-05
1.06656597688671E-05
1.06656597688671E-05
1.06656597688671E-05
1.06656597688671E-05
1.06656597688671E-05
1.06656597688671E-05
1.06656597688671E-05
1.06656597688671E-05
1.06656597688671E-05
1.06656597688671E-05
1.06656597688671E-05
1.06656597688671E-05
1.06656597688671E-05

