0.0797133569928756
0.0797133569928756
0.0797133569928756
0.0797133569928756
0.0797133569928756
0.0797133569928756
0.0797133569928756
0.0412893616780413
0.0276526682416058
0.0276526682416058
0.0276526682416058
0.0222741142847752
0.0222741142847752
0.0222741142847752
0.0222741142847752
0.0222741142847752
0.0222741142847752
0.0222741142847752
0.0222741142847752
0.0222741142847752
0.0222741142847752
0.0100876761618154
0.0100876761618154
0.0100876761618154
0.00378531617163924
0.00378531617163924
0.00378531617163924
0.00378531617163924
0.00378531617163924
0.00378531617163924
0.00378531617163924
0.00378531617163924
0.00378531617163924
0.00378531617163924
0.00378531617163924
0.00378531617163924
0.00378531617163924
0.00378531617163924
0.00378531617163924
0.00378531617163924
0.00378531617163924
0.00166264322214515
0.00166264322214515
0.00166264322214515
0.00166264322214515
0.00166264322214515
0.00166264322214515
0.00166264322214515
0.00166264322214515
0.00166264322214515
0.00166264322214515
0.00166264322214515
0.00166264322214515
0.00166264322214515
0.00166264322214515
0.00166264322214515
0.00166264322214515
0.00166264322214515
0.00166264322214515
0.00166264322214515
0.00166264322214515
0.00166264322214515
0.00166264322214515
0.00166264322214515
0.00166264322214515
0.00166264322214515
0.00166264322214515
0.00166264322214515
0.00166264322214515
0.00166264322214515
0.00166264322214515
0.00166264322214515
0.00166264322214515
0.00166264322214515
0.00166264322214515
0.00166264322214515
0.00166264322214515
0.00166264322214515
0.00166264322214515
0.00166264322214515
0.00166264322214515
0.00166264322214515
0.00166264322214515
0.00166264322214515
0.00166264322214515
0.00166264322214515
0.00166264322214515
0.00166264322214515
0.00166264322214515
0.00166264322214515
0.00166264322214515
0.00166264322214515
0.00166264322214515
0.00166264322214515
0.00166264322214515
0.00166264322214515
0.00166264322214515
0.00166264322214515
0.00166264322214515
0.00166264322214515
0.00166264322214515
0.00166264322214515
0.00166264322214515
0.00166264322214515
0.00166264322214515
0.00166264322214515
0.00166264322214515
0.00166264322214515
0.00166264322214515
0.00166264322214515
0.00166264322214515
0.00166264322214515
0.00166264322214515
0.00166264322214515
0.00166264322214515
0.00164986834925573
0.00164986834925573
0.00164986834925573
0.00164986834925573
0.00140307666331063
0.00140307666331063
0.00140307666331063
0.00140307666331063
0.00140307666331063
0.00140307666331063
0.00140307666331063
0.00140307666331063
0.00140307666331063
0.00140307666331063
0.00140307666331063
0.00140307666331063
0.00140307666331063
0.00140307666331063
0.00140307666331063
0.00140307666331063
0.00140307666331063
0.00140307666331063
0.00140307666331063
0.00140307666331063
0.00140307666331063
0.00140307666331063
0.00140307666331063
0.00140307666331063
0.00140307666331063
0.00140307666331063
0.00140307666331063
0.00140307666331063
0.00140307666331063
0.00140307666331063
0.00140307666331063
0.00140307666331063
0.00140307666331063
0.00140307666331063
0.00140307666331063
0.00140307666331063
0.00140307666331063
0.00140307666331063
0.00140307666331063
0.00140307666331063
0.00140307666331063
0.00140307666331063
0.00140307666331063
0.00140307666331063
0.00140307666331063
0.00140307666331063
0.00140307666331063
0.00140307666331063
0.00140307666331063
0.00140307666331063
0.00140307666331063
0.00140307666331063
0.00140307666331063
0.00140307666331063
0.00140307666331063
0.00140307666331063
0.00140307666331063
0.00140307666331063
0.00140307666331063
0.00140307666331063
0.00140307666331063
0.00140307666331063
0.00140307666331063
0.00140307666331063
0.00140307666331063
0.00140307666331063
0.00140307666331063
0.00140307666331063
0.00140307666331063
0.00140307666331063
0.00140307666331063
0.00140307666331063
0.00140307666331063
0.00140307666331063
0.00140307666331063
0.0009584469167143
0.0009584469167143
0.000595143583757321
0.000429985405258791
0.000385567046988668
0.000385567046988668
0.000385567046988668
0.000385567046988668
0.000385567046988668
0.000385567046988668
0.000385567046988668
0.000385567046988668
0.000385567046988668
0.000385567046988668
0.000385567046988668
0.000385567046988668
0.000385567046988668
0.000385567046988668
0.000385567046988668
0.000385567046988668
0.000385567046988668
0.000385567046988668
0.000385567046988668
0.000385567046988668
0.000385567046988668
0.000385567046988668
0.000385567046988668
0.000385567046988668
0.000385567046988668
0.000385567046988668
0.000385567046988668
0.000385567046988668
0.000385567046988668
0.000385567046988668
0.000385567046988668
0.000385567046988668
0.000385567046988668
0.000385567046988668
0.000385567046988668
0.000385567046988668
0.000385567046988668
0.000385567046988668
0.000385567046988668
0.000385567046988668
0.000385567046988668
0.000385567046988668
0.000385567046988668
0.000385567046988668
0.000385567046988668
0.000385567046988668
0.000385567046988668
0.000385567046988668
0.000385567046988668
0.000385567046988668
0.000385567046988668
0.000385567046988668
0.000385567046988668
0.000385567046988668
0.000385567046988668
0.000385567046988668
0.000385567046988668
0.000385567046988668
0.000385567046988668
0.000385567046988668
0.000385567046988668
0.000385567046988668
0.000385567046988668
0.000385567046988668
0.000385567046988668
0.000385567046988668
0.000385567046988668
0.000385567046988668
0.000385567046988668
0.000385567046988668
0.000385567046988668
0.000385567046988668
0.000385567046988668
0.000385567046988668
0.000385567046988668
0.000385567046988668
0.000385567046988668
0.000385567046988668
0.000385567046988668
0.000385567046988668
0.000385567046988668
0.000385567046988668
0.000385567046988668
0.000385567046988668
0.000385567046988668
0.000385567046988668
0.000385567046988668
0.000385567046988668
0.000385567046988668
0.000385567046988668
0.000385567046988668
0.000385567046988668
0.000385567046988668
0.000385567046988668
0.000385567046988668
0.000385567046988668
0.000385567046988668
0.000385567046988668
0.000385567046988668
0.000385567046988668
0.000385567046988668
0.000385567046988668
0.000385567046988668
0.000385567046988668
0.000385567046988668
0.000385567046988668
0.000385567046988668
0.000385567046988668
0.000385567046988668
0.000385567046988668
0.000385567046988668
0.000385567046988668
0.000385567046988668
0.000385567046988668
0.000385567046988668
0.000385567046988668
0.000385567046988668
0.000385567046988668
0.000385567046988668
0.000385567046988668
0.000385567046988668
0.000385567046988668
0.000385567046988668
0.000385567046988668
0.000385567046988668
0.000385567046988668
0.000385567046988668
0.000385567046988668
0.000385567046988668
0.000385567046988668
0.000385567046988668
0.000385567046988668
0.000385567046988668
0.000385567046988668
0.000385567046988668
0.000385567046988668
0.000385567046988668
0.000385567046988668
0.000385567046988668
0.000385567046988668
0.000385567046988668
0.000385567046988668
0.000385567046988668
0.000385567046988668
0.000385567046988668
0.000385567046988668
0.000385567046988668
0.000385567046988668
0.000385567046988668
0.000385567046988668
0.000385567046988668
0.000385567046988668
0.000385567046988668
0.000385567046988668
0.000385567046988668
0.000385567046988668
0.000385567046988668
0.000385567046988668
0.000385567046988668
0.000385567046988668
0.000385567046988668
0.000385567046988668
0.000385567046988668
0.000385567046988668
0.000385567046988668
0.000385567046988668
0.000385567046988668
0.000385567046988668
0.000385567046988668
0.000385567046988668
0.000385567046988668
0.000385567046988668
0.000385567046988668
0.000385567046988668
0.000385567046988668
0.000385567046988668
0.000385567046988668
0.000385567046988668
0.000385567046988668
0.000385567046988668
0.000385567046988668
0.000385567046988668
0.000385567046988668
0.000385567046988668
0.000385567046988668
0.000385567046988668
0.000385567046988668
0.000385567046988668
0.000385567046988668
0.000385567046988668
0.000385567046988668
0.000385567046988668
0.000385567046988668
0.000385567046988668
0.000385567046988668
0.000385567046988668
0.000385567046988668
0.000385567046988668
0.000385567046988668
0.000385567046988668
0.000385567046988668
0.000385567046988668
0.000385567046988668
0.000385567046988668
0.000385567046988668
0.000385567046988668
0.000385567046988668
0.000385567046988668
0.000385567046988668
0.000385567046988668
0.000385567046988668
0.000385567046988668
0.000385567046988668
0.000385567046988668
0.000385567046988668
0.000385567046988668
0.000385567046988668
0.000385567046988668
0.000385567046988668
0.000385567046988668
0.000385567046988668
0.000385567046988668
0.000385567046988668
0.000385567046988668
0.000385567046988668
0.000385567046988668
0.000385567046988668
0.000385567046988668
0.000385567046988668
0.000385567046988668
0.000385567046988668
0.000385567046988668
0.000385567046988668
0.000385567046988668
0.000385567046988668
0.000385567046988668
0.000385567046988668
0.000385567046988668
0.000385567046988668
0.000385567046988668
0.000385567046988668
0.000385567046988668
0.000385567046988668
0.000385567046988668
0.000385567046988668
0.000385567046988668
0.000385567046988668
0.000385567046988668
0.000385567046988668
0.000385567046988668
0.000385567046988668
0.000385567046988668
0.000385567046988668
0.000385567046988668
0.000385567046988668
0.000385567046988668
0.000385567046988668
0.000385567046988668
0.000385567046988668
0.000385567046988668
0.000385567046988668
0.000385567046988668
0.000385567046988668
0.000385567046988668
0.000385567046988668
0.000385567046988668
0.000385567046988668
0.000385567046988668
0.000385567046988668
0.000385567046988668
0.000385567046988668
0.000385567046988668
0.000385567046988668
0.000385567046988668
0.000385567046988668
0.000385567046988668
0.000385567046988668
0.000385567046988668
0.000385567046988668
0.000385567046988668
0.000385567046988668
0.000385567046988668
0.000385567046988668
0.000385567046988668
0.000385567046988668
0.000385567046988668
0.000385567046988668
0.000385567046988668
0.000385567046988668
0.000385567046988668
0.000385567046988668
0.000385567046988668
0.000385567046988668
0.000385567046988668
0.000385567046988668
0.000385567046988668
0.000385567046988668
0.000385567046988668
0.000385567046988668
0.000385567046988668
0.000385567046988668
0.000385567046988668

