0.0801002640533671
0.0801002640533671
0.0801002640533671
0.0217679006040355
0.0217679006040355
0.0217679006040355
0.0181925014197742
0.0118599115444175
0.00541684603463188
0.00541684603463188
0.0038241492709199
0.00198455373243245
0.000509517302539675
0.000502990726983288
0.000232621622735518
0.000232621622735518
0.000130468069960032
7.92344454686456E-05
6.3036803245875E-05
5.61410039992549E-05
3.91640717988251E-05
3.91640717988251E-05
3.79731120404569E-05
3.29691335896332E-05
3.29691335896332E-05
3.27337034387032E-05
3.27048530632257E-05
3.27048530632257E-05
3.24468706294212E-05
3.24468706294212E-05
3.18838471752847E-05
3.08990748590365E-05
3.08877315436384E-05
3.08531374296206E-05
3.08531374296206E-05
3.08369237490558E-05
3.08348994105256E-05
3.0833446778733E-05
3.08333748689771E-05
3.08332023402635E-05
3.08332023402635E-05
3.08329315857336E-05
3.08327742653547E-05
3.08327678691933E-05
3.08327040327572E-05
3.0832703115824E-05
3.08326857961783E-05
3.08326771502054E-05
3.08326771502054E-05
3.08326766398359E-05
3.08326766398359E-05
3.08326766398359E-05
3.08326766398359E-05
3.08326766398359E-05
3.08326766398359E-05
3.08326766398359E-05
3.08326766398359E-05
3.08326766398359E-05
3.08326766398359E-05
3.08326766398359E-05
3.08326766398359E-05
3.08326766398359E-05
3.08326766398359E-05
3.08326766398359E-05
3.08326766398359E-05
3.08326766398359E-05
3.08326766398359E-05
3.08326766398359E-05
3.08326766398359E-05
3.08326766398359E-05
3.08326766398359E-05
3.08326766398359E-05
3.08326766398359E-05
3.08326766398359E-05
3.08326766398359E-05
3.08326766398359E-05
3.08326766398359E-05
3.08326766398359E-05
3.08326766398359E-05
3.08326766398359E-05
3.08326766398359E-05
3.08326766398359E-05
3.08326766398359E-05
3.08326766398359E-05
3.08326766398359E-05
3.08326766398359E-05
3.08326766398359E-05
3.08326766398359E-05
3.08326766398359E-05
3.08326766398359E-05
3.08326766398359E-05
3.08326766398359E-05
3.08326766398359E-05
3.08326766398359E-05
3.08326766398359E-05
3.08326766398359E-05
3.08326766398359E-05
3.08326766398359E-05
3.08326766398359E-05
3.08326766398359E-05
3.08326766398359E-05
3.08326766398359E-05
3.08326766398359E-05
3.08326766398359E-05
3.08326766398359E-05
3.08326766398359E-05
3.08326766398359E-05
3.08326766398359E-05
3.08326766398359E-05
3.08326766398359E-05
3.08326766398359E-05
3.08326766398359E-05
3.08326766398359E-05
2.57702696199735E-05
2.57702696199735E-05
6.3743227824431E-06
3.21560499016993E-06
3.21560499016993E-06
2.65574418018E-06
2.16220569126957E-06
1.71260633546888E-06
9.92385568332477E-07
3.58780176568096E-07
5.26317658344766E-08
2.47929121677259E-09
2.47929121677259E-09
2.28682356384624E-09
2.28682356384624E-09
9.33156274474101E-10
3.94009824766783E-11
3.94009824766783E-11
3.94009824766783E-11
2.11463069277329E-11
1.96569427401982E-11
8.94667673279059E-12
3.6658454050098E-12
1.27753363443617E-12
9.71667191151937E-13
9.71667191151937E-13
5.13589171191597E-13
4.2366110619696E-13
4.2366110619696E-13
4.2366110619696E-13
4.23328039289572E-13
2.92044166627647E-13
2.83106871279415E-14
2.83106871279415E-14
4.10782519111308E-15
3.66373598126302E-15
2.94209101525666E-15
9.99200722162641E-16
2.22044604925031E-16
2.22044604925031E-16
2.22044604925031E-16
2.22044604925031E-16
2.22044604925031E-16
2.22044604925031E-16
2.22044604925031E-16
2.22044604925031E-16
2.22044604925031E-16
2.22044604925031E-16
2.22044604925031E-16
2.22044604925031E-16
2.22044604925031E-16
2.22044604925031E-16
2.22044604925031E-16
2.22044604925031E-16
2.22044604925031E-16
2.22044604925031E-16
2.22044604925031E-16
2.22044604925031E-16
2.22044604925031E-16
2.22044604925031E-16
2.22044604925031E-16
2.22044604925031E-16
2.22044604925031E-16
2.22044604925031E-16
2.22044604925031E-16
2.22044604925031E-16
2.22044604925031E-16
2.22044604925031E-16
2.22044604925031E-16
2.22044604925031E-16
2.22044604925031E-16
2.22044604925031E-16
2.22044604925031E-16
2.22044604925031E-16
2.22044604925031E-16
2.22044604925031E-16
2.22044604925031E-16
2.22044604925031E-16
2.22044604925031E-16
2.22044604925031E-16
2.22044604925031E-16
2.22044604925031E-16
2.22044604925031E-16
2.22044604925031E-16
2.22044604925031E-16
2.22044604925031E-16
2.22044604925031E-16
2.22044604925031E-16
2.22044604925031E-16
2.22044604925031E-16
2.22044604925031E-16
2.22044604925031E-16
2.22044604925031E-16
2.22044604925031E-16
2.22044604925031E-16
2.22044604925031E-16
2.22044604925031E-16
2.22044604925031E-16
2.22044604925031E-16
2.22044604925031E-16
2.22044604925031E-16
2.22044604925031E-16
2.22044604925031E-16
2.22044604925031E-16
2.22044604925031E-16
2.22044604925031E-16
2.22044604925031E-16
2.22044604925031E-16
2.22044604925031E-16
2.22044604925031E-16
2.22044604925031E-16
2.22044604925031E-16
2.22044604925031E-16
2.22044604925031E-16
2.22044604925031E-16
2.22044604925031E-16
2.22044604925031E-16
2.22044604925031E-16
2.22044604925031E-16
2.22044604925031E-16
2.22044604925031E-16
2.22044604925031E-16
2.22044604925031E-16
2.22044604925031E-16
2.22044604925031E-16
2.22044604925031E-16
2.22044604925031E-16
2.22044604925031E-16
2.22044604925031E-16
2.22044604925031E-16
2.22044604925031E-16
2.22044604925031E-16
2.22044604925031E-16
2.22044604925031E-16
2.22044604925031E-16
2.22044604925031E-16
2.22044604925031E-16
2.22044604925031E-16
2.22044604925031E-16
2.22044604925031E-16
2.22044604925031E-16
2.22044604925031E-16
2.22044604925031E-16
2.22044604925031E-16
2.22044604925031E-16
2.22044604925031E-16
2.22044604925031E-16
2.22044604925031E-16
2.22044604925031E-16
2.22044604925031E-16
2.22044604925031E-16
2.22044604925031E-16
2.22044604925031E-16
2.22044604925031E-16
2.22044604925031E-16
2.22044604925031E-16
2.22044604925031E-16
2.22044604925031E-16
2.22044604925031E-16
2.22044604925031E-16
2.22044604925031E-16
2.22044604925031E-16
2.22044604925031E-16
2.22044604925031E-16
2.22044604925031E-16
2.22044604925031E-16
2.22044604925031E-16
2.22044604925031E-16
2.22044604925031E-16
2.22044604925031E-16
2.22044604925031E-16
2.22044604925031E-16
2.22044604925031E-16
2.22044604925031E-16
2.22044604925031E-16
2.22044604925031E-16
2.22044604925031E-16
2.22044604925031E-16
2.22044604925031E-16
2.22044604925031E-16
2.22044604925031E-16
2.22044604925031E-16
2.22044604925031E-16
2.22044604925031E-16
2.22044604925031E-16
2.22044604925031E-16
2.22044604925031E-16
2.22044604925031E-16
2.22044604925031E-16
2.22044604925031E-16
2.22044604925031E-16
2.22044604925031E-16
2.22044604925031E-16
2.22044604925031E-16
2.22044604925031E-16
2.22044604925031E-16
2.22044604925031E-16
2.22044604925031E-16
2.22044604925031E-16
2.22044604925031E-16
2.22044604925031E-16
2.22044604925031E-16
2.22044604925031E-16
2.22044604925031E-16
2.22044604925031E-16
2.22044604925031E-16
2.22044604925031E-16
2.22044604925031E-16
2.22044604925031E-16
2.22044604925031E-16
2.22044604925031E-16
2.22044604925031E-16
2.22044604925031E-16
2.22044604925031E-16
2.22044604925031E-16
2.22044604925031E-16
2.22044604925031E-16
2.22044604925031E-16
2.22044604925031E-16
2.22044604925031E-16
2.22044604925031E-16
2.22044604925031E-16
2.22044604925031E-16
2.22044604925031E-16
2.22044604925031E-16
2.22044604925031E-16
2.22044604925031E-16
2.22044604925031E-16
2.22044604925031E-16
2.22044604925031E-16
2.22044604925031E-16
2.22044604925031E-16
2.22044604925031E-16
2.22044604925031E-16
2.22044604925031E-16
2.22044604925031E-16
2.22044604925031E-16
2.22044604925031E-16
2.22044604925031E-16
2.22044604925031E-16
2.22044604925031E-16
2.22044604925031E-16
2.22044604925031E-16
2.22044604925031E-16
2.22044604925031E-16
2.22044604925031E-16
2.22044604925031E-16
2.22044604925031E-16
2.22044604925031E-16
2.22044604925031E-16
2.22044604925031E-16
2.22044604925031E-16
2.22044604925031E-16
2.22044604925031E-16
2.22044604925031E-16
2.22044604925031E-16
2.22044604925031E-16
2.22044604925031E-16
2.22044604925031E-16
2.22044604925031E-16
2.22044604925031E-16
2.22044604925031E-16
2.22044604925031E-16
2.22044604925031E-16
2.22044604925031E-16
2.22044604925031E-16
2.22044604925031E-16
2.22044604925031E-16
2.22044604925031E-16
2.22044604925031E-16
2.22044604925031E-16
2.22044604925031E-16
2.22044604925031E-16
2.22044604925031E-16
2.22044604925031E-16
2.22044604925031E-16
2.22044604925031E-16
2.22044604925031E-16
2.22044604925031E-16
2.22044604925031E-16
2.22044604925031E-16
2.22044604925031E-16
2.22044604925031E-16
2.22044604925031E-16
2.22044604925031E-16
2.22044604925031E-16
2.22044604925031E-16
2.22044604925031E-16
2.22044604925031E-16
2.22044604925031E-16
2.22044604925031E-16
2.22044604925031E-16
2.22044604925031E-16
2.22044604925031E-16
2.22044604925031E-16
2.22044604925031E-16
2.22044604925031E-16
2.22044604925031E-16
2.22044604925031E-16
2.22044604925031E-16
2.22044604925031E-16
2.22044604925031E-16
2.22044604925031E-16
2.22044604925031E-16
2.22044604925031E-16
2.22044604925031E-16
2.22044604925031E-16
2.22044604925031E-16
2.22044604925031E-16
2.22044604925031E-16
2.22044604925031E-16
2.22044604925031E-16
2.22044604925031E-16
2.22044604925031E-16
2.22044604925031E-16
2.22044604925031E-16
2.22044604925031E-16
2.22044604925031E-16
2.22044604925031E-16
2.22044604925031E-16
2.22044604925031E-16
2.22044604925031E-16
2.22044604925031E-16
2.22044604925031E-16
2.22044604925031E-16
2.22044604925031E-16
2.22044604925031E-16
2.22044604925031E-16
2.22044604925031E-16
2.22044604925031E-16
2.22044604925031E-16
2.22044604925031E-16
2.22044604925031E-16
2.22044604925031E-16
2.22044604925031E-16
2.22044604925031E-16
2.22044604925031E-16
2.22044604925031E-16
2.22044604925031E-16
2.22044604925031E-16
2.22044604925031E-16
2.22044604925031E-16
2.22044604925031E-16
2.22044604925031E-16
2.22044604925031E-16
2.22044604925031E-16
2.22044604925031E-16
2.22044604925031E-16
2.22044604925031E-16
2.22044604925031E-16
2.22044604925031E-16
2.22044604925031E-16
2.22044604925031E-16
2.22044604925031E-16
2.22044604925031E-16
2.22044604925031E-16
2.22044604925031E-16
2.22044604925031E-16
2.22044604925031E-16
2.22044604925031E-16
2.22044604925031E-16
2.22044604925031E-16
2.22044604925031E-16
2.22044604925031E-16
2.22044604925031E-16
2.22044604925031E-16
2.22044604925031E-16
2.22044604925031E-16
2.22044604925031E-16
2.22044604925031E-16
2.22044604925031E-16
2.22044604925031E-16
2.22044604925031E-16
2.22044604925031E-16
2.22044604925031E-16
2.22044604925031E-16
2.22044604925031E-16
2.22044604925031E-16
2.22044604925031E-16
2.22044604925031E-16
2.22044604925031E-16
2.22044604925031E-16
2.22044604925031E-16
2.22044604925031E-16
2.22044604925031E-16
2.22044604925031E-16
2.22044604925031E-16

