0.0477043006787185
0.0477043006787185
0.0477043006787185
0.0477043006787185
0.0477043006787185
0.014835543061144
0.012363870055773
0.012363870055773
0.012363870055773
0.00763630365716078
0.00399869887080007
0.00367937145696698
0.00125391035805364
0.00108999260530535
0.00048002422747781
0.000177575961330667
2.96353328582966E-05
9.10410497464986E-06
5.00633400968287E-06
2.18563192985743E-06
1.63075839937354E-06
6.51868299339498E-07
2.52699140362855E-07
1.00075002368305E-07
9.11711693640793E-08
4.52483311930152E-08
1.1662464050044E-08
6.84860959609956E-09
1.85076406977736E-09
1.31507721379265E-09
8.54130655092433E-10
2.51430931630381E-10
1.08365677542466E-10
2.81279999292394E-11
2.47579456935654E-11
1.89488980062436E-11
1.52541035358666E-11
7.17600978639155E-12
4.15689704880151E-12
2.64305244357388E-12
2.64305244357388E-12
2.63700172808967E-12
2.51765275294247E-12
2.18414175634507E-12
2.18414175634507E-12
2.18414175634507E-12
1.50540691024048E-12
7.92699239582362E-13
6.97469859645139E-13
6.24500451351651E-13
6.24139628868647E-13
6.20836715370388E-13
6.19143625257834E-13
6.187272916236E-13
6.18644024896753E-13
6.1853300259429E-13
6.1853300259429E-13
6.1853300259429E-13
6.1853300259429E-13
6.1853300259429E-13
6.1853300259429E-13
6.1853300259429E-13
6.1853300259429E-13
6.1853300259429E-13
6.1853300259429E-13
6.1853300259429E-13
6.1853300259429E-13
6.1853300259429E-13
6.1853300259429E-13
6.1853300259429E-13
6.1853300259429E-13
6.1853300259429E-13
6.1853300259429E-13
6.1853300259429E-13
6.1853300259429E-13
6.1853300259429E-13
6.1853300259429E-13
6.1853300259429E-13
6.1853300259429E-13
6.1853300259429E-13
6.1853300259429E-13
6.1853300259429E-13
6.1853300259429E-13
6.1853300259429E-13
6.1853300259429E-13
6.1853300259429E-13
6.1853300259429E-13
6.1853300259429E-13
6.1853300259429E-13
6.1853300259429E-13
6.1853300259429E-13
6.1853300259429E-13
6.1853300259429E-13
6.1853300259429E-13
6.1853300259429E-13
6.1853300259429E-13
6.1853300259429E-13
6.1853300259429E-13
6.1853300259429E-13
6.1853300259429E-13
6.1853300259429E-13
6.1853300259429E-13
6.1853300259429E-13
6.1853300259429E-13
6.1853300259429E-13
6.1853300259429E-13
6.1853300259429E-13
6.1853300259429E-13
6.1853300259429E-13
6.1853300259429E-13
2.04113993317725E-15
2.04113993317725E-15
2.04113993317725E-15
2.04113993317725E-15
2.04113993317725E-15
2.04113993317725E-15
2.04113993317725E-15
2.04113993317725E-15
2.04113993317725E-15
2.04113993317725E-15
2.04113993317725E-15
2.04113993317725E-15
2.04113993317725E-15
2.04113993317725E-15
2.04113993317725E-15
2.04113993317725E-15
2.04113993317725E-15
2.04113993317725E-15
2.04113993317725E-15
2.04113993317725E-15
2.04113993317725E-15
2.04113993317725E-15
2.04113993317725E-15
2.04113993317725E-15
2.04113993317725E-15
2.04113993317725E-15
2.04113993317725E-15
1.26322446584808E-15
1.26322446584808E-15
1.25658799703414E-15
1.25658799703414E-15
1.25658799703414E-15
1.25658799703414E-15
1.25617564962111E-15
1.25617564962111E-15
1.25617564962111E-15
1.25617564962111E-15
1.21111774878859E-15
1.14711514317978E-15
1.10428071708647E-15
1.09789447216714E-15
1.02477043618858E-15
1.02477043618858E-15
1.02477043618858E-15
1.02477043618858E-15
1.02477043618858E-15
1.02477043618858E-15
5.09283919181753E-16
5.09283919181753E-16
5.09283919181753E-16
5.09283919181753E-16
5.09283919181753E-16
5.09283919181753E-16
5.09283919181753E-16
5.09283919181753E-16
5.09283919181753E-16
5.09283919181753E-16
5.09283919181753E-16
5.09283919181753E-16
5.09283919181753E-16
5.09283919181753E-16
5.09283919181753E-16
5.09283919181753E-16
5.09283919181753E-16
5.09283919181753E-16
5.09283919181753E-16
5.09283919181753E-16
5.09283919181753E-16
5.09283919181753E-16
5.09283919181753E-16
5.09283919181753E-16
5.09283919181753E-16
5.09283919181753E-16
5.09283919181753E-16
5.09283919181753E-16
5.09283919181753E-16
5.09283919181753E-16
5.09283919181753E-16
5.09283919181753E-16
5.09283919181753E-16
5.09283919181753E-16
5.09283919181753E-16
5.09283919181753E-16
5.09283919181753E-16
5.09283919181753E-16
5.09283919181753E-16
5.09283919181753E-16
5.09283919181753E-16
5.09283919181753E-16
5.09283919181753E-16
5.09283919181753E-16
5.09283919181753E-16
5.09283919181753E-16
5.09283919181753E-16
5.09283919181753E-16
5.09283919181753E-16
5.09283919181753E-16
5.09283919181753E-16
5.09283919181753E-16
5.09283919181753E-16
5.09283919181753E-16
5.09283919181753E-16
5.09283919181753E-16
5.09283919181753E-16
5.09283919181753E-16
5.09283919181753E-16
5.09283919181753E-16
5.09283919181753E-16
5.09283919181753E-16
5.09283919181753E-16
5.09283919181753E-16
5.09283919181753E-16
5.09283919181753E-16
5.09283919181753E-16
5.09283919181753E-16
5.09283919181753E-16
5.09283919181753E-16
5.09283919181753E-16
5.09283919181753E-16
5.09283919181753E-16
5.09283919181753E-16
5.09283919181753E-16
5.09283919181753E-16
5.09283919181753E-16
5.09283919181753E-16
5.09283919181753E-16
5.09283919181753E-16
5.09283919181753E-16
5.09283919181753E-16
5.09283919181753E-16
5.09283919181753E-16
5.09283919181753E-16
5.09283919181753E-16
5.09283919181753E-16
5.09283919181753E-16
5.09283919181753E-16
5.09283919181753E-16
5.09283919181753E-16
5.09283919181753E-16
5.09283919181753E-16
5.09283919181753E-16
5.09283919181753E-16
5.09283919181753E-16
5.09283919181753E-16
5.09283919181753E-16
5.09283919181753E-16
5.09283919181753E-16
5.09283919181753E-16
5.09283919181753E-16
5.09283919181753E-16
5.09283919181753E-16
5.09283919181753E-16
5.09283919181753E-16
5.09283919181753E-16
5.09283919181753E-16
5.09283919181753E-16
5.09283919181753E-16
5.09283919181753E-16
5.09283919181753E-16
5.09283919181753E-16
5.09283919181753E-16
5.09283919181753E-16
5.09283919181753E-16
5.09283919181753E-16
5.09283919181753E-16
5.09283919181753E-16
5.09283919181753E-16
5.09283919181753E-16
5.09283919181753E-16
5.09283919181753E-16
5.09283919181753E-16
5.09283919181753E-16
5.09283919181753E-16
5.09283919181753E-16
5.09283919181753E-16
5.09283919181753E-16
5.09283919181753E-16
5.09283919181753E-16
5.09283919181753E-16
5.09283919181753E-16
5.09283919181753E-16
5.09283919181753E-16
5.09283919181753E-16
5.09283919181753E-16
5.09283919181753E-16
5.09283919181753E-16
5.09283919181753E-16
5.09283919181753E-16
5.09283919181753E-16
5.09283919181753E-16
5.09283919181753E-16
5.09283919181753E-16
5.09283919181753E-16
5.09283919181753E-16
5.09283919181753E-16
5.09283919181753E-16
5.09283919181753E-16
5.09283919181753E-16
5.09283919181753E-16
5.09283919181753E-16
5.09283919181753E-16
5.09283919181753E-16
5.09283919181753E-16
5.09283919181753E-16
5.09283919181753E-16
5.09283919181753E-16
5.09283919181753E-16
5.09283919181753E-16
5.09283919181753E-16
5.09283919181753E-16
5.09283919181753E-16
5.09283919181753E-16
5.09283919181753E-16
5.09283919181753E-16
5.09283919181753E-16
5.09283919181753E-16
5.09283919181753E-16
5.09283919181753E-16
5.09283919181753E-16
5.09283919181753E-16
5.09283919181753E-16
5.09283919181753E-16
5.09283919181753E-16
5.09283919181753E-16
5.09283919181753E-16
5.09283919181753E-16
5.09283919181753E-16
5.09283919181753E-16
5.09283919181753E-16
5.09283919181753E-16
5.09283919181753E-16
5.09283919181753E-16
5.09283919181753E-16
5.09283919181753E-16
5.09283919181753E-16
5.09283919181753E-16
5.09283919181753E-16
5.09283919181753E-16
5.09283919181753E-16
5.09283919181753E-16
5.09283919181753E-16
5.09283919181753E-16
5.09283919181753E-16
5.09283919181753E-16
5.09283919181753E-16
5.09283919181753E-16
5.09283919181753E-16
5.09283919181753E-16
5.09283919181753E-16
5.09283919181753E-16
5.09283919181753E-16
5.09283919181753E-16
5.09283919181753E-16
5.09283919181753E-16
5.09283919181753E-16
5.09283919181753E-16
5.09283919181753E-16
5.09283919181753E-16
5.09283919181753E-16
5.09283919181753E-16
5.09283919181753E-16
5.09283919181753E-16
5.09283919181753E-16
5.09283919181753E-16
5.09283919181753E-16
5.09283919181753E-16
5.09283919181753E-16
5.09283919181753E-16
5.09283919181753E-16
5.09283919181753E-16
5.09283919181753E-16
5.09283919181753E-16
5.09283919181753E-16
5.09283919181753E-16
5.09283919181753E-16
5.09283919181753E-16
5.09283919181753E-16
5.09283919181753E-16
5.09283919181753E-16
5.09283919181753E-16
5.09283919181753E-16
5.09283919181753E-16
5.09283919181753E-16
5.09283919181753E-16
5.09283919181753E-16
5.09283919181753E-16
5.09283919181753E-16
5.09283919181753E-16
5.09283919181753E-16
5.09283919181753E-16
5.09283919181753E-16
5.09283919181753E-16
5.09283919181753E-16
5.09283919181753E-16
5.09283919181753E-16
5.09283919181753E-16
5.09283919181753E-16
5.09283919181753E-16
5.09283919181753E-16
5.09283919181753E-16
5.09283919181753E-16
5.09283919181753E-16
5.09283919181753E-16
5.09283919181753E-16
5.09283919181753E-16
5.09283919181753E-16
5.09283919181753E-16
5.09283919181753E-16
5.09283919181753E-16
5.09283919181753E-16
5.09283919181753E-16
5.09283919181753E-16
5.09283919181753E-16
5.09283919181753E-16
5.09283919181753E-16
5.09283919181753E-16
5.09283919181753E-16
5.09283919181753E-16
5.09283919181753E-16
5.09283919181753E-16
5.09283919181753E-16
5.09283919181753E-16
5.09283919181753E-16
5.09283919181753E-16
5.09283919181753E-16
5.09283919181753E-16
5.09283919181753E-16
5.09283919181753E-16
5.09283919181753E-16
5.09283919181753E-16
5.09283919181753E-16
5.09283919181753E-16
5.09283919181753E-16
5.09283919181753E-16
5.09283919181753E-16
5.09283919181753E-16
5.09283919181753E-16
5.09283919181753E-16
5.09283919181753E-16
5.09283919181753E-16
5.09283919181753E-16
5.09283919181753E-16
5.09283919181753E-16
5.09283919181753E-16
5.09283919181753E-16
5.09283919181753E-16
5.09283919181753E-16
5.09283919181753E-16
5.09283919181753E-16
5.09283919181753E-16
5.09283919181753E-16
5.09283919181753E-16
5.09283919181753E-16
5.09283919181753E-16
5.09283919181753E-16
5.09283919181753E-16
5.09283919181753E-16
5.09283919181753E-16
5.09283919181753E-16
5.09283919181753E-16
5.09283919181753E-16
5.09283919181753E-16
5.09283919181753E-16
5.09283919181753E-16
5.09283919181753E-16
5.09283919181753E-16
5.09283919181753E-16
5.09283919181753E-16
5.09283919181753E-16
5.09283919181753E-16
5.09283919181753E-16
5.09283919181753E-16
5.09283919181753E-16
5.09283919181753E-16
5.09283919181753E-16
5.09283919181753E-16
5.09283919181753E-16
5.09283919181753E-16
5.09283919181753E-16
5.09283919181753E-16
5.09283919181753E-16
5.09283919181753E-16
5.09283919181753E-16
5.09283919181753E-16
5.09283919181753E-16
5.09283919181753E-16
5.09283919181753E-16
5.09283919181753E-16
5.09283919181753E-16
5.09283919181753E-16

