0.209513776027407
0.209513776027407
0.0605728736600923
0.0414639931362193
0.0414639931362193
0.0414639931362193
0.0414639931362193
0.0414639931362193
0.0414639931362193
0.0414639931362193
0.0414639931362193
0.0414639931362193
0.0414639931362193
0.0414639931362193
0.0414639931362193
0.0414639931362193
0.0414639931362193
0.0414639931362193
0.0414639931362193
0.0414639931362193
0.0414639931362193
0.0414639931362193
0.00820232450651978
0.00820232450651978
0.00820232450651978
0.00820232450651978
0.00820232450651978
0.00820232450651978
0.00820232450651978
0.00820232450651978
0.00820232450651978
0.00820232450651978
0.00820232450651978
0.00820232450651978
0.00820232450651978
0.00820232450651978
0.00820232450651978
0.00820232450651978
0.00820232450651978
0.00820232450651978
0.00820232450651978
0.00820232450651978
0.00820232450651978
0.00820232450651978
0.00820232450651978
0.00820232450651978
0.00820232450651978
0.00820232450651978
0.00820232450651978
0.00820232450651978
0.00820232450651978
0.00820232450651978
0.00820232450651978
0.00820232450651978
0.00820232450651978
0.00820232450651978
0.00820232450651978
0.00820232450651978
0.00820232450651978
0.00820232450651978
0.00820232450651978
0.00820232450651978
0.00820232450651978
0.00820232450651978
0.00820232450651978
0.00820232450651978
0.00820232450651978
0.00820232450651978
0.00820232450651978
0.00820232450651978
0.00820232450651978
0.00820232450651978
0.00820232450651978
0.00820232450651978
0.00820232450651978
0.00820232450651978
0.00820232450651978
0.00820232450651978
0.00820232450651978
0.00820232450651978
0.00820232450651978
0.00820232450651978
0.00820232450651978
0.00820232450651978
0.00820232450651978
0.00820232450651978
0.00820232450651978
0.00820232450651978
0.00820232450651978
0.00820232450651978
0.00820232450651978
0.00820232450651978
0.00820232450651978
0.00820232450651978
0.00820232450651978
0.00820232450651978
0.00820232450651978
0.00820232450651978
0.00820232450651978
0.00820232450651978
0.00820232450651978
0.00820232450651978
0.00820232450651978
0.00820232450651978
0.00820232450651978
0.00820232450651978
0.00820232450651978
0.00820232450651978
0.00820232450651978
0.00820232450651978
0.00706629831193267
0.00706629831193267
0.00706629831193267
0.00706629831193267
0.00706629831193267
0.00706629831193267
0.00706629831193267
0.00611350693138535
0.00611350693138535
0.00611350693138535
0.00611350693138535
0.00611350693138535
0.00611350693138535
0.00611350693138535
0.00611350693138535
0.00611350693138535
0.00611350693138535
0.00611350693138535
0.00611350693138535
0.00611350693138535
0.00611350693138535
0.00611350693138535
0.00611350693138535
0.00611350693138535
0.00611350693138535
0.00611350693138535
0.00611350693138535
0.00611350693138535
0.00611350693138535
0.00611350693138535
0.00611350693138535
0.00611350693138535
0.00611350693138535
0.00611350693138535
0.00611350693138535
0.00611350693138535
0.00611350693138535
0.00611350693138535
0.00611350693138535
0.00611350693138535
0.00611350693138535
0.00611350693138535
0.00611350693138535
0.00611350693138535
0.00611350693138535
0.00611350693138535
0.00611350693138535
0.00611350693138535
0.00611350693138535
0.00611350693138535
0.00611350693138535
0.00611350693138535
0.00611350693138535
0.00611350693138535
0.00611350693138535
0.00611350693138535
0.00611350693138535
0.00611350693138535
0.00611350693138535
0.00611350693138535
0.00611350693138535
0.00611350693138535
0.00611350693138535
0.00611350693138535
0.00611350693138535
0.00611350693138535
0.00611350693138535
0.00611350693138535
0.00611350693138535
0.00611350693138535
0.00611350693138535
0.00611350693138535
0.00611350693138535
0.00611350693138535
0.00611350693138535
0.00611350693138535
0.00611350693138535
0.00611350693138535
0.00611350693138535
0.00611350693138535
0.00611350693138535
0.00580130072846545
0.00144810942791042
0.000496910795982086
0.000496910795982086
0.000301474653414234
0.000239382732294175
3.88319404204611E-05
1.40567230623704E-05
1.40567230623704E-05
1.40567230623704E-05
1.40567230623704E-05
1.40567230623704E-05
1.40567230623704E-05
1.40567230623704E-05
1.40567230623704E-05
1.40567230623704E-05
1.40567230623704E-05
1.40567230623704E-05
1.40567230623704E-05
1.40567230623704E-05
1.40567230623704E-05
1.40567230623704E-05
1.40567230623704E-05
6.47960410111369E-06
6.47960410111369E-06
6.47960410111369E-06
6.47960410111369E-06
6.47960410111369E-06
6.47960410111369E-06
6.47960410111369E-06
6.47960410111369E-06
6.47960410111369E-06
6.47960410111369E-06
6.47960410111369E-06
6.47960410111369E-06
6.47960410111369E-06
6.47960410111369E-06
6.47960410111369E-06
6.47960410111369E-06
6.47960410111369E-06
6.47960410111369E-06
6.47960410111369E-06
6.47960410111369E-06
6.47960410111369E-06
6.47960410111369E-06
6.47960410111369E-06
6.47960410111369E-06
6.47960410111369E-06
6.47960410111369E-06
6.47960410111369E-06
6.47960410111369E-06
6.47960410111369E-06
6.47960410111369E-06
6.47960410111369E-06
6.47960410111369E-06
6.47960410111369E-06
6.47960410111369E-06
6.47960410111369E-06
6.47960410111369E-06
6.47960410111369E-06
6.47960410111369E-06
6.47960410111369E-06
6.47960410111369E-06
6.47960410111369E-06
6.47960410111369E-06
6.47960410111369E-06
6.47960410111369E-06
6.47960410111369E-06
6.47960410111369E-06
6.47960410111369E-06
6.47960410111369E-06
6.47960410111369E-06
6.47960410111369E-06
6.47960410111369E-06
6.47960410111369E-06
6.47960410111369E-06
6.47960410111369E-06
6.47960410111369E-06
6.47960410111369E-06
6.47960410111369E-06
6.47960410111369E-06
6.47960410111369E-06
6.47960410111369E-06
6.47960410111369E-06
6.47960410111369E-06
6.47960410111369E-06
6.47960410111369E-06
6.47960410111369E-06
6.47960410111369E-06
6.47960410111369E-06
6.47960410111369E-06
6.47960410111369E-06
6.47960410111369E-06
6.47960410111369E-06
6.47960410111369E-06
6.47960410111369E-06
6.47960410111369E-06
6.47960410111369E-06
6.47960410111369E-06
1.38072234211858E-06
1.38072234211858E-06
1.38072234211858E-06
1.38072234211858E-06
1.38072234211858E-06
1.38072234211858E-06
1.38072234211858E-06
1.38072234211858E-06
1.38072234211858E-06
1.38072234211858E-06
1.38072234211858E-06
1.38072234211858E-06
1.38072234211858E-06
1.38072234211858E-06
1.38072234211858E-06
1.38072234211858E-06
1.38072234211858E-06
1.38072234211858E-06
1.38072234211858E-06
1.38072234211858E-06
1.38072234211858E-06
1.38072234211858E-06
1.38072234211858E-06
1.38072234211858E-06
1.38072234211858E-06
1.38072234211858E-06
1.38072234211858E-06
1.38072234211858E-06
1.38072234211858E-06
1.38072234211858E-06
1.38072234211858E-06
1.38072234211858E-06
1.38072234211858E-06
1.38072234211858E-06
1.38072234211858E-06
1.38072234211858E-06
1.38072234211858E-06
1.38072234211858E-06
1.38072234211858E-06
1.38072234211858E-06
1.38072234211858E-06
1.38072234211858E-06
1.38072234211858E-06
1.38072234211858E-06
1.38072234211858E-06
1.38072234211858E-06
1.38072234211858E-06
1.38072234211858E-06
1.38072234211858E-06
1.38072234211858E-06
1.38072234211858E-06
1.38072234211858E-06
1.38072234211858E-06
1.38072234211858E-06
1.38072234211858E-06
1.38072234211858E-06
1.38072234211858E-06
1.38072234211858E-06
1.38072234211858E-06
1.38072234211858E-06
1.38072234211858E-06
1.38072234211858E-06
1.38072234211858E-06
1.38072234211858E-06
1.38072234211858E-06
1.38072234211858E-06
1.38072234211858E-06
1.38072234211858E-06
1.38072234211858E-06
1.38072234211858E-06
1.38072234211858E-06
1.38072234211858E-06
1.38072234211858E-06
1.38072234211858E-06
1.38072234211858E-06
1.38072234211858E-06
1.38072234211858E-06
1.38072234211858E-06
1.38072234211858E-06
1.38072234211858E-06
1.38072234211858E-06
1.38072234211858E-06
1.38072234211858E-06
1.38072234211858E-06
1.38072234211858E-06
1.38072234211858E-06
1.38072234211858E-06
1.38072234211858E-06
1.38072234211858E-06
1.38072234211858E-06
1.38072234211858E-06
1.38072234211858E-06
1.38072234211858E-06
1.38072234211858E-06
1.38072234211858E-06
1.38072234211858E-06
1.38072234211858E-06
1.38072234211858E-06
1.38072234211858E-06
1.38072234211858E-06
1.38072234211858E-06
1.38072234211858E-06
1.38072234211858E-06
1.38072234211858E-06
1.38072234211858E-06
1.38072234211858E-06
1.38072234211858E-06
1.38072234211858E-06
1.38072234211858E-06
1.38072234211858E-06
1.38072234211858E-06
1.38072234211858E-06
1.38072234211858E-06
1.38072234211858E-06
1.38072234211858E-06
1.38072234211858E-06
1.38072234211858E-06
1.38072234211858E-06
1.38072234211858E-06
1.38072234211858E-06
1.38072234211858E-06
1.38072234211858E-06
1.38072234211858E-06
1.38072234211858E-06
1.38072234211858E-06
1.38072234211858E-06
1.38072234211858E-06
1.38072234211858E-06
1.38072234211858E-06
1.38072234211858E-06
1.38072234211858E-06
1.38072234211858E-06
1.38072234211858E-06
1.38072234211858E-06
1.38072234211858E-06
1.38072234211858E-06
1.38072234211858E-06
1.38072234211858E-06
1.38072234211858E-06
1.38072234211858E-06
1.38072234211858E-06
1.38072234211858E-06
1.38072234211858E-06
1.38072234211858E-06
1.38072234211858E-06
1.38072234211858E-06
1.38072234211858E-06
1.38072234211858E-06
1.38072234211858E-06
1.38072234211858E-06
1.38072234211858E-06
1.38072234211858E-06
1.38072234211858E-06
1.38072234211858E-06
1.38072234211858E-06
1.38072234211858E-06
1.38072234211858E-06
1.38072234211858E-06
1.38072234211858E-06
1.38072234211858E-06
1.38072234211858E-06
1.38072234211858E-06
1.38072234211858E-06
1.38072234211858E-06
1.38072234211858E-06
1.38072234211858E-06
1.38072234211858E-06
1.38072234211858E-06
1.38072234211858E-06
1.38072234211858E-06
1.38072234211858E-06
1.38072234211858E-06
1.38072234211858E-06
1.38072234211858E-06
1.38072234211858E-06
1.38072234211858E-06
1.38072234211858E-06
1.38072234211858E-06
1.38072234211858E-06
1.38072234211858E-06
1.38072234211858E-06
1.38072234211858E-06
1.38072234211858E-06
1.38072234211858E-06
1.38072234211858E-06
1.38072234211858E-06
1.38072234211858E-06
1.38072234211858E-06
1.38072234211858E-06
1.38072234211858E-06
1.38072234211858E-06
1.38072234211858E-06
1.38072234211858E-06
1.38072234211858E-06
1.38072234211858E-06
1.38072234211858E-06
1.38072234211858E-06
1.38072234211858E-06
1.38072234211858E-06
1.38072234211858E-06
1.38072234211858E-06
1.38072234211858E-06
1.38072234211858E-06
1.38072234211858E-06
1.38072234211858E-06
1.38072234211858E-06
1.38072234211858E-06
1.38072234211858E-06
1.38072234211858E-06
1.38072234211858E-06

