0.203934305196295
0.203934305196295
0.130857018612498
0.130857018612498
0.0477565910188289
0.0477565910188289
0.0477565910188289
0.0477565910188289
0.0477565910188289
0.0477565910188289
0.0477565910188289
0.0477565910188289
0.0477565910188289
0.0477565910188289
0.0477565910188289
0.0477565910188289
0.0477565910188289
0.00619911129556394
0.00619911129556394
0.00619911129556394
0.00619911129556394
0.00619911129556394
0.00619911129556394
0.00619911129556394
0.00619911129556394
0.00619911129556394
0.00619911129556394
0.00619911129556394
0.00619911129556394
0.00619911129556394
0.00619911129556394
0.00619911129556394
0.00619911129556394
0.00619911129556394
0.00619911129556394
0.00619911129556394
0.00619911129556394
0.00619911129556394
0.00619911129556394
0.00619911129556394
0.00619911129556394
0.00619911111993199
0.00619911111993199
0.00619911111993199
0.00619911111993199
0.00619911111993199
0.00619911111993199
0.00619911111993199
0.00619911111993199
0.00619911111993199
0.00619911111993199
0.00619911111993199
0.00619911111993199
0.00619911111993199
0.00619911111993199
0.00619911111993199
0.00619911111993199
0.00619911111993199
0.00619911111993199
0.00619911111993199
0.00619911111993199
0.00619911111993199
0.00619911111993199
0.00619911111993199
0.00619911111993199
0.00619911111993199
0.00619911111993199
0.00619911111993199
0.00619911111993199
0.00619911111993199
0.00619911111993199
0.00619911111993199
0.00619911111993199
0.00619911111993199
0.00619911111993199
0.00619911111993199
0.00619911111993199
0.00619911111993199
0.00619911111993199
0.00619911111993199
0.00619911111993199
0.00619911111993199
0.00619911111993199
0.00619911111993199
0.00619911111993199
0.00619911111993199
0.00619911111993199
0.00619911111993199
0.00619911111993199
0.00619911111993199
0.00619911111993199
0.00619911111993199
0.00619911111993199
0.00619911111993199
0.00619911111993199
0.00619911111993199
0.00619911111993199
0.00619911111993199
0.00619911111993199
0.00619911111993199
0.00619911111993199
0.00189259758279856
0.00189259758279856
0.00189259758279856
0.00189259758279856
0.00189259758279856
0.00185828578757563
0.00185828578757563
0.00185828578757563
0.00185828578757563
0.00185828578757563
0.00185828578757563
0.00185828578757563
0.0018377034984758
0.0018377034984758
0.00179225544454568
0.00179225544454568
0.00179225544454568
0.00179225544454568
0.00179225544454568
0.00179225544454568
0.00179225544454568
0.00179225544454568
0.00179225544454568
0.00179225544454568
0.00179225544454568
0.00179225544454568
0.00179225544454568
0.00179225544454568
0.00179225544454568
0.00179225544454568
0.00179225544454568
0.00179225544454568
0.00179225544454568
0.0017922554420498
0.0017922554420498
0.0017922554420498
0.0017922554420498
0.0017922554420498
0.0017922554420498
0.0017922554420498
0.0017922554420498
0.0017922554420498
0.0017922554420498
0.0017922554420498
0.0017922554420498
0.0017922554420498
0.0017922554420498
0.0017922554420498
0.0017922554420498
0.0017922554420498
0.0017922554420498
0.0017922554420498
0.0017922554420498
0.0017922554420498
0.0017922554420498
0.0017922554420498
0.0017922554420498
0.0017922554420498
0.0017922554420498
0.0017922554420498
0.0017922554420498
0.0017922554420498
0.0017922554420498
0.0017922554420498
0.0017922554420498
0.0017922554420498
0.0017922554420498
0.0017922554420498
0.0017922554420498
0.0017922554420498
0.0017922554420498
0.0017922554420498
0.0017922554420498
0.0017922554420498
0.0017922554420498
0.0017922554420498
0.0017922554420498
0.0017922554420498
0.0017922554420498
0.0017922554420498
0.0017922554420498
0.0017922554420498
0.0017922554420498
0.0017922554420498
0.0017922554420498
0.0017922554420498
0.0017922554420498
0.0017922554420498
0.0017922554420498
0.00167172182678764
0.00167172182678764
0.00167172182678764
0.00167172182678764
0.00167172182678764
0.00167172182678764
0.000382908010134518
0.000114932289903136
0.000114932289903136
0.000114932289903136
0.000114932289903136
0.000114932289903136
0.000114932289903136
0.000114932289903136
0.000114932289903136
0.000114932289903136
0.000114932289903136
0.000114932289903136
0.000114932289903136
0.000114932289903136
0.000114932289903136
0.000114932289903136
0.000114932289903136
0.000114932289903136
0.000114932289903136
0.000114932289903136
0.000114932289903136
0.000114932289903136
0.000114932289903136
0.000114932289903136
0.000114932289903136
0.000114932289903136
0.000114932289903136
0.000114932289903136
0.000114932289903136
0.000114932289903136
0.000114932289903136
0.000114932289903136
0.000114932289903136
0.000114932289903136
0.000114932289903136
0.000114932289903136
0.000114932289903136
0.000114932289903136
0.000114932289903136
0.000114932289903136
0.000114932289903136
0.000114932289903136
0.000114932289903136
0.000114932289903136
0.000114932289903136
0.000114932289903136
0.000114932289903136
0.000114932289903136
0.000114932289903136
0.000114932289903136
0.000114932289903136
0.000114932289903136
0.000114932289903136
0.000114932289903136
0.000114932289903136
0.000114932289903136
0.000114932289903136
0.000114932289903136
0.000114932289903136
0.000114932289903136
0.000114932289903136
0.000114932289903136
0.000114932289903136
0.000114932289903136
0.000114932289903136
0.000114932289903136
0.000114932289903136
0.000114932289903136
0.000114932289903136
0.000114932289903136
0.000114932289903136
0.000114932289903136
0.000114932289903136
0.000114932289903136
0.000114932289903136
0.000114932289903136
0.000114932289903136
0.000114932289903136
0.000114932289903136
0.000114932289903136
0.000114932289903136
0.000114932289903136
0.000114932289903136
0.000114932289903136
0.000114932289903136
0.000114932289903136
0.000114932289903136
0.000114932289903136
0.000114932289903136
0.000114932289903136
0.000114932289903136
0.000114932289903136
0.000114932289903136
0.000114932289903136
0.000114932289903136
0.000114932289903136
0.000114932289903136
0.000114932289903136
0.000114932289903136
0.000114932289903136
0.000114932289903136
0.000114932289903136
0.000114932289903136
0.000114932289903136
0.000114932289903136
0.000114932289903136
0.000114932289903136
0.000114932289903136
7.32872298582822E-05
7.32872298582822E-05
7.32872298582822E-05
7.32872298582822E-05
7.32872298582822E-05
7.32872298582822E-05
7.32872298582822E-05
7.32872298582822E-05
7.32872298582822E-05
7.32872298582822E-05
7.32872298582822E-05
7.32872298582822E-05
7.32872298582822E-05
7.32872298582822E-05
7.32872298582822E-05
7.32872298582822E-05
7.32872298582822E-05
7.32872298582822E-05
7.32872298582822E-05
7.32872298582822E-05
7.32872298582822E-05
7.32872298582822E-05
7.32872298582822E-05
7.32872298582822E-05
7.32872298582822E-05
7.32872298582822E-05
7.32872298582822E-05
7.32872298582822E-05
7.32872298582822E-05
7.32872298582822E-05
7.32872298582822E-05
7.32872298582822E-05
7.32872298582822E-05
7.32872298582822E-05
7.32872298582822E-05
7.32872298582822E-05
7.32872298582822E-05
7.32872298582822E-05
7.32872298582822E-05
7.32872298582822E-05
7.32872298582822E-05
7.32872298582822E-05
7.32872298582822E-05
7.32872298582822E-05
7.32872298582822E-05
7.32872298582822E-05
7.32872298582822E-05
7.32872298582822E-05
7.32872298582822E-05
7.32872298582822E-05
7.32872298582822E-05
7.32872298582822E-05
7.32872298582822E-05
7.32872298582822E-05
7.32872298582822E-05
7.32872298582822E-05
7.32872298582822E-05
7.32872298582822E-05
7.32872298582822E-05
7.32872298582822E-05
7.32872298582822E-05
7.32872298582822E-05
7.32872298582822E-05
7.32872298582822E-05
7.32872298582822E-05
7.32872298582822E-05
7.32872298582822E-05
7.32872298582822E-05
7.32872298582822E-05
7.32872298582822E-05
7.32872298582822E-05
7.32872298582822E-05
7.32872298582822E-05
7.32872298582822E-05
7.32872298582822E-05
7.32872298582822E-05
7.32872298582822E-05
7.32872298582822E-05
7.32872298582822E-05
7.32872298582822E-05
7.32872298582822E-05
7.32872298582822E-05
7.32872298582822E-05
7.32872298582822E-05
7.32872298582822E-05
7.32872298582822E-05
7.32872298582822E-05
7.32872298582822E-05
7.32872298582822E-05
7.32872298582822E-05
7.32872298582822E-05
7.32872298582822E-05
7.32872298582822E-05
7.32872298582822E-05
7.32872298582822E-05
7.32872298582822E-05
7.32872298582822E-05
7.32872298582822E-05
7.32872298582822E-05
7.32872298582822E-05
7.32872298582822E-05
7.32872298582822E-05
7.32872298582822E-05
7.32872298582822E-05
7.32872298582822E-05
7.32872298582822E-05
7.32872298582822E-05
7.32872298582822E-05
7.12263856248203E-05
4.27510104471329E-05
4.27510104471329E-05
4.27510104471329E-05
4.27510104471329E-05
4.27510104471329E-05
4.27510104471329E-05
4.27510104471329E-05
4.27510104471329E-05
4.27510104471329E-05
4.27510104471329E-05
4.27510104471329E-05
4.27510104471329E-05
4.27510104471329E-05
4.27510104471329E-05
4.27510104471329E-05
4.27510104471329E-05
4.27510104471329E-05
4.27510104471329E-05
4.27510104471329E-05
4.27510104471329E-05
4.27510104471329E-05
4.27510104471329E-05
4.27510104471329E-05
4.27510104471329E-05
4.27510104471329E-05
4.27510104471329E-05
4.27510104471329E-05
4.27510104471329E-05
4.27510104471329E-05
4.27510104471329E-05
4.27510104471329E-05
4.27510104471329E-05
4.27510104471329E-05
4.27510104471329E-05
4.27510104471329E-05
4.27510104471329E-05
4.27510104471329E-05
4.27510104471329E-05
4.27510104471329E-05
4.27510104471329E-05
4.27510104471329E-05
4.27510104471329E-05
4.27510104471329E-05
4.27510104471329E-05
4.27510104471329E-05
4.27510104471329E-05
4.27510104471329E-05
4.27510104471329E-05
4.27510104471329E-05
4.27510104471329E-05
4.27510104471329E-05
4.27510104471329E-05
4.27510104471329E-05
4.27510104471329E-05
4.27510104471329E-05
4.27510104471329E-05
4.27510104471329E-05
4.27510104471329E-05
4.27510104471329E-05
4.27510104471329E-05
4.27510104471329E-05
4.27510104471329E-05
4.27510104471329E-05
4.27510104471329E-05
4.27510104471329E-05
4.27510104471329E-05
4.27510104471329E-05
4.27510104471329E-05
4.27510104471329E-05
4.27510104471329E-05
4.27510104471329E-05
4.27510104471329E-05
4.27510104471329E-05
4.27510104471329E-05
4.27510104471329E-05
4.27510104471329E-05
4.27510104471329E-05
4.27510104471329E-05
4.27510104471329E-05
4.27510104471329E-05
4.27510104471329E-05
4.27510104471329E-05
4.27510104471329E-05
4.27510104471329E-05
4.27510104471329E-05
4.27510104471329E-05
4.27510104471329E-05

