0.119219993886347
0.119219993886347
0.119219993886347
0.119219993886347
0.119219993886347
0.0776844179832581
0.0305058065778949
0.0257662773404023
0.0247499322367613
0.0247499322367613
0.0141660684126459
0.0141660684126459
0.0141660684126459
0.0141660684126459
0.0141660684126459
0.0141660684126459
0.0141660684126459
0.0141660684126459
0.0114309895910576
0.0114309895910576
0.0114309895910576
0.0114309895910576
0.0114309895910576
0.0108527828155411
0.0108527828155411
0.0108527828155411
0.0108527828155411
0.0108527828155411
0.0108527828155411
0.0108527828155411
0.0108527828155411
0.0108527828155411
0.00722238987672905
0.00722238987672905
0.00722238987672905
0.00722238987672905
0.00722238987672905
0.00722238987672905
0.00722238987672905
0.00722238987672905
0.00722238987672905
0.00722238987672905
0.00722238987672905
0.00722238987672905
0.00722238987672905
0.00702375885593401
0.00702375885593401
0.00702375885593401
0.00702375885593401
0.00702375885593401
0.00702375885593401
0.00702375885593401
0.00612526857615001
0.00612526857615001
0.00612526857615001
0.00612526857615001
0.00612526857615001
0.00612526857615001
0.00612526857615001
0.00612526857615001
0.00612526857615001
0.00612526857615001
0.00612526857615001
0.00612526857615001
0.00612526857615001
0.00612526857615001
0.00612526857615001
0.00612526857615001
0.00612526857615001
0.00612526857615001
0.00612526857615001
0.00612526857615001
0.00612526857615001
0.00612526857615001
0.00612526857615001
0.00612526857615001
0.00612526857615001
0.00612526857615001
0.00612526857615001
0.00612526857615001
0.00612526857615001
0.00612526857615001
0.00612526857615001
0.00612526857615001
0.00612526857615001
0.00612526857615001
0.00612526857615001
0.00612526857615001
0.00612526857615001
0.00612526857615001
0.00612526857615001
0.00612526857615001
0.00612526857615001
0.00612526857615001
0.00612526857615001
0.00612526857615001
0.00612526857615001
0.00612526857615001
0.00612526857615001
0.00612526857615001
0.00612526857615001
0.00612526857615001
0.00612526857615001
0.00612526857615001
0.00612526857615001
0.00612526857615001
0.00612526857615001
0.00612526857615001
0.00612526857615001
0.00590594444739936
0.00590594444739936
0.00590594444739936
0.00590594444739936
0.00590594444739936
0.00590594444739936
0.00590594444739936
0.00590594444739936
0.00590594444739936
0.00590594444739936
0.00590594444739936
0.00590594444739936
0.00590594444739936
0.00590594444739936
0.00590594444739936
0.00590594444739936
0.00590594444739936
0.00590594444739936
0.00590594444739936
0.00590594444739936
0.00590594444739936
0.00590594444739936
0.00590594444739936
0.00590594444739936
0.00590594444739936
0.00590594444739936
0.00590594444739936
0.00590594444739936
0.00590594444739936
0.00590594444739936
0.00590594444739936
0.00590594444739936
0.00590594444739936
0.00590594444739936
0.00590594444739936
0.00590594444739936
0.00590594444739936
0.00590594444739936
0.00590594444739936
0.00590594444739936
0.00590594444739936
0.00590594444739936
0.00590594444739936
0.00590594444739936
0.00590594444739936
0.00590594444739936
0.00590594444739936
0.00590594444739936
0.00590594444739936
0.00590594444739936
0.00590594444739936
0.00590594444739936
0.00590594444739936
0.00590594444739936
0.00590594444739936
0.00590594444739936
0.00590594444739936
0.00590594444739936
0.00590594444739936
0.00590594444739936
0.00590594444739936
0.00590594444739936
0.00590594444739936
0.00590594444739936
0.00590594444739936
0.00590594444739936
0.00590594444739936
0.00590594444739936
0.00590594444739936
0.00590594444739936
0.00590594444739936
0.00590594444739936
0.00590594444739936
0.00590594444739936
0.00590594444739936
0.00590594444739936
0.00590594444739936
0.00590594444739936
0.00590594444739936
0.00590594444739936
0.00590594444739936
0.00590594444739936
0.00169504660891903
0.000542730337242306
0.000542730337242306
0.000403048935084518
0.000403048935084518
0.000337770358568405
0.000102112056732237
7.27920215043056E-05
2.98648158028071E-05
2.98648158028071E-05
2.98648158028071E-05
2.98648158028071E-05
2.98648158028071E-05
2.98648158028071E-05
2.98648158028071E-05
2.98648158028071E-05
2.98648158028071E-05
2.98648158028071E-05
2.98648158028071E-05
2.98648158028071E-05
2.98648158028071E-05
2.98648158028071E-05
2.98648158028071E-05
2.98648158028071E-05
2.98648158028071E-05
2.98648158028071E-05
2.98648158028071E-05
2.98648158028071E-05
2.98648158028071E-05
2.98648158028071E-05
2.98648158028071E-05
2.98648158028071E-05
2.98648158028071E-05
2.98648158028071E-05
2.98648158028071E-05
2.98648158028071E-05
2.98648158028071E-05
2.98648158028071E-05
2.98648158028071E-05
2.98648158028071E-05
2.98648158028071E-05
2.98648158028071E-05
2.98648158028071E-05
2.98648158028071E-05
2.98648158028071E-05
2.98648158028071E-05
2.98648158028071E-05
2.98648158028071E-05
2.98648158028071E-05
2.98648158028071E-05
2.98648158028071E-05
2.98648158028071E-05
2.98648158028071E-05
2.98648158028071E-05
2.98648158028071E-05
2.98648158028071E-05
2.98648158028071E-05
2.98648158028071E-05
2.98648158028071E-05
2.98648158028071E-05
2.98648158028071E-05
2.98648158028071E-05
2.98648158028071E-05
2.98648158028071E-05
2.98648158028071E-05
2.98648158028071E-05
2.98648158028071E-05
2.98648158028071E-05
2.98648158028071E-05
2.98648158028071E-05
2.98648158028071E-05
2.98648158028071E-05
2.98648158028071E-05
2.98648158028071E-05
2.98648158028071E-05
2.98648158028071E-05
2.98648158028071E-05
2.98648158028071E-05
2.98648158028071E-05
2.98648158028071E-05
2.98648158028071E-05
2.98648158028071E-05
2.98648158028071E-05
2.98648158028071E-05
2.98648158028071E-05
2.98648158028071E-05
2.98648158028071E-05
2.98648158028071E-05
2.98648158028071E-05
2.98648158028071E-05
2.98648158028071E-05
2.98648158028071E-05
2.98648158028071E-05
2.98648158028071E-05
2.98648158028071E-05
2.98648158028071E-05
2.98648158028071E-05
2.98648158028071E-05
2.98648158028071E-05
2.98648158028071E-05
2.98648158028071E-05
2.98648158028071E-05
2.98648158028071E-05
2.98648158028071E-05
2.98648158028071E-05
2.98648158028071E-05
2.98648158028071E-05
2.98648158028071E-05
2.98648158028071E-05
2.98648158028071E-05
2.98648158028071E-05
2.98648158028071E-05
2.98648158028071E-05
2.98648158028071E-05
2.98648158028071E-05
2.98648158028071E-05
2.98648158028071E-05
2.98648158028071E-05
2.98648158028071E-05
2.98648158028071E-05
2.98648158028071E-05
2.98648158028071E-05
2.98648158028071E-05
2.98648158028071E-05
2.98648158028071E-05
2.98648158028071E-05
2.98648158028071E-05
2.30281150784852E-05
2.30281150784852E-05
2.18296599165656E-05
2.18296599165656E-05
2.18296599165656E-05
2.18296599165656E-05
2.18296599165656E-05
2.18296599165656E-05
2.18296599165656E-05
2.18296599165656E-05
2.18296599165656E-05
2.18296599165656E-05
2.18296599165656E-05
2.18296599165656E-05
2.18296599165656E-05
2.18296599165656E-05
2.18296599165656E-05
2.18296599165656E-05
2.18296599165656E-05
2.18296599165656E-05
2.18296599165656E-05
2.18296599165656E-05
2.18296599165656E-05
2.18296599165656E-05
2.18296599165656E-05
2.18296599165656E-05
2.18296599165656E-05
2.18296599165656E-05
2.18296599165656E-05
2.18296599165656E-05
2.18296599165656E-05
9.88785264352174E-06
9.88785264352174E-06
9.88785264352174E-06
9.88785264352174E-06
9.88785264352174E-06
9.88785264352174E-06
9.88785264352174E-06
9.88785264352174E-06
9.88785264352174E-06
9.88785264352174E-06
9.88785264352174E-06
9.88785264352174E-06
9.88785264352174E-06
9.88785264352174E-06
9.88785264352174E-06
9.88785264352174E-06
9.88785264352174E-06
9.88785264352174E-06
9.88785264352174E-06
9.88785264352174E-06
9.88785264352174E-06
9.88785264352174E-06
9.88785264352174E-06
9.88785264352174E-06
9.88785264352174E-06
9.88785264352174E-06
9.88785264352174E-06
9.88785264352174E-06
9.88785264352174E-06
9.88785264352174E-06
9.88785264352174E-06
9.88785264352174E-06
9.88785264352174E-06
9.88785264352174E-06
9.88785264352174E-06
9.88785264352174E-06
9.88785264352174E-06
9.88785264352174E-06
9.88785264352174E-06
9.88785264352174E-06
9.88785264352174E-06
9.88785264352174E-06
9.88785264352174E-06
9.88785264352174E-06
9.88785264352174E-06
9.88785264352174E-06
9.88785264352174E-06
9.88785264352174E-06
9.88785264352174E-06
9.88785264352174E-06
9.88785264352174E-06
9.88785264352174E-06
9.88785264352174E-06
9.88785264352174E-06
9.88785264352174E-06
9.88785264352174E-06
9.88785264352174E-06
9.88785264352174E-06
9.88785264352174E-06
9.88785264352174E-06
9.88785264352174E-06
9.88785264352174E-06
9.88785264352174E-06
9.88785264352174E-06
9.88785264352174E-06
9.88785264352174E-06
9.88785264352174E-06
9.88785264352174E-06
9.88785264352174E-06
9.88785264352174E-06
9.88785264352174E-06
9.88785264352174E-06
9.88785264352174E-06
9.88785264352174E-06
9.88785264352174E-06
9.88785264352174E-06
9.88785264352174E-06
9.88785264352174E-06
9.88785264352174E-06
9.88785264352174E-06
9.88785264352174E-06
1.54608928816429E-06
1.54608928816429E-06
1.54608928816429E-06
1.54608928816429E-06
1.54608928816429E-06
1.54608928816429E-06
1.54608928816429E-06
1.54608928816429E-06
1.54608928816429E-06
1.54608928816429E-06
1.54608928816429E-06
1.54608928816429E-06
1.54608928816429E-06
1.54608928816429E-06
1.54608928816429E-06
1.54608928816429E-06
1.54608928816429E-06
1.54608928816429E-06
1.54608928816429E-06
1.54608928816429E-06
1.54608928816429E-06
1.54608928816429E-06
1.52454412385376E-06
1.52454412385376E-06
1.52454412385376E-06
1.52454412385376E-06
1.52454412385376E-06
1.52454412385376E-06
1.52454412385376E-06
1.52454412385376E-06
1.52454412385376E-06
1.52454412385376E-06
1.52454412385376E-06
1.52454412385376E-06
1.52454412385376E-06
1.52454412385376E-06
1.52454412385376E-06
1.52454412385376E-06
1.52454412385376E-06
1.52454412385376E-06
1.52454412385376E-06
1.52454412385376E-06
1.52454412385376E-06
1.52454412385376E-06
1.52454412385376E-06
1.52454412385376E-06
1.52454412385376E-06
1.52454412385376E-06
1.52454412385376E-06
1.52454412385376E-06
1.52454412385376E-06
1.52454412385376E-06
1.52454412385376E-06
1.52454412385376E-06
1.52454412385376E-06
1.52454412385376E-06
1.52454412385376E-06
1.52454412385376E-06
1.52454412385376E-06
1.52454412385376E-06
1.52454412385376E-06
1.52454412385376E-06
1.52454412385376E-06
1.52454412385376E-06
1.52454412385376E-06
1.52454412385376E-06
1.52454412385376E-06
1.52454412385376E-06
1.52454412385376E-06
1.52454412385376E-06

