0.0967011803656332
0.0967011803656332
0.0506549931375627
0.0506549931375627
0.0506549931375627
0.0506549931375627
0.0506549931375627
0.024391846372346
0.024391846372346
0.024391846372346
0.024391846372346
0.0114677135740654
0.00584692489910085
0.00584692489910085
0.00584692489910085
0.00584692489910085
0.00584692489910085
0.00584692489910085
0.00584692489910085
0.00584692489910085
0.00584692489910085
0.00584692489910085
0.00584692489910085
0.00584692489910085
0.00584692489910085
0.00584692489910085
0.0056924908769537
0.0056924908769537
0.0056924908769537
0.00568723445899721
0.00568723445899721
0.00391075700017013
0.00391075700017013
0.00391075700017013
0.00391075700017013
0.00348649654284558
0.00348649654284558
0.00348649654284558
0.00304918454219577
0.00304918454219577
0.00304918454219577
0.00304918454219577
0.0029014652470597
0.0029014652470597
0.0029014652470597
0.0029014652470597
0.0029014652470597
0.0029014652470597
0.0029014652470597
0.0029014652470597
0.0029014652470597
0.0029014652470597
0.0029014652470597
0.0029014652470597
0.0029014652470597
0.0029014652470597
0.0029014652470597
0.0029014652470597
0.0029014652470597
0.0029014652470597
0.0029014652470597
0.0029014652470597
0.0029014652470597
0.0029014652470597
0.0029014652470597
0.0029014652470597
0.0029014652470597
0.0029014652470597
0.0029014652470597
0.0029014652470597
0.0029014652470597
0.0029014652470597
0.0029014652470597
0.0029014652470597
0.0029014652470597
0.0029014652470597
0.0029014652470597
0.0029014652470597
0.0029014652470597
0.0029014652470597
0.0029014652470597
0.0029014652470597
0.0029014652470597
0.0029014652470597
0.0029014652470597
0.0029014652470597
0.0029014652470597
0.0029014652470597
0.0029014652470597
0.0029014652470597
0.0029014652470597
0.0029014652470597
0.0029014652470597
0.0029014652470597
0.0029014652470597
0.0029014652470597
0.0029014652470597
0.0029014652470597
0.0029014652470597
0.0029014652470597
0.0029014652470597
0.0029014652470597
0.0029014652470597
0.0029014652470597
0.0029014652470597
0.0029014652470597
0.0029014652470597
0.0029014652470597
0.0029014652470597
0.0029014652470597
0.000282432863874887
0.000282432863874887
0.000282432863874887
0.000282432863874887
0.000282432863874887
0.000282432863874887
0.000282432863874887
0.000282432863874887
0.000282432863874887
0.000282432863874887
0.000282432863874887
0.000282432863874887
0.000282432863874887
0.000282432863874887
0.000282432863874887
0.000282432863874887
0.000282432863874887
0.000282432863874887
0.000276596670817947
0.000276596670817947
0.000276596670817947
0.000276596670817947
0.000276596670817947
0.000276596670817947
0.000276596670817947
0.000276596670817947
0.000275886843298739
0.000275886843298739
0.000275886843298739
0.000275886843298739
0.000275886843298739
0.000275886843298739
0.000275886843298739
0.000275886843298739
0.000275886843298739
0.000275886843298739
0.000275886843298739
0.000275886843298739
0.000275886843298739
0.000275886843298739
0.000275886843298739
0.000275886843298739
0.000275886843298739
0.000275886843298739
0.000275886843298739
0.000275886843298739
0.000275886843298739
0.000275886843298739
0.000275886843298739
0.000275886843298739
0.000275886843298739
0.000275886843298739
0.000275886843298739
0.000275886843298739
0.000275886843298739
0.000275886843298739
0.000275886843298739
0.000275886843298739
0.000275886843298739
0.000275886843298739
0.000275886843298739
0.000275886843298739
0.000275886843298739
0.000275886843298739
0.000275886843298739
0.000275886843298739
0.000275886843298739
0.000275886843298739
0.000275886843298739
0.000275886843298739
0.000275886843298739
0.000275886843298739
0.000275886843298739
0.000275886843298739
0.000275886843298739
0.000275886843298739
0.000275886843298739
0.000275886843298739
0.000275886843298739
0.000275886843298739
0.000275886843298739
0.000275886843298739
0.000275886843298739
0.000275886843298739
0.000275886843298739
0.000273560185847982
0.000273560185847982
0.00018132321013814
7.10416032747895E-05
7.10416032747895E-05
7.10416032747895E-05
7.10416032747895E-05
7.10416032747895E-05
7.10416032747895E-05
7.10416032747895E-05
7.10416032747895E-05
7.10416032747895E-05
7.10416032747895E-05
7.10416032747895E-05
7.10416032747895E-05
7.10416032747895E-05
7.10416032747895E-05
7.10416032747895E-05
7.10416032747895E-05
7.10416032747895E-05
7.10416032747895E-05
7.10416032747895E-05
7.10416032747895E-05
7.10416032747895E-05
7.10416032747895E-05
7.10416032747895E-05
7.10416032747895E-05
7.10416032747895E-05
7.10416032747895E-05
7.10416032747895E-05
7.10416032747895E-05
7.10416032747895E-05
7.10416032747895E-05
7.10416032747895E-05
7.10416032747895E-05
7.10416032747895E-05
7.10416032747895E-05
7.10416032747895E-05
6.65971070278696E-05
6.65971070278696E-05
6.65971070278696E-05
6.65971070278696E-05
6.65971070278696E-05
6.65971070278696E-05
6.65971070278696E-05
6.65971070278696E-05
6.65971070278696E-05
6.65971070278696E-05
6.65971070278696E-05
6.65971070278696E-05
6.65971070278696E-05
6.65971070278696E-05
6.65971070278696E-05
6.65971070278696E-05
6.65971070278696E-05
6.65971070278696E-05
6.65971070278696E-05
6.65971070278696E-05
6.65971070278696E-05
6.65971070278696E-05
6.65971070278696E-05
6.65971070278696E-05
6.65971070278696E-05
6.65971070278696E-05
6.65971070278696E-05
6.65971070278696E-05
6.65971070278696E-05
6.65971070278696E-05
6.65971070278696E-05
6.65971070278696E-05
6.65971070278696E-05
6.65971070278696E-05
6.65971070278696E-05
6.65971070278696E-05
6.65971070278696E-05
6.65971070278696E-05
6.65971070278696E-05
6.65971070278696E-05
6.65971070278696E-05
6.65971070278696E-05
6.65971070278696E-05
6.65971070278696E-05
6.65971070278696E-05
6.65971070278696E-05
6.65971070278696E-05
6.65971070278696E-05
6.65971070278696E-05
6.65971070278696E-05
6.65971070278696E-05
6.65971070278696E-05
6.65971070278696E-05
6.65971070278696E-05
6.65971070278696E-05
6.65971070278696E-05
6.65971070278696E-05
6.65971070278696E-05
6.65971070278696E-05
6.65971070278696E-05
6.65971070278696E-05
6.65971070278696E-05
6.65971070278696E-05
6.65971070278696E-05
6.65971070278696E-05
6.65971070278696E-05
6.65971070278696E-05
6.65971070278696E-05
6.65971070278696E-05
6.65971070278696E-05
6.65971070278696E-05
6.65971070278696E-05
6.65971070278696E-05
6.65971070278696E-05
4.60034132866246E-05
4.60034132866246E-05
4.60034132866246E-05
4.60034132866246E-05
4.60034132866246E-05
4.60034132866246E-05
4.60034132866246E-05
4.60034132866246E-05
4.60034132866246E-05
4.60034132866246E-05
4.60034132866246E-05
4.60034132866246E-05
4.60034132866246E-05
4.60034132866246E-05
4.60034132866246E-05
4.60034132866246E-05
4.60034132866246E-05
4.60034132866246E-05
4.60034132866246E-05
4.60034132866246E-05
4.60034132866246E-05
4.60034132866246E-05
4.60034132866246E-05
4.60034132866246E-05
4.60034132866246E-05
4.60034132866246E-05
4.60034132866246E-05
4.60034132866246E-05
4.60034132866246E-05
4.60034132866246E-05
4.60034132866246E-05
4.60034132866246E-05
4.60034132866246E-05
4.60034132866246E-05
4.60034132866246E-05
4.45032687060181E-05
4.45032687060181E-05
4.45032687060181E-05
4.45032687060181E-05
4.45032687060181E-05
4.45032687060181E-05
4.45032687060181E-05
4.45032687060181E-05
4.45032687060181E-05
4.45032687060181E-05
4.45032687060181E-05
4.45032687060181E-05
4.45032687060181E-05
4.45032687060181E-05
4.45032687060181E-05
4.45032687060181E-05
4.45032687060181E-05
4.45032687060181E-05
4.45032687060181E-05
4.45032687060181E-05
4.45032687060181E-05
4.45032687060181E-05
4.45032687060181E-05
4.45032687060181E-05
4.45032687060181E-05
4.45032687060181E-05
4.45032687060181E-05
4.45032687060181E-05
4.45032687060181E-05
4.45032687060181E-05
4.45032687060181E-05
4.45032687060181E-05
4.45032687060181E-05
4.45032687060181E-05
4.45032687060181E-05
4.45032687060181E-05
4.45032687060181E-05
4.45032687060181E-05
4.45032687060181E-05
4.45032687060181E-05
4.45032687060181E-05
4.45032687060181E-05
4.45032687060181E-05
4.45032687060181E-05
4.45032687060181E-05
4.45032687060181E-05
4.45032687060181E-05
4.45032687060181E-05
4.45032687060181E-05
4.45032687060181E-05
4.45032687060181E-05
4.45032687060181E-05
4.45032687060181E-05
4.45032687060181E-05
4.45032687060181E-05
4.45032687060181E-05
4.45032687060181E-05
4.45032687060181E-05
4.45032687060181E-05
4.45032687060181E-05
4.45032687060181E-05
4.45032687060181E-05
4.45032687060181E-05
4.45032687060181E-05
4.45032687060181E-05
4.45032687060181E-05
4.45032687060181E-05
4.45032687060181E-05
4.45032687060181E-05
4.45032687060181E-05
4.45032687060181E-05
4.45032687060181E-05
4.45032687060181E-05
4.45032687060181E-05
4.45032687060181E-05
4.45032687060181E-05
4.45032687060181E-05
4.45032687060181E-05
4.45032687060181E-05
4.45032687060181E-05
4.21376184066941E-05
2.36810337990723E-05
2.36810337990723E-05
2.36810337990723E-05
2.36810337990723E-05
2.36810337990723E-05
2.36810337990723E-05
2.36810337990723E-05
2.36810337990723E-05
2.36810337990723E-05
2.36810337990723E-05
2.36810337990723E-05
2.36810337990723E-05
2.36810337990723E-05
2.36810337990723E-05
2.36810337990723E-05
2.00463638797277E-05
2.00463638797277E-05
2.00463638797277E-05
2.00463638797277E-05
2.00463638797277E-05
2.00463638797277E-05
2.00463638797277E-05
2.00463638797277E-05
2.00463638797277E-05
2.00463638797277E-05
2.00463638797277E-05
2.00463638797277E-05
2.00463638797277E-05
2.00463638797277E-05
2.00463638797277E-05
2.00463638797277E-05
2.00463638797277E-05
2.00463638797277E-05
2.00463638797277E-05
2.00463638797277E-05
2.00463638797277E-05
2.00463638797277E-05
2.00463638797277E-05
2.00463638797277E-05
2.00463638797277E-05
2.00463638797277E-05
2.00463638797277E-05
2.00463638797277E-05
2.00463638797277E-05
2.00463638797277E-05
2.00463638797277E-05
2.00463638797277E-05
2.00463638797277E-05
2.00463638797277E-05
2.00463638797277E-05
2.00463638797277E-05
2.00463638797277E-05
2.00463638797277E-05
2.00463638797277E-05
2.00463638797277E-05
2.00463638797277E-05
2.00463638797277E-05
2.00463638797277E-05
2.00463638797277E-05
2.00463638797277E-05
2.00463638797277E-05
2.00463638797277E-05
2.00463638797277E-05
2.00463638797277E-05
2.00463638797277E-05
2.00463638797277E-05
2.00463638797277E-05
2.00463638797277E-05
2.00463638797277E-05
2.00463638797277E-05
2.00463638797277E-05
2.00463638797277E-05
2.00463638797277E-05
2.00463638797277E-05
2.00463638797277E-05
2.00463638797277E-05
2.00463638797277E-05

