0.0954150028341793
0.0574562151095309
0.0574562151095309
0.0574562151095309
0.0574562151095309
0.0574562151095309
0.0574562151095309
0.0113322590474066
0.0113322590474066
0.00153095099690875
0.00153095099690875
0.000504040246858295
0.000339472470977487
0.000261275835852171
3.75886698251171E-05
3.75886698251171E-05
2.7154539360752E-05
7.62480937682719E-06
7.62480937682719E-06
2.41577659731984E-06
1.09513906515479E-06
8.83461300560384E-07
3.63460153418593E-07
1.36486208945907E-07
1.08266008325142E-07
5.65045953915266E-08
5.10438517564715E-08
3.32424311966228E-08
1.83161724121028E-08
1.60493180967336E-08
1.50055420311546E-08
1.32392545260096E-08
1.28887354677865E-08
1.28887354677865E-08
1.22082119413669E-08
1.20003337267249E-08
1.15106469911197E-08
1.0241601455796E-08
1.0241601455796E-08
1.02414455249722E-08
1.02414455249722E-08
1.02414455249722E-08
1.02414455249722E-08
9.06627012353667E-09
9.06627012353667E-09
9.06627012353667E-09
9.06622388274769E-09
9.06622388274769E-09
9.06622388274769E-09
9.06622388274769E-09
9.06622388274769E-09
9.06622388274769E-09
9.06622388274769E-09
9.06622388274769E-09
9.06622388274769E-09
9.06622388274769E-09
9.06622388274769E-09
9.06622388274769E-09
9.06622388274769E-09
9.06622388274769E-09
9.06622388274769E-09
9.06622388274769E-09
9.06622388274769E-09
9.06622388274769E-09
9.06622388274769E-09
9.06622388274769E-09
9.06622388274769E-09
9.06622388274769E-09
9.06622388274769E-09
9.06622388274769E-09
9.06622388274769E-09
9.06622388274769E-09
9.06622388274769E-09
9.06622388274769E-09
9.06622388274769E-09
9.06622388274769E-09
9.06622388274769E-09
9.06622388274769E-09
9.06622388274769E-09
9.06622388274769E-09
9.06622388274769E-09
9.06622388274769E-09
9.06622388274769E-09
9.06622388274769E-09
9.06622388274769E-09
9.06622388274769E-09
9.06622388274769E-09
9.06622388274769E-09
9.06622388274769E-09
9.06622388274769E-09
9.06622388274769E-09
9.06622388274769E-09
9.06622388274769E-09
9.06622388274769E-09
9.06622388274769E-09
9.06622388274769E-09
9.06622388274769E-09
9.06622388274769E-09
9.06622388274769E-09
9.06622388274769E-09
9.06622388274769E-09
9.06622388274769E-09
9.06622388274769E-09
9.06622388274769E-09
9.06622388274769E-09
9.06622388274769E-09
9.06622388274769E-09
9.06622388274769E-09
9.06622388274769E-09
9.06622388274769E-09
9.06622388274769E-09
9.06622388274769E-09
9.06622388274769E-09
9.06622388274769E-09
9.06622388274769E-09
9.06622388274769E-09
9.06622388274769E-09
9.06622388274769E-09
9.06622388274769E-09
9.06622388274769E-09
9.06622388274769E-09
9.06622388274769E-09
9.06622388274769E-09
9.06622388274769E-09
9.06622388274769E-09
9.06622388274769E-09
9.06622388274769E-09
9.06622388274769E-09
9.06622388274769E-09
9.06622388274769E-09
9.06622388274769E-09
9.06622388274769E-09
9.06622388274769E-09
9.06622388274769E-09
9.06622388274769E-09
9.06622388274769E-09
9.06622388274769E-09
9.06622388274769E-09
9.06622388274769E-09
9.06622388274769E-09
9.06622388274769E-09
9.06622388274769E-09
9.06622388274769E-09
9.06622388274769E-09
9.06622388274769E-09
9.06622388274769E-09
9.06622388274769E-09
9.06622388274769E-09
9.06622388274769E-09
9.06622388274769E-09
9.06622388274769E-09
9.06622388274769E-09
9.06622388274769E-09
9.06622388274769E-09
9.06622388274769E-09
9.06622388274769E-09
9.06622388274769E-09
9.06622388274769E-09
9.06622388274769E-09
9.06622388274769E-09
9.06622388274769E-09
9.06622388274769E-09
9.06622388274769E-09
9.06622388274769E-09
9.06622388274769E-09
9.06622388274769E-09
9.06622388274769E-09
9.06622388274769E-09
9.06622388274769E-09
9.06622388274769E-09
9.06622388274769E-09
9.06622388274769E-09
9.06622388274769E-09
9.06622388274769E-09
9.06622388274769E-09
9.06622388274769E-09
9.06622388274769E-09
9.06622388274769E-09
9.06622388274769E-09
9.06622388274769E-09
9.06622388274769E-09
9.06622388274769E-09
9.06622388274769E-09
9.06622388274769E-09
9.06622388274769E-09
9.06622388274769E-09
9.06622388274769E-09
9.06622388274769E-09
9.06622388274769E-09
9.06622388274769E-09
9.06622388274769E-09
9.06622388274769E-09
9.06622388274769E-09
9.06622388274769E-09
9.06622388274769E-09
9.06622388274769E-09
9.06622388274769E-09
9.06622388274769E-09
9.06622388274769E-09
9.06622388274769E-09
9.06622388274769E-09
9.06622388274769E-09
9.06622388274769E-09
9.06622388274769E-09
9.06622388274769E-09
9.06622388274769E-09
9.06622388274769E-09
9.06622388274769E-09
9.06622388274769E-09
9.06622388274769E-09
9.06622388274769E-09
9.06622388274769E-09
9.06622388274769E-09
9.06622388274769E-09
9.06622388274769E-09
9.06622388274769E-09
9.06622388274769E-09
9.06622388274769E-09
9.06622388274769E-09
9.06622388274769E-09
9.06622388274769E-09
9.06622388274769E-09
9.06622388274769E-09
9.06622388274769E-09
9.06622388274769E-09
9.06622388274769E-09
9.06622388274769E-09
9.06622388274769E-09
9.06622388274769E-09
9.06622388274769E-09
9.06622388274769E-09
9.06622388274769E-09
9.06622388274769E-09
9.06622388274769E-09
9.06622388274769E-09
9.06622388274769E-09
9.06622388274769E-09
9.06622388274769E-09
9.06622388274769E-09
9.06622388274769E-09
9.06622388274769E-09
9.06622388274769E-09
9.06622388274769E-09
9.06622388274769E-09
9.06622388274769E-09
9.06622388274769E-09
9.06622388274769E-09
9.06622388274769E-09
9.06622388274769E-09
9.06622388274769E-09
9.06622388274769E-09
9.06622388274769E-09
9.06622388274769E-09
9.06622388274769E-09
9.06622388274769E-09
9.06622388274769E-09
9.06622388274769E-09
9.06622388274769E-09
9.06622388274769E-09
9.06622388274769E-09
9.06622388274769E-09
9.06622388274769E-09
9.06622388274769E-09
9.06622388274769E-09
9.06622388274769E-09
9.06622388274769E-09
9.06622388274769E-09
9.06622388274769E-09
9.06622388274769E-09
9.06622388274769E-09
9.06622388274769E-09
9.06622388274769E-09
9.06622388274769E-09
9.06622388274769E-09
9.06622388274769E-09
9.06622388274769E-09
9.06622388274769E-09
9.06622388274769E-09
9.06622388274769E-09
9.06622388274769E-09
9.06622388274769E-09
9.06622388274769E-09
9.06622388274769E-09
9.06622388274769E-09
9.06622388274769E-09
9.06622388274769E-09
9.06622388274769E-09
9.06622388274769E-09
9.06622388274769E-09
9.06622388274769E-09
9.06622388274769E-09
9.06622388274769E-09
9.06622388274769E-09
9.06622388274769E-09
9.06622388274769E-09
9.06622388274769E-09
9.06622388274769E-09
9.06622388274769E-09
9.06622388274769E-09
9.06622388274769E-09
9.06622388274769E-09
9.06622388274769E-09
9.06622388274769E-09
9.06622388274769E-09
9.06622388274769E-09
9.06622388274769E-09
9.06622388274769E-09
9.06622388274769E-09
9.06622388274769E-09
9.06622388274769E-09
9.06622388274769E-09
9.06622388274769E-09
9.06622388274769E-09
9.06622388274769E-09
9.06622388274769E-09
9.06622388274769E-09
9.06622388274769E-09
9.06622388274769E-09
9.06622388274769E-09
9.06622388274769E-09
9.06622388274769E-09
9.06622388274769E-09
9.06622388274769E-09
9.06622388274769E-09
9.06622388274769E-09
9.06622388274769E-09
9.06622388274769E-09
9.06622388274769E-09
9.06622388274769E-09
9.06622388274769E-09
9.06622388274769E-09
9.06622388274769E-09
9.06622388274769E-09
9.06622388274769E-09
9.06622388274769E-09
9.06622388274769E-09
9.06622388274769E-09
9.06622388274769E-09
9.06622388274769E-09
9.06622388274769E-09
9.06622388274769E-09
9.06622388274769E-09
9.06622388274769E-09
9.06622388274769E-09
9.06622388274769E-09
9.06622388274769E-09
9.06622388274769E-09
9.06622388274769E-09
9.06622388274769E-09
9.06622388274769E-09
9.06622388274769E-09
9.06622388274769E-09
9.06622388274769E-09
9.06622388274769E-09
9.06622388274769E-09
9.06622388274769E-09
9.06622388274769E-09
9.06622388274769E-09
9.06622388274769E-09
9.06622388274769E-09
9.06622388274769E-09
9.06622388274769E-09
9.06622388274769E-09
9.06622388274769E-09
9.06622388274769E-09
9.06622388274769E-09
9.06622388274769E-09
9.06622388274769E-09
9.06622388274769E-09
9.06622388274769E-09
9.06622388274769E-09
9.06622388274769E-09
9.06622388274769E-09
9.06622388274769E-09
9.06622388274769E-09
9.06622388274769E-09
9.06622388274769E-09
9.06622388274769E-09
9.06622388274769E-09
9.06622388274769E-09
9.06622388274769E-09
9.06622388274769E-09
9.06622388274769E-09
9.06622388274769E-09
9.06622388274769E-09
9.06622388274769E-09
9.06622388274769E-09
9.06622388274769E-09
9.06622388274769E-09
9.06622388274769E-09
9.06622388274769E-09
9.06622388274769E-09
9.06622388274769E-09
9.06622388274769E-09
9.06622388274769E-09
9.06622388274769E-09
9.06622388274769E-09
9.06622388274769E-09
9.06622388274769E-09
9.06622388274769E-09
9.06622388274769E-09
9.06622388274769E-09
9.06622388274769E-09
9.06622388274769E-09
9.06622388274769E-09
9.06622388274769E-09
9.06622388274769E-09
9.06622388274769E-09
9.06622388274769E-09
9.06622388274769E-09
9.06622388274769E-09
9.06622388274769E-09
9.06622388274769E-09
9.06622388274769E-09
9.06622388274769E-09
9.06622388274769E-09
9.06622388274769E-09
9.06622388274769E-09
9.06622388274769E-09
9.06622388274769E-09
9.06622388274769E-09
9.06622388274769E-09
9.06622388274769E-09
9.06622388274769E-09
9.06622388274769E-09
9.06622388274769E-09
9.06622388274769E-09
9.06622388274769E-09
9.06622388274769E-09
9.06622388274769E-09
9.06622388274769E-09
9.06622388274769E-09
9.06622388274769E-09
9.06622388274769E-09
9.06622388274769E-09
9.06622388274769E-09
9.06622388274769E-09
9.06622388274769E-09
9.06622388274769E-09
9.06622388274769E-09
9.06622388274769E-09
9.06622388274769E-09
9.06622388274769E-09
9.06622388274769E-09
9.06622388274769E-09
9.06622388274769E-09
9.06622388274769E-09
9.06622388274769E-09
9.06622388274769E-09
9.06622388274769E-09
9.06622388274769E-09
9.06622388274769E-09
9.06622388274769E-09
9.06622388274769E-09
9.06622388274769E-09
9.06622388274769E-09
9.06622388274769E-09
9.06622388274769E-09
9.06622388274769E-09
9.06622388274769E-09
9.06622388274769E-09
9.06622388274769E-09
9.06622388274769E-09
9.06622388274769E-09
9.06622388274769E-09
9.06622388274769E-09
9.06622388274769E-09
9.06622388274769E-09
9.06622388274769E-09
9.06622388274769E-09
9.06622388274769E-09
9.06622388274769E-09
9.06622388274769E-09
9.06622388274769E-09
9.06622388274769E-09
9.06622388274769E-09
9.06622388274769E-09
9.06622388274769E-09
9.06622388274769E-09
9.06622388274769E-09
9.06622388274769E-09
9.06622388274769E-09
9.06622388274769E-09
9.06622388274769E-09
9.06622388274769E-09
9.06622388274769E-09
9.06622388274769E-09
9.06622388274769E-09
9.06622388274769E-09
9.06622388274769E-09
9.06622388274769E-09
9.06622388274769E-09
9.06622388274769E-09
9.06622388274769E-09
9.06622388274769E-09
9.06622388274769E-09
9.06622388274769E-09
9.06622388274769E-09
9.06622388274769E-09
9.06622388274769E-09

