0.150344885412558
0.117843863618081
0.117843863618081
0.117843863618081
0.117843863618081
0.0351064559924293
0.0351064559924293
0.0351064559924293
0.0351064559924293
0.0351064559924293
0.0351064559924293
0.0158775168071474
0.0158775168071474
0.0158775168071474
0.0158775168071474
0.0158775168071474
0.0158775168071474
0.0158775168071474
0.0158775168071474
0.0153784873030781
0.0153784873030781
0.007453680188276
0.007453680188276
0.007453680188276
0.007453680188276
0.007453680188276
0.00682661395925077
0.00675863732162973
0.00675863732162973
0.00440659416537054
0.00440659416537054
0.00304968607947753
0.00304968607947753
0.00300306942526443
0.00294785539627365
0.00294785539627365
0.0028233785323056
0.0028233785323056
0.0028233785323056
0.0028233785323056
0.0028233785323056
0.0028233785323056
0.0028233785323056
0.0028233785323056
0.0028233785323056
0.0028233785323056
0.0028233785323056
0.0028233785323056
0.0028233785323056
0.0028233785323056
0.0028233785323056
0.0028233785323056
0.0028233785323056
0.0028140145050603
0.0028140145050603
0.00203568539726234
0.00203568539726234
0.00203568539726234
0.00203568539726234
0.00203568539726234
0.00203568539726234
0.00203568539726234
0.00203568539726234
0.00203568539726234
0.00203568539726234
0.00203568539726234
0.00203568539726234
0.00203568539726234
0.00203568539726234
0.00203568539726234
0.00203568539726234
0.000894346344087443
0.000894346344087443
0.000894346344087443
0.000894346344087443
0.000894346344087443
0.000894346344087443
0.000894346344087443
0.000894346344087443
0.000894346344087443
0.000894346344087443
0.000894346344087443
0.000894346344087443
0.000894346344087443
0.000894346344087443
0.000894346344087443
0.000894346344087443
0.000894346344087443
0.000894346344087443
0.000894346344087443
0.000894346344087443
0.000894346344087443
0.000894346344087443
0.000894346344087443
0.000894346344087443
0.000894346344087443
0.000894346344087443
0.000894346344087443
0.000894346344087443
0.000894346344087443
0.000894346344087443
0.000894346344087443
0.000894346344087443
0.000894346344087443
0.000894346344087443
0.000894346344087443
0.000894346344087443
0.000894346344087443
0.000894346344087443
0.000894346344087443
0.000894346344087443
0.000894346344087443
0.000894346344087443
0.000894346344087443
0.000894346344087443
0.000894346344087443
0.000894346344087443
0.000894346344087443
0.000894346344087443
0.000894346344087443
0.000894346344087443
0.000894346344087443
0.000894346344087443
0.000894346344087443
0.000894346344087443
0.000894346344087443
0.000894346344087443
0.000894346344087443
0.000894346344087443
0.000894346344087443
0.000894346344087443
0.000894346344087443
0.000894346344087443
0.000894346344087443
0.000894346344087443
0.000894346344087443
0.000894346344087443
0.000894346344087443
0.000894346344087443
0.000894346344087443
0.000894346344087443
0.000894346344087443
0.000894346344087443
0.000894346344087443
0.000894346344087443
0.000894346344087443
0.000894346344087443
0.000894346344087443
0.000894346344087443
0.000894346344087443
0.000894346344087443
0.000894346344087443
0.000894346344087443
0.000894346344087443
0.000894346344087443
0.000894346344087443
0.000894346344087443
0.000894346344087443
0.000894346344087443
0.000894346344087443
0.000894346344087443
0.000894346344087443
0.000894346344087443
0.000894346344087443
0.000894346344087443
0.000894346344087443
0.000894346344087443
0.000894346344087443
0.000894346344087443
0.000894346344087443
0.000894346344087443
0.000894346344087443
0.000894346344087443
0.000894346344087443
0.000894346344087443
0.000894346344087443
0.000894346344087443
0.000894346344087443
0.000894346344087443
0.000894346344087443
0.000894346344087443
0.000894346344087443
0.000894346344087443
0.000894346344087443
0.000894346344087443
0.000894346344087443
0.000894346344087443
0.000894346344087443
0.000894346344087443
0.000894346344087443
0.000894346344087443
0.000894346344087443
0.000894346344087443
0.000894346344087443
0.000894346344087443
0.000894346344087443
0.000894346344087443
0.000894346344087443
0.000894346344087443
0.000894346344087443
0.000894346344087443
0.000894346344087443
0.000894346344087443
0.000894346344087443
0.000894346344087443
0.000894346344087443
0.000894346344087443
0.000894346344087443
0.000894346344087443
0.000894346344087443
0.000894346344087443
0.000894346344087443
0.000894346344087443
0.000894346344087443
0.000894346344087443
0.000894346344087443
0.000894346344087443
0.000894346344087443
0.000894346344087443
0.000894346344087443
0.000894346344087443
0.000894346344087443
0.000894346344087443
0.000894346344087443
0.000894346344087443
0.000894346344087443
0.000894346344087443
0.000894346344087443
0.000894346344087443
0.000894346344087443
0.000894346344087443
0.000894346344087443
0.000894346344087443
0.000894346344087443
0.000894346344087443
0.000894346344087443
0.000894346344087443
0.000894346344087443
0.000894346344087443
0.000894346344087443
0.000894346344087443
0.000894346344087443
0.000894346344087443
0.000894346344087443
0.000894346344087443
0.000894346344087443
0.000894346344087443
0.000894346344087443
0.000894346344087443
0.000894346344087443
0.000894346344087443
0.000894346344087443
0.000894346344087443
0.000894346344087443
0.000894346344087443
0.000894346344087443
0.000894346344087443
0.000894346344087443
0.000894346344087443
0.000894346344087443
0.000894346344087443
0.000894346344087443
0.000894346344087443
0.000894346344087443
0.000894346344087443
0.000894346344087443
0.000894346344087443
0.000894346344087443
0.000894346344087443
0.000894346344087443
0.000894346344087443
0.000894346344087443
0.000894346344087443
0.000894346344087443
0.000894346344087443
0.000894346344087443
0.000894346344087443
0.000894346344087443
0.000894346344087443
0.000894346344087443
0.000894346344087443
0.000894346344087443
0.000894346344087443
0.000894346344087443
0.000894346344087443
0.000894346344087443
0.000894346344087443
0.000894346344087443
0.000894346344087443
0.000894346344087443
0.000894346344087443
0.000894346344087443
0.000894346344087443
0.000894346344087443
0.000894346344087443
0.000894346344087443
0.000894346344087443
0.000894346344087443
0.000894346344087443
0.000894346344087443
0.000894346344087443
0.000894346344087443
0.000894346344087443
0.000894346344087443
0.000894346344087443
0.000894346344087443
0.000894346344087443
0.000894346344087443
0.000894346344087443
0.000894346344087443
0.000894346344087443
0.000894346344087443
0.000894346344087443
0.000894346344087443
0.000894346344087443
0.000894346344087443
0.000894346344087443
0.000894346344087443
0.000894346344087443
0.000894346344087443
0.000894346344087443
0.000894346344087443
0.000894346344087443
0.000894346344087443
0.000894346344087443
0.000894346344087443
0.000894346344087443
0.000894346344087443
0.000894346344087443
0.000894346344087443
0.000894346344087443
0.000894346344087443
0.000894346344087443
0.000894346344087443
0.000894346344087443
0.000894346344087443
0.000894346344087443
0.000894346344087443
0.000894346344087443
0.000894346344087443
0.000894346344087443
0.000894346344087443
0.000894346344087443
0.000894346344087443
0.000894346344087443
0.000894346344087443
0.000894346344087443
0.000894346344087443
0.000894346344087443
0.000894346344087443
0.000894346344087443
0.000894346344087443
0.000894346344087443
0.000894346344087443
0.000894346344087443
0.000894346344087443
0.000894346344087443
0.000894346344087443
0.000894346344087443
0.000894346344087443
0.000894346344087443
0.000894346344087443
0.000894346344087443
0.000894346344087443
0.000894346344087443
0.000894346344087443
0.000894346344087443
0.000894346344087443
0.000894346344087443
0.000894346344087443
0.000894346344087443
0.000894346344087443
0.000894346344087443
0.000894346344087443
0.000894346344087443
0.000894346344087443
0.000894346344087443
0.000894346344087443
0.000894346344087443
0.000894346344087443
0.000894346344087443
0.000894346344087443
0.000894346344087443
0.000894346344087443
0.000894346344087443
0.000894346344087443
0.000894346344087443
0.000894346344087443
0.000894346344087443
0.000894346344087443
0.000894346344087443
0.000894346344087443
0.000894346344087443
0.000894346344087443
0.000894346344087443
0.000894346344087443
0.000894346344087443
0.000894346344087443
0.000894346344087443
0.000894346344087443
0.000894346344087443
0.000894346344087443
0.000894346344087443
0.000894346344087443
0.000894346344087443
0.000894346344087443
0.000894346344087443
0.000894346344087443
0.000894346344087443
0.000894346344087443
0.000894346344087443
0.000894346344087443
0.000894346344087443
0.000894346344087443
0.000894346344087443
0.000894346344087443
0.000894346344087443
0.000894346344087443
0.000894346344087443
0.000894346344087443
0.000894346344087443
0.000894346344087443
0.000894346344087443
0.000894346344087443
0.000894346344087443
0.000894346344087443
0.000894346344087443
0.000894346344087443
0.000894346344087443
0.000894346344087443
0.000894346344087443
0.000894346344087443
0.000894346344087443
0.000894346344087443
0.000894346344087443
0.000894346344087443
0.000894346344087443
0.000894346344087443
0.000894346344087443
0.000894346344087443
0.000894346344087443
0.000894346344087443
0.000894346344087443
0.000894346344087443
0.000894346344087443
0.000894346344087443
0.000894346344087443
0.000894346344087443
0.000894346344087443
0.000894346344087443
0.000894346344087443
0.000894346344087443
0.000894346344087443
0.000894346344087443
0.000894346344087443
0.000894346344087443
0.000894346344087443
0.000894346344087443
0.000894346344087443
0.000894346344087443
0.000894346344087443
0.000894346344087443
0.000894346344087443
0.000544667990296659
0.000161254883370461
9.24990339529379E-05
8.26297805473711E-05
8.26297805473711E-05
8.26297805473711E-05
8.26297805473711E-05
8.26297805473711E-05
8.26297805473711E-05
8.26297805473711E-05
8.26297805473711E-05
8.26297805473711E-05
8.26297805473711E-05
8.26297805473711E-05
8.26297805473711E-05
8.26297805473711E-05
8.26297805473711E-05
8.26297805473711E-05
8.26297805473711E-05
8.26297805473711E-05
8.26297805473711E-05
8.26297805473711E-05
8.26297805473711E-05
8.26297805473711E-05
8.26297805473711E-05
8.26297805473711E-05
8.26297805473711E-05
8.26297805473711E-05
8.26297805473711E-05
8.26297805473711E-05
8.26297805473711E-05
8.26297805473711E-05
8.26297805473711E-05
8.26297805473711E-05
8.26297805473711E-05
8.26297805473711E-05
8.26297805473711E-05

