0.0603417946563003
0.0603417946563003
0.0603417946563003
0.0603417946563003
0.0603417946563003
0.032974417269768
0.032974417269768
0.032974417269768
0.0269966454957257
0.0269966454957257
0.0269966454957257
0.0269966454957257
0.0269966454957257
0.0269966454957257
0.0269966454957257
0.0129655128507473
0.0129655128507473
0.0129655128507473
0.0129655128507473
0.0129655128507473
0.0129655128507473
0.0121043809511461
0.0121043809511461
0.0121043809511461
0.0121043809511461
0.0121043809511461
0.0121043809511461
0.0121043809511461
0.0121043809511461
0.0121043809511461
0.0121043809511461
0.0121043809511461
0.0121043809511461
0.0117507804468145
0.0117507804468145
0.0114599616349833
0.0114599616349833
0.0114599616349833
0.0114599616349833
0.0114599616349833
0.0114599616349833
0.0114599616349833
0.0114599616349833
0.0114599616349833
0.0114599616349833
0.0114599616349833
0.0114599616349833
0.0114599616349833
0.0114599616349833
0.0114599616349833
0.0114599616349833
0.0114599616349833
0.0114599616349833
0.0114599616349833
0.0114599616349833
0.0114599616349833
0.0114599616349833
0.0114599616349833
0.0114599616349833
0.0114599616349833
0.0114599616349833
0.0114599616349833
0.0114599616349833
0.0114599616349833
0.0114599616349833
0.0114599616349833
0.0114599616349833
0.0114599616349833
0.0114599616349833
0.0114599616349833
0.0114599616349833
0.0114599616349833
0.0114599616349833
0.0114599616349833
0.0114599616349833
0.0114599616349833
0.0114599616349833
0.0114599616349833
0.0114599616349833
0.0114599616349833
0.0114599616349833
0.0114599616349833
0.0114599616349833
0.0114599616349833
0.0114599616349833
0.0114599616349833
0.0114599616349833
0.0114599616349833
0.0114599616349833
0.0114599616349833
0.0114599616349833
0.0114599616349833
0.0114599616349833
0.0114599616349833
0.0114599616349833
0.0114599616349833
0.0114599616349833
0.0114599616349833
0.0114599616349833
0.0114599616349833
0.0114599616349833
0.0114599616349833
0.0114599616349833
0.0114599616349833
0.0114599616349833
0.0114599616349833
0.0114599616349833
0.0114599616349833
0.0114599616349833
0.0114599616349833
0.0114599616349833
0.0114599616349833
0.0114599616349833
0.0114599616349833
0.0114599616349833
0.0114599616349833
0.0114599616349833
0.0114599616349833
0.0114599616349833
0.0114599616349833
0.0114599616349833
0.0114599616349833
0.0114599616349833
0.0114599616349833
0.0114599616349833
0.0114599616349833
0.0114599616349833
0.0114599616349833
0.0114599616349833
0.0114599616349833
0.0114599616349833
0.0114599616349833
0.0114599616349833
0.0114599616349833
0.0114599616349833
0.0114599616349833
0.0114599616349833
0.0114599616349833
0.0114599616349833
0.0114599616349833
0.0114599616349833
0.0114599616349833
0.0114599616349833
0.0114599616349833
0.0114599616349833
0.0114599616349833
0.0114599616349833
0.0114599616349833
0.0114599616349833
0.0114599616349833
0.0114599616349833
0.0114599616349833
0.0114599616349833
0.0114599616349833
0.0114599616349833
0.0114599616349833
0.0114599616349833
0.0114599616349833
0.0114599616349833
0.0114599616349833
0.0114599616349833
0.0114599616349833
0.0114599616349833
0.0114599616349833
0.0114599616349833
0.0114599616349833
0.0114599616349833
0.0114599616349833
0.0114599616349833
0.0114599616349833
0.0114599616349833
0.0114599616349833
0.0114599616349833
0.0114599616349833
0.0114599616349833
0.0114599616349833
0.0114599616349833
0.0114599616349833
0.0114599616349833
0.0114599616349833
0.0114599616349833
0.0114599616349833
0.0114599616349833
0.0114599616349833
0.0114599616349833
0.0114599616349833
0.0114599616349833
0.0114599616349833
0.0114599616349833
0.0114599616349833
0.0114599616349833
0.0114599616349833
0.0114599616349833
0.0114599616349833
0.0114599616349833
0.0114599616349833
0.0114599616349833
0.0114599616349833
0.0114599616349833
0.0114599616349833
0.0114599616349833
0.0114599616349833
0.0114599616349833
0.0114599616349833
0.0114599616349833
0.0114599616349833
0.0114599616349833
0.0114599616349833
0.0114599616349833
0.0114599616349833
0.0114599616349833
0.0114599616349833
0.0114599616349833
0.0114599616349833
0.0114599616349833
0.0114599616349833
0.0114599616349833
0.0114599616349833
0.0114599616349833
0.0114599616349833
0.0114599616349833
0.0114599616349833
0.0114599616349833
0.0114599616349833
0.0114599616349833
0.0114599616349833
0.0114599616349833
0.0114599616349833
0.0114599616349833
0.0114599616349833
0.0114599616349833
0.0114599616349833
0.0114599616349833
0.0114599616349833
0.0114599616349833
0.0114599616349833
0.0114599616349833
0.0114599616349833
0.0114599616349833
0.0114599616349833
0.0114599616349833
0.0114599616349833
0.0114599616349833
0.0114599616349833
0.0114599616349833
0.0114599616349833
0.0114599616349833
0.0114599616349833
0.0114599616349833
0.0114599616349833
0.0114599616349833
0.0114599616349833
0.0114599616349833
0.0114599616349833
0.0114599616349833
0.0114599616349833
0.0114599616349833
0.0114599616349833
0.0114599616349833
0.0114599616349833
0.0114599616349833
0.0114599616349833
0.0114599616349833
0.0114599616349833
0.0114599616349833
0.0114599616349833
0.0114599616349833
0.0114599616349833
0.0114599616349833
0.0114599616349833
0.0114599616349833
0.0114599616349833
0.0114599616349833
0.0114599616349833
0.0114599616349833
0.0114599616349833
0.0114599616349833
0.0114599616349833
0.0114599616349833
0.0114599616349833
0.0114599616349833
0.0114599616349833
0.0114599616349833
0.0114599616349833
0.0114599616349833
0.0114599616349833
0.0114599616349833
0.0114599616349833
0.0114599616349833
0.0114599616349833
0.0114599616349833
0.0114599616349833
0.0114599616349833
0.0114599616349833
0.0114599616349833
0.0114599616349833
0.0114599616349833
0.0114599616349833
0.0114599616349833
0.0114599616349833
0.0114599616349833
0.0114599616349833
0.0114599616349833
0.0114599616349833
0.0114599616349833
0.0114599616349833
0.0114599616349833
0.0114599616349833
0.0114599616349833
0.0114599616349833
0.0114599616349833
0.0114599616349833
0.0114599616349833
0.0114599616349833
0.0114599616349833
0.0114599616349833
0.0114599616349833
0.0114599616349833
0.0114599616349833
0.0114599616349833
0.0114599616349833
0.0114599616349833
0.0114599616349833
0.0114599616349833
0.0114599616349833
0.0114599616349833
0.0114599616349833
0.0114599616349833
0.0114599616349833
0.0114599616349833
0.0114599616349833
0.0114599616349833
0.0114599616349833
0.0114599616349833
0.0114599616349833
0.0114599616349833
0.0114599616349833
0.0114599616349833
0.0114599616349833
0.0114599616349833
0.0114599616349833
0.0114599616349833
0.0114599616349833
0.0114599616349833
0.0114599616349833
0.0114599616349833
0.0114599616349833
0.0114599616349833
0.0114599616349833
0.0114599616349833
0.0114599616349833
0.0114599616349833
0.0114599616349833
0.0114599616349833
0.0114599616349833
0.0114599616349833
0.0114599616349833
0.0114599616349833
0.0114599616349833
0.0114599616349833
0.0114599616349833
0.0114599616349833
0.0114599616349833
0.0114599616349833
0.0114599616349833
0.0114599616349833
0.0114599616349833
0.0114599616349833
0.0114599616349833
0.0114599616349833
0.0114599616349833
0.0114599616349833
0.0114599616349833
0.0114599616349833
0.0114599616349833
0.0114599616349833
0.0114599616349833
0.0114599616349833
0.0114599616349833
0.0114599616349833
0.0114599616349833
0.0114599616349833
0.0114599616349833
0.0114599616349833
0.0114599616349833
0.0114599616349833
0.0114599616349833
0.0114599616349833
0.0114599616349833
0.0114599616349833
0.0114599616349833
0.0114599616349833
0.0114599616349833
0.0114599616349833
0.0114599616349833
0.0114599616349833
0.0114599616349833
0.0114599616349833
0.0114599616349833
0.0114599616349833
0.0114599616349833
0.0114599616349833
0.0114599616349833
0.0114599616349833
0.0114599616349833
0.0114599616349833
0.0114599616349833
0.0114599616349833
0.0114599616349833
0.0114599616349833
0.0114599616349833
0.0114599616349833
0.0114599616349833
0.0114599616349833
0.0114599616349833
0.0114599616349833
0.0114599616349833
0.0114599616349833
0.0114599616349833
0.0114599616349833
0.0114599616349833
0.0114599616349833
0.0114599616349833
0.0114599616349833
0.0114599616349833
0.0114599616349833
0.0114599616349833
0.0114599616349833
0.0114599616349833
0.0114599616349833
0.0114599616349833
0.0114599616349833
0.0114599616349833
0.0114599616349833
0.0114599616349833
0.0114599616349833
0.0114599616349833
0.0114599616349833
0.0114599616349833
0.0114599616349833
0.0114599616349833
0.0114599616349833
0.0114599616349833
0.0114599616349833
0.0114599616349833
0.0114599616349833
0.0114599616349833
0.0114599616349833
0.0114599616349833
0.0114599616349833
0.0114599616349833
0.0114599616349833
0.0114599616349833
0.0114599616349833
0.0114599616349833
0.0114599616349833
0.0114599616349833
0.0114599616349833
0.0114599616349833
0.00353646134193498
0.00173052599654884
0.000529953335923944
0.000166186753004583
8.50706850571644E-05
7.01545881632848E-05
7.01545881632848E-05
7.01545881632848E-05
7.01545881632848E-05
7.01545881632848E-05
7.01545881632848E-05
7.01545881632848E-05
7.01545881632848E-05
7.01545881632848E-05
7.01545881632848E-05
7.01545881632848E-05
7.01545881632848E-05
7.01545881632848E-05
7.01545881632848E-05
7.01545881632848E-05
7.01545881632848E-05
7.01545881632848E-05
7.01545881632848E-05
7.01545881632848E-05
7.01545881632848E-05
7.01545881632848E-05
7.01545881632848E-05
7.01545881632848E-05
7.01545881632848E-05
7.01545881632848E-05
7.01545881632848E-05
7.01545881632848E-05
7.01545881632848E-05
7.01545881632848E-05
7.01545881632848E-05
7.01545881632848E-05
7.01545881632848E-05
7.01545881632848E-05
7.01545881632848E-05
7.01545881632848E-05
7.01545881632848E-05

