0.0510141931328102
0.0510141931328102
0.0510141931328102
0.0510141931328102
0.0510141931328102
0.0510141931328102
0.0371972437935274
0.0371972437935274
0.00989794091577678
0.00989794091577678
0.00989794091577678
0.00989794091577678
0.00989794091577678
0.00989794091577678
0.00989794091577678
0.00989794091577678
0.00844215719134553
0.00844215719134553
0.00844215719134553
0.00518711816845496
0.00518711816845496
0.00518711816845496
0.00518711816845496
0.00518711816845496
0.00518711816845496
0.00518711816845496
0.00518711816845496
0.00518711816845496
0.00518711816845496
0.0043950899622045
0.0043950899622045
0.0043950899622045
0.0043950899622045
0.0043950899622045
0.0043950899622045
0.0043950899622045
0.0043950899622045
0.0043950899622045
0.0043950899622045
0.0043950899622045
0.0043950899622045
0.0043950899622045
0.0043950899622045
0.0043950899622045
0.0043950899622045
0.0043950899622045
0.0043950899622045
0.0043950899622045
0.0043950899622045
0.0043950899622045
0.0043950899622045
0.0043950899622045
0.0043950899622045
0.0043950899622045
0.0043950899622045
0.0043950899622045
0.0043950899622045
0.0043950899622045
0.0043950899622045
0.0043950899622045
0.0043950899622045
0.0043950899622045
0.0043950899622045
0.0043950899622045
0.0043950899622045
0.0043950899622045
0.0043950899622045
0.0043950899622045
0.0043950899622045
0.0043950899622045
0.0043950899622045
0.0043950899622045
0.0043950899622045
0.0043950899622045
0.0043950899622045
0.0043950899622045
0.0043950899622045
0.0043950899622045
0.0043950899622045
0.0043950899622045
0.0043950899622045
0.0043950899622045
0.0043950899622045
0.0043950899622045
0.0043950899622045
0.0043950899622045
0.0043950899622045
0.0043950899622045
0.0043950899622045
0.0043950899622045
0.0043950899622045
0.0043950899622045
0.0043950899622045
0.0043950899622045
0.0043950899622045
0.0043950899622045
0.0043950899622045
0.0043950899622045
0.0043950899622045
0.0043950899622045
0.0043950899622045
0.0043950899622045
0.0043950899622045
0.0043950899622045
0.0043950899622045
0.0043950899622045
0.0043950899622045
0.0043950899622045
0.0043950899622045
0.0043950899622045
0.0043950899622045
0.0043950899622045
0.0043950899622045
0.0043950899622045
0.0043950899622045
0.0043950899622045
0.0043950899622045
0.0043950899622045
0.0043950899622045
0.0043950899622045
0.0043950899622045
0.0043950899622045
0.0043950899622045
0.0043950899622045
0.0043950899622045
0.0043950899622045
0.0043950899622045
0.0043950899622045
0.0043950899622045
0.0043950899622045
0.0043950899622045
0.0043950899622045
0.0043950899622045
0.0043950899622045
0.0043950899622045
0.0043950899622045
0.0043950899622045
0.0043950899622045
0.0043950899622045
0.0043950899622045
0.0043950899622045
0.0043950899622045
0.0043950899622045
0.0043950899622045
0.0043950899622045
0.0043950899622045
0.0043950899622045
0.0043950899622045
0.0043950899622045
0.0043950899622045
0.0043950899622045
0.0043950899622045
0.0043950899622045
0.0043950899622045
0.0043950899622045
0.0043950899622045
0.0043950899622045
0.0043950899622045
0.0043950899622045
0.0043950899622045
0.0043950899622045
0.0043950899622045
0.0043950899622045
0.0043950899622045
0.0043950899622045
0.0043950899622045
0.0043950899622045
0.0043950899622045
0.0043950899622045
0.0043950899622045
0.0043950899622045
0.0043950899622045
0.0043950899622045
0.0043950899622045
0.0043950899622045
0.0043950899622045
0.0043950899622045
0.0043950899622045
0.0043950899622045
0.0043950899622045
0.0043950899622045
0.0043950899622045
0.0043950899622045
0.0043950899622045
0.0043950899622045
0.0043950899622045
0.0043950899622045
0.0043950899622045
0.0043950899622045
0.0043950899622045
0.0043950899622045
0.0043950899622045
0.0043950899622045
0.0043950899622045
0.0043950899622045
0.0043950899622045
0.0043950899622045
0.0043950899622045
0.0043950899622045
0.0043950899622045
0.0043950899622045
0.0043950899622045
0.0043950899622045
0.0043950899622045
0.0043950899622045
0.0043950899622045
0.0043950899622045
0.0043950899622045
0.0043950899622045
0.0043950899622045
0.0043950899622045
0.0043950899622045
0.0043950899622045
0.0043950899622045
0.0043950899622045
0.0043950899622045
0.0043950899622045
0.0043950899622045
0.0043950899622045
0.0043950899622045
0.0043950899622045
0.0043950899622045
0.0043950899622045
0.0043950899622045
0.0043950899622045
0.0043950899622045
0.0043950899622045
0.0043950899622045
0.0043950899622045
0.0043950899622045
0.0043950899622045
0.0043950899622045
0.0043950899622045
0.0043950899622045
0.0043950899622045
0.0043950899622045
0.0043950899622045
0.0043950899622045
0.0043950899622045
0.0043950899622045
0.0043950899622045
0.0043950899622045
0.0043950899622045
0.0043950899622045
0.0043950899622045
0.0043950899622045
0.0043950899622045
0.0043950899622045
0.0043950899622045
0.0043950899622045
0.0043950899622045
0.0043950899622045
0.0043950899622045
0.0043950899622045
0.0043950899622045
0.0043950899622045
0.0043950899622045
0.0043950899622045
0.0043950899622045
0.0043950899622045
0.0043950899622045
0.0043950899622045
0.0043950899622045
0.0043950899622045
0.0043950899622045
0.0043950899622045
0.0043950899622045
0.0043950899622045
0.0043950899622045
0.0043950899622045
0.0043950899622045
0.0043950899622045
0.0043950899622045
0.0043950899622045
0.0043950899622045
0.0043950899622045
0.0043950899622045
0.0043950899622045
0.0043950899622045
0.0043950899622045
0.0043950899622045
0.0043950899622045
0.0043950899622045
0.0043950899622045
0.0043950899622045
0.0043950899622045
0.0043950899622045
0.0043950899622045
0.0043950899622045
0.0043950899622045
0.0043950899622045
0.0043950899622045
0.0043950899622045
0.0043950899622045
0.0043950899622045
0.0043950899622045
0.0043950899622045
0.0043950899622045
0.0043950899622045
0.0043950899622045
0.0043950899622045
0.0043950899622045
0.0043950899622045
0.0043950899622045
0.0043950899622045
0.0043950899622045
0.0043950899622045
0.0043950899622045
0.0043950899622045
0.0043950899622045
0.0043950899622045
0.0043950899622045
0.0043950899622045
0.0043950899622045
0.0043950899622045
0.0043950899622045
0.0043950899622045
0.0043950899622045
0.0043950899622045
0.0043950899622045
0.0043950899622045
0.0043950899622045
0.0043950899622045
0.0043950899622045
0.0043950899622045
0.0043950899622045
0.0043950899622045
0.0043950899622045
0.0043950899622045
0.0043950899622045
0.0043950899622045
0.0043950899622045
0.0043950899622045
0.0043950899622045
0.0043950899622045
0.0043950899622045
0.0043950899622045
0.0043950899622045
0.0043950899622045
0.0043950899622045
0.0043950899622045
0.0043950899622045
0.0043950899622045
0.0043950899622045
0.0043950899622045
0.0043950899622045
0.0043950899622045
0.0043950899622045
0.0043950899622045
0.0043950899622045
0.0043950899622045
0.0043950899622045
0.0043950899622045
0.0043950899622045
0.0043950899622045
0.0043950899622045
0.0043950899622045
0.0043950899622045
0.0043950899622045
0.0043950899622045
0.0043950899622045
0.0043950899622045
0.0043950899622045
0.0043950899622045
0.0043950899622045
0.0043950899622045
0.0043950899622045
0.0043950899622045
0.0043950899622045
0.0043950899622045
0.0043950899622045
0.0043950899622045
0.0043950899622045
0.0043950899622045
0.0043950899622045
0.0043950899622045
0.0043950899622045
0.0043950899622045
0.0043950899622045
0.0043950899622045
0.0043950899622045
0.0043950899622045
0.0043950899622045
0.0043950899622045
0.0043950899622045
0.0043950899622045
0.0043950899622045
0.0043950899622045
0.0043950899622045
0.0043950899622045
0.0043950899622045
0.0043950899622045
0.0043950899622045
0.0043950899622045
0.0043950899622045
0.0043950899622045
0.0043950899622045
0.0043950899622045
0.0043950899622045
0.0043950899622045
0.0043950899622045
0.0043950899622045
0.0043950899622045
0.0043950899622045
0.0043950899622045
0.0043950899622045
0.0043950899622045
0.0043950899622045
0.0043950899622045
0.0043950899622045
0.0043950899622045
0.0043950899622045
0.0043950899622045
0.0043950899622045
0.0043950899622045
0.0043950899622045
0.0043950899622045
0.0043950899622045
0.0043950899622045
0.0043950899622045
0.0043950899622045
0.0043950899622045
0.0043950899622045
0.0043950899622045
0.0043950899622045
0.0043950899622045
0.0043950899622045
0.0043950899622045
0.0043950899622045
0.0043950899622045
0.0043950899622045
0.0043950899622045
0.0043950899622045
0.0043950899622045
0.0043950899622045
0.0043950899622045
0.0043950899622045
0.0043950899622045
0.0043950899622045
0.0043950899622045
0.0043950899622045
0.0043950899622045
0.0043950899622045
0.0043950899622045
0.0043950899622045
0.0043950899622045
0.0043950899622045
0.0043950899622045
0.0043950899622045
0.0043950899622045
0.0043950899622045
0.0043950899622045
0.0043950899622045
0.0043950899622045
0.0043950899622045
0.0043950899622045
0.0043950899622045
0.0043950899622045
0.0043950899622045
0.0043950899622045
0.0043950899622045
0.0043950899622045
0.00221331721146917
0.000891801188053605
0.000353610463649268
0.000130991477257706
6.90799748306074E-05
6.75696359633424E-05
6.75696359633424E-05
6.75696359633424E-05
6.75696359633424E-05
6.75696359633424E-05
6.75696359633424E-05
6.75696359633424E-05
6.75696359633424E-05
6.75696359633424E-05
6.75696359633424E-05
6.75696359633424E-05
6.75696359633424E-05
6.75696359633424E-05
6.75696359633424E-05
6.75696359633424E-05
6.75696359633424E-05
6.75696359633424E-05
6.75696359633424E-05
6.75696359633424E-05
6.75696359633424E-05
6.75696359633424E-05
6.75696359633424E-05
6.75696359633424E-05
6.75696359633424E-05
6.75696359633424E-05
6.75696359633424E-05
6.75696359633424E-05
6.75696359633424E-05
6.75696359633424E-05
6.75696359633424E-05
6.75696359633424E-05
6.75696359633424E-05
6.75696359633424E-05

