0.18619313388559
0.0426318671466701
0.0426318671466701
0.0426318671466701
0.0426318671466701
0.0333167009760336
0.0333167009760336
0.0333167009760336
0.0333167009760336
0.0333167009760336
0.00882237956098419
0.00882237956098419
0.00882237956098419
0.00882237956098419
0.00835598428642159
0.00835598428642159
0.00835598428642159
0.00835598428642159
0.00835598428642159
0.00835598428642159
0.00835598428642159
0.00835598428642159
0.00835598428642159
0.00835598428642159
0.00835598428642159
0.00750704717990514
0.00192144973257191
0.00192144973257191
0.00192144973257191
0.00192144973257191
0.0017347805579877
0.0017347805579877
0.0017347805579877
0.0017347805579877
0.0017347805579877
0.0017347805579877
0.0017347805579877
0.0017347805579877
0.0017347805579877
0.0017347805579877
0.0017347805579877
0.0017347805579877
0.0017347805579877
0.0017347805579877
0.0017347805579877
0.0017347805579877
0.0017347805579877
0.0017347805579877
0.0017347805579877
0.0017347805579877
0.0017347805579877
0.0017347805579877
0.0017347805579877
0.0017347805579877
0.0017347805579877
0.0017347805579877
0.0017347805579877
0.0017347805579877
0.0017347805579877
0.0017347805579877
0.0017347805579877
0.0017347805579877
0.0017347805579877
0.0017347805579877
0.00165738125241721
0.00165738125241721
0.000695614688576818
0.000695614688576818
0.000695614688576818
0.000695614688576818
0.000598135591486137
0.000598135591486137
0.000598135591486137
0.000598135591486137
0.000598135591486137
0.000598135591486137
0.000598135591486137
0.000598135591486137
0.000598135591486137
0.000598135591486137
0.000598135591486137
0.000598135591486137
0.000598135591486137
0.000598135591486137
0.000598135591486137
0.000598135591486137
0.000598135591486137
0.000598135591486137
0.000598135591486137
0.000598135591486137
0.000598135591486137
0.000598135591486137
0.000598135591486137
0.000598135591486137
0.000598135591486137
0.000598135591486137
0.000598135591486137
0.000598135591486137
0.000598135591486137
0.000598135591486137
0.000598135591486137
0.000598135591486137
0.000598135591486137
0.000598135591486137
0.000598135591486137
0.000598135591486137
0.000598135591486137
0.000598135591486137
0.000598135591486137
0.000598135591486137
0.000598135591486137
0.000598135591486137
0.000598135591486137
0.000598135591486137
0.000598135591486137
0.000598135591486137
0.000598135591486137
0.000598135591486137
0.000598135591486137
0.000598135591486137
0.000598135591486137
0.000598135591486137
0.000598135591486137
0.000598135591486137
0.000598135591486137
0.000598135591486137
0.000598135591486137
0.000598135591486137
0.000598135591486137
0.000598135591486137
0.000598135591486137
0.000598135591486137
0.000598135591486137
0.000598135591486137
0.000598135591486137
0.000598135591486137
0.000598135591486137
0.000598135591486137
0.000598135591486137
0.000598135591486137
0.000598135591486137
0.000598135591486137
0.000598135591486137
0.000598135591486137
0.000598135591486137
0.000598135591486137
0.000598135591486137
0.000598135591486137
0.000598135591486137
0.000598135591486137
0.000598135591486137
0.000598135591486137
0.000598135591486137
0.000598135591486137
0.000598135591486137
0.000598135591486137
0.000598135591486137
0.000598135591486137
0.000598135591486137
0.000598135591486137
0.000598135591486137
0.000598135591486137
0.000598135591486137
0.000598135591486137
0.000598135591486137
0.000598135591486137
0.000598135591486137
0.000598135591486137
0.000598135591486137
0.000598135591486137
0.000598135591486137
0.000598135591486137
0.000598135591486137
0.000598135591486137
0.000598135591486137
0.000598135591486137
0.000598135591486137
0.000598135591486137
0.000598135591486137
0.000598135591486137
0.000598135591486137
0.000598135591486137
0.000598135591486137
0.000598135591486137
0.000598135591486137
0.000598135591486137
0.000598135591486137
0.000598135591486137
0.000598135591486137
0.000598135591486137
0.000598135591486137
0.000598135591486137
0.000598135591486137
0.000598135591486137
0.000598135591486137
0.000598135591486137
0.000598135591486137
0.000598135591486137
0.000598135591486137
0.000598135591486137
0.000598135591486137
0.000598135591486137
0.000598135591486137
0.000598135591486137
0.000598135591486137
0.000598135591486137
0.000598135591486137
0.000598135591486137
0.000598135591486137
0.000598135591486137
0.000598135591486137
0.000598135591486137
0.000598135591486137
0.000598135591486137
0.000598135591486137
0.000598135591486137
0.000598135591486137
0.000598135591486137
0.000598135591486137
0.000598135591486137
0.000598135591486137
0.000598135591486137
0.000598135591486137
0.000598135591486137
0.000598135591486137
0.000598135591486137
0.000598135591486137
0.000598135591486137
0.000598135591486137
0.000598135591486137
0.000598135591486137
0.000598135591486137
0.000598135591486137
0.000598135591486137
0.000598135591486137
0.000598135591486137
0.000598135591486137
0.000598135591486137
0.000598135591486137
0.000598135591486137
0.000598135591486137
0.000598135591486137
0.000598135591486137
0.000598135591486137
0.000598135591486137
0.000598135591486137
0.000598135591486137
0.000598135591486137
0.000598135591486137
0.000598135591486137
0.000598135591486137
0.000598135591486137
0.000598135591486137
0.000598135591486137
0.000598135591486137
0.000598135591486137
0.000598135591486137
0.000598135591486137
0.000598135591486137
0.000598135591486137
0.000598135591486137
0.000598135591486137
0.000598135591486137
0.000598135591486137
0.000598135591486137
0.000598135591486137
0.000598135591486137
0.000598135591486137
0.000598135591486137
0.000598135591486137
0.000598135591486137
0.000598135591486137
0.000598135591486137
0.000598135591486137
0.000598135591486137
0.000598135591486137
0.000598135591486137
0.000598135591486137
0.000598135591486137
0.000598135591486137
0.000598135591486137
0.000598135591486137
0.000598135591486137
0.000598135591486137
0.000598135591486137
0.000598135591486137
0.000598135591486137
0.000598135591486137
0.000598135591486137
0.000598135591486137
0.000598135591486137
0.000598135591486137
0.000598135591486137
0.000598135591486137
0.000598135591486137
0.000598135591486137
0.000598135591486137
0.000598135591486137
0.000598135591486137
0.000598135591486137
0.000598135591486137
0.000598135591486137
0.000598135591486137
0.000598135591486137
0.000598135591486137
0.000598135591486137
0.000598135591486137
0.000598135591486137
0.000598135591486137
0.000598135591486137
0.000598135591486137
0.000598135591486137
0.000598135591486137
0.000598135591486137
0.000598135591486137
0.000598135591486137
0.000598135591486137
0.000598135591486137
0.000598135591486137
0.000598135591486137
0.000598135591486137
0.000598135591486137
0.000598135591486137
0.000598135591486137
0.000598135591486137
0.000598135591486137
0.000598135591486137
0.000598135591486137
0.000598135591486137
0.000598135591486137
0.000598135591486137
0.000598135591486137
0.000598135591486137
0.000598135591486137
0.000598135591486137
0.000598135591486137
0.000598135591486137
0.000598135591486137
0.000598135591486137
0.000598135591486137
0.000598135591486137
0.000598135591486137
0.000598135591486137
0.000598135591486137
0.000598135591486137
0.000598135591486137
0.000598135591486137
0.000598135591486137
0.000598135591486137
0.000598135591486137
0.000598135591486137
0.000598135591486137
0.000598135591486137
0.000598135591486137
0.000598135591486137
0.000598135591486137
0.000598135591486137
0.000598135591486137
0.000598135591486137
0.000598135591486137
0.000598135591486137
0.000598135591486137
0.000598135591486137
0.000598135591486137
0.000598135591486137
0.000598135591486137
0.000598135591486137
0.000598135591486137
0.000598135591486137
0.000598135591486137
0.000598135591486137
0.000598135591486137
0.000598135591486137
0.000598135591486137
0.000598135591486137
0.000598135591486137
0.000598135591486137
0.000598135591486137
0.000598135591486137
0.000598135591486137
0.000598135591486137
0.000598135591486137
0.000598135591486137
0.000598135591486137
0.000598135591486137
0.000598135591486137
0.000598135591486137
0.000598135591486137
0.000598135591486137
0.000598135591486137
0.000598135591486137
0.000598135591486137
0.000598135591486137
0.000598135591486137
0.000598135591486137
0.000598135591486137
0.000598135591486137
0.000598135591486137
0.000598135591486137
0.000598135591486137
0.000598135591486137
0.000598135591486137
0.000598135591486137
0.000598135591486137
0.000598135591486137
0.000598135591486137
0.000598135591486137
0.000598135591486137
0.000598135591486137
0.000598135591486137
0.000598135591486137
0.000598135591486137
0.000598135591486137
0.000598135591486137
0.000598135591486137
0.000598135591486137
0.000598135591486137
0.000598135591486137
0.000598135591486137
0.000598135591486137
0.000598135591486137
0.000598135591486137
0.000598135591486137
0.000598135591486137
0.000598135591486137
0.000598135591486137
0.000598135591486137
0.000598135591486137
0.000598135591486137
0.000598135591486137
0.000598135591486137
0.000598135591486137
0.000598135591486137
0.000598135591486137
0.000598135591486137
0.000598135591486137
0.000598135591486137
0.000598135591486137
0.000598135591486137
0.000598135591486137
0.000598135591486137
0.000598135591486137
0.000598135591486137
0.000598135591486137
0.000598135591486137
0.000598135591486137
0.000598135591486137
0.000598135591486137
0.000598135591486137
0.000598135591486137
0.000598135591486137
0.000598135591486137
0.000598135591486137
0.000598135591486137
0.000598135591486137
0.000598135591486137
0.000598135591486137
0.000598135591486137
0.000598135591486137
0.000598135591486137
0.000598135591486137
0.000598135591486137
0.000598135591486137
0.000429278967327381
0.00013757956447749
0.000102922810110938
9.22210964202772E-05
9.22210964202772E-05
9.22210964202772E-05
9.22210964202772E-05
9.22210964202772E-05
9.22210964202772E-05
9.22210964202772E-05
9.22210964202772E-05
9.22210964202772E-05
9.22210964202772E-05
9.22210964202772E-05
9.22210964202772E-05
9.22210964202772E-05
9.22210964202772E-05
9.22210964202772E-05
9.22210964202772E-05
9.22210964202772E-05
9.22210964202772E-05
9.22210964202772E-05
9.22210964202772E-05
9.22210964202772E-05
9.22210964202772E-05
9.22210964202772E-05
9.22210964202772E-05
9.22210964202772E-05
9.22210964202772E-05
9.22210964202772E-05
9.22210964202772E-05
9.22210964202772E-05
9.22210964202772E-05
9.22210964202772E-05
9.22210964202772E-05
9.22210964202772E-05
9.22210964202772E-05

