0.0558615089406906
0.0558615089406906
0.0558615089406906
0.0558615089406906
0.0558615089406906
0.0261714449967105
0.0261714449967105
0.0126131529869278
0.0126131529869278
0.0126131529869278
0.0126131529869278
0.0126131529869278
0.0126131529869278
0.0126131529869278
0.0126131529869278
0.0126131529869278
0.00337349397773334
0.00211902603184422
0.00211902603184422
0.00211902603184422
0.00193800765442037
0.00193800765442037
0.00193800765442037
0.00193800765442037
0.00193800765442037
0.00193800765442037
0.00193800765442037
0.00193800765442037
0.00193800765442037
0.00193800765442037
0.00193800765442037
0.00193800765442037
0.00193800765442037
0.00193800765442037
0.00193800765442037
0.00193800765442037
0.00193800765442037
0.00193800765442037
0.00159084950050414
0.00159084950050414
0.00159084950050414
0.00159084950050414
0.00159084950050414
0.00159084950050414
0.00159084950050414
0.00159084950050414
0.00159084950050414
0.00159084950050414
0.00159084950050414
0.00159084950050414
0.00159084950050414
0.00159084950050414
0.00159084950050414
0.00159084950050414
0.00159084950050414
0.00159084950050414
0.00159084950050414
0.00159084950050414
0.00159084950050414
0.00159084950050414
0.00159084950050414
0.00159084950050414
0.00159084950050414
0.00159084950050414
0.00159084950050414
0.00159084950050414
0.00159084950050414
0.00159084950050414
0.00159084950050414
0.00159084950050414
0.00159084950050414
0.00159084950050414
0.00159084950050414
0.00159084950050414
0.00159084950050414
0.00159084950050414
0.00159084950050414
0.00159084950050414
0.00159084950050414
0.00159084950050414
0.00159084950050414
0.00159084950050414
0.00159084950050414
0.00159084950050414
0.00159084950050414
0.00159084950050414
0.00159084950050414
0.00159084950050414
0.00159084950050414
0.00159084950050414
0.00159084950050414
0.00159084950050414
0.00159084950050414
0.00159084950050414
0.00159084950050414
0.00159084950050414
0.00159084950050414
0.00159084950050414
0.00159084950050414
0.00159084950050414
0.00159084950050414
0.00159084950050414
0.00159084950050414
0.00159084950050414
0.00159084950050414
0.00159084950050414
0.00159084950050414
0.00159084950050414
0.00159084950050414
0.00159084950050414
0.00159084950050414
0.00159084950050414
0.00159084950050414
0.00159084950050414
0.00159084950050414
0.00159084950050414
0.00159084950050414
0.00159084950050414
0.00159084950050414
0.00159084950050414
0.00159084950050414
0.00159084950050414
0.00159084950050414
0.00159084950050414
0.00159084950050414
0.00159084950050414
0.00159084950050414
0.00159084950050414
0.00159084950050414
0.00159084950050414
0.00159084950050414
0.00159084950050414
0.00159084950050414
0.00159084950050414
0.00159084950050414
0.00159084950050414
0.00159084950050414
0.00159084950050414
0.00159084950050414
0.00159084950050414
0.00159084950050414
0.00159084950050414
0.00159084950050414
0.00159084950050414
0.00159084950050414
0.00159084950050414
0.00159084950050414
0.00159084950050414
0.00159084950050414
0.00159084950050414
0.00159084950050414
0.00159084950050414
0.00159084950050414
0.00159084950050414
0.00159084950050414
0.00159084950050414
0.00159084950050414
0.00159084950050414
0.00159084950050414
0.00159084950050414
0.00159084950050414
0.00159084950050414
0.00159084950050414
0.00159084950050414
0.00159084950050414
0.00159084950050414
0.00159084950050414
0.00159084950050414
0.00159084950050414
0.00159084950050414
0.00159084950050414
0.00159084950050414
0.00159084950050414
0.00159084950050414
0.00159084950050414
0.00159084950050414
0.00159084950050414
0.00159084950050414
0.00159084950050414
0.00159084950050414
0.00159084950050414
0.00159084950050414
0.00159084950050414
0.00159084950050414
0.00159084950050414
0.00159084950050414
0.00159084950050414
0.00159084950050414
0.00159084950050414
0.00159084950050414
0.00159084950050414
0.00159084950050414
0.00159084950050414
0.00159084950050414
0.00159084950050414
0.00159084950050414
0.00159084950050414
0.00159084950050414
0.00159084950050414
0.00159084950050414
0.00159084950050414
0.00159084950050414
0.00159084950050414
0.00159084950050414
0.00159084950050414
0.00159084950050414
0.00159084950050414
0.00159084950050414
0.00159084950050414
0.00159084950050414
0.00159084950050414
0.00159084950050414
0.00159084950050414
0.00159084950050414
0.00159084950050414
0.00159084950050414
0.00159084950050414
0.00159084950050414
0.00159084950050414
0.00159084950050414
0.00159084950050414
0.00159084950050414
0.00159084950050414
0.00159084950050414
0.00159084950050414
0.00159084950050414
0.00159084950050414
0.00159084950050414
0.00159084950050414
0.00159084950050414
0.00159084950050414
0.00159084950050414
0.00159084950050414
0.00159084950050414
0.00159084950050414
0.00159084950050414
0.00159084950050414
0.00159084950050414
0.00159084950050414
0.00159084950050414
0.00159084950050414
0.00159084950050414
0.00159084950050414
0.00159084950050414
0.00159084950050414
0.00159084950050414
0.00159084950050414
0.00159084950050414
0.00159084950050414
0.00159084950050414
0.00159084950050414
0.00159084950050414
0.00159084950050414
0.00159084950050414
0.00159084950050414
0.00159084950050414
0.00159084950050414
0.00159084950050414
0.00159084950050414
0.00159084950050414
0.00159084950050414
0.00159084950050414
0.00159084950050414
0.00159084950050414
0.00159084950050414
0.00159084950050414
0.00159084950050414
0.00159084950050414
0.00159084950050414
0.00159084950050414
0.00159084950050414
0.00159084950050414
0.00159084950050414
0.00159084950050414
0.00159084950050414
0.00159084950050414
0.00159084950050414
0.00159084950050414
0.00159084950050414
0.00159084950050414
0.00159084950050414
0.00159084950050414
0.00159084950050414
0.00159084950050414
0.00159084950050414
0.00159084950050414
0.00159084950050414
0.00159084950050414
0.00159084950050414
0.00159084950050414
0.00159084950050414
0.00159084950050414
0.00159084950050414
0.00159084950050414
0.00159084950050414
0.00159084950050414
0.00159084950050414
0.00159084950050414
0.00159084950050414
0.00159084950050414
0.00159084950050414
0.00159084950050414
0.00159084950050414
0.00159084950050414
0.00159084950050414
0.00159084950050414
0.00159084950050414
0.00159084950050414
0.00159084950050414
0.00159084950050414
0.00159084950050414
0.00159084950050414
0.00159084950050414
0.00159084950050414
0.00159084950050414
0.00159084950050414
0.00159084950050414
0.00159084950050414
0.00159084950050414
0.00159084950050414
0.00159084950050414
0.00159084950050414
0.00159084950050414
0.00159084950050414
0.00159084950050414
0.00159084950050414
0.00159084950050414
0.00159084950050414
0.00159084950050414
0.00159084950050414
0.00159084950050414
0.00159084950050414
0.00159084950050414
0.00159084950050414
0.00159084950050414
0.00159084950050414
0.00159084950050414
0.00159084950050414
0.00159084950050414
0.00159084950050414
0.00159084950050414
0.00159084950050414
0.00159084950050414
0.00159084950050414
0.00159084950050414
0.00159084950050414
0.00159084950050414
0.00159084950050414
0.00159084950050414
0.00159084950050414
0.00159084950050414
0.00159084950050414
0.00159084950050414
0.00159084950050414
0.00159084950050414
0.00159084950050414
0.00159084950050414
0.00159084950050414
0.00159084950050414
0.00159084950050414
0.00159084950050414
0.00159084950050414
0.00159084950050414
0.00159084950050414
0.00159084950050414
0.00159084950050414
0.00159084950050414
0.00159084950050414
0.00159084950050414
0.00159084950050414
0.00159084950050414
0.00159084950050414
0.00159084950050414
0.00159084950050414
0.00159084950050414
0.00159084950050414
0.00159084950050414
0.00159084950050414
0.00159084950050414
0.00159084950050414
0.00159084950050414
0.00159084950050414
0.00159084950050414
0.00159084950050414
0.00159084950050414
0.00159084950050414
0.00159084950050414
0.00159084950050414
0.00159084950050414
0.00159084950050414
0.00159084950050414
0.00159084950050414
0.00159084950050414
0.00159084950050414
0.00159084950050414
0.00159084950050414
0.00159084950050414
0.00159084950050414
0.00159084950050414
0.00159084950050414
0.00159084950050414
0.00159084950050414
0.00159084950050414
0.00159084950050414
0.00159084950050414
0.00159084950050414
0.00159084950050414
0.00159084950050414
0.00159084950050414
0.00159084950050414
0.00159084950050414
0.00159084950050414
0.00159084950050414
0.00159084950050414
0.00159084950050414
0.00159084950050414
0.00159084950050414
0.00159084950050414
0.00159084950050414
0.00159084950050414
0.00159084950050414
0.00159084950050414
0.00159084950050414
0.00159084950050414
0.00159084950050414
0.00159084950050414
0.00159084950050414
0.00159084950050414
0.00159084950050414
0.00159084950050414
0.00159084950050414
0.00159084950050414
0.00159084950050414
0.00159084950050414
0.00159084950050414
0.00159084950050414
0.00159084950050414
0.00159084950050414
0.00159084950050414
0.00159084950050414
0.00159084950050414
0.00159084950050414
0.00159084950050414
0.00159084950050414
0.00159084950050414
0.00159084950050414
0.00159084950050414
0.00159084950050414
0.00159084950050414
0.00159084950050414
0.00159084950050414
0.00159084950050414
0.00159084950050414
0.00159084950050414
0.00159084950050414
0.000987396831704867
0.000978322967041103
0.000882360699190327
0.000882360699190327
0.000609285004474714
0.000609285004474714
0.000609285004474714
0.000609285004474714
0.000609285004474714
0.000609285004474714
0.000609285004474714
0.000609285004474714
0.000609285004474714
0.000609285004474714
0.000609285004474714
0.000609285004474714
0.000609285004474714
0.000609285004474714
0.000609285004474714
0.000609285004474714
0.000609285004474714
0.000609285004474714
0.000609285004474714
0.000609285004474714
0.000609285004474714
0.000609285004474714
0.000609285004474714
0.000609285004474714
0.000609285004474714
0.000609285004474714
0.000609285004474714
0.000609285004474714
0.000609285004474714
0.000609285004474714
0.000609285004474714
0.000609285004474714
0.000609285004474714
0.000609285004474714
0.000609285004474714
0.000609285004474714
0.000609285004474714
0.000609285004474714
0.000609285004474714
0.000609285004474714
0.000609285004474714

