0.0231005848883931
0.0231005848883931
0.0231005848883931
0.0231005848883931
0.0173875224066141
0.0173875224066141
0.0173875224066141
0.0134895140146408
0.0106383484539398
0.00228301805893039
0.00228301805893039
0.00228301805893039
0.00221337286434431
0.000774971159724802
0.000774971159724802
0.000351335475028414
0.000340613174661164
0.000157181310459942
2.00016608815634E-05
2.00016608815634E-05
5.9734960020652E-06
1.50941343834976E-06
1.50941343834976E-06
1.60828724005135E-07
1.60828724005135E-07
1.2025112672287E-07
4.93622346331435E-08
2.82965207931696E-08
2.82965207931696E-08
2.10816951673465E-08
1.13896688747062E-08
1.39099654017372E-09
1.39099654017372E-09
1.83305370882181E-10
1.83305370882181E-10
1.59775637165183E-10
8.52109494076103E-11
4.84113860110824E-11
1.62151403415578E-11
1.31433752770249E-11
1.11084474951895E-11
7.725931006064E-12
7.725931006064E-12
6.88626933254E-12
4.0171199700012E-12
3.93340915394447E-12
3.02069480540013E-12
2.93054469580056E-12
2.735256465769E-12
2.735256465769E-12
2.51754173064001E-12
2.51754173064001E-12
2.51754173064001E-12
2.51754173064001E-12
2.51754173064001E-12
2.51754173064001E-12
2.11897166479957E-12
2.08599804096821E-12
1.99795735511543E-12
1.99451566373909E-12
1.99074090545537E-12
1.99074090545537E-12
1.99062988315291E-12
1.99062988315291E-12
1.99062988315291E-12
1.99062988315291E-12
1.99062988315291E-12
1.99062988315291E-12
1.99062988315291E-12
1.99062988315291E-12
1.99062988315291E-12
1.99062988315291E-12
1.99062988315291E-12
1.99062988315291E-12
1.99062988315291E-12
1.99062988315291E-12
1.99062988315291E-12
1.99062988315291E-12
1.99062988315291E-12
1.99062988315291E-12
1.99062988315291E-12
1.99062988315291E-12
1.99062988315291E-12
1.99062988315291E-12
1.99062988315291E-12
1.99062988315291E-12
1.99062988315291E-12
1.99062988315291E-12
1.99062988315291E-12
1.99062988315291E-12
1.99062988315291E-12
1.99062988315291E-12
1.99062988315291E-12
1.99062988315291E-12
1.99062988315291E-12
1.99062988315291E-12
1.99062988315291E-12
1.99062988315291E-12
1.99062988315291E-12
1.99062988315291E-12
1.99062988315291E-12
1.99062988315291E-12
1.99062988315291E-12
1.99062988315291E-12
1.99062988315291E-12
1.99062988315291E-12
1.99062988315291E-12
1.99062988315291E-12
1.99062988315291E-12
1.99062988315291E-12
1.99062988315291E-12
1.99062988315291E-12
1.99062988315291E-12
1.99062988315291E-12
1.99062988315291E-12
1.99062988315291E-12
1.99062988315291E-12
1.99062988315291E-12
1.99062988315291E-12
1.99062988315291E-12
1.99062988315291E-12
1.99062988315291E-12
1.99062988315291E-12
1.99062988315291E-12
1.99062988315291E-12
1.99062988315291E-12
1.99062988315291E-12
1.99062988315291E-12
1.99062988315291E-12
1.99062988315291E-12
1.99062988315291E-12
1.99062988315291E-12
1.99062988315291E-12
1.99062988315291E-12
1.99062988315291E-12
1.99062988315291E-12
1.99062988315291E-12
1.99062988315291E-12
1.99062988315291E-12
1.99062988315291E-12
1.99062988315291E-12
1.99062988315291E-12
1.99062988315291E-12
1.99062988315291E-12
1.99062988315291E-12
1.99062988315291E-12
1.99062988315291E-12
1.99062988315291E-12
1.99062988315291E-12
1.99062988315291E-12
1.99062988315291E-12
1.99062988315291E-12
1.99062988315291E-12
1.99062988315291E-12
1.99062988315291E-12
1.99062988315291E-12
1.99062988315291E-12
1.99062988315291E-12
1.99062988315291E-12
1.99062988315291E-12
1.99062988315291E-12
1.99062988315291E-12
1.99062988315291E-12
1.99062988315291E-12
1.99062988315291E-12
1.99062988315291E-12
1.99062988315291E-12
1.99062988315291E-12
1.99062988315291E-12
1.99062988315291E-12
1.99062988315291E-12
1.99062988315291E-12
1.99062988315291E-12
1.99062988315291E-12
1.99062988315291E-12
1.99062988315291E-12
1.99062988315291E-12
1.99062988315291E-12
1.99062988315291E-12
1.99062988315291E-12
1.99062988315291E-12
1.99062988315291E-12
1.99062988315291E-12
1.99062988315291E-12
1.99062988315291E-12
1.99062988315291E-12
1.99062988315291E-12
1.99062988315291E-12
1.99062988315291E-12
1.99062988315291E-12
1.99062988315291E-12
1.99062988315291E-12
1.99062988315291E-12
1.99062988315291E-12
1.99062988315291E-12
1.99062988315291E-12
1.99062988315291E-12
1.99062988315291E-12
1.99062988315291E-12
1.99062988315291E-12
1.99062988315291E-12
1.99062988315291E-12
1.99062988315291E-12
1.99062988315291E-12
1.99062988315291E-12
1.99062988315291E-12
1.99062988315291E-12
1.99062988315291E-12
1.99062988315291E-12
1.99062988315291E-12
1.99062988315291E-12
1.99062988315291E-12
1.99062988315291E-12
1.99062988315291E-12
1.99062988315291E-12
1.99062988315291E-12
1.99062988315291E-12
1.99062988315291E-12
1.99062988315291E-12
1.99062988315291E-12
1.99062988315291E-12
1.99062988315291E-12
1.99062988315291E-12
1.99062988315291E-12
1.99062988315291E-12
1.99062988315291E-12
1.99062988315291E-12
1.99062988315291E-12
1.99062988315291E-12
1.99062988315291E-12
1.99062988315291E-12
1.99062988315291E-12
1.99062988315291E-12
1.99062988315291E-12
1.99062988315291E-12
1.99062988315291E-12
1.99062988315291E-12
1.99062988315291E-12
1.99062988315291E-12
1.99062988315291E-12
1.99062988315291E-12
1.99062988315291E-12
1.99062988315291E-12
1.99062988315291E-12
1.99062988315291E-12
1.99062988315291E-12
1.99062988315291E-12
1.99062988315291E-12
1.99062988315291E-12
1.99062988315291E-12
1.99062988315291E-12
1.99062988315291E-12
1.99062988315291E-12
1.99062988315291E-12
1.99062988315291E-12
1.99062988315291E-12
1.99062988315291E-12
1.99062988315291E-12
1.99062988315291E-12
1.99062988315291E-12
1.99062988315291E-12
1.99062988315291E-12
1.99062988315291E-12
1.99062988315291E-12
1.99062988315291E-12
1.99062988315291E-12
1.99062988315291E-12
1.99062988315291E-12
1.99062988315291E-12
1.99062988315291E-12
1.99062988315291E-12
1.99062988315291E-12
1.99062988315291E-12
1.99062988315291E-12
1.99062988315291E-12
1.99062988315291E-12
1.99062988315291E-12
1.99062988315291E-12
1.99062988315291E-12
1.99062988315291E-12
1.99062988315291E-12
1.99062988315291E-12
1.99062988315291E-12
1.99062988315291E-12
1.99062988315291E-12
1.99062988315291E-12
1.99062988315291E-12
1.99062988315291E-12
1.99062988315291E-12
1.99062988315291E-12
1.99062988315291E-12
1.99062988315291E-12
1.99062988315291E-12
1.99062988315291E-12
1.99062988315291E-12
1.99062988315291E-12
1.99062988315291E-12
1.99062988315291E-12
1.99062988315291E-12
1.99062988315291E-12
1.99062988315291E-12
1.99062988315291E-12
1.99062988315291E-12
1.99062988315291E-12
1.99062988315291E-12
1.99062988315291E-12
1.99062988315291E-12
1.99062988315291E-12
1.99062988315291E-12
1.99062988315291E-12
1.99062988315291E-12
1.99062988315291E-12
1.99062988315291E-12
1.99062988315291E-12
1.99062988315291E-12
1.99062988315291E-12
1.99062988315291E-12
1.99062988315291E-12
1.99062988315291E-12
1.99062988315291E-12
1.99062988315291E-12
1.99062988315291E-12
1.99062988315291E-12
1.99062988315291E-12
1.99062988315291E-12
1.99062988315291E-12
1.99062988315291E-12
1.99062988315291E-12
1.99062988315291E-12
1.99062988315291E-12
1.99062988315291E-12
1.99062988315291E-12
1.99062988315291E-12
1.99062988315291E-12
1.99062988315291E-12
1.99062988315291E-12
1.99062988315291E-12
1.99062988315291E-12
1.99062988315291E-12
1.99062988315291E-12
1.99062988315291E-12
1.99062988315291E-12
1.99062988315291E-12
1.99062988315291E-12
1.99062988315291E-12
1.99062988315291E-12
1.99062988315291E-12
1.99062988315291E-12
1.99062988315291E-12
1.99062988315291E-12
1.99062988315291E-12
1.99062988315291E-12
1.99062988315291E-12
1.99062988315291E-12
1.99062988315291E-12
1.99062988315291E-12
1.99062988315291E-12
1.99062988315291E-12
1.99062988315291E-12
1.99062988315291E-12
1.99062988315291E-12
1.99062988315291E-12
1.99062988315291E-12
1.99062988315291E-12
1.99062988315291E-12
1.99062988315291E-12
1.99062988315291E-12
1.99062988315291E-12
1.99062988315291E-12
1.99062988315291E-12
1.99062988315291E-12
1.99062988315291E-12
1.99062988315291E-12
1.99062988315291E-12
1.99062988315291E-12
1.99062988315291E-12
1.99062988315291E-12
1.99062988315291E-12
1.99062988315291E-12
1.99062988315291E-12
1.99062988315291E-12
1.99062988315291E-12
1.99062988315291E-12
1.99062988315291E-12
1.99062988315291E-12
1.99062988315291E-12
1.99062988315291E-12
1.99062988315291E-12
1.99062988315291E-12
1.99062988315291E-12
1.99062988315291E-12
1.99062988315291E-12
1.99062988315291E-12
1.99062988315291E-12
1.99062988315291E-12
1.99062988315291E-12
1.99062988315291E-12
1.99062988315291E-12
1.99062988315291E-12
1.99062988315291E-12
1.99062988315291E-12
1.99062988315291E-12
1.99062988315291E-12
1.99062988315291E-12
1.99062988315291E-12
1.99062988315291E-12
1.99062988315291E-12
1.99062988315291E-12
1.99062988315291E-12
1.99062988315291E-12
1.99062988315291E-12
1.99062988315291E-12
1.99062988315291E-12
1.99062988315291E-12
1.99062988315291E-12
1.99062988315291E-12
1.99062988315291E-12
1.99062988315291E-12
1.99062988315291E-12
1.99062988315291E-12
1.99062988315291E-12
1.99062988315291E-12
1.99062988315291E-12
1.99062988315291E-12
1.99062988315291E-12
1.99062988315291E-12
1.99062988315291E-12
1.99062988315291E-12
1.99062988315291E-12
1.99062988315291E-12
1.99062988315291E-12
1.99062988315291E-12
1.99062988315291E-12
1.99062988315291E-12
1.99062988315291E-12
1.99062988315291E-12
1.99062988315291E-12
1.99062988315291E-12
1.99062988315291E-12
1.99062988315291E-12
1.99062988315291E-12
1.99062988315291E-12
1.99062988315291E-12
1.99062988315291E-12
1.99062988315291E-12
1.99062988315291E-12
1.99062988315291E-12
1.99062988315291E-12
1.99062988315291E-12
1.99062988315291E-12
1.99062988315291E-12
1.99062988315291E-12
1.99062988315291E-12
1.99062988315291E-12
1.99062988315291E-12
1.99062988315291E-12
1.99062988315291E-12
1.99062988315291E-12
1.99062988315291E-12
1.99062988315291E-12
1.99062988315291E-12
1.99062988315291E-12
1.99062988315291E-12
1.99062988315291E-12
1.99062988315291E-12
1.99062988315291E-12
1.99062988315291E-12
1.99062988315291E-12
1.99062988315291E-12
1.99062988315291E-12
1.99062988315291E-12
1.99062988315291E-12
1.99062988315291E-12
1.99062988315291E-12
1.99062988315291E-12
1.99062988315291E-12
1.99062988315291E-12
1.99062988315291E-12
1.99062988315291E-12
1.99062988315291E-12
1.99062988315291E-12
1.99062988315291E-12
1.99062988315291E-12
1.99062988315291E-12
1.99062988315291E-12
1.99062988315291E-12
1.99062988315291E-12
1.99062988315291E-12
1.99062988315291E-12
1.99062988315291E-12
1.99062988315291E-12
1.99062988315291E-12
1.99062988315291E-12
1.99062988315291E-12
1.99062988315291E-12
1.99062988315291E-12
1.99062988315291E-12
1.99062988315291E-12
1.99062988315291E-12
1.99062988315291E-12

