0.124972801718731
0.124972801718731
0.124972801718731
0.124972801718731
0.124972801718731
0.124972801718731
0.124972801718731
0.0737422045830383
0.0703990153575722
0.0703990153575722
0.0703990153575722
0.0703990153575722
0.0392598154021725
0.0392598154021725
0.0229468994919733
0.0229468994919733
0.0229468994919733
0.0229468994919733
0.0229468994919733
0.0229468994919733
0.0229468994919733
0.0229468994919733
0.0229468994919733
0.0229468994919733
0.0229468994919733
0.0215808154295134
0.020151343812667
0.020151343812667
0.020151343812667
0.020151343812667
0.0181495422188258
0.0181495422188258
0.0181495422188258
0.0181495422188258
0.0181495422188258
0.0181495422188258
0.0181495422188258
0.0181495422188258
0.0181495422188258
0.0181495422188258
0.0181495422188258
0.0181495422188258
0.0181495422188258
0.0181495422188258
0.0181495422188258
0.0181495422188258
0.0181495422188258
0.0181495422188258
0.0181495422188258
0.0181495422188258
0.0181495422188258
0.0181495422188258
0.0181495422188258
0.0181495422188258
0.0181495422188258
0.00772909701944569
0.00772909701944569
0.00772909701944569
0.00772909701944569
0.00772909701944569
0.00772909701944569
0.00772909701944569
0.00772909701944569
0.00772909701944569
0.00772909701944569
0.00772909701944569
0.00772909701944569
0.00772909701944569
0.00772909701944569
0.00772909701944569
0.00772909701944569
0.00772909701944569
0.00772909701944569
0.00772909701944569
0.00772909701944569
0.00772909701944569
0.00772909701944569
0.00772909701944569
0.00772909701944569
0.00772909701944569
0.00772909701944569
0.00772909701944569
0.00772909701944569
0.00772909701944569
0.00772909701944569
0.00772909701944569
0.00772909701944569
0.00772909701944569
0.00772909701944569
0.00772909701944569
0.00772909701944569
0.00772909701944569
0.00772909701944569
0.00772909701944569
0.00772909701944569
0.00772909701944569
0.00772909701944569
0.00772909701944569
0.00772909701944569
0.00772909701944569
0.00772909701944569
0.00772909701944569
0.00772909701944569
0.00772909701944569
0.00772909701944569
0.00772909701944569
0.00772909701944569
0.00772909701944569
0.00772909701944569
0.00772909701944569
0.00772909701944569
0.00772909701944569
0.00772909701944569
0.00772909701944569
0.00772909701944569
0.00772909701944569
0.00772909701944569
0.00772909701944569
0.00772909701944569
0.00772909701944569
0.00772909701944569
0.00772909701944569
0.00772909701944569
0.00772909701944569
0.00772909701944569
0.00772909701944569
0.00772909701944569
0.00772909701944569
0.00772909701944569
0.00772909701944569
0.00772909701944569
0.00772909701944569
0.00772909701944569
0.00772909701944569
0.00772909701944569
0.00772909701944569
0.00772909701944569
0.00772909701944569
0.00772909701944569
0.00772909701944569
0.00772909701944569
0.00772909701944569
0.00772909701944569
0.00772909701944569
0.00772909701944569
0.00772909701944569
0.00772909701944569
0.00772909701944569
0.00772909701944569
0.00772909701944569
0.00772909701944569
0.00772909701944569
0.00772909701944569
0.00772909701944569
0.00772909701944569
0.00772909701944569
0.00772909701944569
0.00772909701944569
0.00772909701944569
0.00772909701944569
0.00772909701944569
0.00772909701944569
0.00772909701944569
0.00772909701944569
0.00772909701944569
0.00772909701944569
0.00772909701944569
0.00772909701944569
0.00772909701944569
0.00772909701944569
0.00772909701944569
0.00772909701944569
0.00772909701944569
0.00772909701944569
0.00772909701944569
0.00772909701944569
0.00772909701944569
0.00772909701944569
0.00772909701944569
0.00772909701944569
0.00772909701944569
0.00772909701944569
0.00772909701944569
0.00772909701944569
0.00772909701944569
0.00772909701944569
0.00772909701944569
0.00772909701944569
0.00772909701944569
0.00772909701944569
0.00772909701944569
0.00772909701944569
0.00772909701944569
0.00772909701944569
0.00772909701944569
0.00772909701944569
0.00772909701944569
0.00772909701944569
0.00772909701944569
0.00772909701944569
0.00772909701944569
0.00772909701944569
0.00772909701944569
0.00772909701944569
0.00772909701944569
0.00772909701944569
0.00772909701944569
0.00772909701944569
0.00772909701944569
0.00772909701944569
0.00772909701944569
0.00772909701944569
0.00772909701944569
0.00772909701944569
0.00772909701944569
0.00772909701944569
0.00772909701944569
0.00772909701944569
0.00772909701944569
0.00772909701944569
0.00772909701944569
0.00772909701944569
0.00772909701944569
0.00772909701944569
0.00772909701944569
0.00772909701944569
0.00772909701944569
0.00772909701944569
0.00772909701944569
0.00772909701944569
0.00772909701944569
0.00772909701944569
0.00772909701944569
0.00772909701944569
0.00772909701944569
0.00772909701944569
0.00772909701944569
0.00772909701944569
0.00772909701944569
0.00772909701944569
0.00772909701944569
0.00772909701944569
0.00772909701944569
0.00772909701944569
0.00772909701944569
0.00772909701944569
0.00772909701944569
0.00772909701944569
0.00772909701944569
0.00772909701944569
0.00772909701944569
0.00772909701944569
0.00772909701944569
0.00772909701944569
0.00772909701944569
0.00772909701944569
0.00772909701944569
0.00772909701944569
0.00772909701944569
0.00772909701944569
0.00772909701944569
0.00772909701944569
0.00772909701944569
0.00772909701944569
0.00772909701944569
0.00772909701944569
0.00772909701944569
0.00772909701944569
0.00772909701944569
0.00772909701944569
0.00772909701944569
0.00772909701944569
0.00772909701944569
0.00772909701944569
0.00772909701944569
0.00772909701944569
0.00772909701944569
0.00772909701944569
0.00772909701944569
0.00772909701944569
0.00772909701944569
0.00772909701944569
0.00772909701944569
0.00772909701944569
0.00772909701944569
0.00772909701944569
0.00772909701944569
0.00772909701944569
0.00772909701944569
0.00772909701944569
0.00772909701944569
0.00772909701944569
0.00772909701944569
0.00772909701944569
0.00772909701944569
0.00772909701944569
0.00772909701944569
0.00772909701944569
0.00772909701944569
0.00772909701944569
0.00772909701944569
0.00772909701944569
0.00772909701944569
0.00772909701944569
0.00772909701944569
0.00772909701944569
0.00772909701944569
0.00772909701944569
0.00772909701944569
0.00772909701944569
0.00772909701944569
0.00772909701944569
0.00772909701944569
0.00772909701944569
0.00772909701944569
0.00772909701944569
0.00772909701944569
0.00772909701944569
0.00772909701944569
0.00772909701944569
0.00772909701944569
0.00772909701944569
0.00772909701944569
0.00772909701944569
0.00772909701944569
0.00772909701944569
0.00772909701944569
0.00772909701944569
0.00772909701944569
0.00772909701944569
0.00772909701944569
0.00772909701944569
0.00772909701944569
0.00772909701944569
0.00772909701944569
0.00772909701944569
0.00772909701944569
0.00772909701944569
0.00772909701944569
0.00772909701944569
0.00772909701944569
0.00772909701944569
0.00772909701944569
0.00772909701944569
0.00772909701944569
0.00772909701944569
0.00772909701944569
0.00772909701944569
0.00772909701944569
0.00772909701944569
0.00772909701944569
0.00772909701944569
0.00772909701944569
0.00772909701944569
0.00772909701944569
0.00772909701944569
0.00772909701944569
0.00772909701944569
0.00772909701944569
0.00772909701944569
0.00772909701944569
0.00772909701944569
0.00772909701944569
0.00772909701944569
0.00772909701944569
0.00772909701944569
0.00772909701944569
0.00772909701944569
0.00772909701944569
0.00772909701944569
0.00772909701944569
0.00772909701944569
0.00772909701944569
0.00772909701944569
0.00772909701944569
0.00772909701944569
0.00772909701944569
0.00772909701944569
0.00772909701944569
0.00772909701944569
0.00772909701944569
0.00772909701944569
0.00772909701944569
0.00772909701944569
0.00772909701944569
0.00772909701944569
0.00772909701944569
0.00772909701944569
0.00772909701944569
0.00772909701944569
0.00772909701944569
0.00772909701944569
0.00772909701944569
0.00772909701944569
0.00772909701944569
0.00772909701944569
0.00772909701944569
0.00772909701944569
0.00772909701944569
0.00772909701944569
0.00772909701944569
0.00772909701944569
0.00772909701944569
0.00772909701944569
0.00772909701944569
0.00772909701944569
0.00772909701944569
0.00772909701944569
0.00772909701944569
0.00772909701944569
0.00772909701944569
0.00772909701944569
0.00772909701944569
0.00772909701944569
0.00772909701944569
0.00772909701944569
0.00772909701944569
0.00772909701944569
0.00772909701944569
0.00772909701944569
0.00772909701944569
0.00772909701944569
0.00772909701944569
0.00772909701944569
0.00772909701944569
0.00772909701944569
0.00772909701944569
0.00772909701944569
0.00772909701944569
0.00772909701944569
0.00772909701944569
0.00772909701944569
0.00772909701944569
0.00772909701944569
0.00772909701944569
0.00772909701944569
0.00772909701944569
0.00772909701944569
0.00772909701944569
0.00772909701944569
0.00772909701944569
0.00772909701944569
0.00772909701944569
0.00772909701944569
0.00772909701944569
0.00772909701944569
0.00772909701944569
0.00772909701944569
0.00772909701944569
0.00772909701944569
0.00772909701944569
0.00772909701944569
0.00772909701944569
0.00693181425609573
0.00693181425609573
0.00693181425609573
0.00462584807776661
0.0016471969469846
0.0016471969469846
0.0016471969469846
0.0016471969469846
0.0016471969469846
0.0016471969469846
0.0016471969469846
0.0016471969469846
0.000117920643661789
0.000117920643661789
0.000117920643661789
0.000117920643661789
0.000117920643661789
0.000117920643661789
0.000117920643661789
0.000117920643661789
0.000117920643661789
0.000117920643661789
0.000117920643661789
0.000117920643661789
0.000117920643661789
0.000117920643661789
0.000117920643661789
0.000117920643661789
0.000117920643661789
0.000117920643661789
0.000117920643661789
0.000117920643661789
0.000117920643661789
0.000117920643661789
0.000117920643661789
0.000117920643661789
0.000117920643661789
0.000117920643661789
0.000117920643661789
0.000117920643661789
0.000117920643661789
0.000117920643661789
0.000117920643661789
0.000117920643661789
0.000117920643661789
0.000117920643661789
0.000117920643661789

