0.0577202426470842
0.0540246969752091
0.0540246969752091
0.0540246969752091
0.0540246969752091
0.0540246969752091
0.0540246969752091
0.049149782800392
0.049149782800392
0.0228208978279932
0.0228208978279932
0.0194718732300639
0.0194718732300639
0.0194718732300639
0.0194718732300639
0.0194718732300639
0.0194718732300639
0.0194718732300639
0.0194718732300639
0.0194718732300639
0.0194718732300639
0.0194718732300639
0.0194718732300639
0.0162682825715686
0.0162682825715686
0.0162682825715686
0.0162682825715686
0.0162682825715686
0.0162682825715686
0.0162682825715686
0.0162682825715686
0.0162682825715686
0.0162682825715686
0.0162682825715686
0.0162682825715686
0.0162682825715686
0.0162682825715686
0.0162682825715686
0.0162682825715686
0.0162682825715686
0.0162682825715686
0.0162682825715686
0.0162682825715686
0.0162682825715686
0.0162682825715686
0.0162682825715686
0.0162682825715686
0.0162682825715686
0.0162682825715686
0.0162682825715686
0.0162682825715686
0.0162682825715686
0.0162682825715686
0.0162682825715686
0.0162682825715686
0.0162682825715686
0.0162682825715686
0.0162682825715686
0.0162682825715686
0.0162682825715686
0.0162682825715686
0.0162682825715686
0.0162682825715686
0.0162682825715686
0.0162682825715686
0.0162682825715686
0.0162682825715686
0.0162682825715686
0.0162682825715686
0.0162682825715686
0.0162682825715686
0.0162682825715686
0.0162682825715686
0.0162682825715686
0.0162682825715686
0.0162682825715686
0.0162682825715686
0.0162682825715686
0.0162682825715686
0.0162682825715686
0.0162682825715686
0.0162682825715686
0.0162682825715686
0.0162682825715686
0.0162682825715686
0.0162682825715686
0.0162682825715686
0.0162682825715686
0.0162682825715686
0.0162682825715686
0.0162682825715686
0.0162682825715686
0.0162682825715686
0.0162682825715686
0.0162682825715686
0.0162682825715686
0.0162682825715686
0.0162682825715686
0.0162682825715686
0.0162682825715686
0.0162682825715686
0.0162682825715686
0.0162682825715686
0.0162682825715686
0.0162682825715686
0.0162682825715686
0.0162682825715686
0.0162682825715686
0.0162682825715686
0.0162682825715686
0.0162682825715686
0.0162682825715686
0.0162682825715686
0.0162682825715686
0.0162682825715686
0.0162682825715686
0.0162682825715686
0.0162682825715686
0.0162682825715686
0.0162682825715686
0.0162682825715686
0.0162682825715686
0.0162682825715686
0.0162682825715686
0.0162682825715686
0.0162682825715686
0.0162682825715686
0.0162682825715686
0.0162682825715686
0.0162682825715686
0.0162682825715686
0.0162682825715686
0.0162682825715686
0.0162682825715686
0.0162682825715686
0.0162682825715686
0.0162682825715686
0.0162682825715686
0.0162682825715686
0.0162682825715686
0.0162682825715686
0.0162682825715686
0.0162682825715686
0.0162682825715686
0.0162682825715686
0.0162682825715686
0.0162682825715686
0.0162682825715686
0.0162682825715686
0.0162682825715686
0.0162682825715686
0.0162682825715686
0.0162682825715686
0.0162682825715686
0.0162682825715686
0.0162682825715686
0.0162682825715686
0.0162682825715686
0.0162682825715686
0.0162682825715686
0.0162682825715686
0.0162682825715686
0.0162682825715686
0.0162682825715686
0.0162682825715686
0.0162682825715686
0.0162682825715686
0.0162682825715686
0.0162682825715686
0.0162682825715686
0.0162682825715686
0.0162682825715686
0.0162682825715686
0.0162682825715686
0.0162682825715686
0.0162682825715686
0.0162682825715686
0.0162682825715686
0.0162682825715686
0.0162682825715686
0.0162682825715686
0.0162682825715686
0.0162682825715686
0.0162682825715686
0.0162682825715686
0.0162682825715686
0.0162682825715686
0.0162682825715686
0.0162682825715686
0.0162682825715686
0.0162682825715686
0.0162682825715686
0.0162682825715686
0.0162682825715686
0.0162682825715686
0.0162682825715686
0.0162682825715686
0.0162682825715686
0.0162682825715686
0.0162682825715686
0.0162682825715686
0.0162682825715686
0.0162682825715686
0.0162682825715686
0.0162682825715686
0.0162682825715686
0.0162682825715686
0.0162682825715686
0.0162682825715686
0.0162682825715686
0.0162682825715686
0.0162682825715686
0.0162682825715686
0.0162682825715686
0.0162682825715686
0.0162682825715686
0.0162682825715686
0.0162682825715686
0.0162682825715686
0.0162682825715686
0.0162682825715686
0.0162682825715686
0.0162682825715686
0.0162682825715686
0.0162682825715686
0.0162682825715686
0.0162682825715686
0.0162682825715686
0.0162682825715686
0.0162682825715686
0.0162682825715686
0.0162682825715686
0.0162682825715686
0.0162682825715686
0.0162682825715686
0.0162682825715686
0.0162682825715686
0.0162682825715686
0.0162682825715686
0.0162682825715686
0.0162682825715686
0.0162682825715686
0.0162682825715686
0.0162682825715686
0.0162682825715686
0.0162682825715686
0.0162682825715686
0.0162682825715686
0.0162682825715686
0.0162682825715686
0.0162682825715686
0.0162682825715686
0.0162682825715686
0.0162682825715686
0.0162682825715686
0.0162682825715686
0.0162682825715686
0.0162682825715686
0.0162682825715686
0.0162682825715686
0.0162682825715686
0.0162682825715686
0.0162682825715686
0.0162682825715686
0.0162682825715686
0.0162682825715686
0.0162682825715686
0.0162682825715686
0.0162682825715686
0.0162682825715686
0.0162682825715686
0.0162682825715686
0.0162682825715686
0.0162682825715686
0.0162682825715686
0.0162682825715686
0.0162682825715686
0.0162682825715686
0.0162682825715686
0.0162682825715686
0.0162682825715686
0.0162682825715686
0.0162682825715686
0.0162682825715686
0.0162682825715686
0.0162682825715686
0.0162682825715686
0.0162682825715686
0.0162682825715686
0.0162682825715686
0.0162682825715686
0.0162682825715686
0.0162682825715686
0.0162682825715686
0.0162682825715686
0.0162682825715686
0.0162682825715686
0.0162682825715686
0.0162682825715686
0.0162682825715686
0.0162682825715686
0.0162682825715686
0.0162682825715686
0.0162682825715686
0.0162682825715686
0.0162682825715686
0.0162682825715686
0.0162682825715686
0.0162682825715686
0.0162682825715686
0.0162682825715686
0.0162682825715686
0.0162682825715686
0.0162682825715686
0.0162682825715686
0.0162682825715686
0.0162682825715686
0.0162682825715686
0.0162682825715686
0.0162682825715686
0.0162682825715686
0.0162682825715686
0.0162682825715686
0.0162682825715686
0.0162682825715686
0.0162682825715686
0.0162682825715686
0.0162682825715686
0.0162682825715686
0.0162682825715686
0.0162682825715686
0.0162682825715686
0.0162682825715686
0.0162682825715686
0.0162682825715686
0.0162682825715686
0.0162682825715686
0.0162682825715686
0.0162682825715686
0.0162682825715686
0.0162682825715686
0.0162682825715686
0.0162682825715686
0.0162682825715686
0.0162682825715686
0.0162682825715686
0.0162682825715686
0.0162682825715686
0.0162682825715686
0.0162682825715686
0.0162682825715686
0.0162682825715686
0.0162682825715686
0.0162682825715686
0.0162682825715686
0.0162682825715686
0.0162682825715686
0.0162682825715686
0.0162682825715686
0.0162682825715686
0.0162682825715686
0.0162682825715686
0.0162682825715686
0.0162682825715686
0.0162682825715686
0.0162682825715686
0.0162682825715686
0.0162682825715686
0.0162682825715686
0.0162682825715686
0.0162682825715686
0.0162682825715686
0.0162682825715686
0.0162682825715686
0.0162682825715686
0.0162682825715686
0.0162682825715686
0.0162682825715686
0.0162682825715686
0.0162682825715686
0.0162682825715686
0.0162682825715686
0.0162682825715686
0.0162682825715686
0.0162682825715686
0.0162682825715686
0.0162682825715686
0.0162682825715686
0.0162682825715686
0.0162682825715686
0.0162682825715686
0.0162682825715686
0.0162682825715686
0.0162682825715686
0.0162682825715686
0.0162682825715686
0.0162682825715686
0.0162682825715686
0.0162682825715686
0.0162682825715686
0.0162682825715686
0.0162682825715686
0.0162682825715686
0.0162682825715686
0.0162682825715686
0.0162682825715686
0.0162682825715686
0.0162682825715686
0.0162682825715686
0.0162682825715686
0.0162682825715686
0.0162682825715686
0.0162682825715686
0.0162682825715686
0.0162682825715686
0.0162682825715686
0.0162682825715686
0.0162682825715686
0.0162682825715686
0.0162682825715686
0.0162682825715686
0.0162682825715686
0.0162682825715686
0.0162682825715686
0.0162682825715686
0.0162682825715686
0.0162682825715686
0.0162682825715686
0.0162682825715686
0.0162682825715686
0.0162682825715686
0.0162682825715686
0.0162682825715686
0.0162682825715686
0.0162682825715686
0.0162682825715686
0.0162682825715686
0.0162682825715686
0.0162682825715686
0.0162682825715686
0.0162682825715686
0.0162682825715686
0.0162682825715686
0.0162682825715686
0.0162682825715686
0.0162682825715686
0.0162682825715686
0.0162682825715686
0.0162682825715686
0.0162682825715686
0.0162682825715686
0.0162682825715686
0.0162682825715686
0.0162682825715686
0.0162682825715686
0.0162682825715686
0.0162682825715686
0.0162682825715686
0.0162682825715686
0.00991436362353315
0.00479141785815934
0.00200669024224883
0.000892976309973143
0.000254064639367205
0.000101241959060753
6.30935475717754E-05
6.30935475717754E-05
6.30935475717754E-05
6.30935475717754E-05
6.30935475717754E-05
6.30935475717754E-05
6.30935475717754E-05
6.30935475717754E-05
6.30935475717754E-05
6.30935475717754E-05
6.30935475717754E-05
6.30935475717754E-05
6.30935475717754E-05
6.30935475717754E-05
6.30935475717754E-05
6.30935475717754E-05
6.30935475717754E-05
6.30935475717754E-05
6.30935475717754E-05
6.30935475717754E-05
6.30935475717754E-05
6.30935475717754E-05
6.30935475717754E-05
6.30935475717754E-05
6.30935475717754E-05
6.30935475717754E-05
6.30935475717754E-05
6.30935475717754E-05
6.30935475717754E-05
6.30935475717754E-05
6.30935475717754E-05
6.30935475717754E-05
6.30935475717754E-05
6.30935475717754E-05
6.30935475717754E-05

