0.208612319826034
0.113188129585774
0.113188129585774
0.08320516752291
0.08320516752291
0.0776034684011253
0.0776034684011253
0.0776034684011253
0.0776034684011253
0.0776034684011253
0.0776034684011253
0.0776034684011253
0.0776034684011253
0.0384018246359353
0.0384018246359353
0.0170026385596964
0.0170026385596964
0.0170026385596964
0.0170026385596964
0.0166412356862055
0.0166412356862055
0.016609342664438
0.016609342664438
0.016609342664438
0.0147751162178835
0.0147751162178835
0.00924843233175199
0.00924843233175199
0.00924843233175199
0.00924843233175199
0.00924843233175199
0.00924843233175199
0.00924843233175199
0.00771552415643173
0.00771552415643173
0.00771552415643173
0.00771552415643173
0.00771552415643173
0.00771552415643173
0.00771552415643173
0.00771552415643173
0.00771552415643173
0.00771552415643173
0.00771552415643173
0.00771552415643173
0.00771552415643173
0.00771552415643173
0.00771552415643173
0.00771552415643173
0.00771552415643173
0.00771552415643173
0.00771552415643173
0.00771552415643173
0.00771552415643173
0.00771552415643173
0.00771552415643173
0.00771552415643173
0.00771552415643173
0.00771552415643173
0.00771552415643173
0.00771552415643173
0.00771552415643173
0.00771552415643173
0.00771552415643173
0.00771552415643173
0.00771552415643173
0.00771552415643173
0.00771552415643173
0.00771552415643173
0.00771552415643173
0.00771552415643173
0.00771552415643173
0.00771552415643173
0.00771552415643173
0.00771552415643173
0.00771552415643173
0.00771552415643173
0.00771552415643173
0.00771552415643173
0.00771552415643173
0.00771552415643173
0.00771552415643173
0.00771552415643173
0.00771552415643173
0.00771552415643173
0.00771552415643173
0.00771552415643173
0.00771552415643173
0.00771552415643173
0.00771552415643173
0.00771552415643173
0.00771552415643173
0.00771552415643173
0.00771552415643173
0.00771552415643173
0.00771552415643173
0.00771552415643173
0.00771552415643173
0.00771552415643173
0.00771552415643173
0.00771552415643173
0.00771552415643173
0.00771552415643173
0.00771552415643173
0.00771552415643173
0.00771552415643173
0.00771552415643173
0.00771552415643173
0.00771552415643173
0.00771552415643173
0.00771552415643173
0.00771552415643173
0.00771552415643173
0.00771552415643173
0.00771552415643173
0.00771552415643173
0.00771552415643173
0.00771552415643173
0.00771552415643173
0.00771552415643173
0.00771552415643173
0.00771552415643173
0.00771552415643173
0.00771552415643173
0.00771552415643173
0.00771552415643173
0.00771552415643173
0.00771552415643173
0.00771552415643173
0.00771552415643173
0.00771552415643173
0.00771552415643173
0.00771552415643173
0.00771552415643173
0.00771552415643173
0.00771552415643173
0.00771552415643173
0.00771552415643173
0.00771552415643173
0.00771552415643173
0.00771552415643173
0.00771552415643173
0.00771552415643173
0.00771552415643173
0.00771552415643173
0.00771552415643173
0.00771552415643173
0.00771552415643173
0.00771552415643173
0.00771552415643173
0.00771552415643173
0.00771552415643173
0.00771552415643173
0.00771552415643173
0.00771552415643173
0.00771552415643173
0.00771552415643173
0.00771552415643173
0.00771552415643173
0.00771552415643173
0.00771552415643173
0.00771552415643173
0.00771552415643173
0.00771552415643173
0.00771552415643173
0.00771552415643173
0.00771552415643173
0.00771552415643173
0.00771552415643173
0.00771552415643173
0.00771552415643173
0.00771552415643173
0.00771552415643173
0.00771552415643173
0.00771552415643173
0.00771552415643173
0.00771552415643173
0.00771552415643173
0.00771552415643173
0.00771552415643173
0.00771552415643173
0.00771552415643173
0.00771552415643173
0.00771552415643173
0.00771552415643173
0.00771552415643173
0.00771552415643173
0.00771552415643173
0.00771552415643173
0.00771552415643173
0.00771552415643173
0.00771552415643173
0.00771552415643173
0.00771552415643173
0.00771552415643173
0.00771552415643173
0.00771552415643173
0.00771552415643173
0.00771552415643173
0.00771552415643173
0.00771552415643173
0.00771552415643173
0.00771552415643173
0.00771552415643173
0.00771552415643173
0.00771552415643173
0.00771552415643173
0.00771552415643173
0.00771552415643173
0.00771552415643173
0.00771552415643173
0.00771552415643173
0.00771552415643173
0.00771552415643173
0.00771552415643173
0.00771552415643173
0.00771552415643173
0.00771552415643173
0.00771552415643173
0.00771552415643173
0.00771552415643173
0.00771552415643173
0.00771552415643173
0.00771552415643173
0.00771552415643173
0.00771552415643173
0.00771552415643173
0.00771552415643173
0.00771552415643173
0.00771552415643173
0.00771552415643173
0.00771552415643173
0.00771552415643173
0.00771552415643173
0.00771552415643173
0.00771552415643173
0.00771552415643173
0.00771552415643173
0.00771552415643173
0.00771552415643173
0.00771552415643173
0.00771552415643173
0.00771552415643173
0.00771552415643173
0.00771552415643173
0.00771552415643173
0.00771552415643173
0.00771552415643173
0.00771552415643173
0.00771552415643173
0.00771552415643173
0.00771552415643173
0.00771552415643173
0.00771552415643173
0.00771552415643173
0.00771552415643173
0.00771552415643173
0.00771552415643173
0.00771552415643173
0.00771552415643173
0.00771552415643173
0.00771552415643173
0.00771552415643173
0.00771552415643173
0.00771552415643173
0.00771552415643173
0.00771552415643173
0.00771552415643173
0.00771552415643173
0.00771552415643173
0.00771552415643173
0.00771552415643173
0.00771552415643173
0.00771552415643173
0.00771552415643173
0.00771552415643173
0.00771552415643173
0.00771552415643173
0.00771552415643173
0.00771552415643173
0.00771552415643173
0.00771552415643173
0.00771552415643173
0.00771552415643173
0.00771552415643173
0.00771552415643173
0.00771552415643173
0.00771552415643173
0.00771552415643173
0.00771552415643173
0.00771552415643173
0.00771552415643173
0.00771552415643173
0.00771552415643173
0.00771552415643173
0.00771552415643173
0.00771552415643173
0.00771552415643173
0.00771552415643173
0.00771552415643173
0.00771552415643173
0.00771552415643173
0.00771552415643173
0.00771552415643173
0.00771552415643173
0.00771552415643173
0.00771552415643173
0.00771552415643173
0.00771552415643173
0.00771552415643173
0.00771552415643173
0.00771552415643173
0.00771552415643173
0.00771552415643173
0.00771552415643173
0.00771552415643173
0.00771552415643173
0.00771552415643173
0.00771552415643173
0.00771552415643173
0.00771552415643173
0.00771552415643173
0.00771552415643173
0.00771552415643173
0.00771552415643173
0.00771552415643173
0.00771552415643173
0.00771552415643173
0.00771552415643173
0.00771552415643173
0.00771552415643173
0.00771552415643173
0.00771552415643173
0.00771552415643173
0.00771552415643173
0.00771552415643173
0.00771552415643173
0.00771552415643173
0.00771552415643173
0.00771552415643173
0.00771552415643173
0.00771552415643173
0.00771552415643173
0.00771552415643173
0.00771552415643173
0.00771552415643173
0.00771552415643173
0.00771552415643173
0.00771552415643173
0.00771552415643173
0.00771552415643173
0.00771552415643173
0.00771552415643173
0.00771552415643173
0.00771552415643173
0.00771552415643173
0.00771552415643173
0.00771552415643173
0.00771552415643173
0.00771552415643173
0.00771552415643173
0.00771552415643173
0.00771552415643173
0.00771552415643173
0.00771552415643173
0.00771552415643173
0.00771552415643173
0.00771552415643173
0.00771552415643173
0.00771552415643173
0.00771552415643173
0.00771552415643173
0.00771552415643173
0.00771552415643173
0.00771552415643173
0.00771552415643173
0.00771552415643173
0.00771552415643173
0.00771552415643173
0.00771552415643173
0.00771552415643173
0.00771552415643173
0.00771552415643173
0.00771552415643173
0.00771552415643173
0.00771552415643173
0.00771552415643173
0.00771552415643173
0.00771552415643173
0.00771552415643173
0.00771552415643173
0.00771552415643173
0.00771552415643173
0.00771552415643173
0.00771552415643173
0.00771552415643173
0.00771552415643173
0.00771552415643173
0.00771552415643173
0.00771552415643173
0.00771552415643173
0.00771552415643173
0.00771552415643173
0.00771552415643173
0.00771552415643173
0.00771552415643173
0.00771552415643173
0.00771552415643173
0.00771552415643173
0.00771552415643173
0.00771552415643173
0.00771552415643173
0.00771552415643173
0.00771552415643173
0.00771552415643173
0.00771552415643173
0.00771552415643173
0.00771552415643173
0.00771552415643173
0.00771552415643173
0.00771552415643173
0.00771552415643173
0.00771552415643173
0.00771552415643173
0.00771552415643173
0.00771552415643173
0.00771552415643173
0.00771552415643173
0.00771552415643173
0.00771552415643173
0.00771552415643173
0.00771552415643173
0.00771552415643173
0.00771552415643173
0.00771552415643173
0.00771552415643173
0.00771552415643173
0.00771552415643173
0.00771552415643173
0.00771552415643173
0.00771552415643173
0.00771552415643173
0.00771552415643173
0.00771552415643173
0.00771552415643173
0.00771552415643173
0.00771552415643173
0.00771552415643173
0.00771552415643173
0.00771552415643173
0.00771552415643173
0.00771552415643173
0.00771552415643173
0.00771552415643173
0.00771552415643173
0.00487672920853388
0.00487672920853388
0.00487672920853388
0.00129816158361339
0.00129816158361339
0.00129816158361339
0.000453497915471548
0.000343086558129315
0.000343086558129315
0.000343086558129315
0.000343086558129315
0.000343086558129315
0.000343086558129315
0.000343086558129315
0.000343086558129315
0.000343086558129315
0.000343086558129315
0.000343086558129315
0.000343086558129315
0.000343086558129315
0.000343086558129315
0.000343086558129315
0.000343086558129315
0.000343086558129315
0.000343086558129315
0.000343086558129315
0.000343086558129315
0.000343086558129315
0.000343086558129315
0.000343086558129315
0.000343086558129315
0.000343086558129315
0.000343086558129315
0.000343086558129315
0.000343086558129315
0.000343086558129315
0.000343086558129315
0.000343086558129315
0.000343086558129315
0.000343086558129315
0.000343086558129315
0.000343086558129315
0.000343086558129315
0.000343086558129315
0.000343086558129315

