0.109960582308667
0.0372126652788675
0.0372126652788675
0.0372126652788675
0.0353643909463239
0.0353643909463239
0.0353643909463239
0.0353643909463239
0.0171516832739897
0.00859230447262083
0.00295906292138259
0.00248009968466922
0.00248009968466922
0.000174465883380437
0.000174465883380437
0.000174465883380437
4.26336938236238E-05
3.95983884545759E-05
3.84300552380701E-06
1.7854874769796E-06
1.60255700298872E-06
1.60255700298872E-06
2.39044395500265E-07
1.21987280277125E-08
1.21987280277125E-08
1.21987280277125E-08
9.23833809451935E-09
5.1152170277291E-09
2.66703081841513E-09
8.08974109922644E-10
7.25460580497383E-10
3.05920289100925E-10
2.10259698540938E-10
9.7546304367313E-11
5.9901528182138E-11
5.9901528182138E-11
5.83898485118084E-11
5.60876900479457E-11
5.22126786250965E-11
4.54619675238632E-11
2.86213275302316E-11
2.67590394287254E-11
2.33947305972038E-11
2.33947305972038E-11
2.33609798172552E-11
2.33345565092691E-11
2.32928121235432E-11
2.29403163132247E-11
2.29403163132247E-11
2.23019380740652E-11
2.17718065798067E-11
2.17138529379213E-11
2.17138529379213E-11
2.17137419156188E-11
2.17137419156188E-11
2.17137419156188E-11
2.17137419156188E-11
2.17137419156188E-11
2.17137419156188E-11
2.17137419156188E-11
2.17137419156188E-11
2.17137419156188E-11
2.17137419156188E-11
2.17137419156188E-11
2.17137419156188E-11
2.17137419156188E-11
2.17137419156188E-11
2.17137419156188E-11
2.17137419156188E-11
2.17137419156188E-11
2.17137419156188E-11
2.17137419156188E-11
2.17137419156188E-11
2.17137419156188E-11
2.17137419156188E-11
2.17137419156188E-11
2.17137419156188E-11
2.17137419156188E-11
2.17137419156188E-11
2.17137419156188E-11
2.17137419156188E-11
2.17137419156188E-11
2.17137419156188E-11
2.17137419156188E-11
2.17137419156188E-11
2.17137419156188E-11
2.17137419156188E-11
2.17137419156188E-11
2.17137419156188E-11
2.17137419156188E-11
2.17137419156188E-11
2.17137419156188E-11
2.17137419156188E-11
2.17137419156188E-11
2.17137419156188E-11
2.17137419156188E-11
2.17137419156188E-11
2.17137419156188E-11
2.17137419156188E-11
2.17137419156188E-11
2.17137419156188E-11
2.17137419156188E-11
2.17137419156188E-11
2.17137419156188E-11
2.17137419156188E-11
2.17137419156188E-11
2.17137419156188E-11
2.17137419156188E-11
2.17137419156188E-11
2.17137419156188E-11
2.17137419156188E-11
2.17137419156188E-11
2.17137419156188E-11
2.17137419156188E-11
2.17137419156188E-11
2.17137419156188E-11
2.17137419156188E-11
2.17137419156188E-11
2.17137419156188E-11
2.17137419156188E-11
2.17137419156188E-11
2.17137419156188E-11
2.17137419156188E-11
2.17137419156188E-11
2.17137419156188E-11
2.17137419156188E-11
2.17137419156188E-11
2.17137419156188E-11
2.17137419156188E-11
2.17137419156188E-11
2.17137419156188E-11
2.17137419156188E-11
2.17137419156188E-11
2.17137419156188E-11
2.17137419156188E-11
2.17137419156188E-11
2.17137419156188E-11
2.17137419156188E-11
2.17137419156188E-11
2.17137419156188E-11
2.17137419156188E-11
2.17137419156188E-11
2.17137419156188E-11
2.17137419156188E-11
2.17137419156188E-11
2.17137419156188E-11
2.17137419156188E-11
2.17137419156188E-11
2.17137419156188E-11
2.17137419156188E-11
2.17137419156188E-11
2.17137419156188E-11
2.17137419156188E-11
2.17137419156188E-11
2.17137419156188E-11
2.17137419156188E-11
2.17137419156188E-11
2.17137419156188E-11
2.17137419156188E-11
2.17137419156188E-11
2.17137419156188E-11
2.17137419156188E-11
2.17137419156188E-11
2.17137419156188E-11
2.17137419156188E-11
2.17137419156188E-11
2.17137419156188E-11
2.17137419156188E-11
2.17137419156188E-11
2.17137419156188E-11
2.17137419156188E-11
2.17137419156188E-11
2.17137419156188E-11
2.17137419156188E-11
2.17137419156188E-11
2.17137419156188E-11
2.17137419156188E-11
2.17137419156188E-11
2.17137419156188E-11
2.17137419156188E-11
2.17137419156188E-11
2.17137419156188E-11
2.17137419156188E-11
2.17137419156188E-11
2.17137419156188E-11
2.17137419156188E-11
2.17137419156188E-11
2.17137419156188E-11
2.17137419156188E-11
2.17137419156188E-11
2.17137419156188E-11
2.17137419156188E-11
2.17137419156188E-11
2.17137419156188E-11
2.17137419156188E-11
2.17137419156188E-11
2.17137419156188E-11
2.17137419156188E-11
2.17137419156188E-11
2.17137419156188E-11
2.17137419156188E-11
2.17137419156188E-11
2.17137419156188E-11
2.17137419156188E-11
2.17137419156188E-11
2.17137419156188E-11
2.17137419156188E-11
2.17137419156188E-11
2.17137419156188E-11
2.17137419156188E-11
2.17137419156188E-11
2.17137419156188E-11
2.17137419156188E-11
2.17137419156188E-11
2.17137419156188E-11
2.17137419156188E-11
2.17137419156188E-11
2.17137419156188E-11
2.17137419156188E-11
2.17137419156188E-11
2.17137419156188E-11
2.17137419156188E-11
2.17137419156188E-11
2.17137419156188E-11
2.17137419156188E-11
2.17137419156188E-11
2.17137419156188E-11
2.17137419156188E-11
2.17137419156188E-11
2.17137419156188E-11
2.17137419156188E-11
2.17137419156188E-11
2.17137419156188E-11
2.17137419156188E-11
2.17137419156188E-11
2.17137419156188E-11
2.17137419156188E-11
2.17137419156188E-11
2.17137419156188E-11
2.17137419156188E-11
2.17137419156188E-11
2.17137419156188E-11
2.17137419156188E-11
2.17137419156188E-11
2.17137419156188E-11
2.17137419156188E-11
2.17137419156188E-11
2.17137419156188E-11
2.17137419156188E-11
2.17137419156188E-11
2.17137419156188E-11
2.17137419156188E-11
2.17137419156188E-11
2.17137419156188E-11
2.17137419156188E-11
2.17137419156188E-11
2.17137419156188E-11
2.17137419156188E-11
2.17137419156188E-11
2.17137419156188E-11
2.17137419156188E-11
2.17137419156188E-11
2.17137419156188E-11
2.17137419156188E-11
2.17137419156188E-11
2.17137419156188E-11
2.17137419156188E-11
2.17137419156188E-11
2.17137419156188E-11
2.17137419156188E-11
2.17137419156188E-11
2.17137419156188E-11
2.17137419156188E-11
2.17137419156188E-11
2.17137419156188E-11
2.17137419156188E-11
2.17137419156188E-11
2.17137419156188E-11
2.17137419156188E-11
2.17137419156188E-11
2.17137419156188E-11
2.17137419156188E-11
2.17137419156188E-11
2.17137419156188E-11
2.17137419156188E-11
2.17137419156188E-11
2.17137419156188E-11
2.17137419156188E-11
2.17137419156188E-11
2.17137419156188E-11
2.17137419156188E-11
2.17137419156188E-11
2.17137419156188E-11
2.17137419156188E-11
2.17137419156188E-11
2.17137419156188E-11
2.17137419156188E-11
2.17137419156188E-11
2.17137419156188E-11
2.17137419156188E-11
2.17137419156188E-11
2.17137419156188E-11
2.17137419156188E-11
2.17137419156188E-11
2.17137419156188E-11
2.17137419156188E-11
2.17137419156188E-11
2.17137419156188E-11
2.17137419156188E-11
2.17137419156188E-11
2.17137419156188E-11
2.17137419156188E-11
2.17137419156188E-11
2.17137419156188E-11
2.17137419156188E-11
2.17137419156188E-11
2.17137419156188E-11
2.17137419156188E-11
2.17137419156188E-11
2.17137419156188E-11
2.17137419156188E-11
2.17137419156188E-11
2.17137419156188E-11
2.17137419156188E-11
2.17137419156188E-11
2.17137419156188E-11
2.17137419156188E-11
2.17137419156188E-11
2.17137419156188E-11
2.17137419156188E-11
2.17137419156188E-11
2.17137419156188E-11
2.17137419156188E-11
2.17137419156188E-11
2.17137419156188E-11
2.17137419156188E-11
2.17137419156188E-11
2.17137419156188E-11
2.17137419156188E-11
2.17137419156188E-11
2.17137419156188E-11
2.17137419156188E-11
2.17137419156188E-11
2.17137419156188E-11
2.17137419156188E-11
2.17137419156188E-11
2.17137419156188E-11
2.17137419156188E-11
2.17137419156188E-11
2.17137419156188E-11
2.17137419156188E-11
2.17137419156188E-11
2.17137419156188E-11
2.17137419156188E-11
2.17137419156188E-11
2.17137419156188E-11
2.17137419156188E-11
2.17137419156188E-11
2.17137419156188E-11
2.17137419156188E-11
2.17137419156188E-11
2.17137419156188E-11
2.17137419156188E-11
2.17137419156188E-11
2.17137419156188E-11
2.17137419156188E-11
2.17137419156188E-11
2.17137419156188E-11
2.17137419156188E-11
2.17137419156188E-11
2.17137419156188E-11
2.17137419156188E-11
2.17137419156188E-11
2.17137419156188E-11
2.17137419156188E-11
2.17137419156188E-11
2.17137419156188E-11
2.17137419156188E-11
2.17137419156188E-11
2.17137419156188E-11
2.17137419156188E-11
2.17137419156188E-11
2.17137419156188E-11
2.17137419156188E-11
2.17137419156188E-11
2.17137419156188E-11
2.17137419156188E-11
2.17137419156188E-11
2.17137419156188E-11
2.17137419156188E-11
2.17137419156188E-11
2.17137419156188E-11
2.17137419156188E-11
2.17137419156188E-11
2.17137419156188E-11
2.17137419156188E-11
2.17137419156188E-11
2.17137419156188E-11
2.17137419156188E-11
2.17137419156188E-11
2.17137419156188E-11
2.17137419156188E-11
2.17137419156188E-11
2.17137419156188E-11
2.17137419156188E-11
2.17137419156188E-11
2.17137419156188E-11
2.17137419156188E-11
2.17137419156188E-11
2.17137419156188E-11
2.17137419156188E-11
2.17137419156188E-11
2.17137419156188E-11
2.17137419156188E-11
2.17137419156188E-11
2.17137419156188E-11
2.17137419156188E-11
2.17137419156188E-11
2.17137419156188E-11
2.17137419156188E-11
2.17137419156188E-11
2.17137419156188E-11
2.17137419156188E-11
2.17137419156188E-11
2.17137419156188E-11
2.17137419156188E-11
2.17137419156188E-11
2.17137419156188E-11
2.17137419156188E-11
2.17137419156188E-11
2.17137419156188E-11
2.17137419156188E-11
2.17137419156188E-11
2.17137419156188E-11
2.17137419156188E-11
2.17137419156188E-11
2.17137419156188E-11
2.17137419156188E-11
2.17137419156188E-11
2.17137419156188E-11
2.17137419156188E-11
2.17137419156188E-11
2.17137419156188E-11
2.17137419156188E-11
2.17137419156188E-11
2.17137419156188E-11
2.17137419156188E-11
2.17137419156188E-11
2.17137419156188E-11
2.17137419156188E-11
2.17137419156188E-11
2.17137419156188E-11
2.17137419156188E-11
2.17137419156188E-11
2.17137419156188E-11
2.17137419156188E-11
2.17137419156188E-11
2.17137419156188E-11
2.17137419156188E-11
2.17137419156188E-11
2.17137419156188E-11
2.17137419156188E-11
2.17137419156188E-11
2.17137419156188E-11
2.17137419156188E-11
2.17137419156188E-11
2.17137419156188E-11
2.17137419156188E-11
2.17137419156188E-11
2.17137419156188E-11
2.17137419156188E-11
2.17137419156188E-11
2.17137419156188E-11
2.17137419156188E-11
2.17137419156188E-11
2.17137419156188E-11
2.17137419156188E-11
2.17137419156188E-11
2.17137419156188E-11
2.17137419156188E-11
2.17137419156188E-11
2.17137419156188E-11
2.17137419156188E-11
2.17137419156188E-11
2.17137419156188E-11
2.17137419156188E-11
2.17137419156188E-11
2.17137419156188E-11
2.17137419156188E-11
2.17137419156188E-11
2.17137419156188E-11
2.17137419156188E-11
2.17137419156188E-11
2.17137419156188E-11
2.17137419156188E-11
2.17137419156188E-11
2.17137419156188E-11
2.17137419156188E-11
2.17137419156188E-11
2.17137419156188E-11

