0.169685704951228
0.120189148101517
0.120189148101517
0.120189148101517
0.0286973131964505
0.0286973131964505
0.0286973131964505
0.0286973131964505
0.0286973131964505
0.0286973131964505
0.0253311638302242
0.0253311638302242
0.0253311638302242
0.0253311638302242
0.0253311638302242
0.0177206120425089
0.0177206120425089
0.0177206120425089
0.0177206120425089
0.0177206120425089
0.0177206120425089
0.0177206120425089
0.0177206120425089
0.0177206120425089
0.0177206120425089
0.0177206120425089
0.0177206120425089
0.0177206120425089
0.00859748339103167
0.00859748339103167
0.00859748339103167
0.00859748339103167
0.00859748339103167
0.00859748339103167
0.00859748339103167
0.00859748339103167
0.00859748339103167
0.00859748339103167
0.00859748339103167
0.00859748339103167
0.00859748339103167
0.00859748339103167
0.00859748339103167
0.00859748339103167
0.00859748339103167
0.00859748339103167
0.00859748339103167
0.00859748339103167
0.00859748339103167
0.00859748339103167
0.00859748339103167
0.00859748339103167
0.00859748339103167
0.00859748339103167
0.00859748339103167
0.00859748339103167
0.00859748339103167
0.00859748339103167
0.00859748339103167
0.00859748339103167
0.00859748339103167
0.00859748339103167
0.00859748339103167
0.00859748339103167
0.00859748339103167
0.00859748339103167
0.00859748339103167
0.00859748339103167
0.00859748339103167
0.00859748339103167
0.00859748339103167
0.00859748339103167
0.00859748339103167
0.00859748339103167
0.00859748339103167
0.00859748339103167
0.00859748339103167
0.00859748339103167
0.00859748339103167
0.00859748339103167
0.00859748339103167
0.00859748339103167
0.00859748339103167
0.00859748339103167
0.00859748339103167
0.00859748339103167
0.00859748339103167
0.00859748339103167
0.00859748339103167
0.00859748339103167
0.00859748339103167
0.00859748339103167
0.00859748339103167
0.00859748339103167
0.00859748339103167
0.00859748339103167
0.00859748339103167
0.00859748339103167
0.00859748339103167
0.00859748339103167
0.00859748339103167
0.00859748339103167
0.00859748339103167
0.00859748339103167
0.00859748339103167
0.00859748339103167
0.00859748339103167
0.00859748339103167
0.00859748339103167
0.00859748339103167
0.00859748339103167
0.00859748339103167
0.00859748339103167
0.00859748339103167
0.00859748339103167
0.00859748339103167
0.00859748339103167
0.00859748339103167
0.00859748339103167
0.00859748339103167
0.00859748339103167
0.00859748339103167
0.00859748339103167
0.00859748339103167
0.00859748339103167
0.00859748339103167
0.00859748339103167
0.00859748339103167
0.00859748339103167
0.00859748339103167
0.00859748339103167
0.00859748339103167
0.00859748339103167
0.00859748339103167
0.00859748339103167
0.00859748339103167
0.00859748339103167
0.00859748339103167
0.00859748339103167
0.00859748339103167
0.00859748339103167
0.00859748339103167
0.00859748339103167
0.00859748339103167
0.00859748339103167
0.00859748339103167
0.00859748339103167
0.00859748339103167
0.00859748339103167
0.00859748339103167
0.00859748339103167
0.00859748339103167
0.00859748339103167
0.00859748339103167
0.00859748339103167
0.00859748339103167
0.00859748339103167
0.00859748339103167
0.00859748339103167
0.00859748339103167
0.00859748339103167
0.00859748339103167
0.00859748339103167
0.00859748339103167
0.00859748339103167
0.00859748339103167
0.00859748339103167
0.00859748339103167
0.00859748339103167
0.00859748339103167
0.00859748339103167
0.00859748339103167
0.00859748339103167
0.00859748339103167
0.00859748339103167
0.00859748339103167
0.00859748339103167
0.00859748339103167
0.00859748339103167
0.00859748339103167
0.00859748339103167
0.00859748339103167
0.00859748339103167
0.00859748339103167
0.00859748339103167
0.00859748339103167
0.00859748339103167
0.00859748339103167
0.00859748339103167
0.00859748339103167
0.00859748339103167
0.00859748339103167
0.00859748339103167
0.00859748339103167
0.00859748339103167
0.00859748339103167
0.00859748339103167
0.00859748339103167
0.00859748339103167
0.00859748339103167
0.00859748339103167
0.00859748339103167
0.00859748339103167
0.00859748339103167
0.00859748339103167
0.00859748339103167
0.00859748339103167
0.00859748339103167
0.00859748339103167
0.00859748339103167
0.00859748339103167
0.00859748339103167
0.00859748339103167
0.00859748339103167
0.00859748339103167
0.00859748339103167
0.00859748339103167
0.00859748339103167
0.00859748339103167
0.00859748339103167
0.00859748339103167
0.00859748339103167
0.00859748339103167
0.00859748339103167
0.00859748339103167
0.00859748339103167
0.00859748339103167
0.00859748339103167
0.00859748339103167
0.00859748339103167
0.00859748339103167
0.00859748339103167
0.00859748339103167
0.00859748339103167
0.00859748339103167
0.00859748339103167
0.00859748339103167
0.00859748339103167
0.00859748339103167
0.00859748339103167
0.00859748339103167
0.00859748339103167
0.00859748339103167
0.00859748339103167
0.00859748339103167
0.00859748339103167
0.00859748339103167
0.00859748339103167
0.00859748339103167
0.00859748339103167
0.00859748339103167
0.00859748339103167
0.00859748339103167
0.00859748339103167
0.00859748339103167
0.00859748339103167
0.00859748339103167
0.00859748339103167
0.00859748339103167
0.00859748339103167
0.00859748339103167
0.00859748339103167
0.00859748339103167
0.00859748339103167
0.00859748339103167
0.00859748339103167
0.00859748339103167
0.00859748339103167
0.00859748339103167
0.00859748339103167
0.00859748339103167
0.00859748339103167
0.00859748339103167
0.00859748339103167
0.00859748339103167
0.00859748339103167
0.00859748339103167
0.00859748339103167
0.00859748339103167
0.00859748339103167
0.00859748339103167
0.00859748339103167
0.00859748339103167
0.00859748339103167
0.00859748339103167
0.00859748339103167
0.00859748339103167
0.00859748339103167
0.00859748339103167
0.00859748339103167
0.00859748339103167
0.00859748339103167
0.00859748339103167
0.00859748339103167
0.00859748339103167
0.00859748339103167
0.00859748339103167
0.00859748339103167
0.00859748339103167
0.00859748339103167
0.00859748339103167
0.00859748339103167
0.00859748339103167
0.00859748339103167
0.00859748339103167
0.00859748339103167
0.00859748339103167
0.00859748339103167
0.00859748339103167
0.00859748339103167
0.00859748339103167
0.00859748339103167
0.00859748339103167
0.00859748339103167
0.00859748339103167
0.00859748339103167
0.00859748339103167
0.00859748339103167
0.00859748339103167
0.00859748339103167
0.00859748339103167
0.00859748339103167
0.00859748339103167
0.00859748339103167
0.00859748339103167
0.00859748339103167
0.00859748339103167
0.00859748339103167
0.00859748339103167
0.00859748339103167
0.00859748339103167
0.00859748339103167
0.00859748339103167
0.00859748339103167
0.00859748339103167
0.00859748339103167
0.00859748339103167
0.00859748339103167
0.00859748339103167
0.00859748339103167
0.00859748339103167
0.00859748339103167
0.00859748339103167
0.00859748339103167
0.00859748339103167
0.00859748339103167
0.00859748339103167
0.00859748339103167
0.00859748339103167
0.00859748339103167
0.00859748339103167
0.00859748339103167
0.00859748339103167
0.00859748339103167
0.00859748339103167
0.00859748339103167
0.00859748339103167
0.00859748339103167
0.00859748339103167
0.00859748339103167
0.00859748339103167
0.00859748339103167
0.00859748339103167
0.00859748339103167
0.00859748339103167
0.00859748339103167
0.00859748339103167
0.00859748339103167
0.00859748339103167
0.00859748339103167
0.00859748339103167
0.00859748339103167
0.00859748339103167
0.00859748339103167
0.00859748339103167
0.00859748339103167
0.00859748339103167
0.00859748339103167
0.00859748339103167
0.00859748339103167
0.00859748339103167
0.00859748339103167
0.00859748339103167
0.00859748339103167
0.00859748339103167
0.00859748339103167
0.00859748339103167
0.00859748339103167
0.00859748339103167
0.00859748339103167
0.00859748339103167
0.00859748339103167
0.00859748339103167
0.00859748339103167
0.00859748339103167
0.00859748339103167
0.00859748339103167
0.00859748339103167
0.00859748339103167
0.00859748339103167
0.00859748339103167
0.00859748339103167
0.00859748339103167
0.00859748339103167
0.00859748339103167
0.00859748339103167
0.00859748339103167
0.00859748339103167
0.00859748339103167
0.00859748339103167
0.00859748339103167
0.00859748339103167
0.00859748339103167
0.00859748339103167
0.00859748339103167
0.00859748339103167
0.00859748339103167
0.00859748339103167
0.00859748339103167
0.00859748339103167
0.00859748339103167
0.00859748339103167
0.00859748339103167
0.00859748339103167
0.00859748339103167
0.00859748339103167
0.00859748339103167
0.00859748339103167
0.00859748339103167
0.00859748339103167
0.00859748339103167
0.00859748339103167
0.00859748339103167
0.00859748339103167
0.00859748339103167
0.00859748339103167
0.00859748339103167
0.00859748339103167
0.00859748339103167
0.00859748339103167
0.00859748339103167
0.00859748339103167
0.00859748339103167
0.00859748339103167
0.00859748339103167
0.00859748339103167
0.00859748339103167
0.00859748339103167
0.00859748339103167
0.00859748339103167
0.00859748339103167
0.00859748339103167
0.00859748339103167
0.00859748339103167
0.00859748339103167
0.00859748339103167
0.00859748339103167
0.00859748339103167
0.00859748339103167
0.00480861380064312
0.00185106387796646
0.000520956772939658
0.000212710021375554
0.000103458395531749
6.79525634211753E-05
6.79525634211753E-05
6.79525634211753E-05
6.79525634211753E-05
6.79525634211753E-05
6.79525634211753E-05
6.79525634211753E-05
6.79525634211753E-05
6.79525634211753E-05
6.79525634211753E-05
6.79525634211753E-05
6.79525634211753E-05
6.79525634211753E-05
6.79525634211753E-05
6.79525634211753E-05
6.79525634211753E-05
6.79525634211753E-05
6.79525634211753E-05
6.79525634211753E-05
6.79525634211753E-05
6.79525634211753E-05
6.79525634211753E-05
6.79525634211753E-05
6.79525634211753E-05
6.79525634211753E-05
6.79525634211753E-05
6.79525634211753E-05
6.79525634211753E-05
6.79525634211753E-05
6.79525634211753E-05
6.79525634211753E-05
6.79525634211753E-05
6.79525634211753E-05
6.79525634211753E-05
6.79525634211753E-05
6.79525634211753E-05

