0.13347417155542
0.13347417155542
0.13347417155542
0.123577942466683
0.0744329800031719
0.0744329800031719
0.051947113650143
0.051947113650143
0.051947113650143
0.043786194466425
0.043786194466425
0.043786194466425
0.043786194466425
0.043786194466425
0.0365679509367832
0.0365679509367832
0.0333315136043365
0.0333315136043365
0.0333315136043365
0.0333315136043365
0.0237002685854319
0.0237002685854319
0.0237002685854319
0.0166386560201942
0.0166386560201942
0.0153547352510984
0.0153547352510984
0.0153547352510984
0.0153547352510984
0.0149693596948109
0.0149693596948109
0.0149693596948109
0.0149693596948109
0.0149693596948109
0.0149693596948109
0.0149693596948109
0.0147556393559351
0.0147556393559351
0.0147556393559351
0.0146942845995069
0.0146942845995069
0.0146925085409924
0.0146925085409924
0.0146925085409924
0.0146925085409924
0.0146925085409924
0.0146925085409924
0.0146925085409924
0.0146925085409924
0.0146925085409924
0.0146925085409924
0.0146925085409924
0.0146925085409924
0.0146925085409924
0.0146925085409924
0.0146925085409924
0.0146925085409924
0.0146925085409924
0.0146925085409924
0.0146925085409924
0.0146925085409924
0.0146925085409924
0.0146925085409924
0.0146925085409924
0.0146925085409924
0.0146925085409924
0.0146925085409924
0.0146925085409924
0.0146925085409924
0.0146925085409924
0.0146925085409924
0.0146925085409924
0.0146925085409924
0.0146925085409924
0.0146925085409924
0.0146925085409924
0.0146925085409924
0.0146925085409924
0.0146925085409924
0.0146925085409924
0.0146925085409924
0.0146925085409924
0.0146925085409924
0.0146925085409924
0.0146925085409924
0.0146925085409924
0.0146925085409924
0.0146925085409924
0.0146925085409924
0.0146925085409924
0.0146925085409924
0.0146925085409924
0.0146925085409924
0.0146925085409924
0.0146925085409924
0.0146925085409924
0.0146925085409924
0.0146925085409924
0.0146925085409924
0.0146925085409924
0.0146925085409924
0.0146925085409924
0.0146925085409924
0.0146925085409924
0.0146925085409924
0.0146925085409924
0.0146925085409924
0.0146925085409924
0.0146925085409924
0.0146925085409924
0.0146925085409924
0.0146925085409924
0.0146925085409924
0.0146925085409924
0.0146925085409924
0.0146925085409924
0.0146925085409924
0.0146925085409924
0.0146925085409924
0.0146925085409924
0.0146925085409924
0.0146925085409924
0.0146925085409924
0.0146925085409924
0.0146925085409924
0.0146925085409924
0.0146925085409924
0.0146925085409924
0.0146925085409924
0.0146925085409924
0.0146925085409924
0.0146925085409924
0.0146925085409924
0.0146925085409924
0.0146925085409924
0.0146925085409924
0.0146925085409924
0.0146925085409924
0.0146925085409924
0.0146925085409924
0.0146925085409924
0.0146925085409924
0.0146925085409924
0.0146925085409924
0.0146925085409924
0.0146925085409924
0.0146925085409924
0.0146925085409924
0.0146925085409924
0.0146925085409924
0.0146925085409924
0.0146925085409924
0.0146925085409924
0.0146925085409924
0.0146925085409924
0.0146925085409924
0.0146925085409924
0.0146925085409924
0.0146925085409924
0.0146925085409924
0.0146925085409924
0.0146925085409924
0.0146925085409924
0.0146925085409924
0.0146925085409924
0.0146925085409924
0.0146925085409924
0.0146925085409924
0.0146925085409924
0.0146925085409924
0.0146925085409924
0.0146925085409924
0.0146925085409924
0.0146925085409924
0.0146925085409924
0.0146925085409924
0.0146925085409924
0.0146925085409924
0.0146925085409924
0.0146925085409924
0.0146925085409924
0.0146925085409924
0.0146925085409924
0.0146925085409924
0.0146925085409924
0.0146925085409924
0.0146925085409924
0.0146925085409924
0.0146925085409924
0.0146925085409924
0.0146925085409924
0.0146925085409924
0.0146925085409924
0.0146925085409924
0.0146925085409924
0.0146925085409924
0.0146925085409924
0.0146925085409924
0.0146925085409924
0.0146925085409924
0.0146925085409924
0.0146925085409924
0.0146925085409924
0.0146925085409924
0.0146925085409924
0.0146925085409924
0.0146925085409924
0.0146925085409924
0.0146925085409924
0.0146925085409924
0.0146925085409924
0.0146925085409924
0.0146925085409924
0.0146925085409924
0.0146925085409924
0.0146925085409924
0.0146925085409924
0.0146925085409924
0.0146925085409924
0.0146925085409924
0.0146925085409924
0.0146925085409924
0.0146925085409924
0.0146925085409924
0.0146925085409924
0.0146925085409924
0.0146925085409924
0.0146925085409924
0.0146925085409924
0.0146925085409924
0.0146925085409924
0.0146925085409924
0.0146925085409924
0.0146925085409924
0.0146925085409924
0.0146925085409924
0.0146925085409924
0.0146925085409924
0.0146925085409924
0.0146925085409924
0.0146925085409924
0.0146925085409924
0.0146925085409924
0.0146925085409924
0.0146925085409924
0.0146925085409924
0.0146925085409924
0.0146925085409924
0.0146925085409924
0.0146925085409924
0.0146925085409924
0.0146925085409924
0.0146925085409924
0.0146925085409924
0.0146925085409924
0.0146925085409924
0.0146925085409924
0.0146925085409924
0.0146925085409924
0.0146925085409924
0.0146925085409924
0.0146925085409924
0.0146925085409924
0.0146925085409924
0.0146925085409924
0.0146925085409924
0.0146925085409924
0.0146925085409924
0.0146925085409924
0.0146925085409924
0.0146925085409924
0.0146925085409924
0.0146925085409924
0.0146925085409924
0.0146925085409924
0.0146925085409924
0.0146925085409924
0.0146925085409924
0.0146925085409924
0.0146925085409924
0.0146925085409924
0.0146925085409924
0.0146925085409924
0.0146925085409924
0.0146925085409924
0.0146925085409924
0.0146925085409924
0.0146925085409924
0.0146925085409924
0.0146925085409924
0.0146925085409924
0.0146925085409924
0.0146925085409924
0.0146925085409924
0.0146925085409924
0.0146925085409924
0.0146925085409924
0.0146925085409924
0.0146925085409924
0.0146925085409924
0.0146925085409924
0.0146925085409924
0.0146925085409924
0.0146925085409924
0.0146925085409924
0.0146925085409924
0.0146925085409924
0.0146925085409924
0.0146925085409924
0.0146925085409924
0.0146925085409924
0.0146925085409924
0.0146925085409924
0.0146925085409924
0.0146925085409924
0.0146925085409924
0.0146925085409924
0.0146925085409924
0.0146925085409924
0.0146925085409924
0.0146925085409924
0.0146925085409924
0.0146925085409924
0.0146925085409924
0.0146925085409924
0.0146925085409924
0.0146925085409924
0.0146925085409924
0.0146925085409924
0.0146925085409924
0.0146925085409924
0.0146925085409924
0.0146925085409924
0.0146925085409924
0.0146925085409924
0.0146925085409924
0.0146925085409924
0.0146925085409924
0.0146925085409924
0.0146925085409924
0.0146925085409924
0.0146925085409924
0.0146925085409924
0.0146925085409924
0.0146925085409924
0.0146925085409924
0.0146925085409924
0.0146925085409924
0.0146925085409924
0.0146925085409924
0.0146925085409924
0.0146925085409924
0.0146925085409924
0.0146925085409924
0.0146925085409924
0.0146925085409924
0.0146925085409924
0.0146925085409924
0.0146925085409924
0.0146925085409924
0.0146925085409924
0.0146925085409924
0.0146925085409924
0.0146925085409924
0.0146925085409924
0.0146925085409924
0.0146925085409924
0.0146925085409924
0.0146925085409924
0.0146925085409924
0.0146925085409924
0.0146925085409924
0.0146925085409924
0.0146925085409924
0.0146925085409924
0.0146925085409924
0.0146925085409924
0.0146925085409924
0.0146925085409924
0.0146925085409924
0.0146925085409924
0.0146925085409924
0.0146925085409924
0.0146925085409924
0.0146925085409924
0.0146925085409924
0.0146925085409924
0.0146925085409924
0.0146925085409924
0.0146925085409924
0.0146925085409924
0.0146925085409924
0.0146925085409924
0.0146925085409924
0.0146925085409924
0.0146925085409924
0.0146925085409924
0.0146925085409924
0.0146925085409924
0.0146925085409924
0.0146925085409924
0.0146925085409924
0.0146925085409924
0.0146925085409924
0.0146925085409924
0.0146925085409924
0.0146925085409924
0.0146925085409924
0.0146925085409924
0.0146925085409924
0.0146925085409924
0.0146925085409924
0.0146925085409924
0.0146925085409924
0.0146925085409924
0.0146925085409924
0.0146925085409924
0.0146925085409924
0.0146925085409924
0.0146925085409924
0.0146925085409924
0.0146925085409924
0.0146925085409924
0.0146925085409924
0.0146925085409924
0.0146925085409924
0.0146925085409924
0.0146925085409924
0.0146925085409924
0.0146925085409924
0.0146925085409924
0.0146925085409924
0.0146925085409924
0.0146925085409924
0.0146925085409924
0.0146925085409924
0.0146925085409924
0.0146925085409924
0.0146925085409924
0.0146925085409924
0.0146925085409924
0.0146925085409924
0.0146925085409924
0.0146925085409924
0.0146925085409924
0.0146925085409924
0.0146925085409924
0.0146925085409924
0.0146925085409924
0.0146925085409924
0.0146925085409924
0.0146925085409924
0.0146925085409924
0.0099341180027089
0.00950777482584317
0.00950777482584317
0.00950777482584317
0.00950777482584317
0.00950777482584317
0.00950777482584317
0.00950777482584317
0.00806365216759661
0.00608790971303961
0.004684153920196
0.00374955928463745
0.00324425588577906
0.00296297060695348
0.00296297060695348
0.00296297060695348
0.00296297060695348
0.00296297060695348
0.00296297060695348
0.00296297060695348
0.00296297060695348
0.00296297060695348
0.00296297060695348
0.00296297060695348
0.00296297060695348
0.00296297060695348
0.00296297060695348
0.00296297060695348
0.00296297060695348
0.00296297060695348
0.00296297060695348
0.00296297060695348
0.00296297060695348
0.00296297060695348
0.00296297060695348
0.00296297060695348
0.00296297060695348
0.00296297060695348
0.00296297060695348
0.00296297060695348
0.00296297060695348
0.00296297060695348
0.00296297060695348
0.00296297060695348
0.00296297060695348
0.00296297060695348
0.00296297060695348

