0.0895582913917241
0.0895582913917241
0.0895582913917241
0.0895582913917241
0.0159425911434549
0.0159425911434549
0.0159425911434549
0.0117908416287142
0.0117908416287142
0.00370909212290571
0.0025204411428652
0.00208829910455866
0.00136065254798601
0.0011842759839219
0.000986397294686525
0.000662676436760323
0.000223110253353309
0.000223110253353309
0.000189806657809322
9.09691556655323E-05
3.03693020684559E-05
1.60667590479724E-05
1.55823375017627E-05
1.4017802344779E-05
1.4017802344779E-05
1.03526492026829E-05
3.77799176687343E-06
7.72800262005546E-07
7.72800262005546E-07
7.72800262005546E-07
5.6072273169061E-07
5.22304742678337E-07
1.60211426347701E-07
1.60211426347701E-07
1.60211426347701E-07
1.59916263342552E-07
1.58898655122641E-07
1.58898655122641E-07
1.58898655122641E-07
1.58898655122641E-07
1.58898655122641E-07
1.58898655122641E-07
1.58898655122641E-07
1.58602124877838E-07
1.57956905777468E-07
1.57956905777468E-07
1.57949402224133E-07
1.57948145229625E-07
1.57948145229625E-07
1.57944218925898E-07
1.57943926715198E-07
1.57943809808714E-07
1.57943690015649E-07
1.57943501055691E-07
1.57943487399947E-07
1.5794347452136E-07
1.5794347452136E-07
1.5794347452136E-07
1.57943472856026E-07
1.5794347207887E-07
1.57943471634781E-07
1.57943471634781E-07
1.57943471634781E-07
1.57943471634781E-07
1.57943471634781E-07
1.57943471634781E-07
1.57943471634781E-07
1.57943471634781E-07
1.57943471634781E-07
1.57943471634781E-07
1.57943471634781E-07
1.57943471634781E-07
1.57943471634781E-07
1.57943471634781E-07
1.57943471634781E-07
1.57943471634781E-07
1.57943471634781E-07
1.57943471634781E-07
1.57943471634781E-07
1.57943471634781E-07
1.57943471634781E-07
1.57943471634781E-07
1.57943471634781E-07
1.57943471634781E-07
1.57943471634781E-07
1.57943471634781E-07
1.57943471634781E-07
1.57943471634781E-07
1.57943471634781E-07
1.57943471634781E-07
1.57943471634781E-07
1.57943471634781E-07
1.57943471634781E-07
1.57943471634781E-07
1.57943471634781E-07
1.57943471634781E-07
1.57943471634781E-07
1.57943471634781E-07
1.57943471634781E-07
1.57943471634781E-07
1.57943471634781E-07
1.57943471634781E-07
1.57943471634781E-07
1.57943471634781E-07
1.57943471634781E-07
1.57943471634781E-07
1.57943471634781E-07
1.57943471634781E-07
1.57943471634781E-07
1.57943471634781E-07
1.57943471634781E-07
1.57943471634781E-07
1.57943471634781E-07
1.57943471634781E-07
1.57943471634781E-07
1.57943471634781E-07
1.57943471634781E-07
1.57943471634781E-07
1.57943471634781E-07
1.57943471634781E-07
1.57943471634781E-07
1.57943471634781E-07
1.57943471634781E-07
1.57943471634781E-07
1.57943471634781E-07
1.57943471634781E-07
1.57943471634781E-07
1.57943471634781E-07
1.57943471634781E-07
1.57943471634781E-07
1.57943471634781E-07
1.57943471634781E-07
1.57943471634781E-07
1.57943471634781E-07
1.57943471634781E-07
1.57943471634781E-07
1.57943471634781E-07
1.57943471634781E-07
1.57943471634781E-07
1.57943471634781E-07
1.57943471634781E-07
1.57943471634781E-07
1.57943471634781E-07
1.57943471634781E-07
1.57943471634781E-07
1.57943471634781E-07
1.57943471634781E-07
1.57943471634781E-07
1.57943471634781E-07
1.57943471634781E-07
1.57943471634781E-07
1.57943471634781E-07
1.57943471634781E-07
1.57943471634781E-07
1.57943471634781E-07
1.57943471634781E-07
1.57943471634781E-07
1.57943471634781E-07
1.57943471634781E-07
1.57943471634781E-07
1.57943471634781E-07
1.57943471634781E-07
1.57943471634781E-07
1.57943471634781E-07
1.57943471634781E-07
1.57943471634781E-07
1.57943471634781E-07
1.57943471634781E-07
1.57943471634781E-07
1.57943471634781E-07
1.57943471634781E-07
1.57943471634781E-07
1.57943471634781E-07
1.57943471634781E-07
1.57943471634781E-07
1.57943471634781E-07
1.57943471634781E-07
1.57943471634781E-07
1.57943471634781E-07
1.57943471634781E-07
1.57943471634781E-07
1.57943471634781E-07
1.57943471634781E-07
1.57943471634781E-07
1.57943471634781E-07
1.57943471634781E-07
1.57943471634781E-07
1.57943471634781E-07
1.57943471634781E-07
1.57943471634781E-07
1.57943471634781E-07
1.57943471634781E-07
1.57943471634781E-07
1.57943471634781E-07
1.57943471634781E-07
1.57943471634781E-07
1.57943471634781E-07
1.57943471634781E-07
1.57943471634781E-07
1.57943471634781E-07
1.57943471634781E-07
1.57943471634781E-07
1.57943471634781E-07
1.57943471634781E-07
1.57943471634781E-07
1.57943471634781E-07
1.57943471634781E-07
1.57943471634781E-07
1.57943471634781E-07
1.57943471634781E-07
1.57943471634781E-07
1.57943471634781E-07
1.57943471634781E-07
1.57943471634781E-07
1.57943471634781E-07
1.57943471634781E-07
1.57943471634781E-07
1.57943471634781E-07
1.57943471634781E-07
1.57943471634781E-07
1.57943471634781E-07
1.57943471634781E-07
1.57943471634781E-07
1.57943471634781E-07
1.57943471634781E-07
1.57943471634781E-07
1.57943471634781E-07
1.57943471634781E-07
1.57943471634781E-07
1.57943471634781E-07
1.57943471634781E-07
1.57943471634781E-07
1.57943471634781E-07
1.57943471634781E-07
1.57943471634781E-07
1.57943471634781E-07
1.57943471634781E-07
1.57943471634781E-07
1.57943471634781E-07
1.57943471634781E-07
1.57943471634781E-07
1.57943471634781E-07
1.57943471634781E-07
1.57943471634781E-07
1.57943471634781E-07
1.57943471634781E-07
1.57943471634781E-07
1.57943471634781E-07
1.57943471634781E-07
1.57943471634781E-07
1.57943471634781E-07
1.57943471634781E-07
1.57943471634781E-07
1.57943471634781E-07
1.57943471634781E-07
1.57943471634781E-07
1.57943471634781E-07
1.57943471634781E-07
1.57943471634781E-07
1.57943471634781E-07
1.57943471634781E-07
1.57943471634781E-07
1.57943471634781E-07
1.57943471634781E-07
1.57943471634781E-07
1.57943471634781E-07
1.57943471634781E-07
1.57943471634781E-07
1.57943471634781E-07
1.57943471634781E-07
1.57943471634781E-07
1.57943471634781E-07
1.57943471634781E-07
1.57943471634781E-07
1.57943471634781E-07
1.57943471634781E-07
1.57943471634781E-07
1.57943471634781E-07
1.57943471634781E-07
1.57943471634781E-07
1.57943471634781E-07
1.57943471634781E-07
1.57943471634781E-07
1.57943471634781E-07
1.57943471634781E-07
1.57943471634781E-07
1.57943471634781E-07
1.57943471634781E-07
1.57943471634781E-07
1.57943471634781E-07
1.57943471634781E-07
1.57943471634781E-07
1.57943471634781E-07
1.57943471634781E-07
1.57943471634781E-07
1.57943471634781E-07
1.57943471634781E-07
1.57943471634781E-07
1.57943471634781E-07
1.57943471634781E-07
1.57943471634781E-07
1.57943471634781E-07
1.57943471634781E-07
1.57943471634781E-07
1.57943471634781E-07
1.57943471634781E-07
1.57943471634781E-07
1.57943471634781E-07
1.57943471634781E-07
1.57943471634781E-07
1.57943471634781E-07
1.57943471634781E-07
1.57943471634781E-07
1.57943471634781E-07
1.57943471634781E-07
1.57943471634781E-07
1.57943471634781E-07
1.57943471634781E-07
1.57943471634781E-07
1.57943471634781E-07
1.57943471634781E-07
1.57943471634781E-07
1.57943471634781E-07
1.57943471634781E-07
1.57943471634781E-07
1.57943471634781E-07
1.57943471634781E-07
1.57943471634781E-07
1.57943471634781E-07
1.57943471634781E-07
1.57943471634781E-07
1.57943471634781E-07
1.57943471634781E-07
1.57943471634781E-07
1.57943471634781E-07
1.57943471634781E-07
1.57943471634781E-07
1.57943471634781E-07
1.57943471634781E-07
1.57943471634781E-07
1.57943471634781E-07
1.57943471634781E-07
1.57943471634781E-07
1.57943471634781E-07
1.57943471634781E-07
1.57943471634781E-07
1.57943471634781E-07
1.57943471634781E-07
1.57943471634781E-07
1.57943471634781E-07
1.57943471634781E-07
1.57943471634781E-07
1.57943471634781E-07
1.57943471634781E-07
1.57943471634781E-07
1.57943471634781E-07
1.57943471634781E-07
1.57943471634781E-07
1.57943471634781E-07
1.57943471634781E-07
1.57943471634781E-07
1.57943471634781E-07
1.57943471634781E-07
1.57943471634781E-07
1.57943471634781E-07
1.57943471634781E-07
1.57943471634781E-07
1.57943471634781E-07
1.57943471634781E-07
1.57943471634781E-07
1.57943471634781E-07
1.57943471634781E-07
1.57943471634781E-07
1.57943471634781E-07
1.57943471634781E-07
1.57943471634781E-07
1.57943471634781E-07
1.57943471634781E-07
1.57943471634781E-07
1.57943471634781E-07
1.57943471634781E-07
1.57943471634781E-07
1.57943471634781E-07
1.57943471634781E-07
1.57943471634781E-07
1.57943471634781E-07
1.57943471634781E-07
1.57943471634781E-07
1.57943471634781E-07
1.57943471634781E-07
1.57943471634781E-07
1.57943471634781E-07
1.57943471634781E-07
1.57943471634781E-07
1.57943471634781E-07
1.57943471634781E-07
1.57943471634781E-07
1.57943471634781E-07
1.57943471634781E-07
1.57943471634781E-07
1.57943471634781E-07
1.57943471634781E-07
1.57943471634781E-07
1.57943471634781E-07
1.57943471634781E-07
1.57943471634781E-07
1.57943471634781E-07
1.57943471634781E-07
1.57943471634781E-07
1.57943471634781E-07
1.57943471634781E-07
1.57943471634781E-07
1.57943471634781E-07
1.57943471634781E-07
1.57943471634781E-07
1.57943471634781E-07
1.57943471634781E-07
1.57943471634781E-07
1.57943471634781E-07
1.57943471634781E-07
1.57943471634781E-07
1.57943471634781E-07
1.57943471634781E-07
1.57943471634781E-07
1.57943471634781E-07
1.57943471634781E-07
1.57943471634781E-07
1.57943471634781E-07
1.57943471634781E-07
1.57943471634781E-07
1.57943471634781E-07
1.57943471634781E-07
1.57943471634781E-07
1.57943471634781E-07
1.57943471634781E-07
1.57943471634781E-07
1.57943471634781E-07
1.57943471634781E-07
1.57943471634781E-07
1.57943471634781E-07
1.57943471634781E-07
1.57943471634781E-07
1.57943471634781E-07
1.57943471634781E-07
1.57943471634781E-07
1.57943471634781E-07
1.57943471634781E-07
1.57943471634781E-07
1.57943471634781E-07
1.57943471634781E-07
1.57943471634781E-07
1.57943471634781E-07
1.57943471634781E-07
1.57943471634781E-07
1.57943471634781E-07
1.57943471634781E-07
1.57943471634781E-07
1.57943471634781E-07
1.57943471634781E-07
1.57943471634781E-07
1.57943471634781E-07
1.57943471634781E-07
1.57943471634781E-07
1.57943471634781E-07
1.57943471634781E-07
1.57943471634781E-07
1.57943471634781E-07
1.57943471634781E-07
1.57943471634781E-07
1.57943471634781E-07
1.57943471634781E-07
1.57943471634781E-07
1.57943471634781E-07
1.57943471634781E-07
1.57943471634781E-07
1.57943471634781E-07
1.57943471634781E-07
1.57943471634781E-07
1.57943471634781E-07
1.57943471634781E-07
1.57943471634781E-07
1.57943471634781E-07
1.57943471634781E-07
1.57943471634781E-07
1.57943471634781E-07
1.57943471634781E-07
1.57943471634781E-07
1.57943471634781E-07
1.57943471634781E-07
1.57943471634781E-07
1.57943471634781E-07
1.57943471634781E-07
1.57943471634781E-07
1.57943471634781E-07
1.57943471634781E-07
1.57943471634781E-07
1.57943471634781E-07
1.57943471634781E-07
1.57943471634781E-07
1.57943471634781E-07

