0.0816219330783216
0.0647402353880123
0.0647402353880123
0.0647402353880123
0.0647402353880123
0.0106163069236125
0.0106163069236125
0.0106163069236125
0.0106163069236125
0.0106163069236125
0.0106163069236125
0.0106163069236125
0.0106163069236125
0.0106163069236125
0.010448690516017
0.010448690516017
0.010448690516017
0.010448690516017
0.010448690516017
0.0103400172459622
0.0103400172459622
0.010338396275567
0.0102327785646864
0.0102327785646864
0.0102327785646864
0.00819732589457989
0.00819732589457989
0.00819732589457989
0.00807610063011432
0.00807610063011432
0.00807610063011432
0.00807610063011432
0.00801623037125243
0.00801623037125243
0.00801623037125243
0.00801623037125243
0.00801623037125243
0.00801623037125243
0.00801623037125243
0.00801623037125243
0.00801623037125243
0.00801623037125243
0.00801623037125243
0.00801623037125243
0.00801623037125243
0.00801623037125243
0.00801623037125243
0.00801623037125243
0.00801623037125243
0.00801623037125243
0.00801623037125243
0.00801623037125243
0.00801623037125243
0.0071300967290554
0.0071300967290554
0.0071300967290554
0.0071300967290554
0.0071300967290554
0.0071300967290554
0.0071300967290554
0.0071300967290554
0.0071300967290554
0.0071300967290554
0.0071300967290554
0.0071300967290554
0.0071300967290554
0.0071300967290554
0.0071300967290554
0.0071300967290554
0.0071300967290554
0.0071300967290554
0.0071300967290554
0.0071300967290554
0.0071300967290554
0.0071300967290554
0.0071300967290554
0.0071300967290554
0.0071300967290554
0.0071300967290554
0.0071300967290554
0.0071300967290554
0.0071300967290554
0.0071300967290554
0.0071300967290554
0.0071300967290554
0.0071300967290554
0.0071300967290554
0.00680549325533963
0.00680549325533963
0.00680549325533963
0.00680549325533963
0.00680549325533963
0.00680549325533963
0.00680549325533963
0.00680549325533963
0.00680549325533963
0.00680549325533963
0.00680549325533963
0.00680549325533963
0.00680549325533963
0.00680549325533963
0.00680549325533963
0.00680549325533963
0.00680549325533963
0.00680549325533963
0.00680549325533963
0.00680549325533963
0.00680549325533963
0.00680549325533963
0.00680549325533963
0.00680549325533963
0.00680549325533963
0.00506408174362205
0.00506408174362205
0.00506408174362205
0.00506408174362205
0.00506408174362205
0.00506408174362205
0.00506408174362205
0.00506408174362205
0.00506408174362205
0.00506408174362205
0.00506408174362205
0.00506408174362205
0.00506408174362205
0.00506408174362205
0.00506408174362205
0.00506408174362205
0.00506408174362205
0.00506408174362205
0.00506408174362205
0.00506408174362205
0.00506408174362205
0.00506408174362205
0.00506408174362205
0.00506408174362205
0.00423013999918409
0.00423013999918409
0.00423013999918409
0.00423013999918409
0.00423013999918409
0.00423013999918409
0.00423013999918409
0.00423013999918409
0.00423013999918409
0.00423013999918409
0.00423013999918409
0.00423013999918409
0.00423013999918409
0.00423013999918409
0.00423013999918409
0.00423013999918409
0.00423013999918409
0.00423013999918409
0.00423013999918409
0.00423013999918409
0.00423013999918409
0.00423013999918409
0.00423013999918409
0.00423013999918409
0.00423013999918409
0.00423013999918409
0.00423013999918409
0.00423013999918409
0.00423013999918409
0.00423013999918409
0.00423013999918409
0.00423013999918409
0.00423013999918409
0.00423013999918409
0.00423013999918409
0.00423013999918409
0.00423013999918409
0.00423013999918409
0.00423013999918409
0.00423013999918409
0.00423013999918409
0.00423013999918409
0.00423013999918409
0.00423013999918409
0.00423013999918409
0.00423013999918409
0.00423013999918409
0.00423013999918409
0.00423013999918409
0.00423013999918409
0.00423013999918409
0.00423013999918409
0.00423013999918409
0.00423013999918409
0.00423013999918409
0.00423013999918409
0.00423013999918409
0.00423013999918409
0.00423013999918409
0.00423013999918409
0.00423013999918409
0.00423013999918409
0.00423013999918409
0.00423013999918409
0.00423013999918409
0.00423013999918409
0.00423013999918409
0.00423013999918409
0.00423013999918409
0.00423013999918409
0.00423013999918409
0.00423013999918409
0.00423013999918409
0.00423013999918409
0.00423013999918409
0.00423013999918409
0.00423013999918409
0.00157527872120833
0.00157527872120833
0.00157527872120833
0.00157527872120833
0.00157527872120833
0.00157527872120833
0.00157527872120833
0.00157527872120833
0.00157527872120833
0.00157527872120833
0.00157527872120833
0.00157527872120833
0.00157527872120833
0.00157527872120833
0.00157527872120833
0.00157527872120833
0.00157527872120833
0.00157527872120833
0.00157527872120833
0.00157527872120833
0.00157527872120833
0.00157527872120833
0.00157527872120833
0.00138981325325327
0.00138981325325327
0.00138981325325327
0.00138981325325327
0.00138981325325327
0.00138981325325327
0.00138981325325327
0.00138981325325327
0.00138981325325327
0.00138981325325327
0.00138981325325327
0.00138981325325327
0.00138981325325327
0.00138981325325327
0.00138981325325327
0.00138981325325327
0.00138981325325327
0.00138981325325327
0.00138981325325327
0.00138981325325327
0.00138981325325327
0.00138981325325327
0.00138981325325327
0.00138981325325327
0.00138981325325327
0.00138981325325327
0.00138981325325327
0.00138981325325327
0.00138981325325327
0.00138981325325327
0.00138981325325327
0.00138981325325327
0.00138981325325327
0.00138981325325327
0.00138981325325327
0.00138981325325327
0.00138981325325327
0.00138981325325327
0.00138981325325327
0.00138981325325327
0.00138981325325327
0.00138981325325327
0.00138981325325327
0.00138981325325327
0.00138981325325327
0.00138981325325327
0.00138981325325327
0.00138981325325327
0.00138981325325327
0.00138981325325327
0.00138981325325327
0.00138981325325327
0.00138981325325327
0.00138981325325327
0.00138981325325327
0.00138981325325327
0.00138981325325327
0.00138981325325327
0.00138981325325327
0.00138981325325327
0.00138981325325327
0.00138981325325327
0.00138981325325327
0.00138981325325327
0.00138981325325327
0.00138981325325327
0.00138981325325327
0.00138981325325327
0.00138981325325327
0.00138981325325327
0.00138981325325327
0.00138981325325327
0.00138981325325327
0.00138981325325327
0.00138981325325327
0.00138981325325327
0.00138981325325327
0.00138981325325327
0.00138981325325327
0.00138981325325327
0.00138981325325327
0.00138981325325327
0.00138981325325327
0.00138981325325327
0.00138981325325327
0.00138981325325327
0.00138981325325327
0.000939210292688175
0.000939210292688175
0.000939210292688175
0.000939210292688175
0.000939210292688175
0.000939210292688175
0.000939210292688175
0.000939210292688175
0.000939210292688175
0.000939210292688175
0.000939210292688175
0.000939210292688175
0.000939210292688175
0.000939210292688175
0.000939210292688175
0.000939210292688175
0.000939210292688175
0.000939210292688175
0.000939210292688175
0.000939210292688175
0.000939210292688175
0.000939210292688175
0.000939210292688175
0.000939210292688175
0.000939210292688175
0.000939210292688175
0.000939210292688175
0.000939210292688175
0.000939210292688175
0.000939210292688175
0.000939210292688175
0.000939210292688175
0.000939210292688175
0.000939210292688175
0.000939210292688175
0.000939210292688175
0.000939210292688175
0.000939210292688175
0.000939210292688175
0.000939210292688175
0.000939210292688175
0.000939210292688175
0.000939210292688175
0.000939210292688175
0.000939210292688175
0.000939210292688175
0.000939210292688175
0.000939210292688175
0.000939210292688175
0.000939210292688175
0.000939210292688175
0.000939210292688175
0.000939210292688175
0.000939210292688175
0.000939210292688175
0.000939210292688175
0.000939210292688175
0.000939210292688175
0.000939210292688175
0.000939210292688175
0.000939210292688175
0.000939210292688175
0.000939210292688175
0.000939210292688175
0.000939210292688175
0.000939210292688175
0.000939210292688175
0.000939210292688175
0.000939210292688175
0.000939210292688175
0.000939210292688175
0.000939210292688175
0.000939210292688175
0.000939210292688175
0.000939210292688175
0.000939210292688175
0.000939210292688175
0.000939210292688175
0.000939210292688175
0.000939210292688175
0.000939210292688175
0.000939210292688175
0.000939210292688175
0.000939210292688175
0.000939210292688175
0.000939210292688175
0.000939210292688175
0.000939210292688175
0.000939210292688175
0.000939210292688175
0.000939210292688175
0.000939210292688175
0.000939210292688175
0.000939210292688175
0.000939210292688175
0.000939210292688175
0.000939210292688175
0.000939210292688175
0.000939210292688175
0.000939210292688175
0.000939210292688175
0.000939210292688175
0.000939210292688175
0.000939210292688175
0.000939210292688175
0.000939210292688175
0.000939210292688175
0.000939210292688175
0.000939210292688175
0.000939210292688175
0.000939210292688175
0.000939210292688175
0.000939210292688175
0.000939210292688175
0.000939210292688175
0.000939210292688175
0.000939210292688175
0.000939210292688175
0.000939210292688175
0.000939210292688175
0.000939210292688175
0.000939210292688175
0.000939210292688175
0.000939210292688175
0.000939210292688175
0.000939210292688175
0.000939210292688175
0.000939210292688175
0.000939210292688175
0.000939210292688175
0.000939210292688175
0.000939210292688175
0.000939210292688175
0.000939210292688175
0.000939210292688175
0.000939210292688175
0.000939210292688175
0.000939210292688175
0.000939210292688175
0.000939210292688175
0.000939210292688175
0.000939210292688175
0.000939210292688175
0.000939210292688175
0.000939210292688175
0.000939210292688175
0.000939210292688175
0.000939210292688175
0.000939210292688175
0.000939210292688175
0.000939210292688175
0.000939210292688175
0.000939210292688175
0.000939210292688175
0.000939210292688175
0.000939210292688175
0.000939210292688175
0.000939210292688175
0.000939210292688175
0.000939210292688175
0.000939210292688175
0.000939210292688175
0.000939210292688175
0.000939210292688175
0.000939210292688175
0.000939210292688175
0.000939210292688175
0.000939210292688175
0.000939210292688175
0.000939210292688175
0.000939210292688175
0.000939210292688175
0.000939210292688175
0.000939210292688175
0.000939210292688175
0.000939210292688175
0.000939210292688175

