0.0401488508955721
0.0401488508955721
0.0401488508955721
0.0401488508955721
0.0401488508955721
0.0401488508955721
0.00757960791471607
0.00757960791471607
0.00757960791471607
0.00717300766436951
0.00585133294993462
0.00517004480405875
0.00108133325702503
0.000796247718702847
0.00034032711633708
0.000230615398381318
4.60397751014252E-05
4.60397751014252E-05
4.60397751014252E-05
4.60397751014252E-05
3.55890845328277E-05
3.37619734687156E-05
2.23014734676008E-05
2.16841621061836E-05
2.16841621061836E-05
2.05139068918392E-05
2.00331526481468E-05
2.00331526481468E-05
1.99807993996881E-05
1.99610389901572E-05
1.99610389901572E-05
1.99502889736136E-05
1.99113707626264E-05
1.9907308900613E-05
1.99053657816139E-05
1.99027354872983E-05
1.99027354872983E-05
1.99027293615872E-05
1.99026142903569E-05
1.9902593624388E-05
1.99025531493202E-05
1.99025531493202E-05
1.99025164609457E-05
1.9902514087955E-05
1.99025121920271E-05
1.99025115486529E-05
1.99025112849194E-05
1.99025112849194E-05
1.99025112849194E-05
1.99025112849194E-05
1.99025112095352E-05
1.99025111505824E-05
1.99025111247142E-05
1.99025110365625E-05
1.99025108689188E-05
1.99025108689188E-05
1.99025108689188E-05
1.99025108653106E-05
1.99025108653106E-05
1.99025108644779E-05
1.99025108644779E-05
1.99025108636453E-05
1.99025108636453E-05
1.99025108636453E-05
1.99025108636453E-05
1.99025108636453E-05
1.99025108636453E-05
1.99025108636453E-05
1.99025108636453E-05
1.99025108636453E-05
1.99025108636453E-05
1.99025108636453E-05
1.99025108636453E-05
1.99025108636453E-05
1.99025108636453E-05
1.99025108636453E-05
1.99025108636453E-05
1.99025108636453E-05
1.99025108636453E-05
1.99025108636453E-05
1.99025108636453E-05
1.99025108636453E-05
1.99025108636453E-05
1.99025108636453E-05
1.99025108636453E-05
1.99025108636453E-05
1.99025108636453E-05
1.99025108636453E-05
1.99025108636453E-05
1.99025108636453E-05
1.99025108636453E-05
1.99025108636453E-05
1.99025108636453E-05
1.99025108636453E-05
1.99025108636453E-05
1.99025108636453E-05
1.99025108636453E-05
1.99025108636453E-05
1.99025108636453E-05
1.99025108636453E-05
1.99025108636453E-05
1.99025108636453E-05
1.99025108636453E-05
1.99025108636453E-05
1.99025108636453E-05
1.99025108636453E-05
1.99025108636453E-05
1.99025108636453E-05
1.99025108636453E-05
1.99025108636453E-05
1.99025108636453E-05
1.99025108636453E-05
1.99025108636453E-05
1.99025108636453E-05
1.99025108636453E-05
1.99025108636453E-05
1.99025108636453E-05
1.99025108636453E-05
1.99025108636453E-05
1.99025108636453E-05
1.99025108636453E-05
1.99025108636453E-05
1.99025108636453E-05
1.99025108636453E-05
1.99025108636453E-05
1.99025108636453E-05
1.99025108636453E-05
1.99025108636453E-05
1.99025108636453E-05
1.99025108636453E-05
1.99025108636453E-05
1.99025108636453E-05
1.99025108636453E-05
1.99025108634232E-05
1.99025108634232E-05
1.99025108634232E-05
1.99025108633677E-05
1.99025108633677E-05
1.99025108633677E-05
1.99025108633677E-05
1.99025108633677E-05
1.99025108633677E-05
1.99025108633677E-05
1.99025108633677E-05
1.99025108633677E-05
1.99025108633677E-05
1.99025108633677E-05
1.99025108633677E-05
1.99025108633677E-05
1.99025108633677E-05
1.99025108633677E-05
1.99025108633677E-05
1.99025108633677E-05
1.99025108633677E-05
1.99025108633677E-05
1.99025108633677E-05
1.99025108633677E-05
1.99025108633677E-05
1.99025108633677E-05
1.99025108633677E-05
1.99025108633677E-05
1.99025108633677E-05
1.99025108633677E-05
1.99025108633677E-05
1.99025108633677E-05
1.99025108633677E-05
1.99025108633677E-05
1.99025108633677E-05
1.99025108633677E-05
1.99025108633677E-05
1.99025108633677E-05
1.99025108633677E-05
1.99025108633677E-05
1.99025108633677E-05
1.99025108633677E-05
1.99025108633677E-05
1.99025108633677E-05
1.99025108633677E-05
1.99025108633677E-05
1.99025108633677E-05
1.99025108633677E-05
1.99025108633677E-05
1.99025108633677E-05
1.99025108633677E-05
1.99025108633677E-05
1.99025108633677E-05
1.99025108633677E-05
1.99025108633677E-05
1.99025108633677E-05
1.99025108633677E-05
1.99025108633677E-05
1.99025108633677E-05
1.99025108633677E-05
1.99025108633677E-05
1.99025108633677E-05
1.99025108633677E-05
1.99025108633677E-05
1.99025108633677E-05
1.99025108633677E-05
1.99025108633677E-05
1.99025108633677E-05
1.99025108633677E-05
1.99025108633677E-05
1.99025108633677E-05
1.99025108633677E-05
1.99025108633677E-05
1.99025108633677E-05
1.99025108633677E-05
1.99025108633677E-05
1.99025108633677E-05
1.99025108633677E-05
1.99025108633677E-05
1.99025108633677E-05
1.99025108633677E-05
1.99025108633677E-05
1.99025108633677E-05
1.99025108633677E-05
1.99025108633677E-05
1.99025108633677E-05
1.99025108633677E-05
1.99025108633677E-05
1.99025108633677E-05
1.99025108633677E-05
1.99025108633677E-05
1.99025108633677E-05
1.99025108633677E-05
1.99025108633677E-05
1.99025108633677E-05
1.99025108633677E-05
1.99025108633677E-05
1.99025108633677E-05
1.99025108633677E-05
1.99025108633677E-05
1.99025108633677E-05
1.99025108633677E-05
1.99025108633677E-05
1.99025108633677E-05
1.99025108633677E-05
1.99025108633677E-05
1.99025108633677E-05
1.99025108633677E-05
1.99025108633677E-05
1.99025108633677E-05
1.99025108633677E-05
1.99025108633677E-05
1.99025108633677E-05
1.99025108633677E-05
1.99025108633677E-05
1.99025108633677E-05
1.99025108633677E-05
1.99025108633677E-05
1.99025108633677E-05
1.99025108633677E-05
1.99025108633677E-05
1.99025108633677E-05
1.99025108633677E-05
1.99025108633677E-05
1.99025108633677E-05
1.99025108633677E-05
1.99025108633677E-05
1.99025108633677E-05
1.99025108633677E-05
1.99025108633677E-05
1.99025108633677E-05
1.99025108633677E-05
1.99025108633677E-05
1.99025108633677E-05
1.99025108633677E-05
1.99025108633677E-05
1.99025108633677E-05
1.99025108633677E-05
1.99025108633677E-05
1.99025108633677E-05
1.99025108633677E-05
1.99025108633677E-05
1.99025108633677E-05
1.99025108633677E-05
1.99025108633677E-05
1.99025108633677E-05
1.99025108633677E-05
1.99025108633677E-05
1.99025108633677E-05
1.99025108633677E-05
1.99025108633677E-05
1.99025108633677E-05
1.99025108633677E-05
1.99025108633677E-05
1.99025108633677E-05
1.99025108633677E-05
1.99025108633677E-05
1.99025108633677E-05
1.99025108633677E-05
1.99025108633677E-05
1.99025108633677E-05
1.99025108633677E-05
1.99025108633677E-05
1.99025108633677E-05
1.99025108633677E-05
1.99025108633677E-05
1.99025108633677E-05
1.99025108633677E-05
1.99025108633677E-05
1.99025108633677E-05
1.99025108633677E-05
1.99025108633677E-05
1.99025108633677E-05
1.99025108633677E-05
1.99025108633677E-05
1.99025108633677E-05
1.99025108633677E-05
1.99025108633677E-05
1.99025108633677E-05
1.99025108633677E-05
1.99025108633677E-05
1.99025108633677E-05
1.99025108633677E-05
1.99025108633677E-05
1.99025108633677E-05
1.99025108633677E-05
1.99025108633677E-05
1.99025108633677E-05
1.99025108633677E-05
1.99025108633677E-05
1.99025108633677E-05
1.99025108633677E-05
1.99025108633677E-05
1.99025108633677E-05
1.99025108633677E-05
1.99025108633677E-05
1.99025108633677E-05
1.99025108633677E-05
1.99025108633677E-05
1.99025108633677E-05
1.99025108633677E-05
1.99025108633677E-05
1.99025108633677E-05
1.99025108633677E-05
1.99025108633677E-05
1.99025108633677E-05
1.99025108633677E-05
1.99025108633677E-05
1.99025108633677E-05
1.99025108633677E-05
1.99025108633677E-05
1.99025108633677E-05
1.99025108633677E-05
1.99025108633677E-05
1.99025108633677E-05
1.99025108633677E-05
1.99025108633677E-05
1.99025108633677E-05
1.99025108633677E-05
1.99025108633677E-05
1.99025108633677E-05
1.99025108633677E-05
1.99025108633677E-05
1.99025108633677E-05
1.99025108633677E-05
1.99025108633677E-05
1.99025108633677E-05
1.99025108633677E-05
1.99025108633677E-05
1.99025108633677E-05
1.99025108633677E-05
1.99025108633677E-05
1.99025108633677E-05
1.99025108633677E-05
1.99025108633677E-05
1.99025108633677E-05
1.99025108633677E-05
1.99025108633677E-05
1.99025108633677E-05
1.99025108633677E-05
1.99025108633677E-05
1.99025108633677E-05
1.99025108633677E-05
1.99025108633677E-05
1.99025108633677E-05
1.99025108633677E-05
1.99025108633677E-05
1.99025108633677E-05
1.99025108633677E-05
1.99025108633677E-05
1.99025108633677E-05
1.99025108633677E-05
1.99025108633677E-05
1.99025108633677E-05
1.99025108633677E-05
1.99025108633677E-05
1.99025108633677E-05
1.99025108633677E-05
1.99025108633677E-05
1.99025108633677E-05
1.99025108633677E-05
1.99025108633677E-05
1.99025108633677E-05
1.99025108633677E-05
1.99025108633677E-05
1.99025108633677E-05
1.99025108633677E-05
1.99025108633677E-05
1.99025108633677E-05
1.99025108633677E-05
1.99025108633677E-05
1.99025108633677E-05
1.99025108633677E-05
1.99025108633677E-05
1.99025108633677E-05
1.99025108633677E-05
1.99025108633677E-05
1.99025108633677E-05
1.99025108633677E-05
1.99025108633677E-05
1.99025108633677E-05
1.99025108633677E-05
1.99025108633677E-05
1.99025108633677E-05
1.99025108633677E-05
1.99025108633677E-05
1.99025108633677E-05
1.99025108633677E-05
1.99025108633677E-05
1.99025108633677E-05
1.99025108633677E-05
1.99025108633677E-05
1.99025108633677E-05
1.99025108633677E-05
1.99025108633677E-05
1.99025108633677E-05
1.99025108633677E-05
1.99025108633677E-05
1.99025108633677E-05
1.99025108633677E-05
1.99025108633677E-05
1.99025108633677E-05
1.99025108633677E-05
1.99025108633677E-05
1.99025108633677E-05
1.99025108633677E-05
1.99025108633677E-05
1.99025108633677E-05
1.99025108633677E-05
1.99025108633677E-05
1.99025108633677E-05
1.99025108633677E-05
1.99025108633677E-05
1.99025108633677E-05
1.99025108633677E-05
1.99025108633677E-05
1.99025108633677E-05
1.99025108633677E-05
1.99025108633677E-05
1.99025108633677E-05
1.99025108633677E-05
1.99025108633677E-05
1.99025108633677E-05
1.99025108633677E-05
1.99025108633677E-05
1.99025108633677E-05
1.99025108633677E-05
1.99025108633677E-05
1.99025108633677E-05
1.99025108633677E-05
1.99025108633677E-05
1.99025108633677E-05
1.99025108633677E-05
1.99025108633677E-05
1.99025108633677E-05
1.99025108633677E-05
1.99025108633677E-05
1.99025108633677E-05
1.99025108633677E-05
1.99025108633677E-05
1.99025108633677E-05
1.99025108633677E-05
1.99025108633677E-05
1.99025108633677E-05
1.99025108633677E-05
1.99025108633677E-05
1.99025108633677E-05
1.99025108633677E-05
1.99025108633677E-05
1.99025108633677E-05
1.99025108633677E-05
1.99025108633677E-05
1.99025108633677E-05
1.99025108633677E-05
1.99025108633677E-05
1.99025108633677E-05
1.99025108633677E-05
1.99025108633677E-05
1.99025108633677E-05
1.99025108633677E-05
1.99025108633677E-05
1.99025108633677E-05
1.99025108633677E-05
1.99025108633677E-05
1.99025108633677E-05
1.99025108633677E-05
1.99025108633677E-05

