0.0409989762464136
0.0409989762464136
0.0409989762464136
0.0409989762464136
0.0409989762464136
0.0409989762464136
0.0151145507626589
0.0151145507626589
0.0151145507626589
0.0073870101400918
0.00530320572368226
0.00530320572368226
0.0006815723205848
0.0006815723205848
0.000579132160913154
0.000488800158344183
0.000406769165390453
0.000376621414789335
0.000376621414789335
0.000373881518821118
0.000371788009743357
0.00037023034888134
0.00037023034888134
0.000369293596229614
0.000364571910283329
0.000364571910283329
0.000364060882812822
0.000364060882812822
0.000364048504324421
0.000364031546933319
0.000363997261363214
0.000363983268966694
0.000363981667540036
0.000363977126297044
0.000363977126297044
0.000363977067152466
0.000363977053797981
0.000363977019712969
0.000363977019712969
0.000363977002012239
0.000363977002012239
0.000363976966205659
0.000363976964593005
0.000363976952209522
0.000363976949191935
0.00036397694832041
0.000363976947819977
0.000363976947627354
0.000363976947549971
0.000363976947549971
0.000363976947549971
0.000363976947546807
0.000363976947546807
0.000363976947546751
0.000363976947546696
0.000363976947546696
0.000363976947546696
0.000363976947546696
0.000363976947546696
0.000363976947546696
0.000363976947546696
0.000363976947546696
0.000363976947546696
0.000363976947546696
0.000363976947546696
0.000363976947546696
0.000363976947546696
0.000363976947546696
0.000363976947546696
0.000363976947546696
0.000363976947546696
0.000363976947546696
0.000363976947546696
0.000363976947546696
0.000363976947546696
0.000363976947546696
0.000363976947546696
0.000363976947546696
0.000363976947546696
0.000363976947546696
0.000363976947546696
0.000363976947546696
0.000363976947546696
0.000363976947546696
0.000363976947546696
0.000363976947546696
0.000363976947546696
0.000363976947546696
0.000363976947546696
0.000363976947546696
0.000363976947546696
0.000363976947546696
0.000363976947546696
0.000363976947546696
0.000363976947546696
0.000363976947546696
0.000363976947546696
0.000363976947546696
0.000363976947546696
0.000363976947546696
0.000363976947546696
0.000363976947546696
0.000363976947546696
0.000363976947546696
0.000363976947546696
0.000363976947546696
0.000351972988037075
0.000254974959614573
0.000254974959614573
0.000209557601844934
0.000174265822293906
6.16712366796612E-05
6.16712366796612E-05
6.14890778896093E-05
5.37001882494614E-05
5.37001882494614E-05
3.73091441601137E-05
8.71866867113713E-06
8.53219294588703E-06
4.71303991073091E-06
4.71303991073091E-06
4.58868974834159E-06
4.52454352212195E-06
4.42784550169772E-06
4.41871605272315E-06
4.41871605272315E-06
4.41871605272315E-06
4.41871605272315E-06
4.41844907195232E-06
4.41844907195232E-06
4.41841981041469E-06
4.41833121356261E-06
4.41830458064452E-06
4.41830066344462E-06
4.41829139452565E-06
4.41829139452565E-06
4.41829139452565E-06
4.41829000097371E-06
4.41828972019831E-06
4.4182893647049E-06
4.41828908825936E-06
4.41828900288321E-06
4.41828899716556E-06
4.41828895525465E-06
4.41828895036966E-06
4.41828894987006E-06
4.41828894831575E-06
4.41828894831575E-06
4.41828894792717E-06
4.41828894787166E-06
4.41828894787166E-06
4.41828894787166E-06
4.41828894787166E-06
4.41828894787166E-06
4.41828894787166E-06
4.41828894787166E-06
4.41828894787166E-06
4.41828894787166E-06
4.41828894787166E-06
4.41828894787166E-06
4.41828894787166E-06
4.41828894787166E-06
4.41828894787166E-06
4.41828894787166E-06
4.41828894787166E-06
4.41828894787166E-06
4.41828894787166E-06
4.41828894787166E-06
4.41828894787166E-06
4.41828894787166E-06
4.41828894787166E-06
4.41828894787166E-06
4.41828894787166E-06
4.41828894787166E-06
4.41828894787166E-06
4.41828894787166E-06
4.41828894787166E-06
4.41828894787166E-06
4.41828894787166E-06
4.41828894787166E-06
4.41828894787166E-06
4.41828894787166E-06
4.41828894787166E-06
4.41828894787166E-06
4.41828894787166E-06
4.41828894787166E-06
4.41828894787166E-06
4.41828894787166E-06
4.41828894787166E-06
4.41828894787166E-06
4.41828894787166E-06
4.41828894787166E-06
4.41828894787166E-06
4.41828894787166E-06
4.41828894787166E-06
4.41828894787166E-06
4.41828894787166E-06
4.41828894787166E-06
4.41828894787166E-06
4.41828894787166E-06
4.41828894787166E-06
4.41828894787166E-06
4.41828894787166E-06
4.41828894787166E-06
4.41828894787166E-06
4.41828894787166E-06
4.41828894787166E-06
4.41828894787166E-06
4.41828894787166E-06
4.41828894787166E-06
4.41828894787166E-06
4.41828894787166E-06
6.64043826370531E-07
6.64043826370531E-07
2.90146379477996E-07
2.90146379477996E-07
2.10493088181885E-07
2.39936395751705E-08
2.39936395751705E-08
1.89346968659798E-08
9.46995359907277E-09
4.2206443340298E-09
2.43826558943283E-09
1.45935868944846E-09
3.9748254687666E-10
6.32361385477509E-11
6.32361385477509E-11
1.70573000168872E-11
1.70573000168872E-11
7.44793116069786E-12
7.44793116069786E-12
2.46663800496094E-12
9.25759469083687E-13
7.38520355980654E-13
1.31117339208231E-13
1.31117339208231E-13
1.18127729820117E-13
5.97299987248334E-14
1.03805852802452E-14
7.7715611723761E-15
2.38697950294409E-15
1.88737914186277E-15
7.7715611723761E-16
7.7715611723761E-16
7.7715611723761E-16
7.21644966006352E-16
7.21644966006352E-16
7.21644966006352E-16
7.21644966006352E-16
7.21644966006352E-16
7.21644966006352E-16
7.21644966006352E-16
7.21644966006352E-16
7.21644966006352E-16
7.21644966006352E-16
7.21644966006352E-16
7.21644966006352E-16
7.21644966006352E-16
7.21644966006352E-16
7.21644966006352E-16
7.21644966006352E-16
7.21644966006352E-16
7.21644966006352E-16
7.21644966006352E-16
7.21644966006352E-16
7.21644966006352E-16
7.21644966006352E-16
7.21644966006352E-16
7.21644966006352E-16
7.21644966006352E-16
7.21644966006352E-16
7.21644966006352E-16
7.21644966006352E-16
7.21644966006352E-16
7.21644966006352E-16
7.21644966006352E-16
7.21644966006352E-16
7.21644966006352E-16
7.21644966006352E-16
7.21644966006352E-16
7.21644966006352E-16
7.21644966006352E-16
7.21644966006352E-16
7.21644966006352E-16
7.21644966006352E-16
7.21644966006352E-16
7.21644966006352E-16
7.21644966006352E-16
7.21644966006352E-16
7.21644966006352E-16
7.21644966006352E-16
7.21644966006352E-16
7.21644966006352E-16
7.21644966006352E-16
7.21644966006352E-16
7.21644966006352E-16
7.21644966006352E-16
7.21644966006352E-16
7.21644966006352E-16
7.21644966006352E-16
7.21644966006352E-16
7.21644966006352E-16
7.21644966006352E-16
7.21644966006352E-16
7.21644966006352E-16
7.21644966006352E-16
7.21644966006352E-16
7.21644966006352E-16
7.21644966006352E-16
7.21644966006352E-16
7.21644966006352E-16
7.21644966006352E-16
7.21644966006352E-16
7.21644966006352E-16
7.21644966006352E-16
7.21644966006352E-16
7.21644966006352E-16
7.21644966006352E-16
7.21644966006352E-16
7.21644966006352E-16
7.21644966006352E-16
7.21644966006352E-16
7.21644966006352E-16
7.21644966006352E-16
7.21644966006352E-16
7.21644966006352E-16
7.21644966006352E-16
7.21644966006352E-16
7.21644966006352E-16
7.21644966006352E-16
7.21644966006352E-16
7.21644966006352E-16
7.21644966006352E-16
7.21644966006352E-16
7.21644966006352E-16
7.21644966006352E-16
7.21644966006352E-16
7.21644966006352E-16
7.21644966006352E-16
7.21644966006352E-16
7.21644966006352E-16
7.21644966006352E-16
7.21644966006352E-16
7.21644966006352E-16
7.21644966006352E-16
7.21644966006352E-16
7.21644966006352E-16
7.21644966006352E-16
7.21644966006352E-16
7.21644966006352E-16
7.21644966006352E-16
7.21644966006352E-16
7.21644966006352E-16
7.21644966006352E-16
7.21644966006352E-16
7.21644966006352E-16
7.21644966006352E-16
7.21644966006352E-16
7.21644966006352E-16
7.21644966006352E-16
7.21644966006352E-16
7.21644966006352E-16
7.21644966006352E-16
7.21644966006352E-16
7.21644966006352E-16
7.21644966006352E-16
7.21644966006352E-16
7.21644966006352E-16
7.21644966006352E-16
7.21644966006352E-16
7.21644966006352E-16
7.21644966006352E-16
7.21644966006352E-16
7.21644966006352E-16
7.21644966006352E-16
7.21644966006352E-16
7.21644966006352E-16
7.21644966006352E-16
7.21644966006352E-16
7.21644966006352E-16
7.21644966006352E-16
7.21644966006352E-16
7.21644966006352E-16
7.21644966006352E-16
7.21644966006352E-16
7.21644966006352E-16
7.21644966006352E-16
7.21644966006352E-16
7.21644966006352E-16
7.21644966006352E-16
7.21644966006352E-16
7.21644966006352E-16
7.21644966006352E-16
7.21644966006352E-16
7.21644966006352E-16
7.21644966006352E-16
7.21644966006352E-16
7.21644966006352E-16
7.21644966006352E-16
7.21644966006352E-16
7.21644966006352E-16
7.21644966006352E-16
7.21644966006352E-16
7.21644966006352E-16
7.21644966006352E-16
7.21644966006352E-16
7.21644966006352E-16
7.21644966006352E-16
7.21644966006352E-16
7.21644966006352E-16
7.21644966006352E-16
7.21644966006352E-16
7.21644966006352E-16
7.21644966006352E-16
7.21644966006352E-16
7.21644966006352E-16
7.21644966006352E-16
7.21644966006352E-16
7.21644966006352E-16
7.21644966006352E-16
7.21644966006352E-16
7.21644966006352E-16
7.21644966006352E-16
7.21644966006352E-16
7.21644966006352E-16
7.21644966006352E-16
7.21644966006352E-16
7.21644966006352E-16
7.21644966006352E-16
7.21644966006352E-16
7.21644966006352E-16
7.21644966006352E-16
7.21644966006352E-16
7.21644966006352E-16
7.21644966006352E-16
7.21644966006352E-16
7.21644966006352E-16
7.21644966006352E-16
7.21644966006352E-16
7.21644966006352E-16
7.21644966006352E-16
7.21644966006352E-16
7.21644966006352E-16
7.21644966006352E-16
7.21644966006352E-16
7.21644966006352E-16
7.21644966006352E-16
7.21644966006352E-16
7.21644966006352E-16
7.21644966006352E-16
7.21644966006352E-16
7.21644966006352E-16
7.21644966006352E-16
7.21644966006352E-16
7.21644966006352E-16
7.21644966006352E-16
7.21644966006352E-16
7.21644966006352E-16
7.21644966006352E-16
7.21644966006352E-16
7.21644966006352E-16
7.21644966006352E-16
7.21644966006352E-16
7.21644966006352E-16
7.21644966006352E-16
7.21644966006352E-16
7.21644966006352E-16
7.21644966006352E-16
7.21644966006352E-16
7.21644966006352E-16
7.21644966006352E-16
7.21644966006352E-16
7.21644966006352E-16
7.21644966006352E-16
7.21644966006352E-16
7.21644966006352E-16
7.21644966006352E-16
7.21644966006352E-16
7.21644966006352E-16
7.21644966006352E-16
7.21644966006352E-16
7.21644966006352E-16
7.21644966006352E-16
7.21644966006352E-16
7.21644966006352E-16
7.21644966006352E-16
7.21644966006352E-16
7.21644966006352E-16
7.21644966006352E-16
7.21644966006352E-16
7.21644966006352E-16
7.21644966006352E-16
7.21644966006352E-16
7.21644966006352E-16
7.21644966006352E-16
7.21644966006352E-16
7.21644966006352E-16
7.21644966006352E-16
7.21644966006352E-16
7.21644966006352E-16

