0.0695496807742524
0.0695496807742524
0.0651006017328188
0.0391152245359359
0.0391152245359359
0.0391152245359359
0.0391152245359359
0.0391152245359359
0.0107868028833644
0.0107868028833644
0.0107868028833644
0.0107868028833644
0.0107868028833644
0.0107868028833644
0.0107868028833644
0.0107868028833644
0.0107868028833644
0.0107868028833644
0.0107868028833644
0.00601223485888369
0.00601223485888369
0.00601223485888369
0.00601223485888369
0.00444946071305818
0.00444946071305818
0.00444946071305818
0.00444946071305818
0.00444946071305818
0.00444946071305818
0.00444946071305818
0.00444946071305818
0.00444946071305818
0.00444946071305818
0.00444946071305818
0.00431940350036564
0.00431940350036564
0.00431940350036564
0.00431940350036564
0.00431940350036564
0.00431940350036564
0.00431940350036564
0.00419686579312739
0.00419686579312739
0.00419686579312739
0.00419686579312739
0.00419686579312739
0.00419686579312739
0.00419686579312739
0.00419686579312739
0.00419686579312739
0.00419686579312739
0.00419686579312739
0.00419686579312739
0.00419686579312739
0.00419686579312739
0.00419686579312739
0.00419686579312739
0.00419686579312739
0.00419686579312739
0.00419686579312739
0.00419686579312739
0.00419686579312739
0.00419686579312739
0.00419686579312739
0.00401648882782901
0.00401648882782901
0.00401648882782901
0.00401648882782901
0.00401648882782901
0.00401648882782901
0.00401648882782901
0.00401648882782901
0.00401648882782901
0.00401648882782901
0.00401648882782901
0.00401648882782901
0.00401648882782901
0.00401648882782901
0.00401648882782901
0.00401648882782901
0.00401648882782901
0.00401648882782901
0.00401648882782901
0.00401648882782901
0.00401648882782901
0.00401648882782901
0.00401648882782901
0.00401648882782901
0.00401648882782901
0.00401648882782901
0.00401648882782901
0.00401648882782901
0.00401648882782901
0.00401648882782901
0.00401648882782901
0.00401648882782901
0.00401648882782901
0.00401648882782901
0.00401648882782901
0.00401648882782901
0.00401648882782901
0.00401648882782901
0.00401648882782901
0.00401648882782901
0.00401648882782901
0.00401648882782901
0.00401648882782901
0.00401648882782901
0.00401648882782901
0.00401648882782901
0.00401648882782901
0.00401648882782901
0.00401648882782901
0.00401648882782901
0.00401648882782901
0.00401648882782901
0.00401648882782901
0.00401648882782901
0.00401648882782901
0.00401648882782901
0.00401648882782901
0.00401648882782901
0.00401648882782901
0.00401648882782901
0.00401648882782901
0.00401648882782901
0.00401648882782901
0.00401648882782901
0.00401648882782901
0.00401648882782901
0.00401648882782901
0.00401648882782901
0.00401648882782901
0.00401648882782901
0.00401648882782901
0.00401648882782901
0.00401648882782901
0.00401648882782901
0.00401648882782901
0.00401648882782901
0.00401648882782901
0.00401648882782901
0.00401648882782901
0.00401648882782901
0.00401648882782901
0.00401648882782901
0.00401648882782901
0.00401648882782901
0.00401648882782901
0.00401648882782901
0.00401648882782901
0.00401648882782901
0.00401648882782901
0.00401648882782901
0.00401648882782901
0.00401648882782901
0.00401648882782901
0.00401648882782901
0.00401648882782901
0.00401648882782901
0.00401648882782901
0.00401648882782901
0.00401648882782901
0.00401648882782901
0.00401648882782901
0.00401648882782901
0.00401648882782901
0.00401648882782901
0.00401648882782901
0.00401648882782901
0.00401648882782901
0.00401648882782901
0.00401648882782901
0.00401648882782901
0.00401648882782901
0.00401648882782901
0.00401648882782901
0.00401648882782901
0.00401648882782901
0.00401648882782901
0.00401648882782901
0.00401648882782901
0.00401648882782901
0.00401648882782901
0.00401648882782901
0.00401648882782901
0.00401648882782901
0.00401648882782901
0.00401648882782901
0.00401648882782901
0.00401648882782901
0.00401648882782901
0.00401648882782901
0.00401648882782901
0.00401648882782901
0.00401648882782901
0.00401648882782901
0.00401648882782901
0.00401648882782901
0.00401648882782901
0.00401648882782901
0.00401648882782901
0.00401648882782901
0.00401648882782901
0.00401648882782901
0.00401648882782901
0.00401648882782901
0.00401648882782901
0.00401648882782901
0.00401648882782901
0.00401648882782901
0.00401648882782901
0.00401648882782901
0.00401648882782901
0.00401648882782901
0.00401648882782901
0.00401648882782901
0.00401648882782901
0.00401648882782901
0.00401648882782901
0.00401648882782901
0.00401648882782901
0.00401648882782901
0.00401648882782901
0.00401648882782901
0.00401648882782901
0.00401648882782901
0.00401648882782901
0.00401648882782901
0.00401648882782901
0.00401648882782901
0.00401648882782901
0.00401648882782901
0.00401648882782901
0.00401648882782901
0.00401648882782901
0.00401648882782901
0.00401648882782901
0.00401648882782901
0.00401648882782901
0.00401648882782901
0.00401648882782901
0.00401648882782901
0.00401648882782901
0.00401648882782901
0.00401648882782901
0.00401648882782901
0.00401648882782901
0.00401648882782901
0.00401648882782901
0.00401648882782901
0.00401648882782901
0.00401648882782901
0.00401648882782901
0.00401648882782901
0.00401648882782901
0.00401648882782901
0.00401648882782901
0.00401648882782901
0.00401648882782901
0.00401648882782901
0.00401648882782901
0.00401648882782901
0.00401648882782901
0.00401648882782901
0.00401648882782901
0.00401648882782901
0.00401648882782901
0.00401648882782901
0.00401648882782901
0.00401648882782901
0.00401648882782901
0.00401648882782901
0.00401648882782901
0.00401648882782901
0.00401648882782901
0.00401648882782901
0.00401648882782901
0.00401648882782901
0.00401648882782901
0.00401648882782901
0.00401648882782901
0.00401648882782901
0.00401648882782901
0.00401648882782901
0.00401648882782901
0.00401648882782901
0.00401648882782901
0.00401648882782901
0.00401648882782901
0.00401648882782901
0.00401648882782901
0.00401648882782901
0.00401648882782901
0.00401648882782901
0.00401648882782901
0.00401648882782901
0.00401648882782901
0.00401648882782901
0.00401648882782901
0.00401648882782901
0.00401648882782901
0.00401648882782901
0.00401648882782901
0.00401648882782901
0.00401648882782901
0.00401648882782901
0.00401648882782901
0.00401648882782901
0.00401648882782901
0.00401648882782901
0.00401648882782901
0.00401648882782901
0.00362235338980521
0.00362235338980521
0.00362235338980521
0.00362235338980521
0.00362235338980521
0.00104390703986657
0.00104390703986657
0.00104390703986657
0.00104390703986657
0.00104390703986657
0.00104390703986657
0.00104390703986657
0.00104390703986657
0.00104390703986657
0.00104390703986657
0.00104390703986657
0.00104390703986657
0.00104390703986657
0.00104390703986657
0.00104390703986657
0.00104390703986657
0.00104390703986657
0.00104390703986657
0.00104390703986657
0.00104390703986657
0.00104390703986657
0.00104390703986657
0.00104390703986657
0.00104390703986657
0.00104390703986657
0.00104390703986657
0.00104390703986657
0.00104390703986657
0.00104390703986657
0.00104390703986657
0.00104390703986657
0.00104390703986657
0.00104390703986657
0.00104390703986657
0.00104390703986657
0.00104390703986657
0.00104390703986657
0.00104390703986657
0.00104390703986657
0.00104390703986657
0.00104390703986657
0.00104390703986657
0.00104390703986657
0.00104390703986657
0.00104390703986657
0.00104390703986657
0.00104390703986657
0.00104390703986657
0.00104390703986657
0.00104390703986657
0.00104390703986657
0.00104390703986657
0.00104390703986657
0.00104390703986657
0.00104390703986657
0.00104390703986657
0.00104390703986657
0.00104390703986657
0.00104390703986657
0.00104390703986657
0.00104390703986657
0.00104390703986657
0.00104390703986657
0.00104390703986657
0.00104390703986657
0.00104390703986657
0.00104390703986657
0.00104390703986657
0.00104390703986657
0.00104390703986657
0.00104390703986657
0.00104390703986657
0.00104390703986657
0.00104390703986657
0.00104390703986657
0.00104390703986657
0.00104390703986657
0.00104390703986657
0.00104390703986657
0.00104390703986657
0.00104390703986657
0.00104390703986657
0.00104390703986657
0.00104390703986657
0.00104390703986657
0.00104390703986657
0.00104390703986657
0.00104390703986657
0.00104390703986657
0.00104390703986657
0.00104390703986657
0.00104390703986657
0.00104390703986657
0.00104390703986657
0.00104390703986657
0.00104390703986657
0.00104390703986657
0.00104390703986657
0.00104390703986657
0.00104390703986657
0.00104390703986657
0.00104390703986657
0.00104390703986657
0.00104390703986657
0.00104390703986657
0.00104390703986657
0.00104390703986657
0.00104390703986657
0.00104390703986657
0.00104390703986657
0.00104390703986657
0.00104390703986657
0.00104390703986657
0.00104390703986657
0.00104390703986657
0.00104390703986657
0.00104390703986657
0.00104390703986657
0.00104390703986657
0.00104390703986657
0.00104390703986657
0.00104390703986657
0.00104390703986657
0.00104390703986657
0.00104390703986657
0.00104390703986657
0.00104390703986657
0.00104390703986657
0.00104390703986657
0.00104390703986657
0.00104390703986657
0.00104390703986657
0.00104390703986657
0.00104390703986657
0.00104390703986657
0.00104390703986657
0.00104390703986657
0.00104390703986657
0.00104390703986657
0.00104390703986657
0.00104390703986657
0.00104390703986657
0.00104390703986657
0.00104390703986657
0.00104390703986657
0.00104390703986657
0.00104390703986657
0.00104390703986657
0.00104390703986657
0.00104390703986657
0.00104390703986657
0.00104390703986657
0.00104390703986657
0.00104390703986657
0.00104390703986657
0.00104390703986657
0.00104390703986657
0.00104390703986657
0.00104390703986657
0.00104390703986657
0.00104390703986657
0.00104390703986657
0.00104390703986657
0.00104390703986657
0.00104390703986657
0.00104390703986657
0.00104390703986657
0.00104390703986657
0.00104390703986657
0.00104390703986657
0.00104390703986657
0.00104390703986657
0.00104390703986657
0.00104390703986657
0.00104390703986657
0.00104390703986657
0.00104390703986657
0.00104390703986657
0.00104390703986657
0.00104390703986657
0.00104390703986657
0.00104390703986657

