0.0813792167173183
0.0813792167173183
0.0813792167173183
0.0813792167173183
0.0813792167173183
0.0738684491561615
0.0624069522833504
0.0593631786848465
0.0593631786848465
0.0593631786848465
0.0534297445226458
0.0534297445226458
0.0534297445226458
0.0534297445226458
0.0534297445226458
0.0534297445226458
0.0534297445226458
0.0534297445226458
0.0474274934084622
0.0474274934084622
0.0474274934084622
0.0474274934084622
0.0474274934084622
0.0474274934084622
0.0443396913218415
0.0443396913218415
0.0443396913218415
0.0443396913218415
0.0443396913218415
0.0443396913218415
0.0443396913218415
0.0443396913218415
0.0443396913218415
0.0443396913218415
0.0443396913218415
0.0443396913218415
0.0443396913218415
0.0443396913218415
0.0443396913218415
0.0443396913218415
0.0443396913218415
0.0443396913218415
0.0443396913218415
0.0443396913218415
0.0443396913218415
0.0443396913218415
0.0443396913218415
0.0443396913218415
0.0443396913218415
0.0443396913218415
0.0324508477262442
0.0324508477262442
0.0324508477262442
0.0324508477262442
0.0324508477262442
0.0324508477262442
0.0324508477262442
0.0324508477262442
0.0324508477262442
0.0324508477262442
0.0324508477262442
0.0324508477262442
0.0324508477262442
0.0324508477262442
0.0324508477262442
0.0324508477262442
0.0324508477262442
0.0324508477262442
0.0324508477262442
0.0324508477262442
0.0324508477262442
0.0324508477262442
0.0324508477262442
0.0324508477262442
0.0324508477262442
0.0324508477262442
0.0324508477262442
0.0324508477262442
0.0324508477262442
0.0324508477262442
0.0324508477262442
0.0324508477262442
0.0324508477262442
0.0324508477262442
0.0324508477262442
0.0324508477262442
0.0324508477262442
0.0324508477262442
0.0324508477262442
0.0324508477262442
0.0324508477262442
0.0324508477262442
0.0324508477262442
0.0324508477262442
0.0324508477262442
0.0324508477262442
0.0324508477262442
0.0324508477262442
0.0324508477262442
0.0324508477262442
0.0324508477262442
0.0324508477262442
0.0324508477262442
0.0324508477262442
0.0324508477262442
0.0324508477262442
0.0324508477262442
0.0324508477262442
0.0324508477262442
0.0133895632566534
0.0133895632566534
0.0133895632566534
0.00925479552812869
0.00925479552812869
0.00925479552812869
0.00925479552812869
0.00925479552812869
0.00925479552812869
0.00925479552812869
0.00925479552812869
0.00925479552812869
0.00925479552812869
0.00925479552812869
0.00925479552812869
0.00925479552812869
0.00925479552812869
0.00925479552812869
0.00925479552812869
0.00925479552812869
0.00925479552812869
0.00925479552812869
0.00925479552812869
0.00925479552812869
0.00925479552812869
0.00925479552812869
0.00884670235055884
0.00884670235055884
0.00884670235055884
0.00884670235055884
0.00884670235055884
0.00884670235055884
0.00884670235055884
0.00884670235055884
0.00884670235055884
0.00884670235055884
0.00884670235055884
0.00884670235055884
0.00884670235055884
0.00884670235055884
0.00884670235055884
0.00884670235055884
0.00884670235055884
0.00884670235055884
0.00884670235055884
0.00884670235055884
0.00884670235055884
0.00884670235055884
0.00884670235055884
0.00884670235055884
0.00884670235055884
0.00884670235055884
0.00884670235055884
0.00884670235055884
0.00884670235055884
0.00884670235055884
0.00884670235055884
0.00884670235055884
0.00461428236053874
0.00461428236053874
0.00461428236053874
0.00461428236053874
0.00461428236053874
0.00461428236053874
0.00461428236053874
0.00461428236053874
0.00461428236053874
0.00461428236053874
0.00461428236053874
0.00461428236053874
0.00461428236053874
0.00461428236053874
0.00461428236053874
0.00461428236053874
0.00461428236053874
0.00461428236053874
0.00461428236053874
0.00461428236053874
0.00461428236053874
0.00461428236053874
0.00461428236053874
0.00461428236053874
0.00461428236053874
0.00461428236053874
0.00461428236053874
0.00461428236053874
0.00461428236053874
0.00461428236053874
0.00461428236053874
0.00461428236053874
0.00461428236053874
0.00461428236053874
0.00461428236053874
0.00461428236053874
0.00461428236053874
0.00461428236053874
0.00461428236053874
0.00461428236053874
0.00461428236053874
0.00461428236053874
0.00461428236053874
0.00461428236053874
0.00461428236053874
0.00461428236053874
0.00461428236053874
0.00461428236053874
0.00461428236053874
0.00461428236053874
0.00461428236053874
0.00461428236053874
0.00461428236053874
0.00461428236053874
0.00461428236053874
0.00461428236053874
0.00461428236053874
0.00461428236053874
0.00461428236053874
0.00461428236053874
0.00461428236053874
0.00461428236053874
0.00461428236053874
0.00461428236053874
0.00461428236053874
0.00461428236053874
0.00461428236053874
0.00461428236053874
0.00461428236053874
0.00461428236053874
0.00461428236053874
0.00461428236053874
0.00461428236053874
0.00461428236053874
0.00461428236053874
0.00461428236053874
0.00461428236053874
0.00461428236053874
0.00461428236053874
0.00461428236053874
0.00461428236053874
0.00461428236053874
0.00461428236053874
0.00461428236053874
0.00461428236053874
0.00461428236053874
0.00461428236053874
0.00461428236053874
0.00461428236053874
0.00461428236053874
0.00461428236053874
0.00461428236053874
0.00461428236053874
0.00461428236053874
0.00461428236053874
0.00461428236053874
0.00461428236053874
0.00461428236053874
0.00461428236053874
0.00461428236053874
0.00461428236053874
0.00461428236053874
0.00461428236053874
0.00461428236053874
0.00461428236053874
0.00461428236053874
0.00461428236053874
0.00461428236053874
0.00461428236053874
0.00461428236053874
0.00461428236053874
0.00461428236053874
0.00461428236053874
0.00461428236053874
0.00461428236053874
0.00461428236053874
0.00461428236053874
0.00461428236053874
0.00461428236053874
0.00461428236053874
0.00461428236053874
0.00461428236053874
0.00461428236053874
0.00461428236053874
0.00461428236053874
0.00461428236053874
0.00461428236053874
0.00461428236053874
0.00461428236053874
0.00461428236053874
0.00461428236053874
0.00461428236053874
0.00461428236053874
0.00461428236053874
0.00461428236053874
0.00461428236053874
0.00461428236053874
0.00461428236053874
0.00461428236053874
0.00461428236053874
0.00461428236053874
0.00461428236053874
0.00461428236053874
0.00461428236053874
0.00461428236053874
0.00461428236053874
0.00461428236053874
0.00461428236053874
0.00461428236053874
0.00461428236053874
0.00461428236053874
0.00461428236053874
0.00461428236053874
0.00461428236053874
0.00461428236053874
0.00461428236053874
0.00461428236053874
0.00461428236053874
0.00461428236053874
0.00461428236053874
0.00461428236053874
0.00461428236053874
0.00461428236053874
0.00461428236053874
0.00461428236053874
0.00461428236053874
0.00461428236053874
0.00461428236053874
0.00461428236053874
0.00461428236053874
0.00461428236053874
0.00461428236053874
0.00461428236053874
0.00461428236053874
0.00461428236053874
0.00461428236053874
0.00461428236053874
0.00461428236053874
0.00461428236053874
0.00461428236053874
0.00461428236053874
0.00461428236053874
0.00461428236053874
0.00461428236053874
0.00461428236053874
0.00461428236053874
0.00461428236053874
0.00461428236053874
0.00461428236053874
0.00461428236053874
0.00461428236053874
0.00461428236053874
0.00461428236053874
0.00461428236053874
0.00461428236053874
0.00461428236053874
0.00461428236053874
0.00461428236053874
0.00461428236053874
0.00461428236053874
0.00461428236053874
0.00461428236053874
0.00461428236053874
0.00461428236053874
0.00461428236053874
0.00461428236053874
0.00461428236053874
0.00461428236053874
0.00461428236053874
0.00461428236053874
0.00461428236053874
0.00461428236053874
0.00461428236053874
0.00461428236053874
0.00461428236053874
0.00461428236053874
0.00461428236053874
0.00461428236053874
0.00461428236053874
0.00461428236053874
0.00461428236053874
0.00461428236053874
0.00461428236053874
0.00461428236053874
0.00461428236053874
0.00461428236053874
0.00461428236053874
0.00461428236053874
0.00461428236053874
0.00461428236053874
0.00461428236053874
0.00461428236053874
0.00461428236053874
0.00461428236053874
0.00461428236053874
0.00461428236053874
0.00461428236053874
0.00461428236053874
0.00461428236053874
0.00461428236053874
0.00461428236053874
0.00461428236053874
0.00461428236053874
0.00461428236053874
0.00461428236053874
0.00461428236053874
0.00461428236053874
0.00461428236053874
0.00461428236053874
0.00461428236053874
0.00461428236053874
0.00461428236053874
0.00461428236053874
0.00461428236053874
0.00461428236053874
0.00461428236053874
0.00461428236053874
0.00461428236053874
0.00461428236053874
0.00461428236053874
0.00461428236053874
0.00461428236053874
0.00461428236053874
0.00461428236053874
0.00461428236053874
0.00461428236053874
0.00461428236053874
0.00461428236053874
0.00461428236053874
0.00461428236053874
0.00461428236053874
0.00461428236053874
0.00461428236053874
0.00461428236053874
0.00461428236053874
0.00461428236053874
0.00461428236053874
0.00461428236053874
0.00461428236053874
0.00461428236053874
0.00461428236053874
0.00461428236053874
0.00461428236053874
0.00461428236053874
0.00461428236053874
0.00461428236053874
0.00461428236053874
0.00461428236053874
0.00461428236053874
0.00461428236053874
0.00461428236053874
0.00461428236053874
0.00461428236053874
0.00461428236053874
0.00461428236053874
0.00461428236053874
0.00461428236053874
0.00461428236053874
0.00461428236053874
0.00461428236053874
0.00461428236053874
0.00461428236053874
0.00461428236053874
0.00461428236053874
0.00461428236053874
0.00461428236053874
0.00461428236053874
0.00461428236053874
0.00461428236053874
0.00461428236053874
0.00461428236053874
0.00461428236053874
0.00461428236053874
0.00461428236053874
0.00461428236053874
0.00461428236053874
0.00461428236053874
0.00461428236053874
0.00461428236053874
0.00461428236053874
0.00461428236053874
0.00461428236053874
0.00461428236053874
0.00461428236053874
0.00461428236053874
0.00461428236053874
0.00461428236053874
0.00461428236053874
0.00461428236053874
0.00461428236053874
0.00461428236053874
0.00461428236053874
0.00461428236053874

