0.0344222070561673
0.0344222070561673
0.0344222070561673
0.0344222070561673
0.0255002308909212
0.0255002308909212
0.0149353343357231
0.0149353343357231
0.0149353343357231
0.0149353343357231
0.00858471971313579
0.00858471971313579
0.00858471971313579
0.00858471971313579
0.00858471971313579
0.00858471971313579
0.00858471971313579
0.00688586880337738
0.00688586880337738
0.00688586880337738
0.00688586880337738
0.00688586880337738
0.00688586880337738
0.00688586880337738
0.00688586880337738
0.00688586880337738
0.00688586880337738
0.00688586880337738
0.00688586880337738
0.00688586880337738
0.00688586880337738
0.00688586880337738
0.00688586880337738
0.00688586880337738
0.00688586880337738
0.00688586880337738
0.00688586880337738
0.00688586880337738
0.00688586880337738
0.00688586880337738
0.00688586880337738
0.00688586880337738
0.00688586880337738
0.00688586880337738
0.00688586880337738
0.00688586880337738
0.00688586880337738
0.00688586880337738
0.00688586880337738
0.00688586880337738
0.00688586880337738
0.00688586880337738
0.00688586880337738
0.00688586880337738
0.00688586880337738
0.00688586880337738
0.00688586880337738
0.00688586880337738
0.0055532105464895
0.0055532105464895
0.0055532105464895
0.0055532105464895
0.0055532105464895
0.0055532105464895
0.0055532105464895
0.0055532105464895
0.0055532105464895
0.0055532105464895
0.0055532105464895
0.0055532105464895
0.0055532105464895
0.0055532105464895
0.0055532105464895
0.0055532105464895
0.0055532105464895
0.0055532105464895
0.0055532105464895
0.0055532105464895
0.0055532105464895
0.0055532105464895
0.0055532105464895
0.0055532105464895
0.0055532105464895
0.0055532105464895
0.0055532105464895
0.0055532105464895
0.0055532105464895
0.0055532105464895
0.0055532105464895
0.0055532105464895
0.0055532105464895
0.0055532105464895
0.0055532105464895
0.0055532105464895
0.0055532105464895
0.0055532105464895
0.0055532105464895
0.0055532105464895
0.0055532105464895
0.0055532105464895
0.0055532105464895
0.0055532105464895
0.0055532105464895
0.0055532105464895
0.0055532105464895
0.0055532105464895
0.0055532105464895
0.0055532105464895
0.0055532105464895
0.0055532105464895
0.0055532105464895
0.0055532105464895
0.0055532105464895
0.00555088090791134
0.00555088090791134
0.00555088090791134
0.00555088090791134
0.00555088090791134
0.00555088090791134
0.00555088090791134
0.00555088090791134
0.00555088090791134
0.00555088090791134
0.00555088090791134
0.00555088090791134
0.00555088090791134
0.00555088090791134
0.00555088090791134
0.00555088090791134
0.00555088090791134
0.00555088090791134
0.00555088090791134
0.00555088090791134
0.00555088090791134
0.00555088090791134
0.00555088090791134
0.00555088090791134
0.00555088090791134
0.00555088090791134
0.00555088090791134
0.00555088090791134
0.00555088090791134
0.00555088090791134
0.00555088090791134
0.00555088090791134
0.00555088090791134
0.00555088090791134
0.00555084815252449
0.00555084815252449
0.00555084815252449
0.00555084815252449
0.00555084815252449
0.00555084815252449
0.00555084815252449
0.00555084815252449
0.00555084815252449
0.00555084815252449
0.00555084815252449
0.00555084815252449
0.00555084815252449
0.00555084815252449
0.00555084815252449
0.00555084815252449
0.00555084815252449
0.00555084815252449
0.00555084815252449
0.00555084815252449
0.00555084815252449
0.00555084815252449
0.00555084815252449
0.00555084815252449
0.00555084815252449
0.00555084815252449
0.00555084815252449
0.00555084815252449
0.00555084815252449
0.00555084815252449
0.00555084815252449
0.00555084815252449
0.00555084815252449
0.00555084815252449
0.00555084815252449
0.00555084815252449
0.00555084815252449
0.00555084815252449
0.00555084815252449
0.00555084815252449
0.00555084815252449
0.00555084815252449
0.00555084815252449
0.00555084815252449
0.00555084815252449
0.00555084815252449
0.00555084815252449
0.00555084815252449
0.00555084815252449
0.00555084815252449
0.00555084815252449
0.00555084815252449
0.00555084815252449
0.00555084815252449
0.00555084815252449
0.00555084815252449
0.00555084815252449
0.00555084815252449
0.00555084815252449
0.00555084815252449
0.00555084815252449
0.00555084815252449
0.00555084815252449
0.00555084815252449
0.00555084815252449
0.00555084815252449
0.00555084815252449
0.00555084815252449
0.00555084815252449
0.0048438409046182
0.0048438409046182
0.0048438409046182
0.0048438409046182
0.0048438409046182
0.00481535959780433
0.00481535959780433
0.00481535959780433
0.00481535959780433
0.00481535959780433
0.00481535959780433
0.00481535959780433
0.00481535959780433
0.00481535959780433
0.00481535959780433
0.00481535959780433
0.00481535959780433
0.00481535959780433
0.00481535959780433
0.00481535959780433
0.00481535959780433
0.00481535959780433
0.00481535959780433
0.00481535959780433
0.00481535959780433
0.00481535959780433
0.00481535959780433
0.00481535959780433
0.00481535959780433
0.00481535959780433
0.00481535959780433
0.00481535959780433
0.00481535959780433
0.00481535959780433
0.00481535959780433
0.00481535959780433
0.00481535959780433
0.00481535959780433
0.00481535959780433
0.00481535959780433
0.00481535959780433
0.00481535959780433
0.00481535959780433
0.00481535959780433
0.00481535959780433
0.00481535959780433
0.00481535959780433
0.00481535959780433
0.00481535959780433
0.00481535959780433
0.00481535959780433
0.00481535959780433
0.00481535959780433
0.00481535959780433
0.00481535959780433
0.00481535959780433
0.00481535959780433
0.00481535959780433
0.00481535959780433
0.00481535959780433
0.00481535959780433
0.00481535959780433
0.00481535959780433
0.00481535959780433
0.00481535959780433
0.00481535959780433
0.00481535959780433
0.00481535959780433
0.00481535959780433
0.00481535959780433
0.00481535959780433
0.00481535959780433
0.00481535959780433
0.00481535959780433
0.00481535959780433
0.00481535959780433
0.00481535959780433
0.00481535959780433
0.00481535959780433
0.00481535959780433
0.00481535959780433
0.00481535959780433
0.00481535959780433
0.00481535959780433
0.00481535959780433
0.00481535959780433
0.00481535959780433
0.00481535959780433
0.00481535959780433
0.00481535959780433
0.00481535959780433
0.00481535959780433
0.00481535959780433
0.00481535959780433
0.00481535959780433
0.00481535959780433
0.00481535959780433
0.00481535959780433
0.00481535959780433
0.00481535959780433
0.00481535959780433
0.00481535959780433
0.00481535959780433
0.00481535959780433
0.00481535959780433
0.00481535959780433
0.00481535959780433
0.00481535959780433
0.00481535959780433
0.00481535959780433
0.00481535959780433
0.00481535959780433
0.00481535959780433
0.00481535959780433
0.00481535959780433
0.00481535959780433
0.00481535959780433
0.00481535959780433
0.00481535959780433
0.00481535959780433
0.00481535959780433
0.00481535959780433
0.00481535959780433
0.00481535959780433
0.00481535959780433
0.00481535959780433
0.00481535959780433
0.00481535959780433
0.00481535959780433
0.00481535959780433
0.00481535959780433
0.00481535959780433
0.00481535959780433
0.00481535959780433
0.00481535959780433
0.00481535959780433
0.00481535959780433
0.00481535959780433
0.00481535959780433
0.00481535959780433
0.00481535959780433
0.00481535959780433
0.00481535959780433
0.00481535959780433
0.00481535959780433
0.00481535959780433
0.00481535959780433
0.00481535959780433
0.00481535959780433
0.00481535959780433
0.00481535959780433
0.00481535959780433
0.00481535959780433
0.00481535959780433
0.00481535959780433
0.00481535959780433
0.00481535959780433
0.00481535959780433
0.00481535959780433
0.00481535959780433
0.00481535959780433
0.00481535959780433
0.00481535959780433
0.00481535959780433
0.00481535959780433
0.00481535959780433
0.00481535959780433
0.00481535959780433
0.00481535959780433
0.00481535959780433
0.00481535959780433
0.00481535959780433
0.00481535959780433
0.00481535959780433
0.00481535959780433
0.00481535959780433
0.00481535959780433
0.00481535959780433
0.00481535959780433
0.00481535959780433
0.00481535959780433
0.00481535959780433
0.00481535959780433
0.00481535959780433
0.00481535959780433
0.00481535959780433
0.00481535959780433
0.00481535959780433
0.00481535959780433
0.00481535959780433
0.00481535959780433
0.00481535959780433
0.00481535959780433
0.00481535959780433
0.00329271602530057
0.00329271602530057
0.00268851380460544
0.00268851380460544
0.00268851380460544
0.00268851380460544
0.00268851380460544
0.00268851380460544
0.00268851380460544
0.00268851380460544
0.00268851380460544
0.00253570821209725
0.00253570821209725
0.00253570821209725
0.00253570821209725
0.00253570821209725
0.00253570821209725
0.00253570821209725
0.00253570821209725
0.00253570821209725
0.00253570821209725
0.00253570821209725
0.00253570821209725
0.00253570821209725
0.00253570821209725
0.00253570821209725
0.00253570821209725
0.00253570821209725
0.00253570821209725
0.00253570821209725
0.00253570821209725
0.00253570821209725
0.00253570821209725
0.00253570821209725
0.00253570821209725
0.00253570821209725
0.00253570821209725
0.00253570821209725
0.00253570821209725
0.00253570821209725
0.00253570821209725
0.00253570821209725
0.00253570821209725
0.00253570821209725
0.00253570821209725
0.00253570821209725
0.00253570821209725
0.00253570821209725
0.00253570821209725
0.00253570821209725
0.00214823543566589
0.00214823543566589
0.00214823543566589
0.00214823543566589
0.00214823543566589
0.00214823543566589
0.00214823543566589
0.00214823543566589
0.00214823543566589
0.00214823543566589
0.00214823543566589
0.00214823543566589
0.00214823543566589
0.00214823543566589
0.00214823543566589
0.00214823543566589
0.00214823543566589
0.00214823543566589
0.00214823543566589
0.00214823543566589
0.00214823543566589
0.00214823543566589
0.00214823543566589
0.00214823543566589
0.00214823543566589
0.00214823543566589
0.00214823543566589
0.00214823543566589
0.00214823543566589
0.00214823543566589
0.00214823543566589
0.00214823543566589
0.00214823543566589
0.00214823543566589
0.00214823543566589
0.00214823543566589
0.00214823543566589
0.00214823543566589
0.00214823543566589
0.00214823543566589

