0.0690471494137404
0.0690471494137404
0.0690471494137404
0.0690471494137404
0.0690471494137404
0.0690471494137404
0.0589922782160992
0.00441872666110588
0.00441872666110588
0.00441872666110588
0.00441872666110588
0.00441872666110588
0.00441872666110588
0.00441872666110588
0.00441872666110588
0.00427287109519547
0.00427287109519547
0.00427287109519547
0.00427287109519547
0.00427287109519547
0.00427287109519547
0.00427287109519547
0.00427287109519547
0.00427287109519547
0.00427287109519547
0.00392883814673806
0.00392883814673806
0.00392883814673806
0.00392883814673806
0.00392883814673806
0.00392883814673806
0.00392883814673806
0.00392883814673806
0.00392883814673806
0.00392883814673806
0.00392883814673806
0.00392883814673806
0.00392883814673806
0.00392883814673806
0.00392883814673806
0.00392883814673806
0.00392883814673806
0.00392883814673806
0.00392883814673806
0.00392883814673806
0.00392883814673806
0.00392883814673806
0.00392883814673806
0.00056322818121135
0.00056322818121135
0.00056322818121135
0.00056322818121135
0.00056322818121135
0.00056322818121135
0.00056322818121135
0.00056322818121135
0.00056322818121135
0.00056322818121135
0.000526683374784565
0.000526683374784565
0.000526683374784565
0.000526683374784565
0.000526683374784565
0.000526683374784565
0.000526683374784565
0.000526683374784565
0.000526683374784565
0.000526683374784565
0.000526683374784565
0.000526683374784565
0.000526683374784565
0.000526683374784565
0.000526683374784565
0.000526683374784565
0.000526683374784565
0.000526683374784565
0.000526683374784565
0.000526683374784565
0.000526683374784565
0.000526683374784565
0.000526683374784565
0.000526683374784565
0.000526683374784565
0.000526683374784565
0.000526683374784565
0.000526683374784565
0.000526683374784565
0.000526683374784565
0.000526683374784565
0.000526683374784565
0.000526683374784565
0.000526683374784565
0.000526683374784565
0.000526683374784565
0.000526683374784565
0.000526683374784565
0.000526683374784565
0.000526683374784565
0.000526683374784565
0.000526683374784565
0.000526683374784565
0.000526683374784565
0.000526683374784565
0.000526683374784565
0.000526683374784565
0.000526683374784565
0.000526683374784565
0.000526683374784565
0.000526683374784565
0.000526683374784565
0.000526683374784565
0.000526683374784565
0.000526683374784565
0.000526683374784565
0.000526683374784565
0.000526683374784565
0.000526683374784565
0.000526683374784565
0.000526683374784565
0.000526683374784565
0.000526683374784565
0.000526683374784565
0.000526683374784565
0.000526683374784565
0.000526683374784565
0.000526683374784565
0.000526683374784565
0.000526683374784565
0.000526683374784565
0.000526683374784565
0.000526683374784565
0.000526683374784565
0.000526683374784565
0.000526683374784565
0.000526683374784565
0.000526683374784565
0.000526683374784565
0.000526683374784565
0.000526683374784565
0.000526683374784565
0.000526683374784565
0.000526683374784565
0.000526683374784565
0.000526683374784565
0.000526683374784565
0.000526683374784565
0.000526683374784565
0.000526683374784565
0.000526683374784565
0.000526683374784565
0.000526683374784565
0.000526683374784565
0.000526683374784565
0.000526683374784565
0.000526683374784565
0.000526683374784565
0.000526683374784565
0.000526683374784565
0.000526683374784565
0.000526683374784565
0.000526683374784565
0.000526683374784565
0.000526683374784565
0.000526683374784565
0.000526683374784565
0.000526683374784565
0.000526683374784565
0.000526683374784565
0.000526683374784565
0.000526683374784565
0.000526683374784565
0.000526683374784565
0.000526683374784565
0.000526683374784565
0.000526683374784565
0.000526683374784565
0.000526683374784565
0.000526683374784565
0.000526683374784565
0.000526683374784565
0.000526683374784565
0.000526683374784565
0.000526683374784565
0.000526683374784565
0.000526683374784565
0.000526683374784565
0.000526683374784565
0.000526683374784565
0.000526683374784565
0.000526683374784565
0.000526683374784565
0.000526683374784565
0.000526683374784565
0.000526683374784565
0.000526683374784565
0.000526683374784565
0.000526683374784565
0.000526683374784565
0.000526683374784565
0.000526683374784565
0.000526683374784565
0.000526683374784565
0.000526683374784565
0.000526683374784565
0.000526683374784565
0.000526683374784565
0.000526683374784565
0.000526683374784565
0.000526683374784565
0.000526683374784565
0.000526683374784565
0.000526683374784565
0.000526683374784565
0.000526683374784565
0.000526683374784565
0.000526683374784565
0.000526683374784565
0.000526683374784565
0.000526683374784565
0.000526683374784565
0.000526683374784565
0.000526683374784565
0.000526683374784565
0.000494373126132652
0.000494373126132652
0.000494373126132652
0.000494373126132652
0.000494373126132652
0.000494373126132652
0.000494373126132652
0.000494373126132652
0.000494373126132652
0.000494373126132652
0.000494373126132652
0.000494373126132652
0.000494373126132652
0.000494373126132652
0.000494373126132652
0.000494373126132652
0.000494373126132652
0.000494373126132652
0.000494373126132652
0.000494373126132652
0.000494373126132652
0.000494373126132652
0.000494373126132652
0.000494373126132652
0.000494373126132652
0.000494373126132652
0.000494373126132652
0.000494373126132652
0.000494373126132652
0.000494373126132652
0.000494373126132652
0.000494373126132652
0.000494373126132652
0.000494373126132652
0.000494373126132652
0.000494373126132652
0.000494373126132652
0.000494373126132652
0.000494373126132652
0.000494373126132652
0.000494373126132652
0.000494373126132652
0.000494373126132652
0.000494373126132652
0.000494373126132652
0.000494373126132652
0.000494373126132652
0.000494373126132652
0.000494373126132652
0.000494373126132652
0.000494373126132652
0.000494373126132652
0.000494373126132652
0.000494373126132652
0.000494373126132652
0.000494373126132652
0.000494373126132652
0.000494373126132652
0.000494373126132652
0.000494373126132652
0.000494373126132652
0.000494373126132652
0.000494373126132652
0.000494373126132652
0.000494373126132652
0.000494373126132652
0.000494373126132652
0.000494373126132652
0.000494373126132652
0.000494373126132652
0.000494373126132652
0.000494373126132652
0.000494373126132652
0.000494373126132652
0.000494373126132652
0.000494373126132652
0.000494373126132652
0.000494373126132652
0.000494373126132652
0.000494373126132652
0.000494373126132652
0.000494373126132652
0.000494373126132652
0.000494373126132652
0.000494373126132652
0.000494373126132652
0.000494373126132652
0.000494373126132652
0.000494373126132652
0.000494373126132652
0.000494373126132652
0.000494373126132652
0.000494373126132652
0.000494155089115877
0.000494155089115877
0.000494155089115877
0.000494155089115877
0.000494155089115877
0.00049021722699627
0.00049021722699627
0.00049021722699627
0.00049021722699627
0.00049021722699627
0.00049021722699627
0.00049021722699627
0.00049021722699627
0.00049021722699627
0.00049021722699627
0.00049021722699627
0.00049021722699627
0.00049021722699627
0.00049021722699627
0.00049021722699627
0.00049021722699627
0.00049021722699627
0.00049021722699627
0.00049021722699627
0.00049021722699627
0.00049021722699627
0.00049021722699627
0.00049021722699627
0.00049021722699627
0.00049021722699627
0.00049021722699627
0.00049021722699627
0.00049021722699627
0.00049021722699627
0.00049021722699627
0.00049021722699627
0.00049021722699627
0.00049021722699627
0.00049021722699627
0.00049021722699627
0.00049021722699627
0.00049021722699627
0.00049021722699627
0.00049021722699627
0.00049021722699627
0.00049021722699627
0.00049021722699627
0.00049021722699627
0.00049021722699627
0.00049021722699627
0.00049021722699627
0.00049021722699627
0.00049021722699627
0.00049021722699627
0.00049021722699627
0.00049021722699627
0.00049021722699627
0.00049021722699627
0.00049021722699627
0.00049021722699627
0.00049021722699627
0.00049021722699627
0.00049021722699627
0.00049021722699627
0.00049021722699627
0.00049021722699627
0.00049021722699627
0.00049021722699627
0.00049021722699627
0.00049021722699627
0.00049021722699627
0.00049021722699627
0.00049021722699627
0.00049021722699627
0.00049021722699627
0.00049021722699627
0.00049021722699627
0.00049021722699627
0.00049021722699627
0.00049021722699627
0.00049021722699627
0.00049021722699627
0.00049021722699627
0.00049021722699627
0.00049021722699627
0.00049021722699627
0.00049021722699627
0.00049021722699627
0.00049021722699627
0.00049021722699627
0.00049021722699627
0.00049021722699627
0.00049021722699627
0.00049021722699627
0.00049021722699627
0.00049021722699627
0.00049021722699627
0.00049021722699627
0.00049021722699627
0.00049021722699627
0.00049021722699627
0.00049021722699627
0.00049021722699627
0.00049021722699627
0.00049021722699627
0.00049021722699627
0.00049021722699627
0.00049021722699627
0.00049021722699627
0.00049021722699627
0.00049021722699627
0.00049021722699627
0.00049021722699627
0.00049021722699627
0.00049021722699627
0.00049021722699627
0.00049021722699627
0.0004902170825406
0.0004902170825406
0.0004902170825406
0.0004902170825406
0.0004902170825406
0.0004902170825406
0.0004902170825406
0.0004902170825406
0.000490217082505739
0.000490217082505739
0.000490217082505739
0.000490217082505739
0.000490217082505739
0.000490217082505739
0.000490217082505739
0.000490217082505739
0.000490217082505739
0.000490217082505739
0.000490217082505739
0.000490217082505739
0.000490217082505739
0.000490217082505739
0.000490217082505739
0.000490217082505739
0.000490217082505739
0.000490217082505739
0.000490217082505739
0.000490217082505739
0.000490217082505739
0.000490217082505739
0.000490217082505739
0.000490217082505739
0.000490217082505739
0.000490217082505739
0.000490217082505739
0.000490217082505739
0.000490217082505739
0.000490217082505739
0.000490217082505739
0.000490217082505739
0.000490217082505739
0.000490217082505739
0.000490217082505739
0.000490217082505739
0.000490217082505739
0.000490217082505739
0.000490217082505739
0.000490217082505739
0.000490217082505739
0.000490217082505739
0.000490217082505739
0.000490217082505739
0.000490217082505739
0.000490217082505739
0.000490217082505739
0.000490217082505739
0.000490217082505739
0.000490217082505739
0.000490217082505739
0.000490217082505739
0.000490217082505739
0.000490217082505739
0.000490217082505739
0.000490217082505739
0.000490217082505739
0.000490217082505739
0.000490217082505739

