0.043270376884963
0.043270376884963
0.043270376884963
0.043270376884963
0.043270376884963
0.043270376884963
0.043270376884963
0.043270376884963
0.043270376884963
0.043270376884963
0.0160285073811825
0.0160285073811825
0.00297280337199296
0.00297280337199296
0.00297280337199296
0.00297280337199296
0.00297280337199296
0.00297280337199296
0.00297280337199296
0.00297280337199296
0.00297280337199296
0.00297280337199296
0.00297280337199296
0.00297280337199296
0.00297280337199296
0.00297280337199296
0.00297280337199296
0.00297280337199296
0.00297280337199296
0.00297280337199296
0.00297280337199296
0.00297280337199296
0.00297280337199296
0.00297280337199296
0.00297280337199296
0.001098418116939
0.00085435471452977
0.00085435471452977
0.00085435471452977
0.00085435471452977
0.00085435471452977
0.00085435471452977
0.00085435471452977
0.00085435471452977
0.00085435471452977
0.00085435471452977
0.00085435471452977
0.00085435471452977
0.000786349579006029
0.000747649739248457
0.000747649739248457
0.000721879235916711
0.000721879235916711
0.00072047069043768
0.00072047069043768
0.00072047069043768
0.00072047069043768
0.00072047069043768
0.00072047069043768
0.00072047069043768
0.00072047069043768
0.00072047069043768
0.00072047069043768
0.00072047069043768
0.00072047069043768
0.00072047069043768
0.00072047069043768
0.00072047069043768
0.00072047069043768
0.00072047069043768
0.00072047069043768
0.00072047069043768
0.00072047069043768
0.00072047069043768
0.00072047069043768
0.00072047069043768
0.00072047069043768
0.00072047069043768
0.00072047069043768
0.000720371903589978
0.000720371903589978
0.000720371903589978
0.000720371903589978
0.000720371903589978
0.000720371903589978
0.000720371903589978
0.000720371903589978
0.000720371903589978
0.000720371903589978
0.000720371903589978
0.000720371903589978
0.000720371903589978
0.000720371903589978
0.000720371903589978
0.000720371903589978
0.000720371903589978
0.000720371903589978
0.000720371903589978
0.000720371903589978
0.000720371903589978
0.000720371903589978
0.000720371903589978
0.000720371903589978
0.000720371903589978
0.000720371903589978
0.000720371903589978
0.000720371903589978
0.000720371903589978
0.000720371903589978
0.000720371903589978
0.000720371903589978
0.000720371903589978
0.000720371903589978
0.000720371903589978
0.000720371903589978
0.000720371903589978
0.000720371903589978
0.000720371903589978
0.000720371903589978
0.000720371903589978
0.000720371903589978
0.000720371903589978
0.000720371903589978
0.000720371903589978
0.000720371903589978
0.000720371903589978
0.000720371903589978
0.000719147575710677
0.000719147575710677
0.000719147575710677
0.000719147575710677
0.000719147575710677
0.000719147575710677
0.000719147575710677
0.000719147575710677
0.000719147575710677
0.000719147575710677
0.000719147575710677
0.000719147575710677
0.000719147575710677
0.000719147575710677
0.000719147575710677
0.000719147575710677
0.000719147575710677
0.000719147575710677
0.000719147575710677
0.000719147575710677
0.000719147575710677
0.000719147575710677
0.000719147575710677
0.000719147575710677
0.000719147575710677
0.000719147575710677
0.000719147575710677
0.000719147575710677
0.000719147575710677
0.000719147575710677
0.000719147575710677
0.000719147575710677
0.000719147575710677
0.000719147575710677
0.000719147575710677
0.000719147575710677
0.000719147575710677
0.000719147575710677
0.000719147575710677
0.000719147575710677
0.000719147575710677
0.000719147575710677
0.000719147575710677
0.000719147575710677
0.000719147575710677
0.000719147575710677
0.000719147575710677
0.000719147575710677
0.000719147575710677
0.000719147575710677
0.000719147575710677
0.000719147575710677
0.000719147575710677
0.000719147575710677
0.000719147575710677
0.000719147575710677
0.000719147575710677
0.000719147575710677
0.000719147575710677
0.000719147575710677
0.000719147575710677
0.000719147575710677
0.000719147575710677
0.000719147575710677
0.000719147575710677
0.000719147575710677
0.000719147575710677
0.000719147575710677
0.000719147575710677
0.000719147575710677
0.000719147575710677
0.000719147575710677
0.000719147575710677
0.000719147575710677
0.000719147575710677
0.000719147575710677
0.000719147575710677
0.000719147575710677
0.000719147575710677
0.000719147575710677
0.000719147575710677
0.000719147575710677
0.000719147575710677
0.000719147575710677
0.000719147575710677
0.000719147575710677
0.000719147575710677
0.000719147575710677
0.000719147575710677
0.000719147575710677
0.000719147575710677
0.000719147575710677
0.000719147575710677
0.000719147575710677
0.000719147575710677
0.000719147575710677
0.000719147575710677
0.000719147575710677
0.000719147575710677
0.000719147575710677
0.000719147575710677
0.000719147575710677
0.000719147575710677
0.000719147575710677
0.000719147575710677
0.000719147575710677
0.000719147575710677
0.000719147575710677
0.000719147575710677
0.000719147575710677
0.000719147575710677
0.000719147575710677
0.000719147575710677
0.000719147575710677
0.000719147575710677
0.000719147575710677
0.000719147575710677
0.000719147575710677
0.000719147575710677
0.000719147575710677
0.000719147575710677
0.000719147575710677
0.000719147575710677
0.000719147575710677
0.000719147575710677
0.000719147575710677
0.000719147575710677
0.000719147575710677
0.000719147575710677
0.000719147575710677
0.000719147575710677
0.000719147575710677
0.000719147575710677
0.000719147575710677
0.000719147575710677
0.000719147575710677
0.000719147575710677
0.000719147575710677
0.000719147575710677
0.000719147575710677
0.000719147575710677
0.000719147575710677
0.000719147575710677
0.000719147575710677
0.000719147575710677
0.000719147575710677
0.000719147575710677
0.000719147575710677
0.000719147575710677
0.000719147575710677
0.000719147575710677
0.000719147575710677
0.000719147575710677
0.000719147575710677
0.000719147575710677
0.000719147575710677
0.000719147575710677
0.000719147575710677
0.000719147575710677
0.000719147575710677
0.000719147575710677
0.000719147575710677
0.000719147575710677
0.000719147575710677
0.000719147575710677
0.000719147575710677
0.000719147575710677
0.000719147575710677
0.000719147575710677
0.000719147575710677
0.000719147575710677
0.000719147575710677
0.000719147575710677
0.000719147575710677
0.000719147575710677
0.000719147575710677
0.000719147575710677
0.000719147575710677
0.000719147575710677
0.000719147575710677
0.000719147575710677
0.000719147575710677
0.000719147575710677
0.000719147575710677
0.000719147575710677
0.000719147575710677
0.000719147575710677
0.000719147575710677
0.000719147575710677
0.000719147575710677
0.000719147575710677
0.000719147575710677
0.000719147575710677
0.000719147575710677
0.000719147575710677
0.000719147575710677
0.000719147575710677
0.000719147575710677
0.000719147575710677
0.000719147575710677
0.000719147575710677
0.000719147575710677
0.000719147575710677
0.000719147575710677
0.000719147575710677
0.000719147575710677
0.000719147575710677
0.000719147575710677
0.000719147575710677
0.000719147575710677
0.000719147575710677
0.000719147575710677
0.000719147575710677
0.000719147575710677
0.000719147575710677
0.000719147575710677
0.000719147575710677
0.000719147575710677
0.000719147575710677
0.000719147575710677
0.000719147575710677
0.000719147575710677
0.000719147575710677
0.000719147575710677
0.000719147575710677
0.000719147575710677
0.000719147575710677
0.000719147575710677
0.000719147575710677
0.000719147575710677
0.000719147575710677
0.000719147575710677
0.000719147575710677
0.000719147575710677
0.000719147575710677
0.000719147575710677
0.000719147575710677
0.000719147575710677
0.000719147575710677
0.000719147575710677
0.000719147575710677
0.000719147575710677
0.000719147575710677
0.000719147575710677
0.000719147575710677
0.000719147575710677
0.000719147575710677
0.000719147575710677
0.000719147575710677
0.000719147575710677
0.000719147575710677
0.000719147575710677
0.000719147575710677
0.000719147575710677
0.000719147575710677
0.000719147575710677
0.000719147575710677
0.000719147575710677
0.000719147575710677
0.000719147575710677
0.000719147575710677
0.000719147575710677
0.000719147575710677
0.000719147575710677
0.000719147575710677
0.000719147575710677
0.000719147575710677
0.000719147575710677
0.000719147575710677
0.000719147575710677
0.000719147575710677
0.000719147575710677
0.000719147575710677
0.000719147575710677
0.000719147575710677
0.000719147575710677
0.000719147575710677
0.000719147575710677
0.000719147575710677
0.000719147575710677
0.000719147575710677
0.000719147575710677
0.000719147575710677
0.000719147575710677
0.000719147575710677
0.000719147575710677
0.000719147575710677
0.000719147575710677
0.000719147575710677
0.000719147575710677
0.000719147575710677
0.000719147575710677
0.000719147575710677
0.000719147575710677
0.000719147575710677
0.000719147575710677
0.000719147575710677
0.000719147575710677
0.000719147575710677
0.000719147575710677
0.000719147575710677
0.000719147575710677
0.000719147575710677
0.000719147575710677
0.000719147575710677
0.000719147575710677
0.000719147575710677
0.000719147575710677
0.000719147575710677
0.000719147575710677
0.000719147575710677
0.000719147575710677
0.000719147575710677
0.000719147575710677
0.000719147575710677
0.000719147575710677
0.000719147575710677
0.000719147575710677
0.000719147575710677
0.000719147575710677
0.000719147575710677
0.000719147575710677
0.000719147575710677
0.000719147575710677
0.000719147575710677
0.000719147575710677
0.000719147575710677
0.000719147575710677
0.000719147575710677
0.000719147575710677
0.000719147575710677
0.000719147575710677
0.000719147575710677
0.000719147575710677
0.000719147575710677
0.000719147575710677
0.000719147575710677
0.000719147575710677
0.000719147575710677
0.000719147575710677
0.000719147575710677
0.000719147575710677
0.000719147575710677
0.000719147575710677
0.000719147575710677
0.000719147575710677
0.000719147575710677
0.000719147575710677
0.000719147575710677
0.000719147575710677
0.000719147575710677
0.000719147575710677
0.000719147575710677
0.000719147575710677
0.000719147575710677
0.000719147575710677
0.000719147575710677
0.000719147575710677
0.000719147575710677
0.000719147575710677
0.000719147575710677
0.000719147575710677
0.000719147575710677
0.000719147575710677
0.000719147575710677
0.000719147575710677
0.000719147575710677
0.000719147575710677
0.000719147575710677
0.000719147575710677
0.000719147575710677
0.000719147575710677
0.000719147575710677

