0.152951073318717
0.141114890263567
0.0316307614929442
0.0316307614929442
0.0316307614929442
0.0315190061262531
0.0315190061262531
0.0315190061262531
0.0315190061262531
0.0315190061262531
0.0315190061262531
0.0315190061262531
0.0315190061262531
0.0315190061262531
0.0315190061262531
0.0315190061262531
0.0315190061262531
0.0315190061262531
0.0266597025810252
0.0266597025810252
0.0266597025810252
0.0266597025810252
0.0266597025810252
0.0266597025810252
0.0252351139238981
0.0252351139238981
0.0252351139238981
0.0252351139238981
0.0252351139238981
0.0252351139238981
0.01676069303265
0.01676069303265
0.01676069303265
0.01676069303265
0.01676069303265
0.01676069303265
0.01676069303265
0.01676069303265
0.01676069303265
0.01676069303265
0.01676069303265
0.01676069303265
0.01676069303265
0.01676069303265
0.01676069303265
0.01676069303265
0.0151631098821349
0.0151631098821349
0.0151631098821349
0.0151631098821349
0.0151631098821349
0.0151631098821349
0.0151631098821349
0.0151631098821349
0.0151631098821349
0.0151631098821349
0.0151631098821349
0.00567167316584349
0.00567167316584349
0.00567167316584349
0.00567167316584349
0.00567167316584349
0.00567167316584349
0.00567167316584349
0.00567167316584349
0.00567167316584349
0.00567167316584349
0.00567167316584349
0.00567167316584349
0.00567167316584349
0.00567167316584349
0.0029455089402366
0.0029455089402366
0.0029455089402366
0.0029455089402366
0.0029455089402366
0.0029455089402366
0.0029455089402366
0.0029455089402366
0.0029455089402366
0.0029455089402366
0.0029455089402366
0.0029455089402366
0.0029455089402366
0.0029455089402366
0.0029455089402366
0.0029455089402366
0.0029455089402366
0.0029455089402366
0.0029455089402366
0.0029455089402366
0.0029455089402366
0.0029455089402366
0.0029455089402366
0.0029455089402366
0.0029455089402366
0.0029455089402366
0.0029455089402366
0.0029455089402366
0.0029455089402366
0.0029455089402366
0.0029455089402366
0.0029455089402366
0.0029455089402366
0.0029455089402366
0.0029455089402366
0.0029455089402366
0.0029455089402366
0.0029455089402366
0.0029455089402366
0.0029455089402366
0.0029455089402366
0.0029455089402366
0.0029455089402366
0.0029455089402366
0.0029455089402366
0.0029455089402366
0.0029455089402366
0.0029455089402366
0.0029455089402366
0.0029455089402366
0.00293347678751787
0.00293347678751787
0.00293347678751787
0.00293347678751787
0.00293347678751787
0.00293347678751787
0.00293347678751787
0.00293347678751787
0.00293347678751787
0.00293347678751787
0.00293347678751787
0.00293347678751787
0.00293347678751787
0.00293347678751787
0.00293347678751787
0.00293347678751787
0.00293347678751787
0.00293347678751787
0.00293347678751787
0.00293347678751787
0.00293347678751787
0.00293347678751787
0.00293347678751787
0.00293347678751787
0.00293347678751787
0.00293347678751787
0.00293347678751787
0.00293347678751787
0.00293347678751787
0.00293347678751787
0.00293347678751787
0.00293347678751787
0.00293347678751787
0.00293347678751787
0.00293347678751787
0.00293347678751787
0.00293347678751787
0.00293347678751787
0.00293347678751787
0.00293347678751787
0.00293347678751787
0.00293347678751787
0.00293347678751787
0.00293347678751787
0.00293347678751787
0.00293347678751787
0.00293347678751787
0.00293347678751787
0.00293347678751787
0.00293347678751787
0.00293347678751787
0.00293347678751787
0.00293347678751787
0.00293347678751787
0.00293347678751787
0.00293347678751787
0.00293347678751787
0.00293347678751787
0.00293347678751787
0.00293347678751787
0.00293347678751787
0.00293347678751787
0.00293347678751787
0.00293347678751787
0.00293347678751787
0.00293347678751787
0.00293347678751787
0.00293347678751787
0.00293347678751787
0.00293347678751787
0.00293347678751787
0.00293347678751787
0.00293347678751787
0.00293347678751787
0.00293347678751787
0.00293347678751787
0.00293347678751787
0.00293347678751787
0.00293347678751787
0.00293347678751787
0.00293347678751787
0.00293347678751787
0.00293347678751787
0.00293347678751787
0.00293347678751787
0.00293347678751787
0.00293347678751787
0.00293347678751787
0.00293347678751787
0.00293347678751787
0.00293347678751787
0.00293347678751787
0.00293347678751787
0.00293347678751787
0.00188890895724914
0.00188890895724914
0.00188890895724914
0.00188890895724914
0.00188890895724914
0.00188890895724914
0.00188890895724914
0.00167811459136402
0.00167811459136402
0.00167811459136402
0.00167811459136402
0.00167811459136402
0.00167811459136402
0.00167811459136402
0.00167811459136402
0.00167811459136402
0.00167811459136402
0.00167811459136402
0.00167811459136402
0.00167811459136402
0.00167811459136402
0.00167811459136402
0.00167811459136402
0.00167811459136402
0.00167811459136402
0.00167811459136402
0.00167811459136402
0.00167811459136402
0.00167811459136402
0.00167811459136402
0.00167811459136402
0.00167811459136402
0.00167811459136402
0.00167811459136402
0.00167811459136402
0.00167811459136402
0.00167811459136402
0.00167811459136402
0.00167811459136402
0.00167811459136402
0.00167811459136402
0.00167811459136402
0.00167811459136402
0.00167811459136402
0.00167811459136402
0.00167811459136402
0.00167811459136402
0.00167811459136402
0.00167811459136402
0.00167811459136402
0.00167811459136402
0.00167811459136402
0.00167811459136402
0.00167811459136402
0.00167811459136402
0.00167811459136402
0.00167811459136402
0.00167811459136402
0.00167811459136402
0.00167811459136402
0.00167811459136402
0.00167811459136402
0.00167811459136402
0.00167811459136402
0.00167811459136402
0.00167811459136402
0.00167811459136402
0.00167811459136402
0.00167811459136402
0.00167811459136402
0.00167811459136402
0.00167811459136402
0.00167811459136402
0.00167811459136402
0.00167811459136402
0.00167811459136402
0.00167811459136402
0.00167811459136402
0.00167811459136402
0.00167811459136402
0.00167811459136402
0.00167811459136402
0.00167811459136402
0.00167811459136402
0.00167811459136402
0.00167811459136402
0.00167811459136402
0.00167811459136402
0.00167811459136402
0.00167811459136402
0.00167811459136402
0.00167811459136402
0.00167811459136402
0.00167811459136402
0.00167811459136402
0.00167811459136402
0.00167811459136402
0.00167811459136402
0.00167811459136402
0.00167811459136402
0.00167811459136402
0.00167811459136402
0.00158117018084314
0.00158117018084314
0.00158117018084314
0.00158117018084314
0.00158117018084314
0.00158117018084314
0.00158117018084314
0.00158117018084314
0.00158117018084314
0.00158117018084314
0.00158117018084314
0.00158117018084314
0.00158117018084314
0.00158117018084314
0.00158117018084314
0.00158117018084314
0.00158117018084314
0.00158117018084314
0.00158117018084314
0.00158117018084314
0.00158117018084314
0.00158117018084314
0.00158117018084314
0.00158117018084314
0.00158117018084314
0.00158117018084314
0.00158117018084314
0.00158117018084314
0.00158117018084314
0.00158117018084314
0.00158117018084314
0.00158117018084314
0.00158117018084314
0.00158117018084314
0.00158117018084314
0.00158117018084314
0.00146055557780322
0.00146055557780322
0.00146055557780322
0.00146055557780322
0.00146055557780322
0.00146055557780322
0.00146055557780322
0.00146055557780322
0.00146055557780322
0.00146055557780322
0.00146055557780322
0.00146055557780322
0.00146055557780322
0.00146055557780322
0.00146055557780322
0.00146055557780322
0.00146055557780322
0.00146055557780322
0.00146055557780322
0.00146055557780322
0.00146055557780322
0.00146055557780322
0.00146055557780322
0.00146055557780322
0.00146055557780322
0.00146055557780322
0.00146055557780322
0.00146055557780322
0.00146055557780322
0.00146055557780322
0.00146055557780322
0.00146055557780322
0.00146055557780322
0.00146055557780322
0.00146055557780322
0.00146055557780322
0.00146055557780322
0.00146055557780322
0.00146055557780322
0.00146055557780322
0.00146055557780322
0.00146055557780322
0.00146055557780322
0.00146055557780322
0.00146055557780322
0.00146055557780322
0.00146055557780322
0.00146055557780322
0.00146055557780322
0.00146055557780322
0.00146055557780322
0.00146055557780322
0.00146055557780322
0.00146055557780322
0.00146055557780322
0.00146055557780322
0.00146055557780322
0.00146055557780322
0.00146055557780322
0.00146055557780322
0.00146055557780322
0.00146055557780322
0.00146055557780322
0.00136792038716116
0.00136792038716116
0.00136792038716116
0.00136792038716116
0.00136792038716116
0.00136792038716116
0.00136792038716116
0.00136792038716116
0.00136792038716116
0.00136792038716116
0.00136792038716116
0.00136792038716116
0.00136792038716116
0.00136792038716116
0.00136792038716116
0.00136792038716116
0.00136792038716116
0.00136792038716116
0.00136792038716116
0.00136792038716116
0.00136792038716116
0.00136792038716116
0.00136792038716116
0.00136792038716116
0.00136792038716116
0.00136792038716116
0.00136792038716116
0.00136792038716116
0.00136792038716116
0.00136792038716116
0.00136792038716116
0.00136792038716116
0.00136792038716116
0.00136792038716116
0.00136792038716116
0.00136792038716116
0.00136792038716116
0.00136792038716116
0.00136792038716116
0.00136792038716116
0.00136792038716116
0.00136792038716116
0.00136792038716116
0.00136792038716116
0.00136792038716116
0.00136792038716116
0.00136792038716116
0.00136792038716116
0.00136792038716116
0.00136792038716116
0.00136792038716116
0.00136792038716116
0.00136792038716105
0.00136792038716105
0.00136792038716105
0.00136792038716105
0.00136792038716105
0.00136792038716105
0.00136792038716105
0.00136792038716105
0.00136792038716105
0.00136792038716105
0.00136792038716105
0.00136792038716105
0.00136792038716105
0.00136792038716105
0.00136792038716105
0.00136792038716105
0.00136792038716105
0.00136792038716105
0.00136792038716105
0.00136792038716105
0.00136792038716105
0.00136792038716105
0.00136792038716105
0.00136792038716105
0.00136792038716105
0.00136792038716105
0.00136792038716105
0.00136792038716105
0.00136792038716105
0.00136792038716105
0.00136792038716105
0.00136792038716105

