0.0922751876869747
0.0922751876869747
0.0922751876869747
0.0922751876869747
0.0922751876869747
0.0597889709697141
0.0569238031891866
0.0569238031891866
0.03243861996643
0.03243861996643
0.03243861996643
0.03243861996643
0.03243861996643
0.03243861996643
0.03243861996643
0.0304227863005717
0.0304227863005717
0.0304227863005717
0.0304227863005717
0.0304227863005717
0.0304227863005717
0.0304227863005717
0.0304227863005717
0.0304227863005717
0.0304227863005717
0.0304227863005717
0.0304227863005717
0.0304227863005717
0.0304227863005717
0.0304227863005717
0.0304227863005717
0.0304227863005717
0.0304227863005717
0.0282779589647908
0.0282779589647908
0.0282779589647908
0.0282779589647908
0.0282779589647908
0.0275668358457626
0.0275668358457626
0.0275668358457626
0.0275668358457626
0.0275668358457626
0.0275668358457626
0.0275668358457626
0.0275668358457626
0.0275668358457626
0.0275668358457626
0.0275668358457626
0.0275668358457626
0.0275668358457626
0.0275668358457626
0.0275668358457626
0.0275668358457626
0.0275668358457626
0.0275668358457626
0.0275668358457626
0.0275668358457626
0.0275668358457626
0.0275668358457626
0.0275668358457626
0.0275668358457626
0.0275668358457626
0.0275668358457626
0.0275668358457626
0.0275668358457626
0.0275668358457626
0.0275668358457626
0.0275668358457626
0.0275668358457626
0.0275668358457626
0.0275668358457626
0.0275668358457626
0.0275668358457626
0.0275668358457626
0.0275668358457626
0.0275668358457626
0.0275668358457626
0.0275668358457626
0.0275668358457626
0.0275668358457626
0.0275668358457626
0.0275668358457626
0.0275668358457626
0.0275668358457626
0.0275668358457626
0.0275668358457626
0.0275668358457626
0.0275668358457626
0.0275668358457626
0.0275668358457626
0.0275668358457626
0.0275668358457626
0.0275668358457626
0.0275668358457626
0.0275668358457626
0.0275668358457626
0.0275668358457626
0.0275668358457626
0.0275668358457626
0.0275668358457626
0.0275668358457626
0.0275668358457626
0.0275668358457626
0.0275668358457626
0.0275668358457626
0.0275668358457626
0.0275668358457626
0.0275668358457626
0.014005567304508
0.014005567304508
0.014005567304508
0.014005567304508
0.014005567304508
0.014005567304508
0.014005567304508
0.014005567304508
0.00881455847615975
0.00881455847615975
0.00881455847615975
0.00881455847615975
0.00881455847615975
0.00881455847615975
0.00881455847615975
0.00881455847615975
0.00881455847615975
0.00881455847615975
0.00881455847615975
0.00881455847615975
0.00881455847615975
0.00881455847615975
0.00881455847615975
0.00881455847615975
0.00881455847615975
0.00881455847615975
0.00881455847615975
0.00881455847615975
0.00881455847615975
0.00881455847615975
0.00881455847615975
0.00881455847615975
0.00881455847615975
0.00881455847615975
0.00881455847615975
0.00881455847615975
0.00881455847615975
0.00881455847615975
0.00881455847615975
0.00881455847615975
0.00881455847615975
0.00881455847615975
0.00881455847615975
0.00881455847615975
0.00881455847615975
0.00881455847615975
0.00881455847615975
0.00881455847615975
0.00881455847615975
0.00881455847615975
0.00881455847615975
0.00881455847615975
0.00881455847615975
0.00881455847615975
0.00881455847615975
0.00881455847615975
0.00881455847615975
0.00881455847615975
0.00881455847615975
0.00881455847615975
0.00881455847615975
0.00881455847615975
0.00881455847615975
0.00881455847615975
0.00881455847615975
0.00881455847615975
0.00881455847615975
0.00881455847615975
0.00881455847615975
0.00881455847615975
0.00881455847615975
0.00881455847615975
0.00881455847615975
0.00881455847615975
0.00881455847615975
0.00881455847615975
0.00881455847615975
0.00881455847615975
0.00881455847615975
0.00881455847615975
0.00881455847615975
0.00881455847615975
0.00881455847615975
0.00881455847615975
0.00881455847615975
0.00881455847615975
0.00881455847615975
0.00881455847615975
0.00881455847615975
0.00881455847615975
0.00881455847615975
0.00881455847615975
0.00881455847615975
0.00881455847615975
0.00881455847615975
0.00881455847615975
0.00881455847615975
0.00881455847615975
0.00881455847615975
0.00881455847615975
0.00881455847615975
0.00881455847615975
0.00881455847615975
0.00881455847615975
0.00881455847615975
0.00881455847615975
0.00881455847615975
0.00881455847615975
0.00881455847615975
0.00881455847615975
0.00881455847615975
0.00881455847615975
0.00881455847615975
0.00881455847615975
0.00881455847615975
0.00881455847615975
0.00881455847615975
0.00881455847615975
0.00881455847615975
0.00881455847615975
0.00881455847615975
0.00881455847615975
0.00881455847615975
0.00881455847615975
0.00881455847615975
0.00881455847615975
0.00881455847615975
0.00881455847615975
0.00881455847615975
0.00881455847615975
0.00881455847615975
0.00881455847615975
0.00881455847615975
0.00881455847615975
0.00881455847615975
0.00881455847615975
0.00881455847615975
0.00881455847615975
0.00881455847615975
0.00881455847615975
0.00881455847615975
0.00881455847615975
0.00881455847615975
0.00881455847615975
0.00881455847615975
0.00881455847615975
0.00881455847615975
0.00881455847615975
0.00881455847615975
0.00881455847615975
0.00881455847615975
0.00881455847615975
0.00881455847615975
0.00881455847615975
0.00881455847615975
0.00881455847615975
0.00881455847615975
0.00881455847615975
0.00881455847615975
0.00881455847615975
0.00881455847615975
0.00881455847615975
0.00881455847615975
0.00881455847615975
0.00881455847615975
0.00881455847615975
0.00881455847615975
0.00881455847615975
0.00881455847615975
0.00881455847615975
0.00881455847615975
0.00881455847615975
0.00881455847615975
0.00881455847615975
0.00881455847615975
0.00881455847615975
0.00881455847615975
0.00881455847615975
0.00881455847615975
0.00881455847615975
0.00881455847615975
0.00881455847615975
0.00881455847615975
0.00881455847615975
0.00881455847615975
0.00881455847615975
0.00881455847615975
0.00881455847615975
0.00881455847615975
0.00881455847615975
0.00881455847615975
0.00881455847615975
0.00881455847615975
0.00881455847615975
0.00881455847615975
0.00881455847615975
0.00881455847615975
0.00881455847615975
0.00881455847615975
0.00881455847615975
0.00881455847615975
0.00881455847615975
0.00881455847615975
0.00881455847615975
0.00881455847615975
0.00881455847615975
0.00881455847615975
0.00881455847615975
0.00881455847615975
0.00881455847615975
0.00881455847615975
0.00881455847615975
0.00881455847615975
0.00881455847615975
0.00881455847615975
0.00881455847615975
0.00696670488121998
0.00696670488121998
0.00696670488121998
0.00696670488121998
0.00696670488121998
0.00696670488121998
0.00696670488121998
0.00696670488121998
0.00696670488121998
0.00696670488121998
0.00696670488121998
0.00696670488121998
0.00696670488121998
0.00696670488121998
0.00696670488121998
0.00696670488121998
0.00696670488121998
0.00696670488121998
0.00696670488121998
0.00696670488121998
0.00696670488121998
0.00696670488121998
0.00696670488121998
0.00696670488121998
0.00696670488121998
0.00696670488121998
0.00696670488121998
0.00696670488121998
0.00696670488121998
0.00696670488121998
0.00696670488121998
0.00696670488121998
0.00696670488121998
0.00696670488121998
0.00696670488121998
0.00696670488121998
0.00696670488121998
0.00696670488121998
0.00696670488121998
0.00696670488121998
0.00696670488121998
0.00696670488121998
0.00696670488121998
0.00696670488121998
0.00696670488121998
0.00696670488121998
0.00696670488121998
0.00696670488121998
0.00696670488121998
0.00696670488121998
0.00696670488121998
0.00696670488121998
0.00696670488121998
0.00696670488121998
0.00696670488121998
0.00696670488121998
0.00696670488121998
0.00696670488121998
0.00696670488121998
0.00696670488121998
0.00696670488121998
0.00696670488121998
0.00696670488121998
0.00696670488121998
0.00696670488121998
0.00696670488121998
0.00696670488121998
0.00696670488121998
0.00696670488121998
0.00696670488121998
0.00696670488121998
0.00696670488121998
0.00696670488121998
0.00696670488121998
0.00696670488121998
0.00696670488121998
0.00696670488121998
0.00696670488121998
0.00696670488121998
0.00696670488121998
0.00696670488121998
0.00696670488121998
0.00696670488121998
0.00696670488121998
0.00696670488121998
0.00696670488121998
0.00696670488121998
0.00696670488121998
0.00696670488121998
0.00696670488121998
0.00696670488121998
0.00696670488121998
0.00696670488121998
0.00696670488121998
0.00696670488121998
0.00696670488121998
0.00696670488121998
0.00696670488121998
0.00696670488121998
0.00696670488121998
0.00696670488121998
0.00696670488121998
0.00696670488121998
0.00696670488121998
0.00696670488121998
0.00696670488121998
0.00696670488121998
0.00696670488121998
0.00696670488121998
0.00696670488121998
0.00696670488121998
0.00696670488121998
0.00696670488121998
0.00696670488121998
0.00696670488121998
0.00696670488121998
0.00696670488121998
0.00696670488121998
0.00696670488121998
0.00696670488121998
0.00696670488121998
0.00696670488121998
0.00696670488121998
0.00696670488121998
0.00696670488121998
0.00696670488121998
0.00696670488121998
0.00696670488121998
0.00696670488121998
0.00696670488121998
0.00696670488121998
0.00696670488121998
0.00696670488121998
0.00696670488121998
0.00696670488121998
0.00696670488121998
0.00696670488121998
0.00696670488121998
0.00696670488121998
0.00696670488121998
0.00696670488121998
0.00696670488121998
0.00696670488121998
0.00696670488121998
0.00696670488121998
0.00696670488121998
0.00696670488121998
0.00696670488121998
0.00696670488121998
0.00696670488121998
0.00696670488121998
0.00696670488121998
0.00696670488121998
0.00696670488121998
0.00696670488121998
0.00696670488121998
0.00696670488121998
0.00696670488121998
0.00696670488121998
0.00696670488121998
0.00696670488121998
0.00696670488121998
0.00696670488121998
0.00696670488121998
0.00696670488121998
0.00696670488121998
0.00696670488121998
0.00696670488121998
0.00696670488121998
0.00696670488121998
0.00696670488121998
0.00696670488121998
0.00696670488121998
0.00696670488121998
0.00696670488121998

