0.0888312512348594
0.0888312512348594
0.0618509417843619
0.0618509417843619
0.0618509417843619
0.0618509417843619
0.0589815824539039
0.0589815824539039
0.0589815824539039
0.0589815824539039
0.0235294402983234
0.0235294402983234
0.0235294402983234
0.0235294402983234
0.0235294402983234
0.0235294402983234
0.0235294402983234
0.0226020653309186
0.0226020653309186
0.0225998928827397
0.0225919826991108
0.0225919826991108
0.0225919826991108
0.0225903495786867
0.0225903495786867
0.0225903072926253
0.0225903072926253
0.0225903072926253
0.0225903072926253
0.0225903072926253
0.0225903072926253
0.0225903072926253
0.0225903072926253
0.0225903072926253
0.0225903055643882
0.0225903055643882
0.0225903055643882
0.0225903055643882
0.0225903055643882
0.0225903055643882
0.0225903055643882
0.0225903055643882
0.0225903055643882
0.0225903055643882
0.0225903055643882
0.0225903055643882
0.0225903055643882
0.0225903055643882
0.0225903055643882
0.0225903055643882
0.0225903055643882
0.0225903055643882
0.0225903055643882
0.0225903055643882
0.0225903055643882
0.0225903055643882
0.0225903055643882
0.0225903055643882
0.0225903055643882
0.0225903055643882
0.0225903055643882
0.0225903055643882
0.0225903055643882
0.0225903055643882
0.0225903055643882
0.0225903055643882
0.0225903055643882
0.0225903055643882
0.0225903055643882
0.0225903055643882
0.0225903055643882
0.0225903055643882
0.0225903055643882
0.0225903055643882
0.0225903055643882
0.0225903055643882
0.0225903055643882
0.0225903055643882
0.0225903055643882
0.0225903055643882
0.0225903055643882
0.0225903055643882
0.0225903055643882
0.0225903055643882
0.0225903055643882
0.0225903055643882
0.0225903055643882
0.0225903055643882
0.0225903055643882
0.0225903055643882
0.0225903055643882
0.0225903055643882
0.0225903055643882
0.0225903055643882
0.0225903055643882
0.0225903055643882
0.0225903055643882
0.0225903055643882
0.0225903055643882
0.0225903055643882
0.0225903055643882
0.0225903055643882
0.0225903055643882
0.0225903055643882
0.0225903055643882
0.0225903055643882
0.0225903055643882
0.0225903055643882
0.0225903055643882
0.0225903055643882
0.0225903055643882
0.0225903055643882
0.0225903055643882
0.0225903055643882
0.0225903055643882
0.0225903055643882
0.0225903055643882
0.0225903055643882
0.0225903055643882
0.0225903055643882
0.0225903055643882
0.0225903055643882
0.0225903055643882
0.0225903055643882
0.0225903055643882
0.0225903055643882
0.0225903055643882
0.0225903055643882
0.0225903055643882
0.0225903055643882
0.0225903055643882
0.0225903055643882
0.0225903055643882
0.0225903055643882
0.0225903055643882
0.0225903055643882
0.0225903055643882
0.0225903055643882
0.0225903055643882
0.0225903055643882
0.0225903055643882
0.0225903055643882
0.0225903055643882
0.0225903055643882
0.0225903055643882
0.0225903055643882
0.0225903055643882
0.0225903055643882
0.0225903055643882
0.0225903055643882
0.0225903055643882
0.0225903055643882
0.0225903055643882
0.0225903055643882
0.0225903055643882
0.0225903055643882
0.0225903055643882
0.0225903055643882
0.0225903055643882
0.0225903055643882
0.0225903055643882
0.0225903055643882
0.0225903055643882
0.0225903055643882
0.0225903055643882
0.0225903055643882
0.0225903055643882
0.0225903055643882
0.0225903055643882
0.0225903055643882
0.0225903055643882
0.0225903055643882
0.0225903055643882
0.0225903055643882
0.0225903055643882
0.0225903055643882
0.0225903055643882
0.0225903055643882
0.0225903055643882
0.0225903055643882
0.0225903055643882
0.0225903055643882
0.0225903055643882
0.0225903055643882
0.0225903055643882
0.0225903055643882
0.0225903055643882
0.0225903055643882
0.0225903055643882
0.0225903055643882
0.0225903055643882
0.0225903055643882
0.0225903055643882
0.0225903055643882
0.0225903055643882
0.0225903055643882
0.0225903055643882
0.0225903055643882
0.0225903055643882
0.0225903055643882
0.0225903055643882
0.0225903055643882
0.0225903055643882
0.0225903055643882
0.0225903055643882
0.0225903055643882
0.0225903055643882
0.0225903055643882
0.0225903055643882
0.0225903055643882
0.0225903055643882
0.0225903055643882
0.0225903055643882
0.0225903055643882
0.0225903055643882
0.0225903055643882
0.0225903055643882
0.0225903055643882
0.0225903055643882
0.0225903055643882
0.0225903055643882
0.0225903055643882
0.0225903055643882
0.0225903055643882
0.0225903055643882
0.0225903055643882
0.0225903055643882
0.0225903055643882
0.0225903055643882
0.0225903055643882
0.0225903055643882
0.0225903055643882
0.0225903055643882
0.0225903055643882
0.0225903055643882
0.0225903055643882
0.0225903055643882
0.0225903055643882
0.0225903055643882
0.0225903055643882
0.0225903055643882
0.0225903055643882
0.0225903055643882
0.0225903055643882
0.0225903055643882
0.0225903055643882
0.0225903055643882
0.0225903055643882
0.0225903055643882
0.0225903055643882
0.0225903055643882
0.0225903055643882
0.0225903055643882
0.0225903055643882
0.0225903055643882
0.0225903055643882
0.0225903055643882
0.0225903055643882
0.0225903055643882
0.0225903055643882
0.0225903055643882
0.0225903055643882
0.0225903055643882
0.0225903055643882
0.0225903055643882
0.0225903055643882
0.0225903055643882
0.0225903055643882
0.0225903055643882
0.0225903055643882
0.0225903055643882
0.0225903055643882
0.0225903055643882
0.0225903055643882
0.0225903055643882
0.0225903055643882
0.0225903055643882
0.0225903055643882
0.0225903055643882
0.0225903055643882
0.0225903055643882
0.0225903055643882
0.0225903055643882
0.0225903055643882
0.0225903055643882
0.0225903055643882
0.0225903055643882
0.0225903055643882
0.0225903055643882
0.0225903055643882
0.0225903055643882
0.0225903055643882
0.0225903055643882
0.0225903055643882
0.0225903055643882
0.0225903055643882
0.0225903055643882
0.0225903055643882
0.0225903055643882
0.0225903055643882
0.0225903055643882
0.0225903055643882
0.0225903055643882
0.0225903055643882
0.0225903055643882
0.0225903055643882
0.0225903055643882
0.0225903055643882
0.0225903055643882
0.0225903055643882
0.0225903055643882
0.0225903055643882
0.0225903055643882
0.0225903055643882
0.0225903055643882
0.0225903055643882
0.0225903055643882
0.0225903055643882
0.0225903055643882
0.0225903055643882
0.0225903055643882
0.0225903055643882
0.0225903055643882
0.0225903055643882
0.0225903055643882
0.0225903055643882
0.0225903055643882
0.0225903055643882
0.0225903055643882
0.0225903055643882
0.0225903055643882
0.0225903055643882
0.0225903055643882
0.0225903055643882
0.0225903055643882
0.0225903055643882
0.0225903055643882
0.0225903055643882
0.0225903055643882
0.0225903055643882
0.0225903055643882
0.0225903055643882
0.0225903055643882
0.0225903055643882
0.0225903055643882
0.0225903055643882
0.0225903055643882
0.0225903055643882
0.0225903055643882
0.0225903055643882
0.0225903055643882
0.0225903055643882
0.0225903055643882
0.0225903055643882
0.0225903055643882
0.0225903055643882
0.0225903055643882
0.0225903055643882
0.0225903055643882
0.0225903055643882
0.0225903055643882
0.0225903055643882
0.0225903055643882
0.0225903055643882
0.0225903055643882
0.0225903055643882
0.0225903055643882
0.0225903055643882
0.0225903055643882
0.0225903055643882
0.0225903055643882
0.0225903055643882
0.0225903055643882
0.0225903055643882
0.0225903055643882
0.0225903055643882
0.0225903055643882
0.0225903055643882
0.0225903055643882
0.0225903055643882
0.0225903055643882
0.0225903055643882
0.0225903055643882
0.0225903055643882
0.0225903055643882
0.0225903055643882
0.0225903055643882
0.0225903055643882
0.0225903055643882
0.0225903055643882
0.0225903055643882
0.0225903055643882
0.0225903055643882
0.0225903055643882
0.0225903055643882
0.0225903055643882
0.0225903055643882
0.0225903055643882
0.0225903055643882
0.0225903055643882
0.0225903055643882
0.0225903055643882
0.0225903055643882
0.0225903055643882
0.0225903055643882
0.0225903055643882
0.0225903055643882
0.0225903055643882
0.0225903055643882
0.0225903055643882
0.0225903055643882
0.0225903055643882
0.0225903055643882
0.0225903055643882
0.0225903055643882
0.0225903055643882
0.0225903055643882
0.0225903055643882
0.0225903055643882
0.0225903055643882
0.0225903055643882
0.0225903055643882
0.0225903055643882
0.0225903055643882
0.0225903055643882
0.0225903055643882
0.0225903055643882
0.0225903055643882
0.0225903055643882
0.0225903055643882
0.0225903055643882
0.0225903055643882
0.0225903055643882
0.0225903055643882
0.0225903055643882
0.0225903055643882
0.0225903055643882
0.0225903055643882
0.0225903055643882
0.0225903055643882
0.0225903055643882
0.0225903055643882
0.0225903055643882
0.0225903055643882
0.0225903055643882
0.0225903055643882
0.0225903055643882
0.0225903055643882
0.0225903055643882
0.0225903055643882
0.0225903055643882
0.0225903055643882
0.0225903055643882
0.0225903055643882
0.0225903055643882
0.0225903055643882
0.0225903055643882
0.0225903055643882
0.0225903055643882
0.0225903055643882
0.0225903055643882
0.0225903055643882
0.0225903055643882
0.0225903055643882
0.0225903055643882
0.0225903055643882
0.0225903055643882
0.0225903055643882
0.0225903055643882
0.0225903055643882
0.0225903055643882
0.0225903055643882
0.0225903055643882
0.0225903055643882
0.0225903055643882
0.0225903055643882
0.0225903055643882
0.0225903055643882
0.0225903055643882
0.0225903055643882
0.0225903055643882
0.0225903055643882
0.0225903055643882
0.0225903055643882
0.0225903055643882
0.0225903055643882
0.0225903055643882
0.0225903055643882
0.0225903055643882
0.0225903055643882
0.0225903055643882
0.0225903055643882
0.0225903055643882
0.0225903055643882
0.0225903055643882
0.0225903055643882
0.0225903055643882
0.0225903055643882
0.0225903055643882
0.0225903055643882

