0.0411368572957249
0.0411368572957249
0.0102608113841867
0.0102608113841867
0.0102608113841867
0.0102608113841867
0.0102608113841867
0.0102608113841867
0.00919091484627543
0.00331773032945848
0.00224236016375867
0.000933127734379036
0.000486164842409487
0.000486164842409487
0.000486164842409487
2.75168397457781E-05
2.28941971208707E-05
1.06095481640089E-05
3.9313563673371E-06
3.9313563673371E-06
1.31296063843322E-06
3.57172702858399E-07
3.57172702858399E-07
5.01021475418639E-08
3.88065878320631E-08
2.61808849044698E-08
8.49525128021611E-09
8.49525128021611E-09
3.37067362909949E-09
3.37067362909949E-09
2.73067435330177E-09
2.19216622632246E-09
1.13412845781369E-09
8.19588730216481E-10
6.58939569575523E-11
6.58939569575523E-11
4.60441684779767E-11
3.54567486482438E-11
2.72126765565872E-12
2.72126765565872E-12
3.84248188822767E-13
3.84248188822767E-13
9.28146448586631E-14
8.59312621059871E-14
1.59872115546023E-14
1.59872115546023E-14
1.0991207943789E-14
9.99200722162641E-16
9.99200722162641E-16
5.55111512312578E-16
4.44089209850063E-16
3.33066907387547E-16
0
0
0
0
0
0
0
0
0
0
0
0
0
0
0
0
0
0
0
0
0
0
0
0
0
0
0
0
0
0
0
0
0
0
0
0
0
0
0
0
0
0
0
0
0
0
0
0
0
0
0
0
0
0
0
0
0
0
0
0
0
0
0
0
0
0
0
0
0
0
0
0
0
0
0
0
0
0
0
0
0
0
0
0
0
0
0
0
0
0
0
0
0
0
0
0
0
0
0
0
0
0
0
0
0
0
0
0
0
0
0
0
0
0
0
0
0
0
0
0
0
0
0
0
0
0
0
0
0
0
0
0
0
0
0
0
0
0
0
0
0
0
0
0
0
0
0
0
0
0
0
0
0
0
0
0
0
0
0
0
0
0
0
0
0
0
0
0
0
0
0
0
0
0
0
0
0
0
0
0
0
0
0
0
0
0
0
0
0
0
0
0
0
0
0
0
0
0
0
0
0
0
0
0
0
0
0
0
0
0
0
0
0
0
0
0
0
0
0
0
0
0
0
0
0
0
0
0
0
0
0
0
0
0
0
0
0
0
0
0
0
0
0
0
0
0
0
0
0
0
0
0
0
0
0
0
0
0
0
0
0
0
0
0
0
0
0
0
0
0
0
0
0
0
0
0
0
0
0
0
0
0
0
0
0
0
0
0
0
0
0
0
0
0
0
0
0
0
0
0
0
0
0
0
0
0
0
0
0
0
0
0
0
0
0
0
0
0
0
0
0
0
0
0
0
0
0
0
0
0
0
0
0
0
0
0
0
0
0
0
0
0
0
0
0
0
0
0
0
0
0
0
0
0
0
0
0
0
0
0
0
0
0
0
0
0
0
0
0
0
0
0
0
0
0
0
0
0
0
0
0
0
0
0
0
0
0
0
0
0
0
0
0
0
0
0
0
0
0
0
0
0
0
0
0
0
0
0
0
0
0
0
0
0
0
0
0
0
0
0
0
0
0
0
0
0
0
0
0
0
0
0
0
0
0
0
0
0
0
0
0
0
0
0
0
0
0
0

