0.174206919096786
0.133303516574051
0.133303516574051
0.133303516574051
0.123440755376489
0.123440755376489
0.0803120208712744
0.0482326611827401
0.0453539852243952
0.026443236022699
0.0100752559792615
0.0100752559792615
0.0100752559792615
0.00916283675660845
0.00862587701377937
0.00461653102624116
0.00461653102624116
0.00243569602949933
0.00243569602949933
0.00226596451240246
0.00147246998786077
0.00147246998786077
0.000519774254006178
0.000281100836569292
0.000181201240162299
0.000181201240162299
0.000166501730678892
0.000161358134908141
0.000148205982011484
0.000146516553687248
0.000109587902858088
0.000108792286498627
0.000108792286498627
0.000108661092666607
0.000108661092666607
0.000108649742442402
0.000108649742442402
0.000108643422739862
0.000108643422739862
0.000108643422739862
0.000108643422739862
0.000108641382622343
0.000108640325151232
0.000108640273288607
0.0001086402164171
0.000108640134504734
0.000108640123039017
0.000108640112435499
0.000108640102236102
0.00010864009589584
0.00010864009589584
0.000108640095395462
0.000108640095395462
0.000108640095395462
0.000108640095395462
0.000108640095379697
0.000108640095379697
0.000108640095379253
0.000108640095378809
0.000108640095372592
0.000108640095369705
0.000108640095369372
0.000108640095369372
0.000108640095369261
0.000108640095369261
0.000108640095369261
0.000108640095369261
0.000108640095369261
0.000108640095369261
0.000108640095369261
0.000108640095369261
0.000108640095369261
0.000108640095369261
0.000108640095369261
0.000108640095369261
0.000108640095369261
0.000108640095369261
0.000108640095369261
0.000108640095369261
0.000108640095369261
0.000108640095369261
0.000108640095369261
0.000108640095369261
0.000108640095369261
0.000108640095369261
0.000108640095369261
0.000108640095369261
0.000108640095369261
0.000108640095369261
0.000108640095369261
0.000108640095369261
0.000108640095369261
0.000108640095369261
0.000108640095369261
0.000108640095369261
0.000108640095369261
0.000108640095369261
0.000108640095369261
0.000108640095369261
0.000108640095369261
0.000108640095369261
0.000108640095369261
0.000108640095369261
0.000108640095369261
0.000108640095369261
0.000108640095369261
0.000108640095369261
0.000108640095369261
0.000108640095369261
0.000108640095369261
0.000108640095369261
0.000108640095369261
0.000108640095369261
0.000108640095369261
0.000108640095369261
0.000108640095369261
0.000108640095369261
0.000108640095369261
0.000108640095369261
0.000108640095369261
0.000108640095369261
0.000108640095369261
0.000108640095369261
0.000108640095369261
0.000108640095369261
0.000108640095369261
0.000108640095369261
0.000108640095369261
0.000108640095369261
0.000108640095369261
0.000108640095369261
0.000108640095369261
0.000108640095369261
0.000108640095369261
0.000108640095369261
0.000108640095369261
0.000108640095369261
0.000108640095369261
0.000108640095369261
0.000108640095369261
0.000108640095369261
0.000108640095369261
0.000108640095369261
0.000108640095369261
0.000108640095369261
0.000108640095369261
0.000108640095369261
0.000108640095369261
0.000108640095369261
0.000108640095369261
0.000108640095369261
0.000108640095369261
0.000108640095369261
0.000108640095369261
0.000108640095369261
0.000108640095369261
0.000108640095369261
0.000108640095369261
0.000108640095369261
0.000108640095369261
0.000108640095369261
0.000108640095369261
0.000108640095369261
0.000108640095369261
0.000108640095369261
0.000108640095369261
0.000108640095369261
0.000108640095369261
0.000108640095369261
0.000108640095369261
0.000108640095369261
0.000108640095369261
0.000108640095369261
0.000108640095369261
0.000108640095369261
0.000108640095369261
0.000108640095369261
0.000108640095369261
0.000108640095369261
0.000108640095369261
0.000108640095369261
0.000108640095369261
0.000108640095369261
0.000108640095369261
0.000108640095369261
0.000108640095369261
0.000108640095369261
0.000108640095369261
0.000108640095369261
0.000108640095369261
0.000108640095369261
0.000108640095369261
0.000108640095369261
0.000108640095369261
0.000108640095369261
0.000108640095369261
0.000108640095369261
0.000108640095369261
0.000108640095369261
0.000108640095369261
0.000108640095369261
0.000108640095369261
0.000108640095369261
0.000108640095369261
0.000108640095369261
0.000108640095369261
0.000108640095369261
0.000108640095369261
0.000108640095369261
0.000108640095369261
0.000108640095369261
0.000108640095369261
0.000108640095369261
0.000108640095369261
0.000108640095369261
0.000108640095369261
0.000108640095369261
0.000108640095369261
0.000108640095369261
0.000108640095369261
0.000108640095369261
0.000108640095369261
0.000108640095369261
0.000108640095369261
0.000108640095369261
0.000108640095369261
0.000108640095369261
0.000108640095369261
0.000108640095369261
0.000108640095369261
0.000108640095369261
0.000108640095369261
0.000108640095369261
0.000108640095369261
0.000108640095369261
0.000108640095369261
0.000108640095369261
0.000108640095369261
0.000108640095369261
0.000108640095369261
0.000108640095369261
0.000108640095369261
0.000108640095369261
0.000108640095369261
0.000108640095369261
0.000108640095369261
0.000108640095369261
0.000108640095369261
0.000108640095369261
0.000108640095369261
0.000108640095369261
0.000108640095369261
0.000108640095369261
0.000108640095369261
0.000108640095369261
0.000108640095369261
0.000108640095369261
0.000108640095369261
0.000108640095369261
0.000108640095369261
0.000108640095369261
0.000108640095369261
0.000108640095369261
0.000108640095369261
0.000108640095369261
0.000108640095369261
0.000108640095369261
0.000108640095369261
0.000108640095369261
0.000108640095369261
0.000108640095369261
0.000108640095369261
0.000108640095369261
0.000108640095369261
0.000108640095369261
0.000108640095369261
0.000108640095369261
0.000108640095369261
0.000108640095369261
0.000108640095369261
0.000108640095369261
0.000108640095369261
0.000108640095369261
0.000108640095369261
0.000108640095369261
0.000108640095369261
0.000108640095369261
0.000108640095369261
0.000108640095369261
0.000108640095369261
0.000108640095369261
0.000108640095369261
0.000108640095369261
0.000108640095369261
0.000108640095369261
0.000108640095369261
0.000108640095369261
0.000108640095369261
0.000108640095369261
0.000108640095369261
0.000108640095369261
0.000108640095369261
0.000108640095369261
0.000108640095369261
0.000108640095369261
0.000108640095369261
0.000108640095369261
0.000108640095369261
0.000108640095369261
0.000108640095369261
0.000108640095369261
0.000108640095369261
0.000108640095369261
0.000108640095369261
0.000108640095369261
0.000108640095369261
0.000108640095369261
0.000108640095369261
0.000108640095369261
0.000108640095369261
0.000108640095369261
0.000108640095369261
0.000108640095369261
0.000108640095369261
0.000108640095369261
0.000108640095369261
0.000108640095369261
0.000108640095369261
0.000108640095369261
0.000108640095369261
0.000108640095369261
0.000108640095369261
0.000108640095369261
0.000108640095369261
0.000108640095369261
0.000108640095369261
0.000108640095369261
0.000108640095369261
0.000108640095369261
0.000108640095369261
0.000108640095369261
0.000108640095369261
0.000108640095369261
0.000108640095369261
0.000108640095369261
0.000108640095369261
0.000108640095369261
0.000108640095369261
0.000108640095369261
0.000108640095369261
0.000108640095369261
0.000108640095369261
0.000108640095369261
0.000108640095369261
0.000108640095369261
0.000108640095369261
0.000108640095369261
0.000108640095369261
0.000108640095369261
0.000108640095369261
0.000108640095369261
0.000108640095369261
0.000108640095369261
0.000108640095369261
0.000108640095369261
0.000108640095369261
0.000108640095369261
0.000108640095369261
0.000108640095369261
0.000108640095369261
0.000108640095369261
0.000108640095369261
0.000108640095369261
0.000108640095369261
0.000108640095369261
0.000108640095369261
0.000108640095369261
0.000108640095369261
0.000108640095369261
0.000108640095369261
0.000108640095369261
0.000108640095369261
0.000108640095369261
0.000108640095369261
0.000108640095369261
0.000108640095369261
0.000108640095369261
0.000108640095369261
0.000108640095369261
0.000108640095369261
0.000108640095369261
0.000108640095369261
0.000108640095369261
0.000108640095369261
0.000108640095369261
0.000108640095369261
0.000108640095369261
0.000108640095369261
0.000108640095369261
0.000108640095369261
0.000108640095369261
0.000108640095369261
0.000108640095369261
0.000108640095369261
0.000108640095369261
0.000108640095369261
0.000108640095369261
0.000108640095369261
0.000108640095369261
0.000108640095369261
0.000108640095369261
0.000108640095369261
0.000108640095369261
0.000108640095369261
0.000108640095369261
0.000108640095369261
0.000108640095369261
0.000108640095369261
0.000108640095369261
0.000108640095369261
0.000108640095369261
0.000108640095369261
0.000108640095369261
0.000108640095369261
0.000108640095369261
0.000108640095369261
0.000108640095369261
0.000108640095369261
0.000108640095369261
0.000108640095369261
0.000108640095369261
0.000108640095369261
0.000108640095369261
0.000108640095369261
0.000108640095369261
0.000108640095369261
0.000108640095369261
0.000108640095369261
0.000108640095369261
0.000108640095369261
0.000108640095369261
0.000108640095369261
0.000108640095369261
0.000108640095369261
0.000108640095369261
0.000108640095369261
0.000108640095369261
0.000108640095369261
0.000108640095369261
0.000108640095369261
0.000108640095369261
0.000108640095369261
0.000108640095369261
0.000108640095369261
0.000108640095369261
0.000108640095369261
0.000108640095369261
0.000108640095369261
0.000108640095369261
0.000108640095369261
0.000108640095369261
0.000108640095369261
0.000108640095369261
0.000108640095369261
0.000108640095369261
0.000108640095369261
0.000108640095369261
0.000108640095369261
0.000108640095369261
0.000108640095369261
0.000108640095369261
0.000108640095369261
0.000108640095369261
0.000108640095369261
0.000108640095369261
0.000108640095369261
0.000108640095369261
0.000108640095369261
0.000108640095369261
0.000108640095369261
0.000108640095369261
0.000108640095369261
0.000108640095369261
0.000108640095369261
0.000108640095369261
0.000108640095369261
0.000108640095369261
0.000108640095369261
0.000108640095369261
0.000108640095369261
0.000108640095369261
0.000108640095369261
0.000108640095369261
0.000108640095369261
0.000108640095369261
0.000108640095369261
0.000108640095369261
0.000108640095369261
0.000108640095369261
0.000108640095369261

