0.236759243942423
0.236759243942423
0.1074141011491
0.1074141011491
0.1074141011491
0.0594627834480274
0.0227284698865796
0.0227284698865796
0.0158511995408364
0.0158511995408364
0.0144493110315284
0.00648806369420629
0.00340546425066823
0.00134909075690992
0.00031900565296894
2.90081872672543E-05
2.90081872672543E-05
1.96180563377668E-05
8.83908617566043E-06
5.80776984382414E-06
1.09181316310103E-06
9.63764047123838E-07
4.87491546907748E-07
2.75316941134029E-07
2.19280111513065E-07
6.13244303115934E-08
3.81077853717215E-08
3.81077853717215E-08
2.00788996540524E-08
1.62881595988651E-08
8.68015948007894E-09
7.96025934057809E-09
3.97081423297863E-09
3.80244713493738E-09
2.90096680011231E-09
2.88078771948364E-09
2.81117895628569E-09
2.81117895628569E-09
2.8054673029132E-09
2.8054673029132E-09
2.80137923969193E-09
2.80110645789478E-09
2.80110645789478E-09
2.80110423744873E-09
2.80092538051946E-09
2.80092538051946E-09
2.80092493643025E-09
2.8009180530475E-09
2.80091549953454E-09
2.80091549953454E-09
2.80091549953454E-09
2.80091538851224E-09
2.80091538851224E-09
2.80091538851224E-09
2.80091538851224E-09
2.80091538851224E-09
2.80091538851224E-09
2.80091538851224E-09
2.80091538851224E-09
2.80091538851224E-09
2.80091538851224E-09
2.80091538851224E-09
2.80091538851224E-09
2.80091538851224E-09
2.80091538851224E-09
2.80091538851224E-09
2.80091538851224E-09
2.80091538851224E-09
2.80091538851224E-09
2.80091538851224E-09
2.80091538851224E-09
2.80091538851224E-09
2.80091538851224E-09
2.80091538851224E-09
2.80091538851224E-09
2.80091538851224E-09
2.80091538851224E-09
2.80091538851224E-09
2.80091538851224E-09
2.80091538851224E-09
2.80091538851224E-09
2.80091538851224E-09
2.80091538851224E-09
2.80091538851224E-09
2.80091538851224E-09
2.80091538851224E-09
2.80091538851224E-09
2.80091538851224E-09
2.80091538851224E-09
2.80091538851224E-09
2.80091538851224E-09
2.80091538851224E-09
2.80091538851224E-09
2.80091538851224E-09
2.80091538851224E-09
2.80091538851224E-09
2.80091538851224E-09
2.80091538851224E-09
2.80091538851224E-09
2.80091538851224E-09
2.80091538851224E-09
2.80091538851224E-09
2.80091538851224E-09
2.80091538851224E-09
2.80091538851224E-09
2.80091538851224E-09
2.80091538851224E-09
2.80091538851224E-09
2.80091538851224E-09
2.80091538851224E-09
2.80091538851224E-09
2.80091538851224E-09
2.80091538851224E-09
2.80091538851224E-09
2.80091538851224E-09
2.80091538851224E-09
2.80091538851224E-09
2.80091538851224E-09
2.80091538851224E-09
2.80091538851224E-09
2.80091538851224E-09
2.80091538851224E-09
2.80091538851224E-09
2.80091538851224E-09
2.80091538851224E-09
2.80091538851224E-09
2.80091538851224E-09
2.80091538851224E-09
2.80091538851224E-09
2.80091538851224E-09
2.80091538851224E-09
2.80091538851224E-09
2.80091538851224E-09
2.80091538851224E-09
2.80091538851224E-09
2.80091538851224E-09
2.80091538851224E-09
2.80091538851224E-09
2.80091538851224E-09
2.80091538851224E-09
2.80091538851224E-09
2.80091538851224E-09
2.80091538851224E-09
2.80091538851224E-09
2.80091538851224E-09
2.80091538851224E-09
2.80091538851224E-09
2.80091538851224E-09
2.80091538851224E-09
2.80091538851224E-09
2.80091538851224E-09
2.80091538851224E-09
2.80091538851224E-09
2.80091538851224E-09
2.80091538851224E-09
2.80091538851224E-09
2.80091538851224E-09
2.80091538851224E-09
2.80091538851224E-09
2.80091538851224E-09
2.80091538851224E-09
2.80091538851224E-09
2.80091538851224E-09
2.80091538851224E-09
2.80091538851224E-09
2.80091538851224E-09
2.80091538851224E-09
2.80091538851224E-09
2.80091538851224E-09
2.80091538851224E-09
2.80091538851224E-09
2.80091538851224E-09
2.80091538851224E-09
2.80091538851224E-09
2.80091538851224E-09
2.80091538851224E-09
2.80091538851224E-09
2.80091538851224E-09
2.80091538851224E-09
2.80091538851224E-09
2.80091538851224E-09
2.80091538851224E-09
2.80091538851224E-09
2.80091538851224E-09
2.80091538851224E-09
2.80091538851224E-09
2.80091538851224E-09
2.80091538851224E-09
2.80091538851224E-09
2.80091538851224E-09
2.80091538851224E-09
2.80091538851224E-09
2.80091538851224E-09
2.80091538851224E-09
2.80091538851224E-09
2.80091538851224E-09
2.80091538851224E-09
2.80091538851224E-09
2.80091538851224E-09
2.80091538851224E-09
2.80091538851224E-09
2.80091538851224E-09
2.80091538851224E-09
2.80091538851224E-09
2.80091538851224E-09
2.80091538851224E-09
2.80091538851224E-09
2.80091538851224E-09
2.80091538851224E-09
2.80091538851224E-09
2.80091538851224E-09
2.80091538851224E-09
2.80091538851224E-09
2.80091538851224E-09
2.80091538851224E-09
2.80091538851224E-09
2.80091538851224E-09
2.80091538851224E-09
2.80091538851224E-09
2.80091538851224E-09
2.80091538851224E-09
2.80091538851224E-09
2.80091538851224E-09
2.80091538851224E-09
2.80091538851224E-09
2.80091538851224E-09
2.80091538851224E-09
2.80091538851224E-09
2.80091538851224E-09
2.80091538851224E-09
2.80091538851224E-09
2.80091538851224E-09
2.80091538851224E-09
2.80091538851224E-09
2.80091538851224E-09
2.80091538851224E-09
2.80091538851224E-09
2.80091538851224E-09
2.80091538851224E-09
2.80091538851224E-09
2.80091538851224E-09
2.80091538851224E-09
2.80091538851224E-09
2.80091538851224E-09
2.80091538851224E-09
2.80091538851224E-09
2.80091538851224E-09
2.80091538851224E-09
2.80091538851224E-09
2.80091538851224E-09
2.80091538851224E-09
2.80091538851224E-09
2.80091538851224E-09
2.80091538851224E-09
2.80091538851224E-09
2.80091538851224E-09
2.80091538851224E-09
2.80091538851224E-09
2.80091538851224E-09
2.80091538851224E-09
2.80091538851224E-09
2.80091538851224E-09
2.80091538851224E-09
2.80091538851224E-09
2.80091538851224E-09
2.80091538851224E-09
2.80091538851224E-09
2.80091538851224E-09
2.80091538851224E-09
2.80091538851224E-09
2.80091538851224E-09
2.80091538851224E-09
2.80091538851224E-09
2.80091538851224E-09
2.80091538851224E-09
2.80091538851224E-09
2.80091538851224E-09
2.80091538851224E-09
2.80091538851224E-09
2.80091538851224E-09
2.80091538851224E-09
2.80091538851224E-09
2.80091538851224E-09
2.80091538851224E-09
2.80091538851224E-09
2.80091538851224E-09
2.80091538851224E-09
2.80091538851224E-09
2.80091538851224E-09
2.80091538851224E-09
2.80091538851224E-09
2.80091538851224E-09
2.80091538851224E-09
2.80091538851224E-09
2.80091538851224E-09
2.80091538851224E-09
2.80091538851224E-09
2.80091538851224E-09
2.80091538851224E-09
2.80091538851224E-09
2.80091538851224E-09
2.80091538851224E-09
2.80091538851224E-09
2.80091538851224E-09
2.80091538851224E-09
2.80091538851224E-09
2.80091538851224E-09
2.80091538851224E-09
2.80091538851224E-09
2.80091538851224E-09
2.80091538851224E-09
2.80091538851224E-09
2.80091538851224E-09
2.80091538851224E-09
2.80091538851224E-09
2.80091538851224E-09
2.80091538851224E-09
2.80091538851224E-09
2.80091538851224E-09
2.80091538851224E-09
2.80091538851224E-09
2.80091538851224E-09
2.80091538851224E-09
2.80091538851224E-09
2.80091538851224E-09
2.80091538851224E-09
2.80091538851224E-09
2.80091538851224E-09
2.80091538851224E-09
2.80091538851224E-09
2.80091538851224E-09
2.80091538851224E-09
2.80091538851224E-09
2.80091538851224E-09
2.80091538851224E-09
2.80091538851224E-09
2.80091538851224E-09
2.80091538851224E-09
2.80091538851224E-09
2.80091538851224E-09
2.80091538851224E-09
2.80091538851224E-09
2.80091538851224E-09
2.80091538851224E-09
2.80091538851224E-09
2.80091538851224E-09
2.80091538851224E-09
2.80091538851224E-09
2.80091538851224E-09
2.80091538851224E-09
2.80091538851224E-09
2.80091538851224E-09
2.80091538851224E-09
2.80091538851224E-09
2.80091538851224E-09
2.80091538851224E-09
2.80091538851224E-09
2.80091538851224E-09
2.80091538851224E-09
2.80091538851224E-09
2.80091538851224E-09
2.80091538851224E-09
2.80091538851224E-09
2.80091538851224E-09
2.80091538851224E-09
2.80091538851224E-09
2.80091538851224E-09
2.80091538851224E-09
2.80091538851224E-09
2.80091538851224E-09
2.80091538851224E-09
2.80091538851224E-09
2.80091538851224E-09
2.80091538851224E-09
2.80091538851224E-09
2.80091538851224E-09
2.80091538851224E-09
2.80091538851224E-09
2.80091538851224E-09
2.80091538851224E-09
2.80091538851224E-09
2.80091538851224E-09
2.80091538851224E-09
2.80091538851224E-09
2.80091538851224E-09
2.80091538851224E-09
2.80091538851224E-09
2.80091538851224E-09
2.80091538851224E-09
2.80091538851224E-09
2.80091538851224E-09
2.80091538851224E-09
2.80091538851224E-09
2.80091538851224E-09
2.80091538851224E-09
2.80091538851224E-09
2.80091538851224E-09
2.80091538851224E-09
2.80091538851224E-09
2.80091538851224E-09
2.80091538851224E-09
2.80091538851224E-09
2.80091538851224E-09
2.80091538851224E-09
2.80091538851224E-09
2.80091538851224E-09
2.80091538851224E-09
2.80091538851224E-09
2.80091538851224E-09
2.80091538851224E-09
2.80091538851224E-09
2.80091538851224E-09
2.80091538851224E-09
2.80091538851224E-09
2.80091538851224E-09
2.80091538851224E-09
2.80091538851224E-09
2.80091538851224E-09
2.80091538851224E-09
2.80091538851224E-09
2.80091538851224E-09
2.80091538851224E-09
2.80091538851224E-09
2.80091538851224E-09
2.80091538851224E-09
2.80091538851224E-09
2.80091538851224E-09
2.80091538851224E-09
2.80091538851224E-09
2.80091538851224E-09
2.80091538851224E-09
2.80091538851224E-09
2.80091538851224E-09
2.80091538851224E-09
2.80091538851224E-09
2.80091538851224E-09
2.80091538851224E-09
2.80091538851224E-09
2.80091538851224E-09
2.80091538851224E-09
2.80091538851224E-09
2.80091538851224E-09
2.80091538851224E-09
2.80091538851224E-09
2.80091538851224E-09
2.80091538851224E-09
2.80091538851224E-09
2.80091538851224E-09
2.80091538851224E-09
2.80091538851224E-09
2.80091538851224E-09
2.80091538851224E-09
2.80091538851224E-09
2.80091538851224E-09
2.80091538851224E-09
2.80091538851224E-09
2.80091538851224E-09
2.80091538851224E-09
2.80091538851224E-09
2.80091538851224E-09
2.80091538851224E-09
2.80091538851224E-09
2.80091538851224E-09
2.80091538851224E-09
2.80091538851224E-09
2.80091538851224E-09
2.80091538851224E-09
2.80091538851224E-09
2.80091538851224E-09
2.80091538851224E-09
2.80091538851224E-09
2.80091538851224E-09
2.80091538851224E-09
2.80091538851224E-09
2.80091538851224E-09
2.80091538851224E-09
2.80091538851224E-09
2.80091538851224E-09
2.80091538851224E-09
2.80091538851224E-09
2.80091538851224E-09
2.80091538851224E-09
2.80091538851224E-09
2.80091538851224E-09
2.80091538851224E-09
2.80091538851224E-09
2.80091538851224E-09
2.80091538851224E-09
2.80091538851224E-09
2.80091538851224E-09
2.80091538851224E-09
2.80091538851224E-09
2.80091538851224E-09
2.80091538851224E-09
2.80091538851224E-09
2.80091538851224E-09
2.80091538851224E-09
2.80091538851224E-09
2.80091538851224E-09
2.80091538851224E-09

