0.152303326128449
0.105618231294347
0.0610535873551333
0.0159058671182553
0.0159058671182553
0.00530104754220706
0.00530104754220706
0.00530104754220706
0.00530104754220706
0.00280132323016147
0.000640602383172206
0.000640602383172206
0.000291155733744164
0.000167945174220474
9.55121079880827E-05
9.55121079880827E-05
3.37493190438742E-05
1.05983749383309E-05
1.01005617778593E-05
5.51531215342571E-06
1.68768307773348E-06
1.43331097324229E-07
1.43331097324229E-07
6.24579937769099E-08
1.01597784629703E-08
8.46640013651978E-09
3.11757608617569E-09
9.28019328050311E-10
9.28019328050311E-10
4.79675410502978E-10
3.65361074727844E-11
3.65361074727844E-11
2.82419643227172E-11
1.30168098522176E-11
1.01594288537399E-11
3.13860049061532E-12
2.59292587401205E-12
2.26285656879099E-12
8.00470800754738E-13
1.91180404840452E-13
2.17603712826531E-14
2.17603712826531E-14
1.14352971536391E-14
1.04360964314765E-14
3.5527136788005E-15
3.5527136788005E-15
1.33226762955019E-15
6.66133814775094E-16
5.55111512312578E-16
5.55111512312578E-16
4.44089209850063E-16
4.44089209850063E-16
1.11022302462516E-16
1.11022302462516E-16
1.11022302462516E-16
1.11022302462516E-16
1.11022302462516E-16
1.11022302462516E-16
1.11022302462516E-16
1.11022302462516E-16
1.11022302462516E-16
1.11022302462516E-16
1.11022302462516E-16
1.11022302462516E-16
1.11022302462516E-16
1.11022302462516E-16
1.11022302462516E-16
1.11022302462516E-16
1.11022302462516E-16
1.11022302462516E-16
1.11022302462516E-16
1.11022302462516E-16
1.11022302462516E-16
1.11022302462516E-16
1.11022302462516E-16
1.11022302462516E-16
1.11022302462516E-16
1.11022302462516E-16
1.11022302462516E-16
1.11022302462516E-16
1.11022302462516E-16
1.11022302462516E-16
1.11022302462516E-16
1.11022302462516E-16
1.11022302462516E-16
1.11022302462516E-16
1.11022302462516E-16
1.11022302462516E-16
1.11022302462516E-16
1.11022302462516E-16
1.11022302462516E-16
1.11022302462516E-16
1.11022302462516E-16
1.11022302462516E-16
1.11022302462516E-16
1.11022302462516E-16
1.11022302462516E-16
1.11022302462516E-16
1.11022302462516E-16
1.11022302462516E-16
1.11022302462516E-16
1.11022302462516E-16
1.11022302462516E-16
1.11022302462516E-16
1.11022302462516E-16
1.11022302462516E-16
1.11022302462516E-16
1.11022302462516E-16
1.11022302462516E-16
1.11022302462516E-16
1.11022302462516E-16
1.11022302462516E-16
1.11022302462516E-16
1.11022302462516E-16
1.11022302462516E-16
1.11022302462516E-16
1.11022302462516E-16
1.11022302462516E-16
1.11022302462516E-16
1.11022302462516E-16
1.11022302462516E-16
1.11022302462516E-16
1.11022302462516E-16
1.11022302462516E-16
1.11022302462516E-16
1.11022302462516E-16
1.11022302462516E-16
1.11022302462516E-16
1.11022302462516E-16
1.11022302462516E-16
1.11022302462516E-16
1.11022302462516E-16
1.11022302462516E-16
1.11022302462516E-16
1.11022302462516E-16
1.11022302462516E-16
1.11022302462516E-16
1.11022302462516E-16
1.11022302462516E-16
1.11022302462516E-16
1.11022302462516E-16
1.11022302462516E-16
1.11022302462516E-16
1.11022302462516E-16
1.11022302462516E-16
1.11022302462516E-16
1.11022302462516E-16
1.11022302462516E-16
1.11022302462516E-16
1.11022302462516E-16
1.11022302462516E-16
1.11022302462516E-16
1.11022302462516E-16
1.11022302462516E-16
1.11022302462516E-16
1.11022302462516E-16
1.11022302462516E-16
1.11022302462516E-16
1.11022302462516E-16
1.11022302462516E-16
1.11022302462516E-16
1.11022302462516E-16
1.11022302462516E-16
1.11022302462516E-16
1.11022302462516E-16
1.11022302462516E-16
1.11022302462516E-16
1.11022302462516E-16
1.11022302462516E-16
1.11022302462516E-16
1.11022302462516E-16
1.11022302462516E-16
1.11022302462516E-16
1.11022302462516E-16
1.11022302462516E-16
1.11022302462516E-16
1.11022302462516E-16
1.11022302462516E-16
1.11022302462516E-16
1.11022302462516E-16
1.11022302462516E-16
1.11022302462516E-16
1.11022302462516E-16
1.11022302462516E-16
1.11022302462516E-16
1.11022302462516E-16
1.11022302462516E-16
1.11022302462516E-16
1.11022302462516E-16
1.11022302462516E-16
1.11022302462516E-16
1.11022302462516E-16
1.11022302462516E-16
1.11022302462516E-16
1.11022302462516E-16
1.11022302462516E-16
1.11022302462516E-16
1.11022302462516E-16
1.11022302462516E-16
1.11022302462516E-16
1.11022302462516E-16
1.11022302462516E-16
1.11022302462516E-16
1.11022302462516E-16
1.11022302462516E-16
1.11022302462516E-16
1.11022302462516E-16
1.11022302462516E-16
1.11022302462516E-16
1.11022302462516E-16
1.11022302462516E-16
1.11022302462516E-16
1.11022302462516E-16
1.11022302462516E-16
1.11022302462516E-16
1.11022302462516E-16
1.11022302462516E-16
1.11022302462516E-16
1.11022302462516E-16
1.11022302462516E-16
1.11022302462516E-16
1.11022302462516E-16
1.11022302462516E-16
1.11022302462516E-16
1.11022302462516E-16
1.11022302462516E-16
1.11022302462516E-16
1.11022302462516E-16
1.11022302462516E-16
1.11022302462516E-16
1.11022302462516E-16
1.11022302462516E-16
1.11022302462516E-16
1.11022302462516E-16
1.11022302462516E-16
1.11022302462516E-16
1.11022302462516E-16
1.11022302462516E-16
1.11022302462516E-16
1.11022302462516E-16
1.11022302462516E-16
1.11022302462516E-16
1.11022302462516E-16
1.11022302462516E-16
1.11022302462516E-16
1.11022302462516E-16
1.11022302462516E-16
1.11022302462516E-16
1.11022302462516E-16
1.11022302462516E-16
1.11022302462516E-16
1.11022302462516E-16
1.11022302462516E-16
1.11022302462516E-16
1.11022302462516E-16
1.11022302462516E-16
1.11022302462516E-16
1.11022302462516E-16
1.11022302462516E-16
1.11022302462516E-16
1.11022302462516E-16
1.11022302462516E-16
1.11022302462516E-16
1.11022302462516E-16
1.11022302462516E-16
1.11022302462516E-16
1.11022302462516E-16
1.11022302462516E-16
1.11022302462516E-16
1.11022302462516E-16
1.11022302462516E-16
1.11022302462516E-16
1.11022302462516E-16
1.11022302462516E-16
1.11022302462516E-16
1.11022302462516E-16
1.11022302462516E-16
1.11022302462516E-16
1.11022302462516E-16
1.11022302462516E-16
1.11022302462516E-16
1.11022302462516E-16
1.11022302462516E-16
1.11022302462516E-16
1.11022302462516E-16
1.11022302462516E-16
1.11022302462516E-16
1.11022302462516E-16
1.11022302462516E-16
1.11022302462516E-16
1.11022302462516E-16
1.11022302462516E-16
1.11022302462516E-16
1.11022302462516E-16
1.11022302462516E-16
1.11022302462516E-16
1.11022302462516E-16
1.11022302462516E-16
1.11022302462516E-16
1.11022302462516E-16
1.11022302462516E-16
1.11022302462516E-16
1.11022302462516E-16
1.11022302462516E-16
1.11022302462516E-16
1.11022302462516E-16
1.11022302462516E-16
1.11022302462516E-16
1.11022302462516E-16
1.11022302462516E-16
1.11022302462516E-16
1.11022302462516E-16
1.11022302462516E-16
1.11022302462516E-16
1.11022302462516E-16
1.11022302462516E-16
1.11022302462516E-16
1.11022302462516E-16
1.11022302462516E-16
1.11022302462516E-16
1.11022302462516E-16
1.11022302462516E-16
1.11022302462516E-16
1.11022302462516E-16
1.11022302462516E-16
1.11022302462516E-16
1.11022302462516E-16
1.11022302462516E-16
1.11022302462516E-16
1.11022302462516E-16
1.11022302462516E-16
1.11022302462516E-16
1.11022302462516E-16
1.11022302462516E-16
1.11022302462516E-16
1.11022302462516E-16
1.11022302462516E-16
1.11022302462516E-16
1.11022302462516E-16
1.11022302462516E-16
1.11022302462516E-16
1.11022302462516E-16
1.11022302462516E-16
1.11022302462516E-16
1.11022302462516E-16
1.11022302462516E-16
1.11022302462516E-16
1.11022302462516E-16
1.11022302462516E-16
1.11022302462516E-16
1.11022302462516E-16
1.11022302462516E-16
1.11022302462516E-16
1.11022302462516E-16
1.11022302462516E-16
1.11022302462516E-16
1.11022302462516E-16
1.11022302462516E-16
1.11022302462516E-16
1.11022302462516E-16
1.11022302462516E-16
1.11022302462516E-16
1.11022302462516E-16
1.11022302462516E-16
1.11022302462516E-16
1.11022302462516E-16
1.11022302462516E-16
1.11022302462516E-16
1.11022302462516E-16
1.11022302462516E-16
1.11022302462516E-16
1.11022302462516E-16
1.11022302462516E-16
1.11022302462516E-16
1.11022302462516E-16
1.11022302462516E-16
1.11022302462516E-16
1.11022302462516E-16
1.11022302462516E-16
1.11022302462516E-16
1.11022302462516E-16
1.11022302462516E-16
1.11022302462516E-16
1.11022302462516E-16
1.11022302462516E-16
1.11022302462516E-16
1.11022302462516E-16
1.11022302462516E-16
1.11022302462516E-16
1.11022302462516E-16
1.11022302462516E-16
1.11022302462516E-16
1.11022302462516E-16
1.11022302462516E-16
1.11022302462516E-16
1.11022302462516E-16
1.11022302462516E-16
1.11022302462516E-16
1.11022302462516E-16
1.11022302462516E-16
1.11022302462516E-16
1.11022302462516E-16
1.11022302462516E-16
1.11022302462516E-16
1.11022302462516E-16
1.11022302462516E-16
1.11022302462516E-16
1.11022302462516E-16
1.11022302462516E-16
1.11022302462516E-16
1.11022302462516E-16
1.11022302462516E-16
1.11022302462516E-16
1.11022302462516E-16
1.11022302462516E-16
1.11022302462516E-16
1.11022302462516E-16
1.11022302462516E-16
1.11022302462516E-16
1.11022302462516E-16
1.11022302462516E-16
1.11022302462516E-16
1.11022302462516E-16
1.11022302462516E-16
1.11022302462516E-16
1.11022302462516E-16
1.11022302462516E-16
1.11022302462516E-16
1.11022302462516E-16
1.11022302462516E-16
1.11022302462516E-16
1.11022302462516E-16
1.11022302462516E-16
1.11022302462516E-16
1.11022302462516E-16
1.11022302462516E-16
1.11022302462516E-16
1.11022302462516E-16
1.11022302462516E-16
1.11022302462516E-16
1.11022302462516E-16
1.11022302462516E-16
1.11022302462516E-16
1.11022302462516E-16
1.11022302462516E-16
1.11022302462516E-16
1.11022302462516E-16
1.11022302462516E-16
1.11022302462516E-16
1.11022302462516E-16
1.11022302462516E-16
1.11022302462516E-16
1.11022302462516E-16
1.11022302462516E-16
1.11022302462516E-16
1.11022302462516E-16
1.11022302462516E-16
1.11022302462516E-16
1.11022302462516E-16
1.11022302462516E-16
1.11022302462516E-16
1.11022302462516E-16
1.11022302462516E-16
1.11022302462516E-16
1.11022302462516E-16
1.11022302462516E-16
1.11022302462516E-16
1.11022302462516E-16
1.11022302462516E-16
1.11022302462516E-16
1.11022302462516E-16
1.11022302462516E-16
1.11022302462516E-16
1.11022302462516E-16
1.11022302462516E-16
1.11022302462516E-16
1.11022302462516E-16
1.11022302462516E-16
1.11022302462516E-16
1.11022302462516E-16
1.11022302462516E-16
1.11022302462516E-16
1.11022302462516E-16
1.11022302462516E-16
1.11022302462516E-16
1.11022302462516E-16
1.11022302462516E-16
1.11022302462516E-16
1.11022302462516E-16
1.11022302462516E-16
1.11022302462516E-16
1.11022302462516E-16
1.11022302462516E-16
1.11022302462516E-16
1.11022302462516E-16
1.11022302462516E-16
1.11022302462516E-16
1.11022302462516E-16
1.11022302462516E-16
1.11022302462516E-16

