0.0713939179326596
0.0713939179326596
0.0713939179326596
0.0713939179326596
0.0547810524779732
0.0379777540587287
0.0357532837853519
0.0111250925906107
0.00997863290301998
0.00292677397168095
0.00292677397168095
0.00292677397168095
8.39803339201528E-05
8.39803339201528E-05
8.39803339201528E-05
3.92538794038444E-05
3.92538794038444E-05
2.63429002624882E-05
2.53194385626543E-05
2.46891956910966E-05
1.93819049223443E-05
2.05664155056295E-06
1.2704873044167E-06
8.33822246637528E-07
3.95682308862444E-07
8.72133433804656E-08
8.72133433804656E-08
8.72133433804656E-08
8.45394949045009E-08
3.86011111408457E-08
3.86011111408457E-08
3.39433374185738E-08
2.92502704835051E-08
2.85766448837599E-08
2.5660408131678E-08
2.5027333372396E-08
2.49398191543015E-08
2.47201063507951E-08
2.46697675621022E-08
2.4614679683399E-08
2.45630466522151E-08
2.45630466522151E-08
2.456059061684E-08
2.45494795603207E-08
2.45477650984149E-08
2.45457985603714E-08
2.45457607017663E-08
2.45454598868378E-08
2.45454598868378E-08
2.45454598868378E-08
2.45454516156762E-08
2.45454380154442E-08
2.45454379044219E-08
2.45454379044219E-08
2.45454379044219E-08
2.45454379044219E-08
2.45454379044219E-08
2.45454379044219E-08
2.45454379044219E-08
2.45454379044219E-08
2.45454379044219E-08
2.45454379044219E-08
2.45454379044219E-08
2.45454379044219E-08
2.45454379044219E-08
2.45454379044219E-08
2.45454379044219E-08
2.45454379044219E-08
2.45454379044219E-08
2.45454379044219E-08
2.45454379044219E-08
2.45454379044219E-08
2.45454379044219E-08
2.45454379044219E-08
2.45454379044219E-08
2.45454379044219E-08
2.45454379044219E-08
2.45454379044219E-08
2.45454379044219E-08
2.45454379044219E-08
2.45454379044219E-08
2.45454379044219E-08
2.45454379044219E-08
2.45454379044219E-08
2.45454379044219E-08
2.45454379044219E-08
2.45454379044219E-08
2.45454379044219E-08
2.45454379044219E-08
2.45454379044219E-08
2.45454379044219E-08
2.45454379044219E-08
2.45454379044219E-08
2.45454379044219E-08
2.45454379044219E-08
2.45454379044219E-08
2.45454379044219E-08
2.45454379044219E-08
2.45454379044219E-08
2.45454379044219E-08
2.45454379044219E-08
2.45454379044219E-08
2.45454379044219E-08
2.45454379044219E-08
2.45454379044219E-08
2.45454379044219E-08
2.45454379044219E-08
2.45454379044219E-08
2.45454379044219E-08
2.45454379044219E-08
2.45454379044219E-08
2.45454379044219E-08
2.45454379044219E-08
2.45454379044219E-08
2.45454379044219E-08
2.45454379044219E-08
2.45454379044219E-08
2.45454379044219E-08
2.45454379044219E-08
2.45454379044219E-08
2.45454379044219E-08
2.45454379044219E-08
2.45454379044219E-08
2.45454379044219E-08
2.45454379044219E-08
2.45454379044219E-08
2.45454379044219E-08
2.45454379044219E-08
2.45454379044219E-08
2.45454379044219E-08
2.45454379044219E-08
2.45454379044219E-08
2.45454379044219E-08
2.45454379044219E-08
2.45454379044219E-08
2.45454379044219E-08
2.45454379044219E-08
2.45454379044219E-08
2.45454379044219E-08
2.45454379044219E-08
2.45454379044219E-08
2.45454379044219E-08
2.45454379044219E-08
2.45454379044219E-08
2.45454379044219E-08
2.45454379044219E-08
2.45454379044219E-08
2.45454379044219E-08
2.45454379044219E-08
2.45454379044219E-08
2.45454379044219E-08
2.45454379044219E-08
2.45454379044219E-08
2.45454379044219E-08
2.45454379044219E-08
2.45454379044219E-08
2.45454379044219E-08
2.45454379044219E-08
2.45454379044219E-08
2.45454379044219E-08
2.45454379044219E-08
2.45454379044219E-08
2.45454379044219E-08
2.45454379044219E-08
2.45454379044219E-08
2.45454379044219E-08
2.45454379044219E-08
2.45454379044219E-08
2.45454379044219E-08
2.45454379044219E-08
2.45454379044219E-08
2.45454379044219E-08
2.45454379044219E-08
2.45454379044219E-08
2.45454379044219E-08
2.45454379044219E-08
2.45454379044219E-08
2.45454379044219E-08
2.45454379044219E-08
2.45454379044219E-08
2.45454379044219E-08
2.45454379044219E-08
2.45454379044219E-08
2.45454379044219E-08
2.45454379044219E-08
2.45454379044219E-08
2.45454379044219E-08
2.45454379044219E-08
2.45454379044219E-08
2.45454379044219E-08
2.45454379044219E-08
2.45454379044219E-08
2.45454379044219E-08
2.45454379044219E-08
2.45454379044219E-08
2.45454379044219E-08
2.45454379044219E-08
2.45454379044219E-08
2.45454379044219E-08
2.45454379044219E-08
2.45454379044219E-08
2.45454379044219E-08
2.45454379044219E-08
2.45454379044219E-08
2.45454379044219E-08
2.45454379044219E-08
2.45454379044219E-08
2.45454379044219E-08
2.45454379044219E-08
2.45454379044219E-08
2.45454379044219E-08
2.45454379044219E-08
2.45454379044219E-08
2.45454379044219E-08
2.45454379044219E-08
2.45454379044219E-08
2.45454379044219E-08
2.45454379044219E-08
2.45454379044219E-08
2.45454379044219E-08
2.45454379044219E-08
2.45454379044219E-08
2.45454379044219E-08
2.45454379044219E-08
2.45454379044219E-08
2.45454379044219E-08
2.45454379044219E-08
2.45454379044219E-08
2.45454379044219E-08
2.45454379044219E-08
2.45454379044219E-08
2.45454379044219E-08
2.45454379044219E-08
2.45454379044219E-08
2.45454379044219E-08
2.45454379044219E-08
2.45454379044219E-08
2.45454379044219E-08
2.45454379044219E-08
2.45454379044219E-08
2.45454379044219E-08
2.45454379044219E-08
2.45454379044219E-08
2.45454379044219E-08
2.45454379044219E-08
2.45454379044219E-08
2.45454379044219E-08
2.45454379044219E-08
2.45454379044219E-08
2.45454379044219E-08
2.45454379044219E-08
2.45454379044219E-08
2.45454379044219E-08
2.45454379044219E-08
2.45454379044219E-08
2.45454379044219E-08
2.45454379044219E-08
2.45454379044219E-08
2.45454379044219E-08
2.45454379044219E-08
2.45454379044219E-08
2.45454379044219E-08
2.45454379044219E-08
2.45454379044219E-08
2.45454379044219E-08
2.45454379044219E-08
2.45454379044219E-08
2.45454379044219E-08
2.45454379044219E-08
2.45454379044219E-08
2.45454379044219E-08
2.45454379044219E-08
2.45454379044219E-08
2.45454379044219E-08
2.45454379044219E-08
2.45454379044219E-08
2.45454379044219E-08
2.45454379044219E-08
2.45454379044219E-08
2.45454379044219E-08
2.45454379044219E-08
2.45454379044219E-08
2.45454379044219E-08
2.45454379044219E-08
2.45454379044219E-08
2.45454379044219E-08
2.45454379044219E-08
2.45454379044219E-08
2.45454379044219E-08
2.45454379044219E-08
2.45454379044219E-08
2.45454379044219E-08
2.45454379044219E-08
2.45454379044219E-08
2.45454379044219E-08
2.45454379044219E-08
2.45454379044219E-08
2.45454379044219E-08
2.45454379044219E-08
2.45454379044219E-08
2.45454379044219E-08
2.45454379044219E-08
2.45454379044219E-08
2.45454379044219E-08
2.45454379044219E-08
2.45454379044219E-08
2.45454379044219E-08
2.45454379044219E-08
2.45454379044219E-08
2.45454379044219E-08
2.45454379044219E-08
2.45454379044219E-08
2.45454379044219E-08
2.45454379044219E-08
2.45454379044219E-08
2.45454379044219E-08
2.45454379044219E-08
2.45454379044219E-08
2.45454379044219E-08
2.45454379044219E-08
2.45454379044219E-08
2.45454379044219E-08
2.45454379044219E-08
2.45454379044219E-08
2.45454379044219E-08
2.45454379044219E-08
2.45454379044219E-08
2.45454379044219E-08
2.45454379044219E-08
2.45454379044219E-08
2.45454379044219E-08
2.45454379044219E-08
2.45454379044219E-08
2.45454379044219E-08
2.45454379044219E-08
2.45454379044219E-08
2.45454379044219E-08
2.45454379044219E-08
2.45454379044219E-08
2.45454379044219E-08
2.45454379044219E-08
2.45454379044219E-08
2.45454379044219E-08
2.45454379044219E-08
2.45454379044219E-08
2.45454379044219E-08
2.45454379044219E-08
2.45454379044219E-08
2.45454379044219E-08
2.45454379044219E-08
2.45454379044219E-08
2.45454379044219E-08
2.45454379044219E-08
2.45454379044219E-08
2.45454379044219E-08
2.45454379044219E-08
2.45454379044219E-08
2.45454379044219E-08
2.45454379044219E-08
2.45454379044219E-08
2.45454379044219E-08
2.45454379044219E-08
2.45454379044219E-08
2.45454379044219E-08
2.45454379044219E-08
2.45454379044219E-08
2.45454379044219E-08
2.45454379044219E-08
2.45454379044219E-08
2.45454379044219E-08
2.45454379044219E-08
2.45454379044219E-08
2.45454379044219E-08
2.45454379044219E-08
2.45454379044219E-08
2.45454379044219E-08
2.45454379044219E-08
2.45454379044219E-08
2.45454379044219E-08
2.45454379044219E-08
2.45454379044219E-08
2.45454379044219E-08
2.45454379044219E-08
2.45454379044219E-08
2.45454379044219E-08
2.45454379044219E-08
2.45454379044219E-08
2.45454379044219E-08
2.45454379044219E-08
2.45454379044219E-08
2.45454379044219E-08
2.45454379044219E-08
2.45454379044219E-08
2.45454379044219E-08
2.45454379044219E-08
2.45454379044219E-08
2.45454379044219E-08
2.45454379044219E-08
2.45454379044219E-08
2.45454379044219E-08
2.45454379044219E-08
2.45454379044219E-08
2.45454379044219E-08
2.45454379044219E-08
2.45454379044219E-08
2.45454379044219E-08
2.45454379044219E-08
2.45454379044219E-08
2.45454379044219E-08
2.45454379044219E-08
2.45454379044219E-08
2.45454379044219E-08
2.45454379044219E-08
2.45454379044219E-08
2.45454379044219E-08
2.45454379044219E-08
2.45454379044219E-08
2.45454379044219E-08
2.45454379044219E-08
2.45454379044219E-08
2.45454379044219E-08
2.45454379044219E-08
2.45454379044219E-08
2.45454379044219E-08
2.45454379044219E-08
2.45454379044219E-08
2.45454379044219E-08
2.45454379044219E-08
2.45454379044219E-08
2.45454379044219E-08
2.45454379044219E-08
2.45454379044219E-08
2.45454379044219E-08
2.45454379044219E-08
2.45454379044219E-08
2.45454379044219E-08
2.45454379044219E-08
2.45454379044219E-08
2.45454379044219E-08
2.45454379044219E-08
2.45454379044219E-08
2.45454379044219E-08
2.45454379044219E-08
2.45454379044219E-08
2.45454379044219E-08
2.45454379044219E-08
2.45454379044219E-08
2.45454379044219E-08
2.45454379044219E-08
2.45454379044219E-08
2.45454379044219E-08
2.45454379044219E-08
2.45454379044219E-08
2.45454379044219E-08
2.45454379044219E-08
2.45454379044219E-08
2.45454379044219E-08
2.45454379044219E-08
2.45454379044219E-08
2.45454379044219E-08
2.45454379044219E-08
2.45454379044219E-08
2.45454379044219E-08
2.45454379044219E-08
2.45454379044219E-08
2.45454379044219E-08
2.45454379044219E-08
2.45454379044219E-08
2.45454379044219E-08
2.45454379044219E-08
2.45454379044219E-08
2.45454379044219E-08
2.45454379044219E-08
2.45454379044219E-08
2.45454379044219E-08
2.45454379044219E-08
2.45454379044219E-08
2.45454379044219E-08
2.45454379044219E-08
2.45454379044219E-08
2.45454379044219E-08
2.45454379044219E-08
2.45454379044219E-08
2.45454379044219E-08
2.45454379044219E-08
2.45454379044219E-08
2.45454379044219E-08
2.45454379044219E-08
2.45454379044219E-08
2.45454379044219E-08
2.45454379044219E-08
2.45454379044219E-08
2.45454379044219E-08
2.45454379044219E-08
2.45454379044219E-08
2.45454379044219E-08
2.45454379044219E-08
2.45454379044219E-08
2.45454379044219E-08
2.45454379044219E-08

