0.229239002071392
0.190249149005069
0.190249149005069
0.190249149005069
0.190249149005069
0.190249149005069
0.190249149005069
0.190249149005069
0.190249149005069
0.190249149005069
0.190249149005069
0.190249149005069
0.190249149005069
0.190249149005069
0.190249149005069
0.190249149005069
0.0344894310960096
0.0344894310960096
0.0328401935784323
0.0328401935784323
0.0328401935784323
0.0328401935784323
0.0328401935784323
0.0328401935784323
0.0181636116293061
0.0181636116293061
0.0104994090552133
0.0104994090552133
0.0104994090552133
0.0104994090552133
0.0104994090552133
0.0104994090552133
0.0104994090552133
0.0104994090552133
0.00613235040040827
0.00613235040040827
0.00613235040040827
0.0060809526315154
0.0060809526315154
0.0060809526315154
0.0060809526315154
0.0060809526315154
0.0060809526315154
0.0060809526315154
0.0060809526315154
0.0060809526315154
0.0060809526315154
0.0060809526315154
0.0060809526315154
0.0060809526315154
0.0060809526315154
0.0060809526315154
0.0060809526315154
0.0060809526315154
0.0060809526315154
0.0060809526315154
0.0060809526315154
0.0060809526315154
0.0060809526315154
0.0060809526315154
0.0060809526315154
0.0060809526315154
0.0060809526315154
0.0060809526315154
0.0060809526315154
0.0060809526315154
0.0060809526315154
0.0060809526315154
0.0060809526315154
0.0060809526315154
0.0060809526315154
0.0060809526315154
0.0060809526315154
0.0060809526315154
0.0060809526315154
0.0060809526315154
0.0060809526315154
0.0060809526315154
0.0060809526315154
0.0060809526315154
0.0060809526315154
0.0060809526315154
0.0060809526315154
0.0060809526315154
0.0060809526315154
0.0060809526315154
0.0060809526315154
0.0060809526315154
0.0060809526315154
0.0060809526315154
0.0060809526315154
0.0060809526315154
0.0060809526315154
0.0060809526315154
0.0060809526315154
0.0060809526315154
0.0060809526315154
0.0060809526315154
0.0060809526315154
0.0060809526315154
0.0060809526315154
0.0060809526315154
0.0060809526315154
0.0060809526315154
0.0060809526315154
0.0060809526315154
0.0060809526315154
0.0060809526315154
0.00530951674977995
0.00159479457349546
0.00159479457349546
0.00159479457349546
0.00159479457349546
0.00159479457349546
0.00159479457349546
0.00159479457349546
0.00159479457349546
0.00159479457349546
0.00159479457349546
0.00159479457349546
0.00159479457349546
0.00159479457349546
0.00159479457349546
0.00159479457349546
0.00159479457349546
0.00159479457349546
0.00159479457349546
0.00159479457349546
0.00159479457349546
0.00159479457349546
0.00159479457349546
0.00109979687522824
0.00109979687522824
0.00109979687522824
0.00109979687522824
0.00109979687522824
0.00109979687522824
0.00109979687522824
0.00109979687522824
0.00109979687522824
0.00109979687522824
0.00107614455188376
0.00107614455188376
0.00107614455188376
0.00107614455188376
0.00107614455188376
0.00107614455188376
0.00107614455188376
0.00107614455188376
0.00107614455188376
0.00107614455188376
0.00107614455188376
0.00107614455188376
0.00107614455188376
0.00107614455188376
0.00107614455188376
0.00107614455188376
0.00107614455188376
0.00107614455188376
0.00107614455188376
0.00107614455188376
0.00107614455188376
0.00107614455188376
0.00107614455188376
0.00107614455188376
0.00107614455188376
0.00107614455188376
0.00107614455188376
0.00107614455188376
0.00107614455188376
0.00107614455188376
0.00107614455188376
0.00107614455188376
0.00107614455188376
0.00107614455188376
0.00107614455188376
0.00107614455188376
0.00107614455188376
0.00107614455188376
0.00107614455188376
0.00107614455188376
0.00107614455188376
0.00107614455188376
0.00107614455188376
0.00107614455188376
0.00107614455188376
0.00107614455188376
0.00107614455188376
0.00107614455188376
0.00107614455188376
0.00107614455188376
0.00107614455188376
0.00107614455188376
0.00107614455188376
0.00107614455188376
0.00107614455188376
0.00107614455188376
0.00107614455188376
0.00107614455188376
0.00107614455188376
0.00107614455188376
0.00107614455188376
0.00107614455188376
0.00107614455188376
0.00107614455188376
0.00107614455188376
0.00107614455188376
0.00107614455188376
0.00107614455188376
0.00107614455188376
0.000925023939242375
0.000925023939242375
0.000925023939242375
0.000925023939242375
0.000925023939242375
0.000925023939242375
0.000925023939242375
0.000925023939242375
0.000925023939242375
0.000925023939242375
0.000925023939242375
0.000925023939242375
0.000925023939242375
0.000925023939242375
0.000925023939242375
0.000925023939242375
0.000925023939242375
0.000925023939242375
0.000925023939242375
0.000925023939242375
0.000925023939242375
0.000925023939242375
0.000925023939242375
0.000925023939242375
0.000925023939242375
0.000925023939242375
0.000925023939242375
0.000925023939242375
0.000925023939242375
0.000925023939242375
0.000925023939242375
0.000925023939242375
0.000925023939242375
0.000925023939242375
0.000925023939242375
0.000925023939242375
0.000925023939242375
0.00064301698612465
0.00064301698612465
0.00064301698612465
0.00064301698612465
0.00064301698612465
0.00064301698612465
0.00064301698612465
0.00064301698612465
0.00064301698612465
0.00064301698612465
0.00064301698612465
0.00064301698612465
0.00064301698612465
0.00064301698612465
0.00064301698612465
0.00064301698612465
0.00064301698612465
0.00064301698612465
0.00064301698612465
0.00064301698612465
0.00064301698612465
0.00064301698612465
0.00064301698612465
0.00064301698612465
0.00064301698612465
0.00064301698612465
0.00064301698612465
0.00064301698612465
0.00064301698612465
0.00064301698612465
0.00064301698612465
0.00064301698612465
0.00064301698612465
0.00064301698612465
0.00064301698612465
0.00064301698612465
0.00064301698612465
0.00064301698612465
0.00064301698612465
0.00064301698612465
0.00064301698612465
0.00064301698612465
0.00064301698612465
0.00064301698612465
0.00064301698612465
0.00064301698612465
0.00064301698612465
0.00064301698612465
0.00064301698612465
0.00064301698612465
0.00064301698612465
0.00064301698612465
0.00064301698612465
0.00064301698612465
0.00064301698612465
0.00064301698612465
0.00064301698612465
0.00064301698612465
0.00064301698612465
0.00064301698612465
0.00064301698612465
0.00064301698612465
0.00064301698612465
0.00064301698612465
0.00064301698612465
0.00064301698612465
0.00064301698612465
0.000568746557663702
0.000568746557663702
0.000431137422963135
0.000431137422963135
0.000431137422963135
0.000431137422963135
0.000431137422963135
0.000431137422963135
0.000431137422963135
0.000431137422963135
0.000431137422963135
0.000431137422963135
0.000431137422963135
0.000431137422963135
0.000431137422963135
0.000431137422963135
0.000431137422963135
0.000431137422963135
0.000431137422963135
0.000431137422963135
0.000431137422963135
0.000431137422963135
0.000431137422963135
0.000431137422963135
0.000431137422963135
0.000431137422963135
0.000431137422963135
0.000431137422963135
0.000431137422963135
0.000431137422963135
0.000431137422963135
0.000431137422963135
0.000431137422963135
0.000431137422963135
0.000431137422963135
0.000431137422963135
0.000431137422963135
0.000431137422963135
0.000431137422963135
0.000431137422963135
0.000431102280922468
0.000431102280922468
0.000431102280922468
0.000431102280922468
0.000431102280922468
0.000431102280922468
0.000431102280922468
0.000431102280922468
0.000431102280922468
0.000431102280922468
0.000431102280922468
0.000431102280922468
0.000431102280922468
0.000431102280922468
0.000431102280922468
0.000431102280922468
0.000431102280922468
0.000431102280922468
0.000431102280922468
0.000431102280922468
0.000431102280922468
0.000431102280922468
0.000431102280922468
0.000431102280922468
0.000431102280922468
0.000431102280922468
0.000431102280922468
0.000431102280922468
0.000431102280922468
0.000431102280922468
0.000431102280922468
0.000431102280922468
0.000431102280922468
0.000431102280922468
0.000431102280922468
0.000431102280922468
0.000431102280922468
0.000431102280922468
0.000431102280922468
0.000431102280922468
0.000431102280922468
0.000431102280922468
0.000431102280922468
0.000431102280922468
0.000431102280922468
0.000431102280922468
0.000431102280922468
0.000431102280922468
0.000431102280922468
0.000431102280922468
0.000431102280922468
0.000431102280922468
0.000431102280922468
0.000431102280922468
0.000431102280922468
0.000431102280922468
0.000431102280922468
0.000431102280922468
0.000431102280922468
0.000431102280922468
0.00031007915192216
0.00031007915192216
0.00031007915192216
0.00031007915192216
0.00031007915192216
0.00031007915192216
0.00031007915192216
0.00031007915192216
0.00031007915192216
0.00031007915192216
0.00031007915192216
0.00031007915192216
0.00031007915192216
0.00031007915192216
0.00031007915192216
0.00031007915192216
0.00031007915192216
0.00031007915192216
0.00031007915192216
0.00031007915192216
0.00031007915192216
0.00031007915192216
0.00031007915192216
0.00031007915192216
0.00031007915192216
0.00031007915192216
0.00031007915192216
0.00031007915192216
0.00031007915192216
0.00031007915192216
0.00031007915192216
0.00031007915192216
0.00031007915192216
0.00031007915192216
0.00031007915192216
0.00031007915192216
0.00031007915192216
0.000273929036804538
0.000273929036804538
0.000273929036804538
0.000273929036804538
0.000273929036804538
0.000273929036804538
0.000273929036804538
0.000273929036804538
0.000273929036804538
0.000273929036804538
0.000273929036804538
0.000273929036804538
0.000273929036804538
0.000273929036804538
0.000273929036804538
0.000273929036804538
0.000273929036804538
0.000273929036804538
0.000273929036804538
0.000273929036804538
0.000273929036804538
0.000273929036804538
0.000273929036804538
0.000273929036804538
0.000273929036804538
0.000273929036804538
0.000273929036804538
0.000273929036804538
0.000273929036804538
0.000273929036804538
0.000273929036804538
0.000273929036804538
0.000273929036804538
0.000273929036804538
0.000273929036804538
0.000273929036804538
0.000273929036804538
0.000273929036804538
0.000273929036804538
0.000273929036804538
0.000273929036804538
0.000273929036804538
0.000273929036804538
0.000273929036804538
0.000273929036804538
0.000273929036804538
0.000273929036804538
0.000273929036804538
0.000273929036804538

