0.210959371529668
0.0646953575239693
0.0646953575239693
0.0646953575239693
0.0646953575239693
0.0593794060095631
0.0210156696504154
0.0210156696504154
0.0210156696504154
0.00407256179460311
0.00407256179460311
0.00407256179460311
0.00407256179460311
0.00407256179460311
0.00407256179460311
0.00407256179460311
0.000424163794233663
0.000424163794233663
0.000215674588903571
0.000215674588903571
0.000215674588903571
0.000215674588903571
0.000215674588903571
0.000131547574783827
0.000131547574783827
0.000131547574783827
0.000129626800030494
0.000129626800030494
0.000129626800030494
8.95515845437053E-05
8.95515845437053E-05
8.95515845437053E-05
8.95515845437053E-05
8.95515845437053E-05
8.95515845437053E-05
8.95515845437053E-05
8.95515845437053E-05
8.95515845437053E-05
8.95515845437053E-05
8.95515845437053E-05
8.95515845437053E-05
8.95515845437053E-05
8.95515845437053E-05
8.95515845437053E-05
8.95515845437053E-05
8.95515845437053E-05
8.95515845437053E-05
8.95515845437053E-05
8.95515845437053E-05
8.95515845437053E-05
8.95515845437053E-05
8.95515845437053E-05
8.95515845437053E-05
8.95515845437053E-05
8.95515845437053E-05
8.95515845437053E-05
8.95515845437053E-05
8.95515845437053E-05
8.95515845437053E-05
7.95182125807176E-05
7.95182125807176E-05
7.95182125807176E-05
7.95182125807176E-05
7.95182125807176E-05
7.95182125807176E-05
7.95182125807176E-05
7.95182125807176E-05
7.95182125807176E-05
7.95182125807176E-05
7.95182125807176E-05
7.95182125807176E-05
7.95182125807176E-05
7.95182125807176E-05
7.95182125807176E-05
7.95182125807176E-05
7.95182125807176E-05
7.95182125807176E-05
7.95182125807176E-05
7.95182125807176E-05
7.95182125807176E-05
7.95182125807176E-05
7.95182125807176E-05
7.95182125807176E-05
7.95182125807176E-05
7.95182125807176E-05
7.95182125807176E-05
7.95182125807176E-05
7.95182125807176E-05
7.95182125807176E-05
7.95182125807176E-05
7.95182125807176E-05
7.95182125807176E-05
7.95182125807176E-05
7.95182125807176E-05
7.95182125807176E-05
7.95182125807176E-05
7.95182125807176E-05
7.95182125807176E-05
7.95182125807176E-05
7.95182125807176E-05
7.95182125807176E-05
7.95182125807176E-05
7.95182125807176E-05
7.95182125807176E-05
7.95182125807176E-05
7.95182125807176E-05
7.95182125807176E-05
7.95182125807176E-05
7.95182125807176E-05
7.95182125807176E-05
7.95182125807176E-05
7.95182125807176E-05
7.95182125807176E-05
7.95182125807176E-05
7.95182125807176E-05
7.95182125807176E-05
7.95182125807176E-05
7.95182125807176E-05
7.95182125807176E-05
7.95182125807176E-05
7.95182125807176E-05
5.05261566078885E-05
5.05261566078885E-05
5.05261566078885E-05
5.05261566078885E-05
5.05261566078885E-05
5.05261566078885E-05
5.05261566078885E-05
5.05261566078885E-05
5.05261566078885E-05
5.05261566078885E-05
5.05261566078885E-05
5.05261566078885E-05
5.05261566078885E-05
5.05261566078885E-05
5.05261566078885E-05
5.05261566078885E-05
5.05261566078885E-05
5.05261566078885E-05
5.05261566078885E-05
5.05261566078885E-05
5.05261566078885E-05
5.05261566078885E-05
5.05261566078885E-05
5.05261566078885E-05
5.05261566078885E-05
5.05261566078885E-05
5.05261566078885E-05
5.05261566078885E-05
5.05261566078885E-05
5.05261566078885E-05
5.05261566078885E-05
5.05261566078885E-05
5.05261566078885E-05
5.05261566078885E-05
5.05261566078885E-05
5.05261566078885E-05
5.05261566078885E-05
5.05261566078885E-05
5.05261566078885E-05
5.05261566078885E-05
5.05261566078885E-05
5.05261566078885E-05
5.05261566078885E-05
5.05261566078885E-05
5.05261566078885E-05
5.05261566078885E-05
5.05261566078885E-05
5.05261566078885E-05
5.05261566078885E-05
5.05261566078885E-05
5.05261566078885E-05
5.05261566078885E-05
5.05261566078885E-05
5.05261566078885E-05
5.05261566078885E-05
5.05261566078885E-05
5.05261566078885E-05
5.05261566078885E-05
5.05261566078885E-05
5.05261566078885E-05
5.05261566078885E-05
5.05261566078885E-05
5.05261566078885E-05
5.05261566078885E-05
5.05261566078885E-05
5.05261566078885E-05
5.05261566078885E-05
5.05261566078885E-05
5.05261566078885E-05
5.05261566078885E-05
5.05261566078885E-05
5.05261566078885E-05
5.05261566078885E-05
5.05261566078885E-05
5.05261566078885E-05
5.05261566078885E-05
5.05261566078885E-05
5.05261566078885E-05
5.05261566078885E-05
5.05261566078885E-05
5.05261566078885E-05
5.05261566078885E-05
5.05261566078885E-05
5.05261566078885E-05
5.05261566078885E-05
5.05261566078885E-05
5.05261566078885E-05
5.05261566078885E-05
5.05261566078885E-05
5.05261566078885E-05
5.05261566078885E-05
5.05261566078885E-05
5.05261566078885E-05
5.05261566078885E-05
5.05261566078885E-05
5.05261566078885E-05
5.05261566078885E-05
5.05261566078885E-05
5.05261566078885E-05
5.05261566078885E-05
5.05261566078885E-05
5.05261566078885E-05
5.05261566078885E-05
5.05261566078885E-05
5.05261566078885E-05
5.05261566078885E-05
5.05261566078885E-05
5.05261566078885E-05
5.05261566078885E-05
5.05261566078885E-05
5.05261566078885E-05
5.05261566078885E-05
5.05261566078885E-05
5.05261566078885E-05
5.05261566078885E-05
5.05261566078885E-05
5.05261566078885E-05
5.05261566078885E-05
5.05261566078885E-05
5.05261566078885E-05
5.05261566078885E-05
5.05261566078885E-05
5.05261566078885E-05
5.05261566078885E-05
5.05261566078885E-05
5.05261566078885E-05
5.05261566078885E-05
5.05261566078885E-05
5.05261566078885E-05
5.05261566078885E-05
5.05261566078885E-05
5.05261566078885E-05
5.05261566078885E-05
5.05261566078885E-05
5.05261566078885E-05
5.05261566078885E-05
5.05261566078885E-05
5.05261566078885E-05
5.05261566078885E-05
5.05261566078885E-05
5.05261566078885E-05
5.05261566078885E-05
5.05261566078885E-05
5.05261566078885E-05
5.05261566078885E-05
5.05261566078885E-05
5.05261566078885E-05
5.05261566078885E-05
5.05261566078885E-05
5.05261566078885E-05
5.05261566078885E-05
5.05261566078885E-05
5.05261566078885E-05
5.05261566078885E-05
5.05261566078885E-05
5.05261566078885E-05
5.05261566078885E-05
5.05261566078885E-05
5.05261566078885E-05
5.05261566078885E-05
5.05261566078885E-05
5.05261566078885E-05
5.05261566078885E-05
5.05261566078885E-05
5.05261566078885E-05
5.05261566078885E-05
5.05261566078885E-05
5.05261566078885E-05
5.05261566078885E-05
5.05261566078885E-05
5.05261566078885E-05
5.05261566078885E-05
5.05261566078885E-05
5.05261566078885E-05
5.05261566078885E-05
5.05261566078885E-05
5.05261566078885E-05
5.05261566078885E-05
5.05261566078885E-05
5.05261566078885E-05
5.05261566078885E-05
5.05261566078885E-05
5.05261566078885E-05
5.05261566078885E-05
5.05261566078885E-05
5.05261566078885E-05
5.05261566078885E-05
5.05261566078885E-05
5.05261566078885E-05
5.05261566078885E-05
5.05261566078885E-05
5.05261566078885E-05
5.05261566078885E-05
5.05261566078885E-05
5.05261566078885E-05
5.05261566078885E-05
5.05261566078885E-05
5.05261566078885E-05
5.05261566078885E-05
5.05261566078885E-05
5.05261566078885E-05
5.05261566078885E-05
5.05261566078885E-05
5.05261566078885E-05
5.05261566078885E-05
5.05261566078885E-05
5.05261566078885E-05
5.05261566078885E-05
5.05261566078885E-05
5.05261566078885E-05
5.05261566078885E-05
5.05261566078885E-05
5.05261566078885E-05
5.05261566078885E-05
5.05261566078885E-05
5.05261566078885E-05
5.05261566078885E-05
5.05261566078885E-05
5.05261566078885E-05
5.05261566078885E-05
5.05261566078885E-05
5.05261566078885E-05
5.05261566078885E-05
5.05261566078885E-05
5.05261566078885E-05
5.05261566078885E-05
5.05261566078885E-05
5.05261566078885E-05
5.05261566078885E-05
5.05261566078885E-05
5.05261566078885E-05
5.05261566078885E-05
5.05261566078885E-05
5.05261566078885E-05
5.05261566078885E-05
5.05261566078885E-05
5.05261566078885E-05
5.05261566078885E-05
5.05261566078885E-05
5.05261566078885E-05
5.05261566078885E-05
5.05261566078885E-05
5.05261566078885E-05
5.05261566078885E-05
5.05261566078885E-05
5.05261566078885E-05
5.05261566078885E-05
5.05261566078885E-05
5.05261566078885E-05
5.05261566078885E-05
5.05261566078885E-05
5.05261566078885E-05
5.05261566078885E-05
5.05261566078885E-05
5.05261566078885E-05
5.05261566078885E-05
5.05261566078885E-05
5.05261566078885E-05
5.05261566078885E-05
5.05261566078885E-05
5.05261566078885E-05
5.05261566078885E-05
5.05261566078885E-05
5.05261566078885E-05
5.05261566078885E-05
5.05261566078885E-05
5.05261566078885E-05
5.05261566078885E-05
5.05261566078885E-05
5.05261566078885E-05
5.05261566078885E-05
5.05261566078885E-05
5.05261566078885E-05
5.05261566078885E-05
5.05261566078885E-05
5.05261566078885E-05
5.05261566078885E-05
5.05261566078885E-05
5.05261566078885E-05
5.05261566078885E-05
5.05261566078885E-05
5.05261566078885E-05
5.05261566078885E-05
5.05261566078885E-05
5.05261566078885E-05
5.05261566078885E-05
5.05261566078885E-05
5.05261566078885E-05
5.05261566078885E-05
5.05261566078885E-05
5.05261566078885E-05
5.05261566078885E-05
5.05261566078885E-05
5.05261566078885E-05
5.05261566078885E-05
5.05261566078885E-05
5.05261566078885E-05
5.05261566078885E-05
5.05261566078885E-05
5.05261566078885E-05
5.05261566078885E-05
4.08293073755894E-05
4.08293073755894E-05
4.08293073755894E-05
4.08293073755894E-05
1.71516556826123E-05
1.71516556826123E-05
1.71516556826123E-05
1.71516556826123E-05
1.71516556826123E-05
1.71516556826123E-05
1.71516556826123E-05
1.71516556826123E-05
1.71516556826123E-05
1.71516556826123E-05
1.71516556826123E-05
1.71516556826123E-05
1.71516556826123E-05
1.71516556826123E-05
1.71516556826123E-05
1.71516556826123E-05
1.71516556826123E-05
1.71516556826123E-05
1.71516556826123E-05
1.71516556826123E-05
1.71516556826123E-05
1.71516556826123E-05
1.71516556826123E-05
1.71516556826123E-05
1.71516556826123E-05
1.71516556826123E-05
1.71516556826123E-05
1.71516556826123E-05
1.71516556826123E-05
1.71516556826123E-05
1.71516556826123E-05
1.71516556826123E-05
1.71516556826123E-05
1.71516556826123E-05
1.71516556826123E-05
1.71516556826123E-05
1.71516556826123E-05
1.71516556826123E-05
1.71516556826123E-05
1.71516556826123E-05
1.71516556826123E-05
1.71516556826123E-05
1.71516556826123E-05
1.71516556826123E-05
1.71516556826123E-05
1.71516556826123E-05
1.71516556826123E-05
1.71516556826123E-05
1.71516556826123E-05
1.71516556826123E-05
1.71516556826123E-05
1.71516556826123E-05
1.71516556826123E-05
1.71516556826123E-05
1.71516556826123E-05
1.71516556826123E-05
1.71516556826123E-05
1.71516556826123E-05
1.71516556826123E-05
1.71516556826123E-05
1.71516556826123E-05
1.71516556826123E-05
1.71516556826123E-05
1.71516556826123E-05
1.71516556826123E-05
1.71516556826123E-05
1.71516556826123E-05
1.71516556826123E-05
1.71516556826123E-05
1.71516556826123E-05
1.71516556826123E-05
1.71516556826123E-05
1.71516556826123E-05
1.71516556826123E-05

