0.19852030432182
0.190341811660856
0.152002854162112
0.116977006924333
0.116977006924333
0.116977006924333
0.0260138606518612
0.0118216772982808
0.00627165781493488
0.0061550250124371
0.0061550250124371
0.00252470244627463
0.00164046365347707
0.0014677391467607
0.000664368567085391
0.0001375045559288
7.60631869171496E-05
7.60631869171496E-05
5.14367359996382E-05
3.32780654229842E-05
6.17179586923089E-06
3.58080388607185E-06
2.39724575644418E-06
1.36247013560187E-06
4.79259517280339E-07
4.79259517280339E-07
8.61961259313038E-08
7.40839906504531E-08
3.58847304926524E-08
1.74989750328924E-08
9.33612256948102E-10
9.33612256948102E-10
9.33612256948102E-10
1.67927935446066E-10
1.67927935446066E-10
3.07813080580033E-11
6.67881028260098E-12
6.67881028260098E-12
6.67881028260098E-12
6.67881028260098E-12
3.75020847709351E-12
2.59914312294995E-12
1.27767241231425E-12
9.22664722402544E-13
2.98344682292395E-13
1.974809205052E-13
1.0337564138041E-13
2.42444953002519E-14
1.28369537222284E-14
4.37150315946155E-15
3.52495810318487E-15
1.95676808090184E-15
6.80011602582908E-16
2.77555756156289E-17
2.77555756156289E-17
0
0
0
0
0
0
0
0
0
0
0
0
0
0
0
0
0
0
0
0
0
0
0
0
0
0
0
0
0
0
0
0
0
0
0
0
0
0
0
0
0
0
0
0
0
0
0
0
0
0
0
0
0
0
0
0
0
0
0
0
0
0
0
0
0
0
0
0
0
0
0
0
0
0
0
0
0
0
0
0
0
0
0
0
0
0
0
0
0
0
0
0
0
0
0
0
0
0
0
0
0
0
0
0
0
0
0
0
0
0
0
0
0
0
0
0
0
0
0
0
0
0
0
0
0
0
0
0
0
0
0
0
0
0
0
0
0
0
0
0
0
0
0
0
0
0
0
0
0
0
0
0
0
0
0
0
0
0
0
0
0
0
0
0
0
0
0
0
0
0
0
0
0
0
0
0
0
0
0
0
0
0
0
0
0
0
0
0
0
0
0
0
0
0
0
0
0
0
0
0
0
0
0
0
0
0
0
0
0
0
0
0
0
0
0
0
0
0
0
0
0
0
0
0
0
0
0
0
0
0
0
0
0
0
0
0
0
0
0
0
0
0
0
0
0
0
0
0
0
0
0
0
0
0
0
0
0
0
0
0
0
0
0
0
0
0
0
0
0
0
0
0
0
0
0
0
0
0
0
0
0
0
0
0
0
0
0
0
0
0
0
0
0
0
0
0
0
0
0
0
0
0
0
0
0
0
0
0
0
0
0
0
0
0
0
0
0
0
0
0
0
0
0
0
0
0
0
0
0
0
0
0
0
0
0
0
0
0
0
0
0
0
0
0
0
0
0
0
0
0
0
0
0
0
0
0
0
0
0
0
0
0
0
0
0
0
0
0
0
0
0
0
0
0
0
0
0
0
0
0
0
0
0
0
0
0
0
0
0
0
0
0
0
0
0
0
0
0
0
0
0
0
0
0
0
0
0
0
0
0
0
0
0
0
0
0
0
0
0
0
0
0
0
0
0
0
0
0
0
0
0
0
0
0
0
0
0
0
0
0
0
0
0
0
0

