0.150296178112717
0.150296178112717
0.150296178112717
0.150296178112717
0.150296178112717
0.150296178112717
0.150296178112717
0.069433966489633
0.069433966489633
0.069433966489633
0.069433966489633
0.069433966489633
0.069433966489633
0.069433966489633
0.069433966489633
0.069433966489633
0.069433966489633
0.0483322135872095
0.0483322135872095
0.0483322135872095
0.0483322135872095
0.0483322135872095
0.0483322135872095
0.0483322135872095
0.0483322135872095
0.0483322135872095
0.0483322135872095
0.0483322135872095
0.0483322135872095
0.0483322135872095
0.0483322135872095
0.0483322135872095
0.0483322135872095
0.0483322135872095
0.0482817565099496
0.0482817565099496
0.0482817565099496
0.0482817565099496
0.0482817565099496
0.0482817565099496
0.0482817565099496
0.0482817565099496
0.0482817565099496
0.0482817565099496
0.0482817565099496
0.0482817565099496
0.0482817565099496
0.0482817565099496
0.0482817565099496
0.0482817564484695
0.0482817564484695
0.0482817564484695
0.0482817564484695
0.0482817564484695
0.0482817564484695
0.0482817564484695
0.0482817564484648
0.0482817564484648
0.0482817564484648
0.0482817564484648
0.0482817564484648
0.0482817564484648
0.0482817564484648
0.0482817564484648
0.0482817564484648
0.0482817564484648
0.0482817564484648
0.0482817564484647
0.0482817564484647
0.0482817564484647
0.0482817564484647
0.0482817564484647
0.0482817564484647
0.0482817564484647
0.0482817564484647
0.0482817564484647
0.0482817564484647
0.0482817564484647
0.0482817564484647
0.0482817564484647
0.0482817564484647
0.0482817564484647
0.0482817564484647
0.0482817564484647
0.0482817564484647
0.0482817564484647
0.0482817564484647
0.0482817564484647
0.0482817564484647
0.0482817564484647
0.0482817564484647
0.0482817564484647
0.0482817564484647
0.0482817564484647
0.0482817564484647
0.0482817564484647
0.0482817564484647
0.0482817564484647
0.0482817564484647
0.0482817564484647
0.0482817564484647
0.0482817564484647
0.0482817564484647
0.0482817564484647
0.0482817564484647
0.0482817564484647
0.0482817564484647
0.0355896140475554
0.0355896140475554
0.0355896140475554
0.0355896140475554
0.0349324734873554
0.0349324734873554
0.0349324734873554
0.0349324734873554
0.0349324734873554
0.0349324734873554
0.0349324734873554
0.0349324734873554
0.0349324734873554
0.0349324734873554
0.0349324734873554
0.0349324734873554
0.0349324734873554
0.0349324734873554
0.0349324734873554
0.0349324734873554
0.0349324734873554
0.0349324734873554
0.0349324734873554
0.0349324734873554
0.0349324734873554
0.0349324734873554
0.0349324734873554
0.0349324734873554
0.0349324734873554
0.0349324734873554
0.0349324734873554
0.0349324734873554
0.0349324734873554
0.0349324734873554
0.0349324734873554
0.0349324734873554
0.0349324734873554
0.0349324734873554
0.0349324734873554
0.0349324734873554
0.0349324734873554
0.0349324734873554
0.0349324734873554
0.0349324734873554
0.0349324734873554
0.0349324734873554
0.0349324734873554
0.0349324734873554
0.0349324734873554
0.0349324734873554
0.0349324734873554
0.0349324734873554
0.0349324734873554
0.0349324734873554
0.0349324734873554
0.0349324734873554
0.0349324734873554
0.0349324734873554
0.0349324734873554
0.0349324734873554
0.0349324734873554
0.0349324734873554
0.0349324734873554
0.0349324734873554
0.0349324734873554
0.0349324734873554
0.0349324734873554
0.0349324734873554
0.0349324734873554
0.0349324734873554
0.0349324734873554
0.0349324734873554
0.0349324734873554
0.0349324734873554
0.0349324734873554
0.0349324734873554
0.0349324734873554
0.0349324734873554
0.0349324734873554
0.0349324734873554
0.0349324734873554
0.0349324734873554
0.0349324734873554
0.0349324734873554
0.0349324734873554
0.0349324734873554
0.0349324734873554
0.0349324734873554
0.0349324734873554
0.0349324734873554
0.0349324734873554
0.0349324734873554
0.0349324734873554
0.0349324734873554
0.0349324734873554
0.0349324734873554
0.0349324734873554
0.0349324734873554
0.0349324734873554
0.0349324734873554
0.0349324734873554
0.0349324734873554
0.0166883582814075
0.0166883582814075
0.0166883582814075
0.0166883582814075
0.0166883582814075
0.0166883582814075
0.0166883582814075
0.0166883582814075
0.0166883582814075
0.0166883582814075
0.0166883582814075
0.0166883582814075
0.0166883582814075
0.0166883582814075
0.0166883582814075
0.0166883582814075
0.0166883582814075
0.0166883582814075
0.0166883582814075
0.0145530410439976
0.0145530410439976
0.0145530410439976
0.0145530410439976
0.0145530410439976
0.0145530410439976
0.0145530410439976
0.0145530410439976
0.0145530410439976
0.0145530410439976
0.0145530410439976
0.0145530410439976
0.0145530410439976
0.0145530410439976
0.0145530410439976
0.0145530410439976
0.0145530410439976
0.0145530410439976
0.0145530410439976
0.0145530410439976
0.0145530410439976
0.0145530410439976
0.0145530410439976
0.0145530410439976
0.0145530410439976
0.0145530410439976
0.0145530410439976
0.0145530410439976
0.0145530410439976
0.0145530410439976
0.0145530410439976
0.0145530410439976
0.0145530410439976
0.0145530410439976
0.0145530410439976
0.0145530410439976
0.0145530410439976
0.0145530410439976
0.0145530410439976
0.0145530410439976
0.0145530410439976
0.0145530410439976
0.0145530410439976
0.0145530410439976
0.0145530410439976
0.0145530410439976
0.0145530410439976
0.0145530410439976
0.0145530410439976
0.0145530410439976
0.0145530410439976
0.0145530410439976
0.0145530410439976
0.0145530410439976
0.0145530410439976
0.0145530410439976
0.0145530410439976
0.0145530410439976
0.0145530410439976
0.0145530410439976
0.0145530410439976
0.0145530410439976
0.0145530410439976
0.0145530410439976
0.0145530410439976
0.0145530410439976
0.0145530410439976
0.0145530410439976
0.0145530410439976
0.0145530410439976
0.0145530410439976
0.0145530410439976
0.0145530410439976
0.0145530410439976
0.0145530410439976
0.0145530410439976
0.0145530410439976
0.0145530410439976
0.0145530410439976
0.0145530410439976
0.0145530410439976
0.0145530410439976
0.0145530410439976
0.0145530410439976
0.0145530410439976
0.0145530410439976
0.0145530410439976
0.0143528324286191
0.0139770235776617
0.0139770235776617
0.0139770235776617
0.0139770235776617
0.0139770235776617
0.0139770235776617
0.0139770235776617
0.0139770235776617
0.0139770235776617
0.0139770235776617
0.0139770235776617
0.0139770235776617
0.0139770235776617
0.0139770235776617
0.0139770235776617
0.0139770235776617
0.0139770235776617
0.0139770235776617
0.0139770235776617
0.0139770235776617
0.0139770235776617
0.0139770235776617
0.0139770235776617
0.0139770235776617
0.0139770235776617
0.0139770235776617
0.0139770235776617
0.0139770235776617
0.0139770235776617
0.0139770235776617
0.0139770235776617
0.0139770235776617
0.0139770235776617
0.0139770235776617
0.0139770235776617
0.0139770235776617
0.0139770235776617
0.0139770235776617
0.0139770235776617
0.0139770235776617
0.0139770235776617
0.0139770235776617
0.0139770235776617
0.0139770235776617
0.0139770235776617
0.0139770235776617
0.0139770235776617
0.0139770235776617
0.0139770235776617
0.0139770235776617
0.0139770235776617
0.0139770235776617
0.0139770235776617
0.0139770235776617
0.0139770235776617
0.0139770235776617
0.0139770235776617
0.0139770235776617
0.0139770235776617
0.0139770235776617
0.0139770235776617
0.0139770235776617
0.0139770235776617
0.0139770235776617
0.0139770235776617
0.0139770235776617
0.0139770235776617
0.0139770235776617
0.0139770235776617
0.0139770235776617
0.0139770235776617
0.0139770235776617
0.0139770235776617
0.0139770235776617
0.0139770235776617
0.0139770235776617
0.0139770235776617
0.0139770235776617
0.0139770235776617
0.0139770235776617
0.0139770235776617
0.0139770235776617
0.0139770235776617
0.0139770235776617
0.0139770235776617
0.0139770235776617
0.0139770235776617
0.0139770235776617
0.0139770235776617
0.0139770235776617
0.0139770235776617
0.0139770235776617
0.0139770235776617
0.0139770235776617
0.0139770235776617
0.0139770235776617
0.0134297115961744
0.0134297115961744
0.0134297115961744
0.0134297115961744
0.0134297115961744
0.0134297115961744
0.0134297115961744
0.0134297115961744
0.0134297115961744
0.0134297115961744
0.0134297115961744
0.0134297115961744
0.0134297115961744
0.0134297115961744
0.0134297115961744
0.0134297115961744
0.0134297115961744
0.0134297115961744
0.0134297115961744
0.0134297115961744
0.0134297115961744
0.0134297115961744
0.0134297115961744
0.0134297115961744
0.0134297115961744
0.0134297115961744
0.0134297115961744
0.0134297115961744
0.0134297115961744
0.0134297115961744
0.0134297115961744
0.0134297115961744
0.0134297115961744
0.0134297115961744
0.0134297115961744
0.0134297115961744
0.0134297115961744
0.0134297115961744
0.0134297115961744
0.0134297115961744
0.0134297115961744
0.0134297115961744
0.0134297115961744
0.0134297115961744
0.0134297115961744
0.0134297115961744
0.0134297115961744
0.0134297115961744
0.0134297115961744
0.0134297115961744
0.0134297115961744
0.0134297115961744
0.0134297115961744
0.0134297115961744
0.0134297115961744
0.0134297115961744
0.0134297115961744
0.0134297115961744
0.0134297115961744
0.0134297115961744
0.0134297115961744
0.0134297115961744
0.0134297115961744
0.0134297115961744
0.0134297115961744
0.0134297115961744
0.0134297115961744
0.0134297115961744
0.0134297115961744
0.0134297115961744
0.0134297115961744
0.0134297115961744
0.0134297115961744
0.0134297115961744
0.0134297115961744
0.0134297115961744
0.0134297115961744
0.0134297115961744
0.0134297115961744
0.0134297115961744
0.0134297115961744
0.0134297115961744
0.0134297115961744
0.0134297115961744
0.0134297115961744
0.0134297115961744
0.0134297115961744
0.0134297115961744

