0.0615004530181879
0.0615004530181879
0.0615004530181879
0.0615004530181879
0.0615004530181879
0.0615004530181879
0.0615004530181879
0.0615004530181879
0.0615004530181879
0.0615004530181879
0.0615004530181879
0.0168237386975814
0.0168237386975814
0.0168237386975814
0.0168237386975814
0.0168237386975814
0.0168237386975814
0.0168237386975814
0.0168237386975814
0.0168237386975814
0.00714646293140461
0.00714646293140461
0.00714646293140461
0.00714646293140461
0.00714646293140461
0.00714646293140461
0.00714646293140461
0.00714646293140461
0.00714646293140461
0.00714646293140461
0.00714646293140461
0.00708519264929302
0.00708519264929302
0.00708519264929302
0.00708519264929302
0.00708519264929302
0.00708519264929302
0.00708519264929302
0.00708519264929302
0.00708519264929302
0.00708519264929302
0.00708519264929302
0.00708519264929302
0.00708519264929302
0.00708519264929302
0.00708519264929302
0.00706127129497409
0.00706127129497409
0.00706127129497409
0.00706127129497409
0.00706127129497409
0.00706127129497409
0.00706127129497409
0.00706127129497409
0.00706127129497409
0.00706127129497409
0.00706127129497409
0.00706127129497409
0.00706127129497409
0.00706127129497409
0.00706127129497409
0.00706127129497409
0.00706127129497409
0.00706127129497409
0.00706127129497409
0.00706127129497409
0.00706127129497409
0.00706127129497409
0.00706127129497409
0.00531575721396604
0.00531575721396604
0.00531575721396604
0.00531575721396604
0.00531575721396604
0.00531575721396604
0.00531575721396604
0.00531575721396604
0.00531575721396604
0.00531575721396604
0.00531575721396604
0.00531575721396604
0.00531575721396604
0.00531575721396604
0.00531575721396604
0.00531575721396604
0.00531575721396604
0.00531575721396604
0.00531575721396604
0.00531575721396604
0.00531575721396604
0.00531575721396604
0.00531575721396604
0.00531575721396604
0.00531575721396604
0.00531575721396604
0.00531575721396604
0.00531575721396604
0.00531575721396604
0.00531575721396604
0.00531575721396604
0.00531575721396604
0.00531575721396604
0.00531575721396604
0.00531575721396604
0.00531575721396604
0.00531575721396604
0.00531575721396604
0.00531575721396604
0.00531575721396604
0.00531575721396604
0.00531575721396604
0.00531575721396604
0.00531575721396604
0.00531575721396604
0.00531575721396604
0.00531575721396604
0.00531575721396604
0.00531575721396604
0.00531575721396604
0.00151128169951475
0.00151128169951475
0.00151128169951475
0.00151128169951475
0.00151128169951475
0.00151128169951475
0.00151128169951475
0.00151128169951475
0.00151128169951475
0.00151128169951475
0.00151128169951475
0.00151128169951475
0.00151128169951475
0.00151128169951475
0.00151128169951475
0.00151128169951475
0.00151128169951475
0.00151128169951475
0.00151128169951475
0.00151128169951475
0.00151128169951475
0.00151128169951475
0.00151128169951475
0.00151128169951475
0.00151128169951475
0.00151128169951475
0.00151128169951475
0.00151128169951475
0.00151128169951475
0.00151128169951475
0.00151128169951475
0.00151128169951475
0.00151128169951475
0.00151128169951475
0.00151128169951475
0.00151128169951475
0.00151128169951475
0.00151128169951475
0.00151128169951475
0.00151128169951475
0.00151128169951475
0.00151128169951475
0.00151128169951475
0.00151128169951475
0.00151128169951475
0.00151128169951475
0.00151128169951475
0.00151128169951475
0.00151128169951475
0.00151128169951475
0.00151128169951475
0.00151128169951475
0.00151128169951475
0.00151128169951475
0.00151128169951475
0.00151128169951475
0.00151128169951475
0.00151128169951475
0.00151128169951475
0.00151128169951475
0.00151128169951475
0.00151128169951475
0.00151128169951475
0.00151128169951475
0.00151128169951475
0.00151128169951475
0.00151128169951475
0.00151128169951475
0.00151128169951475
0.00151128169951475
0.00151128169951475
0.00151128169951475
0.00151128169951475
0.00151128169951475
0.00151128169951475
0.00151128169951475
0.00151128169951475
0.00151128169951475
0.00151128169951475
0.00151128169951475
0.00151128169951475
0.00151128169951475
0.00151128169951475
0.00151128169951475
0.00151128169951475
0.00151128169951475
0.00151128169951475
0.00151128169951475
0.00151128169951475
0.00151128169951475
0.00151128169951475
0.00151128169951475
0.00151128169951475
0.00151128169951475
0.00151128169951475
0.00151128169951475
0.000332226226585797
0.000332226226585797
0.000332226226585797
0.000332226226585797
0.000332226226585797
0.000332226226585797
0.000332226226585797
0.000332226226585797
0.000332226226585797
0.000332226226585797
0.000332226226585797
0.000332226226585797
0.000332226226585797
0.000332226226585797
0.000332226226585797
0.000332226226585797
0.000332226226585797
0.000332226226585797
0.000332226226585797
0.000332226226585797
0.000332226226585797
0.000332226226585797
0.000332226226585797
0.000332226226585797
0.000332226226585797
0.000332226226585797
0.000332226226585797
0.000332226226585797
0.000332226226585797
0.000332226226585797
0.000332226226585797
0.000332226226585797
0.000332226226585797
0.000332226226585797
0.000332226226585797
0.000332226226585797
0.000332226226585797
0.000332226226585797
0.000332226226585797
0.000332226226585797
0.000332226226585797
0.000332226226585797
0.000332226226585797
0.000332226226585797
0.000332226226585797
0.000332226226585797
0.000332226226585797
0.000332226226585797
0.000332226226585797
0.000332226226585797
0.000332226226585797
0.000332226226585797
0.000332226226585797
0.000332226226585797
0.000332226226585797
0.000332226226585797
0.000332226226585797
0.000332226226585797
0.000332226226585797
0.000332226226585797
0.000332226226585797
0.000332226226585797
0.000332226226585797
0.000332226226585797
0.000332226226585797
0.000332226226585797
0.000332226226585797
0.000332226226585797
0.000332226226585797
0.000332226226585797
0.000332226226585797
0.000332226226585797
0.000332226226585797
0.000332226226585797
0.000332226226585797
0.000332226226585797
0.000332226226585797
0.000332226226585797
0.000332226226585797
0.000332226226585797
0.000332226226585797
0.000332226226585797
0.000332226226585797
0.000332226226585797
0.000332226226585797
0.000332226226585797
0.000332226226585797
0.000332226226585797
0.000332226226585797
0.000332226226585797
0.000332226226585797
0.000332226226585797
0.000332226226585797
0.000332226226585797
0.000332226226585797
0.000332226226585797
0.000332226226585797
0.000332226226585797
0.000332226226585797
0.000332226226585797
0.000332226226585797
0.000332226226585797
0.000332226226585797
0.000332226226585797
0.000332226226585797
0.000332226226585797
0.000332226226585797
0.000332226226585797
0.000332226226585797
0.000332226226585797
0.000332226226585797
0.000332226226585797
0.000332226226585797
0.000332226226585797
0.000332226226585797
0.000332226226585797
0.000332226226585797
0.000332226226585797
0.000332226226585797
0.000332226226585797
0.000332226226585797
0.000332226226585797
0.000332226226585797
0.000332226226585797
0.000332226226585797
0.000332226226585797
0.000332226226585797
0.000332226226585797
0.000332226226585797
0.000328192980470376
0.000328192980470376
0.000328192980470376
0.000328192980470376
0.000328192980470376
0.000328192980470376
0.000328192980470376
0.000328192980470376
0.000328192980470376
0.000328192980470376
0.000328192980470376
0.000328192980470376
0.000328192980470376
0.000328192980470376
0.000328192980470376
0.000328192980470376
0.000328191463249417
0.000328191463249417
0.000328191463249417
0.000328191463249417
0.000328191463249417
0.000328191463249417
0.000328191463249417
0.000328191463249417
0.000328191463249417
0.000328191463249417
0.000328191463249417
0.000328191463249417
0.000328191463249417
0.000328191463249417
0.000328191463249417
0.000328191463249417
0.000328191463249417
0.000328191463249417
0.000328191463249417
0.000328191463249417
0.000328191463249417
0.000328191463249417
0.000328191463249417
0.000328191463249417
0.000328191463249417
0.000328191463249417
0.000328191463249417
0.000328191463249417
0.000328191463249417
0.000328191463249417
0.000328191463249417
0.000328191463249417
0.000328191463249417
0.000328191463249417
0.000328191463249417
0.000328191463249417
0.000328191463249417
0.000328191463249417
0.000328191463249417
0.000328191463249417
0.000328191463249417
0.000328191463249417
0.000328191463249417
0.000328191463249417
0.000328191463249417
0.000328191463249417
0.000328191463249417
0.000328191463249417
0.000328191463249417
0.000328191463249417
0.000328191463249417
0.000328191463249417
0.000328191463249417
0.000328191463249417
0.000328191463249417
0.000328191463249417
0.000328191463249417
0.000328191463249417
0.000328191463249417
0.000328191463249417
0.000328191463249417
0.000328191463249417
0.000328191463249417
0.000328191463249417
0.000328191463249417
0.000328191463249417
0.000328191463249417
0.000328191463249417
0.000328191463249417
0.000328191463249417
0.000328191463249417
0.000328191463249417
0.000328191463249417
0.000328191463249417
0.000328191463249417
0.000328191463249417
0.000328191463249417
0.000328191463249417
0.000328191463249417
0.000302976004755151
0.000302976004755151
0.000302976004755151
0.000302976004755151
0.000302976004755151
0.000302976004755151
0.000302976004755151
0.000302976004755151
0.000302976004755151
0.000302976004755151
0.000302976004755151
0.000302976004755151
0.000302976004755151
0.000302976004755151
0.000302976004755151
0.000302976004755151
0.000302976004755151
0.000302976004755151
0.000302976004755151
0.000302976004755151
0.000302976004755151
0.000302976004755151
0.000302976004755151
0.000302976004755151
0.000302976004755151
0.000302976004755151
0.000302976004755151
0.000302976004755151
0.000302976004755151
0.000302976004755151
0.000302976004755151
0.000302976004755151
0.000302976004755151
0.000302976004755151
0.000302976004755151
0.000302976004755151
0.000302976004755151
0.000302976004755151
0.000302976004755151
0.000302976004755151
0.000302976004755151
0.000302976004755151
0.000302976004755151
0.000302976004755151
0.000302976004755151
0.000302976004755151
0.000302976004755151
0.000302976004755151
0.000302976004755151
0.000302976004755151
0.000302976004755151
0.000302976004755151
0.000302976004755151
0.000302976004755151
0.000302976004755151
0.000302976004755151
0.000302976004755151
0.000302976004755151
0.000302976004755151
0.000302976004755151
0.000302976004755151

