0.153071064107659
0.153071064107659
0.153071064107659
0.153071064107659
0.153071064107659
0.153071064107659
0.106774297526217
0.106774297526217
0.106774297526217
0.106774297526217
0.0605468389160986
0.0605468389160986
0.0605468389160986
0.0605468389160986
0.0605468389160986
0.0481893678400877
0.0481893678400877
0.0481893678400877
0.0481893678400877
0.0481893678400877
0.0123961913042375
0.00938934545188835
0.00938934545188835
0.00938934545188835
0.00938934545188835
0.00938934545188835
0.00938934545188835
0.00938934545188835
0.00938934545188835
0.00938934545188835
0.00938934545188835
0.00938934545188835
0.00938934545188835
0.00938934545188835
0.00938934545188835
0.00938934545188835
0.00938934545188835
0.00938934545188835
0.0092091557632171
0.0092091557632171
0.0092091557632171
0.0092091557632171
0.00897246766367295
0.00897246766367295
0.00897246766367295
0.00891037471255344
0.00286390232110023
0.00286390232110023
0.00286390232110023
0.00286390232110023
0.00286390232110023
0.00286390232110023
0.00286390232110023
0.00286390232110023
0.00286390232110023
0.00286390232110023
0.00286390232110023
0.00286390232110023
0.00286390232110023
0.00286390232110023
0.00286390232110023
0.00286390232110023
0.00286390232110023
0.00286390232110023
0.00286390232110023
0.00286390232110023
0.00286390232110023
0.00286390232110023
0.00286390232110023
0.00286390232110023
0.00286390232110023
0.00286390232110023
0.00286390232110023
0.00286390232110023
0.00286390232110023
0.00286390232110023
0.00286390232110023
0.00286390232110023
0.00286390232110023
0.00286390232110023
0.00286390232110023
0.00286390232110023
0.00286390232110023
0.00286390232110023
0.00286390232110023
0.00286390232110023
0.00286390232110023
0.00286390232110023
0.00286390232110023
0.00286390232110023
0.00286390232110023
0.00286390232110023
0.00286390232110023
0.00286390232110023
0.00286390232110023
0.00286390232110023
0.00286390232110023
0.00286390232110023
0.00286390232110023
0.00286390232110023
0.00286390232110023
0.00286390232110023
0.00286390232110023
0.00286390232110023
0.00286390232110023
0.00286390232110023
0.00286390232110023
0.00286390232110023
0.00286390232110023
0.00286390232110023
0.00286390232110023
0.00286390232110023
0.00286390232110023
0.00286390232110023
0.00286390232110023
0.00286390232110023
0.00286390232110023
0.00286390232110023
0.00286390232110023
0.00286390232110023
0.00286390232110023
0.00286390232110023
0.00286390232110023
0.00286390232110023
0.00286390232110023
0.00286390232110023
0.00286390232110023
0.00286390232110023
0.00286390232110023
0.00286390232110023
0.00286390232110023
0.00286390232110023
0.00286390232110023
0.00286390232110023
0.00286390232110023
0.00286390232110023
0.00286390232110023
0.00286390232110023
0.00286390232110023
0.00286390232110023
0.00286390232110023
0.00286390232110023
0.00286390232110023
0.00286390232110023
0.00286390232110023
0.00286390232110023
0.00286390232110023
0.00286390232110023
0.00286390232110023
0.00286390232110023
0.00286390232110023
0.00286390232110023
0.00286390232110023
0.00286390232110023
0.00286390232110023
0.00286390232110023
0.00286390232110023
0.00286390232110023
0.00286390232110023
0.00286390232110023
0.00286390232110023
0.00286390232110023
0.00286390232110023
0.00286390232110023
0.00286390232110023
0.00286390232110023
0.00286390232110023
0.00286390232110023
0.00286390232110023
0.00286390232110023
0.00286390232110023
0.00286390232110023
0.00286390232110023
0.00286390232110023
0.00286390232110023
0.00286390232110023
0.00286390232110023
0.00286390232110023
0.00286390232110023
0.00286390232110023
0.00286390232110023
0.00286390232110023
0.00286390232110023
0.00286390232110023
0.00286390232110023
0.00286390232110023
0.00286390232110023
0.00286390232110023
0.00286390232110023
0.00286390232110023
0.00286390232110023
0.00286390232110023
0.00286390232110023
0.00286390232110023
0.00286390232110023
0.00286390232110023
0.00286390232110023
0.00286390232110023
0.00286390232110023
0.00286390232110023
0.00286390232110023
0.00286390232110023
0.00286390232110023
0.00286390232110023
0.00286390232110023
0.00286390232110023
0.00286390232110023
0.00286390232110023
0.00286390232110023
0.00286390232110023
0.00286390232110023
0.00286390232110023
0.00286390232110023
0.00286390232110023
0.00286390232110023
0.00286390232110023
0.00286390232110023
0.00286390232110023
0.00286390232110023
0.00286390232110023
0.00286390232110023
0.00286390232110023
0.00286390232110023
0.00286390232110023
0.00286390232110023
0.00286390232110023
0.00286390232110023
0.00286390232110023
0.00286390232110023
0.00286390232110023
0.00286390232110023
0.00286390232110023
0.00286390232110023
0.00286390232110023
0.00286390232110023
0.00286390232110023
0.00286390232110023
0.00286390232110023
0.00286390232110023
0.00286390232110023
0.00286390232110023
0.00286390232110023
0.00286390232110023
0.00286390232110023
0.00286390232110023
0.00286390232110023
0.00286390232110023
0.00286390232110023
0.00286390232110023
0.00286390232110023
0.00286390232110023
0.00286390232110023
0.00286390232110023
0.00286390232110023
0.00286390232110023
0.00286390232110023
0.00286390232110023
0.00286390232110023
0.00286390232110023
0.00286390232110023
0.00286390232110023
0.00286390232110023
0.00286390232110023
0.00286390232110023
0.00286390232110023
0.00286390232110023
0.00286390232110023
0.00286390232110023
0.00286390232110023
0.00286390232110023
0.00286390232110023
0.00286390232110023
0.00286390232110023
0.00286390232110023
0.00286390232110023
0.00286390232110023
0.00286390232110023
0.00286390232110023
0.00286390232110023
0.00286390232110023
0.00286390232110023
0.00286390232110023
0.00286390232110023
0.00286390232110023
0.00286390232110023
0.00286390232110023
0.00286390232110023
0.00286390232110023
0.00286390232110023
0.00286390232110023
0.00286390232110023
0.00286390232110023
0.00286390232110023
0.00286390232110023
0.00286390232110023
0.00286390232110023
0.00286390232110023
0.00286390232110023
0.00286390232110023
0.00286390232110023
0.00286390232110023
0.00286390232110023
0.00286390232110023
0.00286390232110023
0.00286390232110023
0.00286390232110023
0.00286390232110023
0.00286390232110023
0.00286390232110023
0.00286390232110023
0.00286390232110023
0.00286390232110023
0.00286390232110023
0.00286390232110023
0.00286390232110023
0.00286390232110023
0.00286390232110023
0.00286390232110023
0.00286390232110023
0.00286390232110023
0.00286390232110023
0.00286390232110023
0.00286390232110023
0.00286390232110023
0.00286390232110023
0.00286390232110023
0.00286390232110023
0.00286390232110023
0.00286390232110023
0.00286390232110023
0.00286390232110023
0.00286390232110023
0.00286390232110023
0.00286390232110023
0.00286390232110023
0.00286390232110023
0.00286390232110023
0.00286390232110023
0.00286390232110023
0.00286390232110023
0.00286390232110023
0.00286390232110023
0.00286390232110023
0.00286390232110023
0.00286390232110023
0.00286390232110023
0.00286390232110023
0.00286390232110023
0.00286390232110023
0.00286390232110023
0.00286390232110023
0.00286390232110023
0.00286390232110023
0.00286390232110023
0.00286390232110023
0.00286390232110023
0.00286390232110023
0.00286390232110023
0.00286390232110023
0.00286390232110023
0.00286390232110023
0.00286390232110023
0.00286390232110023
0.00286390232110023
0.00286390232110023
0.00286390232110023
0.00286390232110023
0.00286390232110023
0.00286390232110023
0.00286390232110023
0.00286390232110023
0.00286390232110023
0.00286390232110023
0.00286390232110023
0.00286390232110023
0.00286390232110023
0.00286390232110023
0.00286390232110023
0.00286390232110023
0.00286390232110023
0.00286390232110023
0.00286390232110023
0.00286390232110023
0.00286390232110023
0.00286390232110023
0.00286390232110023
0.00286390232110023
0.00286390232110023
0.00286390232110023
0.00286390232110023
0.00286390232110023
0.00286390232110023
0.00286390232110023
0.00286390232110023
0.00286390232110023
0.00286390232110023
0.00286390232110023
0.00286390232110023
0.00286390232110023
0.00286390232110023
0.00286390232110023
0.00286390232110023
0.00286390232110023
0.00286390232110023
0.00286390232110023
0.00286390232110023
0.00286390232110023
0.00286390232110023
0.00286390232110023
0.00286390232110023
0.00286390232110023
0.00286390232110023
0.00286390232110023
0.00286390232110023
0.00286390232110023
0.00286390232110023
0.00286390232110023
0.00286390232110023
0.00286390232110023
0.00286390232110023
0.00286390232110023
0.00286390232110023
0.00286390232110023
0.00286390232110023
0.00286390232110023
0.00286390232110023
0.00286390232110023
0.00286390232110023
0.00286390232110023
0.00286390232110023
0.00286390232110023
0.00286390232110023
0.00286390232110023
0.00286390232110023
0.00286390232110023
0.00286390232110023
0.00286390232110023
0.00286390232110023
0.00286390232110023
0.00286390232110023
0.00286390232110023
0.00286390232110023
0.00286390232110023
0.00286390232110023
0.00286390232110023
0.00286390232110023
0.00286390232110023
0.00286390232110023
0.00286390232110023
0.00286390232110023
0.00286390232110023
0.00286390232110023
0.00286390232110023
0.00286390232110023
0.00286390232110023
0.00286390232110023
0.00286390232110023
0.00286390232110023
0.00286390232110023
0.00286390232110023
0.00286390232110023
0.00286390232110023
0.00286390232110023
0.00286390232110023
0.00286390232110023
0.00286390232110023
0.00286390232110023
0.00286390232110023
0.00286390232110023
0.00286390232110023
0.00286390232110023
0.00286390232110023
0.00286390232110023
0.00286390232110023
0.00286390232110023
0.00286390232110023
0.00286390232110023
0.00286390232110023
0.00286390232110023
0.00286390232110023
0.00286390232110023
0.00286390232110023
0.00286390232110023
0.00286390232110023
0.00286390232110023
0.00286390232110023
0.00286390232110023
0.00286390232110023
0.00286390232110023
0.00286390232110023
0.00286390232110023
0.00286390232110023
0.00286390232110023
0.00286390232110023
0.00286390232110023
0.00286390232110023
0.00286390232110023
0.00286390232110023
0.00286390232110023
0.00286390232110023

