0.172244246301603
0.172244246301603
0.172244246301603
0.172244246301603
0.172244246301603
0.172244246301603
0.172244246301603
0.172244246301603
0.172244246301603
0.172244246301603
0.172244246301603
0.0492559188185853
0.0492559188185853
0.0492559188185853
0.0373908832794445
0.0213875992628085
0.0213875992628085
0.0213875992628085
0.0143205242903437
0.0143205242903437
0.0143205242903437
0.00710368932425692
0.00710368932425692
0.00710368932425692
0.00710368932425692
0.00710368932425692
0.00710368932425692
0.00370696975602838
0.00370696975602838
0.00370696975602838
0.00370696975602838
0.00370696975602838
0.00370696975602838
0.00370696975602838
0.00370696975602838
0.00370696975602838
0.00370696975602838
0.00370696975602838
0.00370696975602838
0.00370696975602838
0.00370696975602838
0.00370696975602838
0.00370696975602838
0.00370696975602838
0.00370696975602838
0.00370696975602838
0.00370209117901993
0.00370209117901993
0.00370209117901993
0.00370209117901993
0.00370209117901993
0.00370209117901993
0.00370209117901993
0.00370209117901993
0.00369930459512133
0.00369930459512133
0.00369930459512133
0.00369930459512133
0.00369930459512133
0.00369695430163944
0.00369695430163944
0.00369695430163944
0.00369695430163944
0.00369695430163944
0.00369695430163944
0.00369695430163944
0.00369695430163944
0.00369695430163944
0.00369695430163944
0.00369695430163944
0.00369695430163944
0.00369695430163944
0.00369695430163944
0.00369695430163944
0.00369695430163944
0.00369695430163944
0.00369695430163944
0.00369695430163944
0.00369695430163944
0.00369695430163944
0.00369695430163944
0.00369274719177923
0.00369274719177923
0.00369274719177923
0.00369274719177923
0.00369274719177923
0.00369274719177923
0.00369274719177923
0.00369274719177923
0.00369274719177923
0.00369274719177923
0.00369274719177923
0.00369274719177923
0.00369274719177923
0.00369274719177923
0.00369274719177923
0.00369274719177923
0.00369274719177923
0.00369274719177923
0.00369274719177923
0.00369274719177923
0.00369274719177923
0.00369274719177923
0.00369274719177923
0.00369274719177923
0.00369274719177923
0.00369274719177923
0.00369274719177923
0.00369274719177923
0.00369274719177923
0.00369274719177923
0.00369274719177923
0.00369274719177923
0.00369274719177923
0.00369274719177923
0.00369274719177923
0.00369274719177923
0.0036920879017423
0.0036920879017423
0.0036920879017423
0.0036920879017423
0.0036920879017423
0.0036920879017423
0.0036920879017423
0.0036920879017423
0.00369205806884762
0.00369205806884762
0.00369205806884762
0.00369205806884762
0.00369205806884762
0.00369205806884762
0.00369205806884762
0.00369205806884762
0.00369205806884762
0.00369205806884762
0.00369205806884762
0.00369205806884762
0.00369205806884762
0.00369205806884762
0.00369205806884762
0.00369205806884762
0.00369205806884762
0.00369205806884762
0.00369205806884762
0.00369205806884762
0.00369205806884762
0.00369205806884762
0.00369205806884762
0.00369205806884762
0.00369205806884762
0.00369205806884762
0.00369205806884762
0.00369205806884762
0.00369205806884762
0.00369205806884762
0.00369205806884762
0.00369205806884762
0.00369205806884762
0.00369205806884762
0.00369205806884762
0.00369205806884762
0.00369205806884762
0.00369205806884762
0.00369205806884762
0.00369205806884762
0.00369205806884762
0.00369205806884762
0.00369205806884762
0.00369205806884762
0.00369205806884762
0.00369205806884762
0.00369205806884762
0.00369205806884762
0.00369205806884762
0.00369205806884762
0.00369205806884762
0.00369205806884762
0.00369205806884762
0.00369205806884762
0.00369205806884762
0.00369205806884762
0.00369205806884762
0.00369205806884762
0.00369205806884762
0.00369205806884762
0.00369205806884762
0.00369205806884762
0.00369205806884762
0.00369205806884762
0.00369205806884762
0.00369205806884762
0.00369205806884762
0.00369205806884762
0.00369205806884762
0.00369205806884762
0.00369205806884762
0.00369205806884762
0.00369205806884762
0.00369205806884762
0.00369205806884762
0.00369205806884762
0.00369205806884762
0.00369205806884762
0.00369205806884762
0.00369205806884762
0.00369205806884762
0.00369205806884762
0.00369205806884762
0.00369205806884762
0.00369205806884762
0.00369205806884762
0.00369205806884762
0.00369205806884762
0.00369205806884762
0.00369205806884762
0.00369205806884762
0.00369205806884762
0.00369164273392092
0.00369164273392092
0.00369164273392092
0.00369164273392092
0.00369164273392092
0.00369164273392092
0.00369164273392092
0.00369164273392092
0.00369155155784787
0.00369155155784787
0.00369155155784787
0.00369155155784787
0.00369155155784787
0.00369155155784787
0.00369155155784787
0.00369155155784787
0.00369155155784787
0.00369155155784787
0.00369155155784787
0.00369155155784787
0.00369155155784787
0.00369155155784787
0.00369155155784787
0.00369155155784787
0.00369155155784787
0.00369155155784787
0.00369155155784787
0.00369155155784787
0.00369155155784787
0.00369155155784787
0.00369155155784787
0.00369155155784787
0.00369155155784787
0.00369155155784787
0.00369155155784787
0.00369155155784787
0.00369155155784787
0.00369155155784787
0.00369155155784787
0.00369155155784787
0.00369155155784787
0.00369155155784787
0.00369155155784787
0.00369155155784787
0.00369155155784787
0.00369155155784787
0.00369155155784787
0.00369155155784787
0.00369155155784787
0.00369155155784787
0.00369155155784787
0.00369155155784787
0.00369155155784787
0.00369155155784787
0.00369155155784787
0.00369155155784787
0.00369155155784787
0.00369155155784787
0.00369155155784787
0.00369155155784787
0.00369155155784787
0.00369155155784787
0.00369155155784787
0.00369155155784787
0.00369155155784787
0.00369155155784787
0.00369155155784787
0.00369155155784787
0.00369155155784787
0.00369155155784787
0.00369155155784787
0.00369155155784787
0.00369155155784787
0.00369155155784787
0.00369155155784787
0.00369155155784787
0.00369155155784787
0.00369155155784787
0.00369155155784787
0.00369155155784787
0.00369155155784787
0.00369155155784787
0.00369155155784787
0.00369155155784787
0.00369155155784787
0.00369155155784787
0.00369155155784787
0.00369155155784787
0.00369155155784787
0.00369155155784787
0.00369155155784787
0.00369155155784787
0.00369155155784787
0.00369155155784787
0.00369155155784787
0.00369155155784787
0.00369155155784787
0.00369155155784787
0.00369155155784787
0.00369155155784787
0.00369154221470705
0.00369154221470705
0.00369145813709104
0.00369145813709104
0.00369145813709104
0.00369145813709104
0.00369145813709104
0.00369145813709104
0.00369145813709104
0.00369145813709104
0.00369145813709104
0.00369145813709104
0.00369145813709104
0.00369145813709104
0.00369145813709104
0.00369145813709104
0.00369145813709104
0.00369145813709104
0.00369145813709104
0.00369145813709104
0.00369145813709104
0.00369145813709104
0.00369145813709104
0.00369145813709104
0.00369145813709104
0.00369145813709104
0.00369145813709104
0.00369145813709104
0.00369145813709104
0.00369145813709104
0.00369145813709104
0.00369145813709104
0.00369145813709104
0.00369145813709104
0.00369145813709104
0.00369145813709104
0.00369145813709104
0.00369145813709104
0.00369145813709104
0.00369145813709104
0.00369145813709104
0.00369145813709104
0.00369145813709104
0.00369145813709104
0.00369145813709104
0.00369145813709104
0.00369145813709104
0.00369145813709104
0.00369145813709104
0.00369145813709104
0.00369145813709104
0.00369145813709104
0.00369145813709104
0.00369145813709104
0.00369145813709104
0.00369145813709104
0.00369145813709104
0.00369145813709104
0.00369145813709104
0.00369145813709104
0.00369145813709104
0.00369145813709104
0.00369145813709104
0.00369145813709104
0.00369145813709104
0.00369145813709104
0.00369145813709104
0.00369145813709104
0.00369145813709104
0.00369145813709104
0.00369145813709104
0.00369145813709104
0.00369145813709104
0.00369145813709104
0.00369145813709104
0.00369145813709104
0.00369145813709104
0.00369145813709104
0.00369145813709104
0.00369145813709104
0.00369145813709104
0.00369145813709104
0.00369145813709104
0.00369145813709104
0.00369145813709104
0.00369145813709104
0.00369145813709104
0.00369145813709104
0.00369145813709104
0.00369145813709104
0.00369145813709104
0.00369145813709104
0.00369145813709104
0.00369145813709104
0.00369145813709104
0.00369145813709104
0.00369145813709104
0.00369145813709104
0.00369145813709104
0.00369145813709104
0.00369145813709104
0.00369145813709104
0.00369145813709104
0.00369145813709104
0.00369145813709104
0.00369145813709104
0.00369145813709104
0.00369145813709104
0.00369145813709104
0.00369145813709104
0.00369145813709104
0.00369145813709104
0.00369145813709104
0.00369145813709104
0.00369145813709104
0.00369145813709104
0.00369145813709104
0.00369145813709104
0.00369145813709104
0.00369145813709104
0.00369145813709104
0.00369145813709104
0.00369145813709104
0.00369145813709104
0.00369143059226365
0.00369143059226365
0.00369143059226365
0.00369143059226365
0.00369143059226365
0.00369143059226365
0.00369143059226365
0.00369143059226365
0.00369143059226365
0.00369143059226365
0.00369143059226365
0.00369143059226365
0.00369143059226365
0.00369143059226365
0.00369143059226365
0.00369143059226365
0.00369143059226365
0.00369143059226365
0.00369143059226365
0.00369143059226365
0.00369143059226365
0.00369143059226365
0.00369143059226365
0.00369143059226365
0.00369143059226365
0.00369143059226365
0.00369143059226365
0.00369143059226365
0.00369143059226365
0.00369143059226365
0.00369143059226365
0.00369143059226365
0.00369143059226365
0.00369143059226365
0.00369143059226365
0.00369143059226365
0.00369143059226365
0.00369143059226365
0.00369143059226365
0.00369143059226365
0.00369143059226365
0.00369143059226365
0.00369143059226365
0.00369143059226365
0.00369143059226365
0.00369143059226365
0.00369143059226365
0.00369143059226365
0.00369143059226365
0.00369143059226365
0.00369143059226365
0.00369143059226365
0.00369143059226365
0.00369143059226365
0.00369143059226365
0.00369143059226365
0.00369143059226365
0.00369143059226365
0.00369143059226365

