0.111709020111277
0.0742242026600317
0.0317766484668428
0.0317766484668428
0.0317766484668428
0.0317766484668428
0.0317766484668428
0.0317766484668428
0.0317766484668428
0.0317766484668428
0.0317766484668428
0.0317766484668428
0.0317766484668428
0.0317766484668428
0.0176681667512151
0.0176681667512151
0.0176681667512151
0.0176681667512151
0.0176681667512151
0.00636342042561983
0.00636342042561983
0.00636342042561983
0.00636342042561983
0.00636342042561983
0.00636342042561983
0.00636342042561983
0.00636342042561983
0.00636342042561983
0.00526911831463583
0.00526911831463583
0.00526911831463583
0.00526911831463583
0.00526911831463583
0.00526911831463583
0.00526911831463583
0.00276813949236643
0.00276813949236643
0.00276813949236643
0.00276813949236643
0.00276813949236643
0.00276813949236643
0.00276813949236643
0.00276813949236643
0.00276813949236643
0.00276813949236643
0.00276813949236643
0.00276813949236643
0.00276813949236643
0.00276813949236643
0.00276813949236643
0.00276813949236643
0.00276813949236643
0.00276813949236643
0.00276813949236643
0.00276813949236643
0.00276813949236643
0.00276813949236643
0.00276813949236643
0.00276813949236643
0.00276813949236643
0.00276813949236643
0.00276813949236643
0.00276813949236643
0.00276813949236643
0.00276813949236643
0.00276813949236643
0.00276813949236643
0.00276813949236643
0.00276813949236643
0.00276813949236643
0.00276813949236643
0.00276813949236643
0.00276813949236643
0.00276813949236643
0.00276813949236643
0.00276813949236643
0.00276813949236643
0.00276813949236643
0.00276813949236643
0.00276813949236643
0.00276813949236643
0.00276813949236643
0.00276813949236643
0.00276813949236643
0.00276813949236643
0.00276813949236643
0.00276813949236643
0.00276813949236643
0.00276813949236643
0.00276813949236643
0.00276813949236643
0.00276813949236643
0.00276813949236643
0.00276813949236643
0.00276813949236643
0.00276813949236643
0.00276813949236643
0.00276813949236643
0.00276813949236643
0.00276813949236643
0.00276813949236643
0.00276813949236643
0.00276813949236643
0.00276813949236643
0.00276813949236643
0.00276813949236643
0.00276813949236643
0.00276813949236643
0.00276813949236643
0.00276813949236643
0.00276813949236643
0.00254616838948764
0.0017573698104808
0.0017573698104808
0.00172369804884248
0.00172369804884248
0.00172369804884248
0.00168304215559728
0.000754677492549261
0.000754677492549261
0.000754677492549261
0.000754677492549261
0.000570387161317132
0.000570387161317132
0.000570387161317132
0.000516125409726009
0.000516125409726009
0.000516125409726009
0.000516125409726009
0.000516125409726009
0.000516125409726009
0.000516125409726009
0.000516125409726009
0.000516125409726009
0.000516125409726009
0.000516125409726009
0.000516125409726009
0.000516125409726009
0.000516125409726009
0.000516125409726009
0.000516125409726009
0.000516125409726009
0.000516125409726009
0.000516125409726009
0.000516125409726009
0.000516125409726009
0.000516125409726009
0.000516125409726009
0.000516125409726009
0.000516125409726009
0.000516125409726009
0.000516125409726009
0.000516125409726009
0.000516125409726009
0.000516125409726009
0.000516125409726009
0.000516125409726009
0.000516125409726009
0.000516125409726009
0.000516125409726009
0.000516125409726009
0.000516125409726009
0.000516125409726009
0.000516125409726009
0.000516125409726009
0.000516125409726009
0.000516125409726009
0.000516125409726009
0.000516125409726009
0.000516125409726009
0.000516125409726009
0.000516125409726009
0.000516125409726009
0.000516125409726009
0.000516125409726009
0.000516125409726009
0.000516125409726009
0.000516125409726009
0.000516125409726009
0.000516125409726009
0.000516125409726009
0.000516125409726009
0.000516125409726009
0.000516125409726009
0.000516125409726009
0.000516125409726009
0.000516125409726009
0.000516125409726009
0.000516125409726009
0.000516125409726009
0.000516125409726009
0.000516125409726009
0.000516125409726009
0.000516125409726009
0.000516125409726009
0.000516125409726009
0.000516125409726009
0.000516125409726009
0.000516125409726009
0.000516125409726009
0.000516125409726009
0.000516125409726009
0.000516125409726009
0.000516125409726009
0.000516125409726009
0.000516125409726009
0.000516125409726009
0.000516125409726009
0.000516125409726009
0.000516125409726009
0.000516125409726009
0.000516125409726009
0.000516125409726009
0.000516125409726009
0.000516125409726009
0.000516125409726009
0.000516125409726009
0.000516125409726009
0.000475763711680177
0.000475763711680177
0.000475763711680177
0.000475763711680177
0.000475763711680177
0.000475763711680177
6.03431464710757E-05
6.03431464710757E-05
6.03431464710757E-05
6.03431464710757E-05
6.03431464710757E-05
6.03431464710757E-05
6.03431464710757E-05
6.03431464710757E-05
6.03431464710757E-05
6.03431464710757E-05
6.03431464710757E-05
6.03431464710757E-05
6.03431464710757E-05
6.03431464710757E-05
6.03431464710757E-05
6.03431464710757E-05
6.03431464710757E-05
6.03431464710757E-05
6.03431464710757E-05
6.03431464710757E-05
6.03431464710757E-05
6.03431464710757E-05
6.03431464710757E-05
6.03431464710757E-05
6.03431464710757E-05
6.03431464710757E-05
6.03431464710757E-05
6.03431464710757E-05
6.03431464710757E-05
6.03431464710757E-05
6.03431464710757E-05
6.03431464710757E-05
6.03431464710757E-05
6.03431464710757E-05
6.03431464710757E-05
6.03431464710757E-05
6.03431464710757E-05
6.03431464710757E-05
6.03431464710757E-05
6.03431464710757E-05
6.03431464710757E-05
6.03431464710757E-05
6.03431464710757E-05
6.03431464710757E-05
6.03431464710757E-05
6.03431464710757E-05
6.03431464710757E-05
6.03431464710757E-05
6.03431464710757E-05
6.03431464710757E-05
6.03431464710757E-05
6.03431464710757E-05
6.03431464710757E-05
6.03431464710757E-05
6.03431464710757E-05
6.03431464710757E-05
6.03431464710757E-05
6.03431464710757E-05
6.03431464710757E-05
6.03431464710757E-05
6.03431464710757E-05
6.03431464710757E-05
6.03431464710757E-05
6.03431464710757E-05
6.03431464710757E-05
6.03431464710757E-05
6.03431464710757E-05
6.03431464710757E-05
6.03431464710757E-05
6.03431464710757E-05
6.03431464710757E-05
6.03431464710757E-05
6.03431464710757E-05
6.03431464710757E-05
6.03431464710757E-05
6.03431464710757E-05
6.03431464710757E-05
6.03431464710757E-05
6.03431464710757E-05
6.03431464710757E-05
6.03431464710757E-05
6.03431464710757E-05
6.03431464710757E-05
6.03431464710757E-05
6.03431464710757E-05
6.03431464710757E-05
6.03431464710757E-05
6.03431464710757E-05
6.03431464710757E-05
6.03431464710757E-05
6.03431464710757E-05
6.03431464710757E-05
6.03431464710757E-05
6.03431464710757E-05
6.03431464710757E-05
6.03431464710757E-05
6.03431464710757E-05
6.03431464710757E-05
6.03431464710757E-05
6.03431464710757E-05
6.03431464710757E-05
6.03431464710757E-05
6.03431464710757E-05
6.03431464710757E-05
6.03431464710757E-05
6.03431464710757E-05
6.03431464710757E-05
6.03431464710757E-05
6.03431464710757E-05
6.03431464710757E-05
6.03431464710757E-05
6.03431464710757E-05
6.03431464710757E-05
6.03431464710757E-05
6.03431464710757E-05
5.85872866800674E-05
5.85872866800674E-05
5.85872866800674E-05
5.85872866800674E-05
5.85872866800674E-05
5.85872866800674E-05
5.85872866800674E-05
5.85872866800674E-05
5.85872866800674E-05
5.85872866800674E-05
5.85872866800674E-05
5.85872866800674E-05
5.85872866800674E-05
5.85872866800674E-05
5.85872866800674E-05
5.85872866800674E-05
5.85872866800674E-05
5.85872866800674E-05
5.85872866800674E-05
5.85872866800674E-05
5.85872866800674E-05
5.85872866800674E-05
5.85872866800674E-05
5.85872866800674E-05
5.85872866800674E-05
5.85872866800674E-05
5.85872866800674E-05
5.85872866800674E-05
5.85872866800674E-05
5.85872866800674E-05
5.85872866800674E-05
5.85872866800674E-05
5.85872866800674E-05
5.85872866800674E-05
5.85872866800674E-05
5.85872866800674E-05
5.85872866800674E-05
5.85872866800674E-05
5.85872866800674E-05
5.85872866800674E-05
5.85872866800674E-05
5.85872866800674E-05
5.85872866800674E-05
5.85872866800674E-05
5.85872866800674E-05
5.85872866800674E-05
5.85872866800674E-05
5.85872866800674E-05
5.85872866800674E-05
5.85872866800674E-05
5.85872866800674E-05
5.85872866800674E-05
5.85872866800674E-05
5.85872866800674E-05
5.85872866800674E-05
5.85872866800674E-05
5.85872866800674E-05
5.85872866800674E-05
5.85872866800674E-05
5.85872866800674E-05
5.85872866800674E-05
5.85872866800674E-05
5.85872866800674E-05
5.85872866800674E-05
5.85872866800674E-05
5.85872866800674E-05
5.85872866800674E-05
5.85872866800674E-05
5.85872866800674E-05
5.85872866800674E-05
5.85872866800674E-05
5.85872866800674E-05
5.85872866800674E-05
5.85872866800674E-05
5.85872866800674E-05
5.85872866800674E-05
5.85872866800674E-05
5.85872866800674E-05
5.85872866800674E-05
5.85872866800674E-05
5.85872866800674E-05
5.85872866800674E-05
5.85872866800674E-05
5.85872866800674E-05
5.85872866800674E-05
5.85872866800674E-05
5.85872866800674E-05
5.85872866800674E-05
5.85872866800674E-05
5.85872866800674E-05
5.85872866800674E-05
5.85872866800674E-05
5.85872866800674E-05
5.85872866800674E-05
5.85872866800674E-05
5.85872866800674E-05
5.85872866800674E-05
5.85872866800674E-05
5.85872866800674E-05
5.85872866800674E-05
5.85872866800674E-05
5.85872866800674E-05
5.85872866800674E-05
5.85872866800674E-05
5.85872866800674E-05
5.85872866800674E-05
5.85872866800674E-05
5.85872866800674E-05
5.85872866800674E-05
5.85872866800674E-05
5.85872866800674E-05
5.85872866800674E-05
5.85872866800674E-05
5.85872866800674E-05
5.85872866800674E-05
5.85872866800674E-05
5.85872866800674E-05
5.85872866800674E-05
5.85872866800674E-05
5.85872866800674E-05
5.85872866800674E-05
5.85872866800674E-05
5.85872866800674E-05
5.85872866800674E-05
5.85872866800674E-05
5.85872866800674E-05
5.85872866800674E-05
5.85872866800674E-05
5.85872866800674E-05
5.85872866800674E-05
5.85872866800674E-05
5.85872866800674E-05
5.85872866800674E-05
5.85872866800674E-05
5.85872866800674E-05
5.85872866800674E-05
5.85872866800674E-05
5.85872866800674E-05
5.85872866800674E-05
5.85872866800674E-05
5.85872866800674E-05
5.85872866800674E-05
5.85872866800674E-05
5.85872866800674E-05
5.85872866800674E-05
5.85872866800674E-05
5.85872866800674E-05
5.85872866800674E-05
5.85872866800674E-05
5.85872866800674E-05
5.85872866800674E-05
5.85872866800674E-05
5.85872866800674E-05
5.85872866800674E-05
5.85872866800674E-05
5.85872866800674E-05
5.85872866800674E-05
5.85872866800674E-05
5.85872866800674E-05
5.85872866800674E-05
5.85872866800674E-05

