0.0811619031636678
0.0811619031636678
0.0135043823421577
0.0135043823421577
0.0135043823421577
0.0135043823421577
0.0135043823421577
0.00295178153780945
0.00295178153780945
0.000568550203592644
0.000568550203592644
0.000568550203592644
0.000112326878248803
0.000112326878248803
4.18735554909566E-05
1.22105502423087E-05
1.22105502423087E-05
8.91360437588196E-06
3.07502448698704E-06
3.07502448698704E-06
1.53354702392416E-06
6.54508502173634E-07
3.58332615246759E-07
2.59604445163042E-07
9.13822180703683E-08
3.87868834827998E-08
1.93155203498385E-08
1.59078010208979E-08
9.5192870253058E-10
5.52534851205877E-10
5.52534851205877E-10
3.35655503391763E-10
2.9422186909045E-10
1.89160742625205E-10
4.52030635145206E-11
5.12995201873423E-12
5.12995201873423E-12
5.12995201873423E-12
1.43979272948513E-12
9.27535825923087E-13
4.05397937441876E-13
3.994027331089E-13
2.98094882111855E-14
2.98094882111855E-14
1.6153745008296E-14
5.99520433297585E-15
8.88178419700125E-16
8.88178419700125E-16
6.10622663543836E-16
4.44089209850063E-16
2.22044604925031E-16
1.66533453693773E-16
5.55111512312578E-17
0
0
0
0
0
0
0
0
0
0
0
0
0
0
0
0
0
0
0
0
0
0
0
0
0
0
0
0
0
0
0
0
0
0
0
0
0
0
0
0
0
0
0
0
0
0
0
0
0
0
0
0
0
0
0
0
0
0
0
0
0
0
0
0
0
0
0
0
0
0
0
0
0
0
0
0
0
0
0
0
0
0
0
0
0
0
0
0
0
0
0
0
0
0
0
0
0
0
0
0
0
0
0
0
0
0
0
0
0
0
0
0
0
0
0
0
0
0
0
0
0
0
0
0
0
0
0
0
0
0
0
0
0
0
0
0
0
0
0
0
0
0
0
0
0
0
0
0
0
0
0
0
0
0
0
0
0
0
0
0
0
0
0
0
0
0
0
0
0
0
0
0
0
0
0
0
0
0
0
0
0
0
0
0
0
0
0
0
0
0
0
0
0
0
0
0
0
0
0
0
0
0
0
0
0
0
0
0
0
0
0
0
0
0
0
0
0
0
0
0
0
0
0
0
0
0
0
0
0
0
0
0
0
0
0
0
0
0
0
0
0
0
0
0
0
0
0
0
0
0
0
0
0
0
0
0
0
0
0
0
0
0
0
0
0
0
0
0
0
0
0
0
0
0
0
0
0
0
0
0
0
0
0
0
0
0
0
0
0
0
0
0
0
0
0
0
0
0
0
0
0
0
0
0
0
0
0
0
0
0
0
0
0
0
0
0
0
0
0
0
0
0
0
0
0
0
0
0
0
0
0
0
0
0
0
0
0
0
0
0
0
0
0
0
0
0
0
0
0
0
0
0
0
0
0
0
0
0
0
0
0
0
0
0
0
0
0
0
0
0
0
0
0
0
0
0
0
0
0
0
0
0
0
0
0
0
0
0
0
0
0
0
0
0
0
0
0
0
0
0
0
0
0
0
0
0
0
0
0
0
0
0
0
0
0
0
0
0
0
0
0
0
0
0
0
0
0
0
0
0
0
0
0
0
0
0
0
0
0
0
0
0
0
0
0
0
0

