0.236216465325764
0.176918567732562
0.176918567732562
0.176918567732562
0.176918567732562
0.176918567732562
0.176918567732562
0.0513777553660376
0.0513777553660376
0.0513777553660376
0.0513777553660376
0.0513777553660376
0.00377141375201004
0.00377141375201004
0.00377141375201004
0.00284888518649809
0.00284888518649809
0.00284888518649809
0.00284888518649809
0.00284888518649809
0.00284888518649809
0.00284888518649809
0.00284438395612668
0.00284438395612668
0.00280781751973536
0.00279396357616982
0.00279396357616982
0.00276353140915103
0.00263657972876971
0.00263657972876971
0.00263657972876971
0.00261435716814087
0.00261435716814087
0.00261435716814087
0.00261435716814087
0.00261435716814087
0.00261435716814087
0.00261435716814087
0.002613257871804
0.002613257871804
0.002613257871804
0.002613257871804
0.002613257871804
0.00261312827767593
0.00261312827767593
0.00261312827767593
0.00261312827767593
0.00261312827767593
0.00261312827767593
0.00261312827767593
0.00261312827767593
0.00261312827767593
0.00261312827767593
0.00261312827767593
0.00261312827767593
0.00261312827767593
0.00261312827767593
0.00261312827767593
0.00261312827767593
0.00261312827767593
0.00261312827767593
0.00261312827767593
0.00261312827767593
0.00261312827767593
0.00261312827767593
0.00261312827767593
0.00261312827767593
0.00261312827767593
0.00261312827767593
0.00261312827767593
0.00261312827767593
0.00261312827767593
0.00261312827767593
0.00261312827767593
0.00261312827767593
0.00261312827767593
0.00261312827767593
0.00249042970517699
0.00249042970517699
0.00249042970517699
0.00249042970517699
0.00249042970517699
0.00249042970517699
0.00249042970517699
0.00249042970517699
0.00249042970517699
0.00249042970517699
0.00249042970517699
0.00249042970517699
0.00249042970517699
0.00249042970517699
0.00249042970517699
0.00249042970517699
0.00249042970517699
0.00249042970517699
0.00249042970517699
0.00249042970517699
0.00249042970517699
0.00249042970517699
0.00249042970517699
0.00249042970517699
0.00249042970517699
0.00249042970517699
0.00249042970517699
0.00249042970517699
0.00249042970517699
0.00249042970517699
0.00249042970517699
0.00249042970517699
0.00249042970517699
0.00249042970517699
0.00249042970517699
0.00249042970517699
0.00249042970517699
0.00249042970517699
0.00246400716662315
0.00246400716662315
0.00246400716662315
0.00246400716662315
0.00246397378639607
0.00246397378639607
0.00246397378639607
0.00246397378639607
0.00246397378639607
0.00246397378639607
0.00246397378639607
0.00246397378639607
0.00246397378639607
0.00246397378639607
0.00246397378639607
0.00246397378639607
0.00246397378639607
0.00246397378639607
0.00246397378639607
0.00246397378639607
0.00246397378639607
0.00246397378639607
0.00246397378639607
0.00246397378639607
0.00246397378639607
0.00246397378639607
0.00246397378639607
0.00246397378639607
0.00246397378639607
0.00246397378639607
0.00246397378639607
0.00246397378639607
0.00246397378639607
0.00246397378639607
0.00246397378639607
0.00246397378639607
0.00246397378639607
0.00246397378639607
0.00246397378639607
0.00246397378639607
0.00246397378639607
0.00246397378639607
0.00246397378639607
0.00246397378639607
0.00246397378639607
0.00246397378639607
0.00246397378639607
0.00246397378639607
0.00246397378639607
0.00246397378639607
0.00246397378639607
0.00246397378639607
0.00246397378639607
0.00246397378639607
0.00246397378639607
0.00246397378639607
0.00246397378639607
0.00246397378639607
0.00246397378639607
0.00246397378639607
0.00246397378639607
0.00246397378639607
0.00246397378639607
0.00246397378639607
0.00246397378639607
0.00246397378639607
0.00246397378639607
0.00246397378639607
0.00246397378639607
0.00246397378639607
0.00246397378639607
0.00246397378639607
0.00246397378639607
0.00246397378639607
0.00246397378639607
0.00246397378639607
0.00246397378639607
0.00246397378639607
0.00246397378639607
0.00246397378639607
0.00246397378639607
0.00246397378639607
0.00246397378639607
0.00246397378639607
0.00246397378639607
0.00246397378639607
0.00246397378639607
0.00246397378639607
0.00246397378639607
0.00246397378639607
0.00246397378639607
0.00246397378639607
0.00246397378639607
0.00246397378639607
0.00246397378639607
0.00246397378639607
0.00246397378639607
0.00246397378639607
0.00241039963346706
0.00241039963346706
0.00241039963346706
0.00241039963346706
0.00241039963346706
0.00241039963346706
0.00241039963346706
0.00240791425978268
0.00240791425978268
0.00240791425978268
0.00240791425978268
0.00240791425978268
0.00240791425978268
0.00240791425978268
0.00240791425978268
0.00240791425978268
0.00240791425978268
0.00240791425978268
0.00240791425978268
0.00240791425978268
0.00240791425978268
0.00240791425978268
0.00240791425978268
0.00240791425978268
0.00240791425978268
0.00240791425978268
0.00240791425978268
0.00240791425978268
0.00240791425978268
0.00240791425978268
0.00240791425978268
0.00240791425978268
0.00240791425978268
0.00240791425978268
0.00240791425978268
0.00240791425978268
0.00240791425978268
0.00240791425978268
0.00240791425978268
0.00240791425978268
0.00240791425978268
0.00240791425978268
0.00240791425978268
0.00240791425978268
0.00240791425978268
0.00240791425978268
0.00240791425978268
0.00240791425978268
0.00240791425978268
0.00240791425978268
0.00240791425978268
0.00240791425978268
0.00240791425978268
0.00240791425978268
0.00240791425978268
0.00240791425978268
0.00240791425978268
0.00240791425978268
0.00240791425978268
0.00240791425978268
0.00240791425978268
0.00240791425978268
0.00240791425978268
0.00240791425978268
0.00240791425978268
0.00240791425978268
0.00240791425978268
0.00240791425978268
0.00240791425978268
0.00240791425978268
0.00240791425978268
0.00240791425978268
0.00240791425978268
0.00240791425978268
0.00240791425978268
0.00240791425978268
0.00240791425978268
0.00240791425978268
0.00240791425978268
0.00240791425978268
0.00240791425978268
0.00240791425978268
0.00240791425978268
0.00240791425978268
0.00240791425978268
0.00240791425978268
0.00240791425978268
0.00240791425978268
0.00240791425978268
0.00240791425978268
0.00240791425978268
0.00240791425978268
0.00240791425978268
0.00240791425978268
0.00240791425978268
0.00240791425978268
0.00240791425978268
0.00240791425978268
0.00240791425978268
0.00240791425978268
0.00240791425978268
0.00240791425978268
0.00240791425978268
0.00240791425978268
0.00240791425978268
0.00240791425978268
0.00240791425978268
0.00240791425978268
0.00240791425978268
0.00240791425978268
0.00240791425978268
0.00240791425978268
0.0018958069267202
0.0018958069267202
0.0018958069267202
0.0018958069267202
0.0018958069267202
0.0018958069267202
0.0018958069267202
0.0018958069267202
0.0018958069267202
0.0018958069267202
0.0018958069267202
0.0018958069267202
0.0018958069267202
0.0018958069267202
0.0018958069267202
0.0018958069267202
0.0018958069267202
0.0018958069267202
0.0018958069267202
0.0018958069267202
0.0018958069267202
0.0018958069267202
0.0018958069267202
0.0018958069267202
0.0018958069267202
0.0018958069267202
0.0018958069267202
0.0018958069267202
0.0018958069267202
0.0018958069267202
0.0018958069267202
0.0018958069267202
0.0018958069267202
0.0018958069267202
0.0018958069267202
0.0018958069267202
0.0018958069267202
0.0018958069267202
0.0018958069267202
0.0018958069267202
0.0018958069267202
0.0018958069267202
0.0018958069267202
0.0018958069267202
0.0018958069267202
0.0018958069267202
0.0018958069267202
0.0018958069267202
0.0018958069267202
0.0018958069267202
0.0018958069267202
0.0018958069267202
0.0018958069267202
0.0018958069267202
0.0018958069267202
0.0018958069267202
0.0018958069267202
0.0018958069267202
0.0018958069267202
0.0018958069267202
0.0018958069267202
0.0018958069267202
0.0018958069267202
0.0018958069267202
0.0018958069267202
0.0018958069267202
0.0018958069267202
0.0018958069267202
0.0018958069267202
0.0018958069267202
0.0018958069267202
0.0018958069267202
0.0018958069267202
0.0018958069267202
0.0018958069267202
0.0018958069267202
0.0018958069267202
0.0018958069267202
0.0018958069267202
0.0018958069267202
0.0018958069267202
0.0018958069267202
0.0018958069267202
0.0018958069267202
0.0018958069267202
0.0018958069267202
0.0018958069267202
0.0018958069267202
0.0018958069267202
0.0018958069267202
0.0018958069267202
0.0018958069267202
0.0018958069267202
0.0018958069267202
0.0018958069267202
0.0018958069267202
0.0018958069267202
0.0018958069267202
0.0018958069267202
0.0018958069267202
0.0018958069267202
0.0018958069267202
0.0018958069267202
0.0018958069267202
0.0018958069267202
0.0018958069267202
0.0018958069267202
0.0018958069267202
0.0018958069267202
0.0018958069267202
0.0018958069267202
0.0018958069267202
0.0018958069267202
0.0018958069267202
0.0018958069267202
0.0018958069267202
0.0018958069267202
0.0018958069267202
0.0018958069267202
0.0018958069267202
0.0018958069267202
0.0018958069267202
0.0018958069267202
0.0018958069267202
0.0018958069267202
0.0018958069267202
0.0018958069267202
0.0018958069267202
0.0018958069267202
0.0018958069267202
0.0018958069267202
0.0018958069267202
0.0018958069267202
0.0018958069267202
0.0018958069267202
0.00166403961257588
0.00166403961257588
0.00166403961257588
0.00166403961257588
0.00166403961257588
0.00166403961257588
0.00166403961257588
0.00166403961257588
0.00166403961257588
0.00166403961257588
0.00166403961257588
0.00166403961257588
0.00166403961257588
0.00166403961257588
0.00166403961257588
0.00166403961257588
0.00166403961257588
0.00166403961257588
0.00166403961257588
0.00166403961257588
0.00166403961257588
0.00166403961257588
0.00166403961257588
0.00166403961257588
0.00166403961257588
0.00166403961257588
0.00166403961257588
0.00166403961257588
0.00166403961257588
0.00166403961257588
0.00166403961257588
0.00166403961257588
0.00166403961257588
0.00166403961257588
0.00166403961257588
0.00166403961257588
0.00166403961257588
0.00166403961257588
0.00166403961257588
0.00166403961257588

