0.164666130273726
0.0670158188688355
0.0670158188688355
0.0670158188688355
0.0670158188688355
0.0670158188688355
0.027684543614503
0.027684543614503
0.027684543614503
0.027684543614503
0.027684543614503
0.027684543614503
0.027684543614503
0.027684543614503
0.027684543614503
0.027684543614503
0.027684543614503
0.027684543614503
0.013814124552237
0.013814124552237
0.013814124552237
0.013814124552237
0.013814124552237
0.013814124552237
0.0135190421983653
0.0135190421983653
0.013498197027502
0.013498197027502
0.013498197027502
0.0133914479012402
0.0133914479012402
0.0133914479012402
0.0133914479012402
0.0133914479012402
0.0133914479012402
0.0133914479012402
0.0133914479012402
0.0133914479012402
0.0133914479012402
0.0133914479012402
0.0133914479012402
0.0133914479012402
0.0133914479012402
0.0133914479012402
0.0133914479012402
0.0133914479012402
0.0133914479012402
0.0133914479012402
0.0128388935317212
0.0128388935317212
0.0128388935317212
0.0128388935317212
0.0128388935317212
0.00465682199972739
0.00465682199972739
0.00465682199972739
0.00465682199972739
0.00465682199972739
0.00465682199972739
0.00465682199972739
0.00465682199972739
0.00465682199972739
0.00465682199972739
0.00465682199972739
0.00465682199972739
0.00465682199972739
0.00465682199972739
0.00465682199972739
0.00465682199972739
0.00465682199972739
0.00465682199972739
0.00465682199972739
0.00465682199972739
0.00465682199972739
0.00465682199972739
0.00465682199972739
0.00465682199972739
0.00465682199972739
0.00465682199972739
0.00465682199972739
0.00465682199972739
0.00465682199972739
0.00465682199972739
0.00465682199972739
0.00199065474536086
0.00199065474536086
0.00199065474536086
0.00199065474536086
0.00199065474536086
0.00199065474536086
0.00199065474536086
0.00199065474536086
0.00199065474536086
0.00199065474536086
0.00199065474536086
0.00199065474536086
0.00199065474536086
0.00199065474536086
0.00199065474536086
0.00199065474536086
0.00199065474536086
0.00199065474536086
0.00199065474536086
0.00199065474536086
0.00199065474536086
0.00199065474536086
0.00199065474536086
0.00199065474536086
0.00199065474536086
0.00199065474536086
0.00199065474536086
0.00199065474536086
0.00199065474536086
0.00199065474536086
0.00199065474536086
0.00199065474536086
0.00199065474536086
0.00199065474536086
0.00199065474536086
0.00199065474536086
0.00199065474536086
0.00199065474536086
0.00199065474536086
0.00199065474536086
0.00199065474536086
0.00199065474536086
0.00199065474536086
0.00199065474536086
0.00199065474536086
0.00199065474536086
0.00199065474536086
0.00199065474536086
0.00199065474536086
0.00199065474536086
0.00199065474536086
0.00199065474536086
0.00199065474536086
0.00199065474536086
0.00199065474536086
0.00199065474536086
0.00199065474536086
0.00199065474536086
0.00199065474536086
0.00199065474536086
0.00199065474536086
0.00199065474536086
0.00199065474536086
0.00199065474536086
0.00199065474536086
0.00199065474536086
0.00199065474536086
0.00199065474536086
0.00199065474536086
0.00199065474536086
0.00199065474536086
0.00199065474536086
0.00199065474536086
0.00199065474536086
0.00199065474536086
0.000935277823423231
0.000935277823423231
0.000935277823423231
0.000935277823423231
0.000935277823423231
0.000935277823423231
0.000935277823423231
0.000935277823423231
0.000935277823423231
0.000935277823423231
0.000935277823423231
0.000935277823423231
0.000935277823423231
0.000935277823423231
0.000935277823423231
0.000935277823423231
0.000935277823423231
0.000935277823423231
0.000935277823423231
0.000935277823423231
0.000935277823423231
0.000935277823423231
0.000935277823423231
0.000935277823423231
0.000935277823423231
0.000935277823423231
0.000935277823423231
0.000935277823423231
0.000935277823423231
0.000935277823423231
0.000935277823423231
0.000935277823423231
0.000935277823423231
0.000935277823423231
0.000935277823423231
0.000935277823423231
0.000935277823423231
0.000935277823423231
0.000935277823423231
0.000935277823423231
0.000935277823423231
0.000935277823423231
0.000935277823423231
0.000935277823423231
0.000935277823423231
0.000935277823423231
0.000935277823423231
0.000935277823423231
0.000935277823423231
0.000935277823423231
0.000935277823423231
0.000935277823423231
0.000935277823423231
0.000935277823423231
0.000935277823423231
0.000935277823423231
0.000935277823423231
0.000935277823423231
0.000935277823423231
0.000935277823423231
0.000935277823423231
0.000935277823423231
0.000935277823423231
0.000935277823423231
0.000935277823423231
0.000935277823423231
0.000935277823423231
0.000935277823423231
0.000935277823423231
0.000935277823423231
0.000935277823423231
0.000935277823423231
0.000935277823423231
0.000935277823423231
0.000935277823423231
0.000935277823423231
0.000935277823423231
0.000935277823423231
0.000935277823423231
0.000935277823423231
0.000935277823423231
0.000935277823423231
0.000935277823423231
0.000935277823423231
0.000935277823423231
0.000935277823423231
0.000935277823423231
0.000935277823423231
0.000935277823423231
0.000935277823423231
0.000935277823423231
0.000935277823423231
0.000935277823423231
0.00093443188411424
0.00093443188411424
0.00093443188411424
0.00093443188411424
0.00093443188411424
0.00093443188411424
0.00093443188411424
0.00093443188411424
0.00093443188411424
0.00093443188411424
0.00093443188411424
0.00093443188411424
0.00093443188411424
0.00093443188411424
0.00093443188411424
0.00093443188411424
0.00093443188411424
0.00093443188411424
0.00093443188411424
0.00093443188411424
0.00093443188411424
0.00093443188411424
0.00093443188411424
0.00093443188411424
0.00093443188411424
0.00093443188411424
0.00093443188411424
0.00093443188411424
0.00093443188411424
0.00093443188411424
0.00093443188411424
0.00093443188411424
0.00093443188411424
0.00093443188411424
0.00093443188411424
0.00093443188411424
0.00093443188411424
0.00093443188411424
0.00093443188411424
0.00093443188411424
0.00093443188411424
0.00093443188411424
0.00093443188411424
0.00093443188411424
0.00093443188411424
0.00093443188411424
0.00093443188411424
0.00093443188411424
0.00093443188411424
0.00093443188411424
0.00093443188411424
0.00093443188411424
0.00093443188411424
0.00093443188411424
0.00093443188411424
0.00093443188411424
0.00093443188411424
0.00093443188411424
0.00093443188411424
0.00093443188411424
0.00093443188411424
0.00093443188411424
0.00093443188411424
0.00093443188411424
0.00093443188411424
0.00093443188411424
0.00093443188411424
0.00093443188411424
0.00093443188411424
0.00093443188411424
0.00093443188411424
0.00093443188411424
0.00093443188411424
0.00093443188411424
0.00093443188411424
0.00093443188411424
0.00093443188411424
0.00093443188411424
0.00093443188411424
0.00093443188411424
0.00093443188411424
0.00093443188411424
0.00093443188411424
0.00093443188411424
0.000903003647567402
0.000903003647567402
0.000903003647567402
0.000903003647567402
0.000903003647567402
0.000903003647567402
0.000903003647567402
0.000903003647567402
0.000903003647567402
0.000903003647567402
0.000903003647567402
0.000903003647567402
0.000903003647567402
0.000903003647567402
0.00090218162080985
0.00090218162080985
0.00090218162080985
0.00090218162080985
0.00090218162080985
0.00090218162080985
0.00090218162080985
0.00090218162080985
0.00090218162080985
0.00090218162080985
0.00090218162080985
0.00090218162080985
0.00090218162080985
0.00090218162080985
0.00090218162080985
0.00090218162080985
0.00090218162080985
0.00090218162080985
0.00090218162080985
0.00090218162080985
0.00090218162080985
0.00090218162080985
0.00090218162080985
0.00090218162080985
0.00090218162080985
0.00090218162080985
0.00090218162080985
0.00090218162080985
0.00090218162080985
0.00090218162080985
0.00090218162080985
0.00090218162080985
0.00090218162080985
0.00090218162080985
0.00090218162080985
0.00090218162080985
0.00090218162080985
0.00090218162080985
0.00090218162080985
0.00090218162080985
0.00090218162080985
0.00090218162080985
0.00090218162080985
0.00090218162080985
0.00090218162080985
0.00090218162080985
0.00090218162080985
0.00090218162080985
0.00090218162080985
0.00090218162080985
0.00090218162080985
0.00090218162080985
0.00090218162080985
0.00090218162080985
0.00090218162080985
0.00090218162080985
0.00090218162080985
0.00090218162080985
0.00090218162080985
0.000838298909558194
0.00083410784363902
0.00083410784363902
0.00083410784363902
0.00083410784363902
0.00083410784363902
0.00083410784363902
0.00083410784363902
0.000591717378239875
0.000591717378239875
0.000591717378239875
0.000591717378239875
0.000591717378239875
0.000591717378239875
0.000591717378239875
0.000591717378239875
0.000591717378239875
0.000591717378239875
0.000591717378239875
0.000591717378239875
0.000591717378239875
0.000591717378239875
0.000591717378239875
0.000591717378239875
0.000591717378239875
0.000591717378239875
0.000591717378239875
0.000591717378239875
0.000591717378239875
0.000591717378239875
0.000591717378239875
0.000591717378239875
0.000591717378239875
0.000591717378239875
0.000591717378239875
0.000591717378239875
0.000591717378239875
0.000591717378239875
0.000591717378239875
0.000591717378239875
0.000591717378239875
0.000591717378239875
0.000591717378239875
0.000591717378239875
0.000591717378239875
0.000591717378239875
0.000591717378239875
0.000591717378239875
0.000591717378239875
0.000591717378239875
0.000591717378239875
0.000591717378239875
0.000591717378239875
0.000591717378239875
0.000591717378239875
0.000591717378239875
0.000591717378239875
0.000591717378239875
0.000591717378239875
0.000591717378239875
0.000591717378239875
0.000591717378239875
0.000591717378239875
0.000591717378239875
0.000591717378239875
0.000591717378239875
0.000591717378239875
0.000591717378239875
0.000591717378239875
0.000591717378239875
0.000591717378239875
0.000591717378239875
0.000591717378239875
0.000591717378239875
0.000591717378239875
0.000591717378239875
0.000591717378239875
0.000591717378239875
0.000591717378239875
0.000591717378239875
0.000591717378239875
0.000591717378239875
0.000591717378239875
0.000591717378239875
0.000591717378239875
0.000591717378239875
0.000591717378239875
0.000591717378239875
0.000591717378239875
0.000591717378239875
0.000591717378239875

