0.342128671517933
0.342128671517933
0.210711497064316
0.138879326621999
0.0263504687932748
0.0263504687932748
0.0263504687932748
0.00304635063013251
0.00288754564243859
0.00288754564243859
0.00288754564243859
0.00105767534872409
0.000326655248231611
0.000326655248231611
0.000110740298478712
0.000110740298478712
0.000110740298478712
3.35009112939766E-05
1.90643392335987E-05
1.48454433063494E-05
6.77416458655378E-06
1.7988610108155E-06
8.61676331648242E-07
7.78079436131174E-07
7.78079436131174E-07
3.05947626205727E-07
1.81315187169906E-07
6.70313995698724E-08
6.47291708844033E-08
1.50141636900969E-08
6.67427810241428E-09
3.0728208866293E-10
3.0728208866293E-10
3.0728208866293E-10
2.21980100967301E-10
9.49750000867056E-11
8.0383782963267E-11
4.68537708631089E-11
3.69799191268783E-11
3.27020355239682E-11
6.49288955933969E-12
5.24191801076768E-12
5.24191801076768E-12
9.0072393987839E-13
7.11014580545566E-13
2.96956903511614E-13
1.53765888910584E-13
6.8361982741294E-14
2.09832151654155E-14
2.60902410786912E-15
2.60902410786912E-15
1.49880108324396E-15
1.02695629777827E-15
1.02695629777827E-15
3.60822483003176E-16
5.55111512312578E-17
0
0
0
0
0
0
0
0
0
0
0
0
0
0
0
0
0
0
0
0
0
0
0
0
0
0
0
0
0
0
0
0
0
0
0
0
0
0
0
0
0
0
0
0
0
0
0
0
0
0
0
0
0
0
0
0
0
0
0
0
0
0
0
0
0
0
0
0
0
0
0
0
0
0
0
0
0
0
0
0
0
0
0
0
0
0
0
0
0
0
0
0
0
0
0
0
0
0
0
0
0
0
0
0
0
0
0
0
0
0
0
0
0
0
0
0
0
0
0
0
0
0
0
0
0
0
0
0
0
0
0
0
0
0
0
0
0
0
0
0
0
0
0
0
0
0
0
0
0
0
0
0
0
0
0
0
0
0
0
0
0
0
0
0
0
0
0
0
0
0
0
0
0
0
0
0
0
0
0
0
0
0
0
0
0
0
0
0
0
0
0
0
0
0
0
0
0
0
0
0
0
0
0
0
0
0
0
0
0
0
0
0
0
0
0
0
0
0
0
0
0
0
0
0
0
0
0
0
0
0
0
0
0
0
0
0
0
0
0
0
0
0
0
0
0
0
0
0
0
0
0
0
0
0
0
0
0
0
0
0
0
0
0
0
0
0
0
0
0
0
0
0
0
0
0
0
0
0
0
0
0
0
0
0
0
0
0
0
0
0
0
0
0
0
0
0
0
0
0
0
0
0
0
0
0
0
0
0
0
0
0
0
0
0
0
0
0
0
0
0
0
0
0
0
0
0
0
0
0
0
0
0
0
0
0
0
0
0
0
0
0
0
0
0
0
0
0
0
0
0
0
0
0
0
0
0
0
0
0
0
0
0
0
0
0
0
0
0
0
0
0
0
0
0
0
0
0
0
0
0
0
0
0
0
0
0
0
0
0
0
0
0
0
0
0
0
0
0
0
0
0
0
0
0
0
0
0
0
0
0
0
0
0
0
0
0
0
0
0
0
0
0
0
0
0
0
0
0
0
0
0
0
0
0
0
0
0
0
0
0
0
0
0
0

