0.234237843259468
0.234237843259468
0.234237843259468
0.234237843259468
0.198125772428029
0.198125772428029
0.198125772428029
0.198125772428029
0.198125772428029
0.1406910427528
0.1406910427528
0.0380568788097079
0.0380568788097079
0.0165306843948805
0.0165306843948805
0.0116319832533215
0.0116319832533215
0.0106276651236456
0.0103321677172623
0.00999207188948485
0.00999207188948485
0.00984320200712594
0.00984320200712594
0.00916218459970128
0.00794367975867505
0.00794367975867505
0.0020002483841967
0.0020002483841967
0.0020002483841967
0.0020002483841967
0.0020002483841967
0.0020002483841967
0.00171770273968745
0.00171770273968745
0.00171770273968745
0.00171770273968745
0.00171060213210633
0.00104643055686279
0.00104643055686279
0.00104643055686279
0.00104643055686279
0.00104643055686279
0.00104643055686279
0.00104643055686279
0.00104643055686279
0.00104643055686279
0.00104643055686279
0.00104624159725042
0.00104624159725042
0.00104624159725042
0.00104624159725042
0.00104624159725042
0.00104624159725042
0.00104624159725042
0.00104624159725042
0.00104624159725042
0.00104624159725042
0.00104624159725042
0.00104624159725042
0.00104624159725042
0.00104624159725042
0.00104624159725042
0.00104624159725042
0.00104624159725042
0.00104624159725042
0.00104624159725042
0.00104624159725042
0.00104624159725042
0.00104624159725042
0.00104624159725042
0.00104624159725042
0.00104624159725042
0.00104624159725042
0.00104624159725042
0.00104624159725042
0.00104624159725042
0.00104624159725042
0.00104624159725042
0.00104624159725042
0.00104624159725042
0.00104624159725042
0.00104624159725042
0.00104624159725042
0.00104624159725042
0.00104624159725042
0.00104624159725042
0.00104624159725042
0.00104624159725042
0.00104624159725042
0.00104624159725042
0.00104624159725042
0.00104624159725042
0.00104624159725042
0.00104624159725042
0.00104624159725042
0.00104624159725042
0.00104624159725042
0.00104624159725042
0.00104624159725042
0.000818087136234574
0.000818087136234574
0.000818087136234574
0.000818087136234574
0.000818087136234574
0.000818087136234574
0.000818087136234574
0.000818087136234574
0.000818087136234574
0.000818087136234574
0.000818087136234574
0.000818087136234574
0.000818087136234574
0.000818087136234574
0.000818087136234574
0.000818087136234574
0.000818087136234574
0.000818087136234574
0.000818087136234574
0.000818087136234574
0.000818087136234574
0.000818087136234574
0.000818087136234574
0.000818087136234574
0.000818087136234574
0.000818087136234574
0.000818087136234574
0.000818087136234574
0.000818087136234574
0.000818087136234574
0.000818087136234574
0.000818087136234574
0.000818087136234574
0.000818087136234574
0.000818087136234574
0.000818087136234574
0.000818087136234574
0.000818087136234574
0.000818087136234574
0.000818087136234574
0.000818087136234574
0.000818087136234574
0.000818087136234574
0.000818087136234574
0.000818087136234574
0.000818087136234574
0.000818087136234574
0.000818087136234574
0.000818087136234574
0.000818087136234574
0.000818087136234574
0.000818087136234574
0.000818087136234574
0.000818087136234574
0.000818087136234574
0.000818087136234574
0.000818087136234574
0.000818087136234574
0.000818087136234574
0.000818087136234574
0.000818087136234574
0.000818087136234574
0.000818087136234574
0.000818087136234574
0.000818087136234574
0.000818087136234574
0.000818087136234574
0.000818087136234574
0.000818087136234574
0.000818087136234574
0.000818087136234574
0.000818087136234574
0.000818087136234574
0.000818087136234574
0.000818087136234574
0.000818087136234574
0.000818087136234574
0.000818087136234574
0.000818087136234574
0.000818087136234574
0.000818087136234574
0.000818087136234574
0.000818087136234574
0.000818087136234574
0.000818087136234574
0.000818087136234574
0.000818087136234574
0.000818087136234574
0.000818087136234574
0.000818087136234574
0.000818087136234574
0.000818087136234574
0.000818087136234574
0.000818087136234574
0.000818087136234574
0.000818087136234574
0.000818087136234574
0.000818087136234574
0.000818087136234574
0.000818087136234574
0.000818087136234574
0.000818087136234574
0.000818087136234574
0.000818087136234574
0.000818087136234574
0.000818087136234574
0.000818087136234574
0.000818087136234574
0.000818087136234574
0.000818087136234574
0.000818087136234574
0.000818087136234574
0.000818087136234574
0.000818087136234574
0.000818087136234574
0.000818087136234574
0.000818087136234574
0.000818087136234574
0.000818087136234574
0.000818087136234574
0.000818087136234574
0.000818087136234574
0.000818087136234574
0.000818087136234574
0.000818087136234574
0.000818087136234574
0.000818087136234574
0.000818087136234574
0.000818087136234574
0.000818087136234574
0.000818087136234574
0.000818087136234574
0.000818087136234574
0.000818087136234574
0.000818087136234574
0.000818087136234574
0.000818087136234574
0.000818087136234574
0.000818087136234574
0.000818087136234574
0.000818087136234574
0.000818087136234574
0.000818087136234574
0.000818087136234574
0.000818087136234574
0.000818087136234574
0.000818087136234574
0.000818087136234574
0.000818087136234574
0.000818087136234574
0.000818087136234574
0.000818087136234574
0.000818087136234574
0.000818087136234574
0.000818087136234574
0.000818087136234574
0.000818087136234574
0.000818087136234574
0.000818087136234574
0.000818087136234574
0.000818087136234574
0.000818087136234574
0.000818087136234574
0.000818087136234574
0.000818087136234574
0.000818087136234574
0.000818087136234574
0.000818087136234574
0.000818087136234574
0.000818087136234574
0.000818087136234574
0.000818087136234574
0.000818087136234574
0.000818087136234574
0.000818087136234574
0.000818087136234574
0.000818087136234574
0.000818087136234574
0.000818087136234574
0.000818087136234574
0.000818087136234574
0.000818087136234574
0.000818087136234574
0.000818087136234574
0.000818087136234574
0.000818087136234574
0.000818087136234574
0.000818087136234574
0.000818087136234574
0.000818087136234574
0.000818087136234574
0.000818087136234574
0.000818087136234574
0.000818087136234574
0.000818087136234574
0.000818087136234574
0.000818087136234574
0.000818087136234574
0.000818087136234574
0.000818087136234574
0.000818087136234574
0.000818087136234574
0.000818087136234574
0.000818087136234574
0.000818087136234574
0.000818087136234574
0.000818087136234574
0.000818087136234574
0.000818087136234574
0.000818087136234574
0.000818087136234574
0.000818087136234574
0.000818087136234574
0.000818087136234574
0.000818087136234574
0.000818087136234574
0.000818087136234574
0.000818087136234574
0.000818087136234574
0.000818087136234574
0.000818087136234574
0.000818087136234574
0.000818087136234574
0.000818087136234574
0.000818087136234574
0.000818087136234574
0.000818087136234574
0.000818087136234574
0.000818087136234574
0.000818087136234574
0.000818087136234574
0.000818087136234574
0.000818087136234574
0.000818087136234574
0.000818087136234574
0.000818087136234574
0.000818087136234574
0.000818087136234574
0.000818087136234574
0.000818087136234574
0.000818087136234574
0.000818087136234574
0.000818087136234574
0.000818087136234574
0.000818087136234574
0.000818087136234574
0.000818087136234574
0.000818087136234574
0.000818087136234574
0.000818087136234574
0.000818087136234574
0.000818087136234574
0.000818087136234574
0.000818087136234574
0.000818087136234574
0.000818087136234574
0.000818087136234574
0.000818087136234574
0.000818087136234574
0.000818087136234574
0.000818087136234574
0.000818087136234574
0.000818087136234574
0.000818087136234574
0.000818087136234574
0.000818087136234574
0.000818087136234574
0.000818087136234574
0.000818087136234574
0.000818087136234574
0.000818087136234574
0.000818087136234574
0.000818087136234574
0.000818087136234574
0.000818087136234574
0.000818087136234574
0.000818087136234574
0.000818087136234574
0.000818087136234574
0.000818087136234574
0.000818087136234574
0.000818087136234574
0.000818087136234574
0.000818087136234574
0.000818087136234574
0.000818087136234574
0.000818087136234574
0.000818087136234574
0.000818087136234574
0.000818087136234574
0.000818087136234574
0.000818087136234574
0.000818087136234574
0.000818087136234574
0.000818087136234574
0.000818087136234574
0.000818087136234574
0.000818087136234574
0.000818087136234574
0.000818087136234574
0.000818087136234574
0.000818087136234574
0.000818087136234574
0.000818087136234574
0.000818087136234574
0.000818087136234574
0.000818087136234574
0.000818087136234574
0.000818087136234574
0.000818087136234574
0.000818087136234574
0.000818087136234574
0.000818087136234574
0.000818087136234574
0.000818087136234574
0.000818087136234574
0.000818087136234574
0.000818087136234574
0.000818087136234574
0.000818087136234574
0.000818087136234574
0.000818087136234574
0.000818087136234574
0.000818087136234574
0.000818087136234574
0.000818087136234574
0.000818087136234574
0.000818087136234574
0.000818087136234574
0.000818087136234574
0.000818087136234574
0.000818087136234574
0.000818087136234574
0.000818087136234574
0.000818087136234574
0.000818087136234574
0.000818087136234574
0.000818087136234574
0.000818087136234574
0.000818087136234574
0.000818087136234574
0.000818087136234574
0.000818087136234574
0.000818087136234574
0.000818087136234574
0.000818087136234574
0.000818087136234574
0.000818087136234574
0.000818087136234574
0.000818087136234574
0.000818087136234574
0.000818087136234574
0.000818087136234574
0.000818087136234574
0.000818087136234574
0.000818087136234574
0.000818087136234574
0.000818087136234574
0.000818087136234574
0.000818087136234574
0.000818087136234574
0.000818087136234574
0.000818087136234574
0.000818087136234574
0.000818087136234574
0.000818087136234574
0.000818087136234574
0.000818087136234574
0.000818087136234574
0.000818087136234574
0.000818087136234574
0.000818087136234574
0.000818087136234574
0.000818087136234574
0.000818087136234574
0.000818087136234574
0.000818087136234574
0.000818087136234574
0.000818087136234574
0.000818087136234574
0.000818087136234574
0.000818087136234574
0.000818087136234574
0.000818087136234574
0.000818087136234574
0.000818087136234574
0.000818087136234574
0.000818087136234574
0.000818087136234574
0.000818087136234574
0.000818087136234574
0.000818087136234574
0.000818087136234574
0.000818087136234574
0.000818087136234574
0.000818087136234574
0.000818087136234574
0.000818087136234574
0.000818087136234574
0.000818087136234574
0.000818087136234574

