0.325394344633349
0.109117094635079
0.109117094635079
0.0964184328083501
0.0964184328083501
0.0964184328083501
0.0964184328083501
0.0964184328083501
0.0964184328083501
0.0964184328083501
0.0964184328083501
0.0964184328083501
0.0212611729824739
0.0212611729824739
0.0212611729824739
0.0212611729824739
0.0212611729824739
0.0212611729824739
0.0212611729824739
0.0212611729824739
0.0212611729824739
0.0212611729824739
0.0212611729824739
0.0212611729824739
0.0212611729824739
0.0212611729824739
0.0212611729824739
0.0212611729824739
0.0175057791722385
0.0175057791722385
0.0175057791722385
0.0175057791722385
0.0175057791722385
0.0166402232685848
0.0166402232685848
0.0166402232685848
0.0166402232685848
0.0157438748490069
0.0157438748490069
0.0157438748490069
0.0147194144118526
0.0147194144118526
0.0147194144118526
0.0147194144118526
0.0147194144118526
0.0147194144118526
0.0147194144118526
0.0141430228842501
0.0137060685654002
0.0137060685654002
0.0137060685654002
0.0137060685654002
0.0137060685654002
0.0137060685654002
0.0137060685654002
0.0137060685654002
0.0137060685654002
0.0137060685654002
0.0137060685654002
0.0137060685654002
0.0137060685654002
0.0137060685654002
0.0137060685654002
0.0137060685654002
0.0137060685654002
0.0137060685654002
0.0137060685654002
0.0137060685654002
0.0137060685654002
0.0137060685654002
0.0137060685654002
0.0137060685654002
0.0137060685654002
0.0137060685654002
0.0137060685654002
0.0137060685654002
0.0137060685654002
0.0137060685654002
0.0137060685654002
0.0137060685654002
0.0137060685654002
0.0137060685654002
0.0137060685654002
0.0137060685654002
0.0137060685654002
0.0137060685654002
0.0137060685654002
0.0137060685654002
0.0137060685654002
0.0137060685654002
0.0137060685654002
0.0137060685654002
0.0137060685654002
0.0137060685654002
0.0137060685654002
0.0137060685654002
0.0137060685654002
0.0137060685654002
0.0137060685654002
0.0137060685654002
0.0137060685654002
0.0137060685654002
0.0137060685654002
0.0137060685654002
0.0137060685654002
0.0137060685654002
0.0137060685654002
0.0137060685654002
0.0137060685654002
0.0137060685654002
0.0137060685654002
0.0137060685654002
0.0137060685654002
0.0137060685654002
0.0137060685654002
0.0137060685654002
0.0137060685654002
0.0137060685654002
0.0137060685654002
0.0137060685654002
0.0137060685654002
0.0137060685654002
0.0137060685654002
0.0137060685654002
0.0137060685654002
0.0137060685654002
0.0137060685654002
0.0137060685654002
0.0137060685654002
0.0137060685654002
0.0137060685654002
0.0137060685654002
0.0137060685654002
0.0137060685654002
0.0137060685654002
0.0137060685654002
0.0137060685654002
0.0137060685654002
0.0137060685654002
0.0137060685654002
0.0137060685654002
0.0137060685654002
0.0137060685654002
0.0137060685654002
0.0137060685654002
0.0137060685654002
0.0137060685654002
0.0137060685654002
0.0137060685654002
0.0137060685654002
0.0137060685654002
0.0137060685654002
0.0137060685654002
0.0137060685654002
0.0137060685654002
0.0137060685654002
0.0137060685654002
0.0137060685654002
0.0137060685654002
0.0137060685654002
0.0137060685654002
0.0137060685654002
0.0137060685654002
0.0137060685654002
0.0137060685654002
0.0137060685654002
0.0137060685654002
0.0137060685654002
0.0137060685654002
0.0137060685654002
0.0137060685654002
0.0137060685654002
0.0137060685654002
0.0137060685654002
0.0137060685654002
0.0137060685654002
0.0137060685654002
0.0137060685654002
0.0137060685654002
0.0137060685654002
0.0137060685654002
0.0137060685654002
0.0137060685654002
0.0137060685654002
0.0137060685654002
0.0137060685654002
0.0137060685654002
0.0137060685654002
0.0137060685654002
0.0137060685654002
0.0137060685654002
0.0137060685654002
0.0137060685654002
0.0137060685654002
0.0137060685654002
0.0137060685654002
0.0137060685654002
0.0137060685654002
0.0137060685654002
0.0137060685654002
0.0137060685654002
0.0137060685654002
0.0137060685654002
0.0137060685654002
0.0137060685654002
0.0137060685654002
0.0137060685654002
0.0137060685654002
0.0137060685654002
0.0137060685654002
0.0137060685654002
0.0137060685654002
0.0137060685654002
0.0137060685654002
0.0137060685654002
0.0137060685654002
0.0137060685654002
0.0137060685654002
0.0137060685654002
0.0137060685654002
0.0137060685654002
0.0137060685654002
0.0137060685654002
0.0137060685654002
0.0137060685654002
0.0137060685654002
0.0137060685654002
0.0137060685654002
0.0137060685654002
0.0137060685654002
0.0137060685654002
0.0137060685654002
0.0137060685654002
0.0137060685654002
0.0137060685654002
0.0137060685654002
0.0137060685654002
0.0137060685654002
0.0137060685654002
0.0137060685654002
0.0137060685654002
0.0137060685654002
0.0137060685654002
0.0137060685654002
0.0137060685654002
0.0137060685654002
0.0137060685654002
0.0137060685654002
0.0137060685654002
0.0137060685654002
0.0137060685654002
0.0137060685654002
0.0137060685654002
0.0137060685654002
0.0137060685654002
0.0137060685654002
0.0137060685654002
0.0137060685654002
0.0137060685654002
0.0137060685654002
0.0137060685654002
0.0137060685654002
0.0137060685654002
0.0137060685654002
0.0137060685654002
0.0137060685654002
0.0137060685654002
0.0137060685654002
0.0137060685654002
0.0137060685654002
0.0137060685654002
0.0137060685654002
0.0137060685654002
0.0137060685654002
0.0137060685654002
0.0137060685654002
0.0137060685654002
0.0137060685654002
0.0137060685654002
0.0137060685654002
0.0137060685654002
0.0137060685654002
0.0137060685654002
0.0137060685654002
0.0137060685654002
0.0137060685654002
0.0137060685654002
0.0137060685654002
0.0137060685654002
0.0137060685654002
0.0137060685654002
0.0137060685654002
0.0137060685654002
0.0137060685654002
0.0137060685654002
0.0137060685654002
0.0137060685654002
0.0137060685654002
0.0137060685654002
0.0137060685654002
0.0137060685654002
0.0137060685654002
0.0137060685654002
0.0137060685654002
0.0137060685654002
0.0137060685654002
0.0137060685654002
0.0137060685654002
0.0137060685654002
0.0137060685654002
0.0137060685654002
0.0137060685654002
0.0137060685654002
0.0137060685654002
0.0137060685654002
0.0137060685654002
0.0137060685654002
0.0137060685654002
0.0137060685654002
0.0137060685654002
0.0137060685654002
0.0137060685654002
0.0137060685654002
0.0137060685654002
0.0137060685654002
0.0137060685654002
0.0137060685654002
0.0137060685654002
0.0137060685654002
0.0137060685654002
0.0137060685654002
0.0137060685654002
0.0137060685654002
0.0137060685654002
0.0137060685654002
0.0137060685654002
0.0137060685654002
0.0137060685654002
0.0137060685654002
0.0137060685654002
0.0137060685654002
0.0137060685654002
0.0137060685654002
0.0137060685654002
0.0137060685654002
0.0137060685654002
0.0137060685654002
0.0137060685654002
0.0137060685654002
0.0137060685654002
0.0137060685654002
0.0137060685654002
0.0137060685654002
0.0137060685654002
0.0137060685654002
0.0137060685654002
0.0137060685654002
0.0137060685654002
0.0137060685654002
0.0137060685654002
0.0137060685654002
0.0137060685654002
0.0137060685654002
0.0137060685654002
0.0137060685654002
0.0137060685654002
0.0137060685654002
0.0137060685654002
0.0137060685654002
0.0137060685654002
0.0137060685654002
0.0137060685654002
0.0137060685654002
0.0137060685654002
0.0137060685654002
0.0137060685654002
0.0137060685654002
0.0137060685654002
0.0137060685654002
0.0137060685654002
0.0137060685654002
0.0137060685654002
0.0137060685654002
0.0137060685654002
0.0137060685654002
0.0137060685654002
0.0137060685654002
0.0137060685654002
0.0137060685654002
0.0137060685654002
0.0137060685654002
0.0137060685654002
0.0137060685654002
0.0137060685654002
0.0137060685654002
0.0137060685654002
0.0137060685654002
0.0137060685654002
0.0137060685654002
0.0137060685654002
0.0137060685654002
0.0137060685654002
0.0137060685654002
0.0137060685654002
0.0137060685654002
0.0137060685654002
0.0137060685654002
0.0137060685654002
0.0137060685654002
0.0137060685654002
0.0137060685654002
0.0137060685654002
0.0137060685654002
0.0137060685654002
0.0137060685654002
0.0137060685654002
0.0137060685654002
0.0137060685654002
0.0137060685654002
0.0137060685654002
0.0137060685654002
0.0137060685654002
0.0137060685654002
0.0137060685654002
0.0137060685654002
0.0137060685654002
0.0137060685654002
0.0137060685654002
0.0137060685654002
0.0137060685654002
0.0137060685654002
0.0137060685654002
0.0137060685654002
0.0137060685654002
0.0137060685654002
0.0137060685654002
0.0137060685654002
0.0137060685654002
0.0137060685654002
0.0137060685654002
0.0137060685654002
0.0137060685654002
0.0137060685654002
0.0137060685654002
0.0137060685654002
0.0137060685654002
0.0137060685654002
0.0137060685654002
0.0137060685654002
0.0137060685654002
0.0137060685654002
0.0137060685654002
0.0137060685654002
0.0137060685654002
0.0137060685654002
0.0137060685654002
0.0137060685654002
0.0137060685654002
0.0137060685654002
0.0137060685654002
0.0137060685654002
0.0137060685654002
0.0137060685654002
0.0137060685654002
0.0137060685654002
0.0137060685654002
0.0137060685654002
0.0137060685654002
0.0137060685654002
0.0137060685654002
0.0137060685654002
0.0137060685654002
0.0137060685654002
0.0137060685654002
0.0137060685654002
0.0137060685654002
0.0137060685654002
0.0137060685654002
0.0137060685654002
0.0137060685654002
0.0137060685654002
0.0137060685654002
0.0137060685654002
0.0137060685654002
0.0137060685654002
0.0137060685654002
0.0137060685654002
0.0137060685654002
0.0137060685654002
0.0137060685654002
0.0137060685654002
0.0137060685654002
0.0137060685654002
0.0137060685654002
0.0137060685654002
0.0137060685654002
0.0137060685654002
0.0137060685654002
0.0137060685654002
0.0137060685654002

