0.0236695121993372
0.0236695121993372
0.0236695121993372
0.0236695121993372
0.0188254516665217
0.0188254516665217
0.0178474262553452
0.00701952861282282
0.000772163706500652
0.000772163706500652
0.000772163706500652
0.000175447705312282
0.000175447705312282
0.000175447705312282
0.000102937612499115
2.98860937804606E-05
2.03232022226215E-05
5.65816444393977E-06
3.88093681571305E-06
1.8591471414248E-06
1.08904725886535E-06
7.25994564681511E-07
3.56515001411276E-07
1.15612263450193E-07
1.15612263450193E-07
3.02407814310734E-08
1.13492069553009E-08
9.63088868551065E-09
1.93993806955894E-09
9.80457297815318E-10
6.39179514871913E-10
1.47850853088327E-10
1.47850853088327E-10
1.47850853088327E-10
1.47850853088327E-10
1.03027418194013E-10
9.41731692627457E-11
9.41731692627457E-11
6.62343461327319E-11
2.72937696749187E-11
4.46247292590352E-12
2.84353443569252E-12
2.84353443569252E-12
1.93654554198064E-12
1.71888284855592E-12
1.71888284855592E-12
1.55845909094454E-12
1.47065085803755E-12
1.39867718101927E-12
1.31507565254152E-12
1.30908912182592E-12
1.27451608294971E-12
1.22341806824133E-12
1.22341806824133E-12
1.22152895437599E-12
1.22152895437599E-12
1.22054796825033E-12
1.22054796825033E-12
1.22052888629209E-12
1.22048465084346E-12
1.22030337224022E-12
1.22030337224022E-12
1.2202868923672E-12
1.22026173887679E-12
1.22025306525941E-12
1.22025219789768E-12
1.22024699372725E-12
1.22024699372725E-12
1.22024699372725E-12
1.22024699372725E-12
1.22024699372725E-12
1.22024699372725E-12
1.22024699372725E-12
1.22024699372725E-12
1.22024699372725E-12
1.22024699372725E-12
1.22024699372725E-12
1.22024699372725E-12
1.22024699372725E-12
1.22024699372725E-12
1.22024699372725E-12
1.22024699372725E-12
1.22024699372725E-12
1.22024699372725E-12
1.22024699372725E-12
1.22024699372725E-12
1.22024699372725E-12
1.22024699372725E-12
1.22024699372725E-12
1.22024699372725E-12
1.22024699372725E-12
1.22024699372725E-12
1.22024699372725E-12
1.22024699372725E-12
1.22024699372725E-12
1.22024699372725E-12
1.22024699372725E-12
1.22024699372725E-12
1.22024699372725E-12
1.22024699372725E-12
1.22024699372725E-12
1.22024699372725E-12
1.22024699372725E-12
1.22024699372725E-12
1.22024699372725E-12
1.22024699372725E-12
1.22024699372725E-12
1.22024699372725E-12
1.22024699372725E-12
1.22024699372725E-12
1.22024699372725E-12
1.22024699372725E-12
1.22024699372725E-12
1.22024699372725E-12
1.22024699372725E-12
1.22024699372725E-12
1.22024699372725E-12
1.22024699372725E-12
1.22024699372725E-12
1.22024699372725E-12
1.22024699372725E-12
1.22024699372725E-12
1.22024699372725E-12
1.22024699372725E-12
1.22024699372725E-12
1.22024699372725E-12
1.22024699372725E-12
1.22024699372725E-12
1.22024699372725E-12
1.22024699372725E-12
1.22024699372725E-12
1.22024699372725E-12
1.22024699372725E-12
1.22024699372725E-12
1.22024699372725E-12
1.22024699372725E-12
1.22024699372725E-12
1.22024699372725E-12
1.22024699372725E-12
1.22024699372725E-12
1.22024699372725E-12
1.22024699372725E-12
1.22024699372725E-12
1.22024699372725E-12
1.22024699372725E-12
1.22024699372725E-12
1.22024699372725E-12
1.22024699372725E-12
1.22024699372725E-12
1.22024699372725E-12
1.22024699372725E-12
1.22024699372725E-12
1.22024699372725E-12
1.22024699372725E-12
1.22024699372725E-12
1.22024699372725E-12
1.22024699372725E-12
1.22024699372725E-12
1.22024699372725E-12
1.22024699372725E-12
1.22024699372725E-12
1.22024699372725E-12
1.22024699372725E-12
1.22024699372725E-12
1.22024699372725E-12
1.22024699372725E-12
1.22024699372725E-12
1.22024699372725E-12
1.22024699372725E-12
1.22024699372725E-12
1.22024699372725E-12
1.22024699372725E-12
1.22024699372725E-12
1.22024699372725E-12
1.22024699372725E-12
1.22024699372725E-12
1.22024699372725E-12
1.22024699372725E-12
1.22024699372725E-12
1.22024699372725E-12
1.22024699372725E-12
1.22024699372725E-12
1.22024699372725E-12
1.22024699372725E-12
1.22024699372725E-12
1.22024699372725E-12
1.22024699372725E-12
1.22024699372725E-12
1.22024699372725E-12
1.22024699372725E-12
1.22024699372725E-12
1.22024699372725E-12
1.22024699372725E-12
1.22024699372725E-12
1.22024699372725E-12
1.22024699372725E-12
1.22024699372725E-12
1.22024699372725E-12
1.22024699372725E-12
1.22024699372725E-12
1.22024699372725E-12
1.22024699372725E-12
1.22024699372725E-12
1.22024699372725E-12
1.22024699372725E-12
1.22024699372725E-12
1.22024699372725E-12
1.22024699372725E-12
1.22024699372725E-12
1.22024699372725E-12
1.22024699372725E-12
1.22024699372725E-12
1.22024699372725E-12
1.22024699372725E-12
1.22024699372725E-12
1.22024699372725E-12
1.22024699372725E-12
1.22024699372725E-12
1.22024699372725E-12
1.22024699372725E-12
1.22024699372725E-12
1.22024699372725E-12
1.22024699372725E-12
1.22024699372725E-12
1.22024699372725E-12
1.22024699372725E-12
1.22024699372725E-12
1.22024699372725E-12
1.22024699372725E-12
1.22024699372725E-12
1.22024699372725E-12
1.22024699372725E-12
1.22024699372725E-12
1.22024699372725E-12
1.22024699372725E-12
1.22024699372725E-12
1.22024699372725E-12
1.22024699372725E-12
1.22024699372725E-12
1.22024699372725E-12
1.22024699372725E-12
1.22024699372725E-12
1.22024699372725E-12
1.22024699372725E-12
1.22024699372725E-12
1.22024699372725E-12
1.22024699372725E-12
1.22024699372725E-12
1.22024699372725E-12
1.22024699372725E-12
1.22024699372725E-12
1.22024699372725E-12
1.22024699372725E-12
1.22024699372725E-12
1.22024699372725E-12
1.22024699372725E-12
1.22024699372725E-12
1.22024699372725E-12
1.22024699372725E-12
1.22024699372725E-12
1.22024699372725E-12
1.22024699372725E-12
1.22024699372725E-12
1.22024699372725E-12
1.22024699372725E-12
1.22024699372725E-12
1.22024699372725E-12
1.22024699372725E-12
1.22024699372725E-12
1.22024699372725E-12
1.22024699372725E-12
1.22024699372725E-12
1.22024699372725E-12
1.22024699372725E-12
1.22024699372725E-12
1.22024699372725E-12
1.22024699372725E-12
1.22024699372725E-12
1.22024699372725E-12
1.22024699372725E-12
1.22024699372725E-12
1.22024699372725E-12
1.22024699372725E-12
1.22024699372725E-12
1.22024699372725E-12
1.22024699372725E-12
1.22024699372725E-12
1.22024699372725E-12
1.22024699372725E-12
1.22024699372725E-12
1.22024699372725E-12
1.22024699372725E-12
1.22024699372725E-12
1.22024699372725E-12
1.22024699372725E-12
1.22024699372725E-12
1.22024699372725E-12
1.22024699372725E-12
1.22024699372725E-12
1.22024699372725E-12
1.22024699372725E-12
1.22024699372725E-12
1.22024699372725E-12
1.22024699372725E-12
1.22024699372725E-12
1.22024699372725E-12
1.22024699372725E-12
1.22024699372725E-12
1.22024699372725E-12
1.22024699372725E-12
1.22024699372725E-12
1.22024699372725E-12
1.22024699372725E-12
1.22024699372725E-12
1.22024699372725E-12
1.22024699372725E-12
1.22024699372725E-12
1.22024699372725E-12
1.22024699372725E-12
1.22024699372725E-12
1.22024699372725E-12
1.22024699372725E-12
1.22024699372725E-12
1.22024699372725E-12
1.22024699372725E-12
1.22024699372725E-12
1.22024699372725E-12
1.22024699372725E-12
1.22024699372725E-12
1.22024699372725E-12
1.22024699372725E-12
1.22024699372725E-12
1.22024699372725E-12
1.22024699372725E-12
1.22024699372725E-12
1.22024699372725E-12
1.22024699372725E-12
1.22024699372725E-12
1.22024699372725E-12
1.22024699372725E-12
1.22024699372725E-12
1.22024699372725E-12
1.22024699372725E-12
1.22024699372725E-12
1.22024699372725E-12
1.22024699372725E-12
1.22024699372725E-12
1.22024699372725E-12
1.22024699372725E-12
1.22024699372725E-12
1.22024699372725E-12
1.22024699372725E-12
1.22024699372725E-12
1.22024699372725E-12
1.22024699372725E-12
1.22024699372725E-12
1.22024699372725E-12
1.22024699372725E-12
1.22024699372725E-12
1.22024699372725E-12
1.22024699372725E-12
1.22024699372725E-12
1.22024699372725E-12
1.22024699372725E-12
1.22024699372725E-12
1.22024699372725E-12
1.22024699372725E-12
1.22024699372725E-12
1.22024699372725E-12
1.22024699372725E-12
1.22024699372725E-12
1.22024699372725E-12
1.22024699372725E-12
1.22024699372725E-12
1.22024699372725E-12
1.22024699372725E-12
1.22024699372725E-12
1.22024699372725E-12
1.22024699372725E-12
1.22024699372725E-12
1.22024699372725E-12
1.22024699372725E-12
1.22024699372725E-12
1.22024699372725E-12
1.22024699372725E-12
1.22024699372725E-12
1.22024699372725E-12
1.22024699372725E-12
1.22024699372725E-12
1.22024699372725E-12
1.22024699372725E-12
1.22024699372725E-12
1.22024699372725E-12
1.22024699372725E-12
1.22024699372725E-12
1.22024699372725E-12
1.22024699372725E-12
1.22024699372725E-12
1.22024699372725E-12
1.22024699372725E-12
1.22024699372725E-12
1.22024699372725E-12
1.22024699372725E-12
1.22024699372725E-12
1.22024699372725E-12
1.22024699372725E-12
1.22024699372725E-12
1.22024699372725E-12
1.22024699372725E-12
1.22024699372725E-12
1.22024699372725E-12
1.22024699372725E-12
1.22024699372725E-12
1.22024699372725E-12
1.22024699372725E-12
1.22024699372725E-12
1.22024699372725E-12
1.22024699372725E-12
1.22024699372725E-12
1.22024699372725E-12
1.22024699372725E-12
1.22024699372725E-12
1.22024699372725E-12
1.22024699372725E-12
1.22024699372725E-12
1.22024699372725E-12
1.22024699372725E-12
1.22024699372725E-12
1.22024699372725E-12
1.22024699372725E-12
1.22024699372725E-12
1.22024699372725E-12
1.22024699372725E-12
1.22024699372725E-12
1.22024699372725E-12
1.22024699372725E-12
1.22024699372725E-12
1.22024699372725E-12
1.22024699372725E-12
1.22024699372725E-12
1.22024699372725E-12
1.22024699372725E-12
1.22024699372725E-12
1.22024699372725E-12
1.22024699372725E-12
1.22024699372725E-12
1.22024699372725E-12
1.22024699372725E-12
1.22024699372725E-12
1.22024699372725E-12
0
0
0
0
0
0
0
0
0
0
0
0
0
0
0
0
0
0
0
0
0
0
0
0
0
0
0
0
0
0
0
0
0
0
0
0
0
0
0
0
0
0
0
0
0
0
0
0
0
0

