0.285566188009065
0.285566188009065
0.285566188009065
0.285566188009065
0.251740725951943
0.251740725951943
0.246617671687222
0.214845605660034
0.214845605660034
0.214845605660034
0.214845605660034
0.214845605660034
0.214845605660034
0.192639697810977
0.192639697810977
0.192639697810977
0.178890631516024
0.0777437384497457
0.0777437384497457
0.0584272242683422
0.0454095844629605
0.0454095844629605
0.0201712162125293
0.0201712162125293
0.0201712162125293
0.0081033223728659
0.0081033223728659
0.0081033223728659
0.0081033223728659
0.0081033223728659
0.00768930788192657
0.00768930788192657
0.00764358522024047
0.00764358522024047
0.00764358522024047
0.00764358522024047
0.00764358522024047
0.00764358522024047
0.00764358522024047
0.00764358522024047
0.00764358522024047
0.00764358522024047
0.00764358522024047
0.00764358522024047
0.00764358522024047
0.00764358522024047
0.00764358522024047
0.00764358522024047
0.00764358522024047
0.00764358522024047
0.00764358522024047
0.00764358522024047
0.00764358522024047
0.00764358522024047
0.00764358522024047
0.00764358522024047
0.00764358522024047
0.00764358522024047
0.00764358522024047
0.00764358522024047
0.00764358522024047
0.00764358522024047
0.00764358522024047
0.00764178468077117
0.00764178468077117
0.00764178468077117
0.00764178468077117
0.00764178468077117
0.00764178468077117
0.00764178468077117
0.00764178468077117
0.00764178468077117
0.00764178468077117
0.00764178468077117
0.00764178468077117
0.00764178468077117
0.00764178468077117
0.00764178468077117
0.00764178468077117
0.00764178468077117
0.00764178468077117
0.00764178468077117
0.00764178468077117
0.00764178468077117
0.00764178468077117
0.00764178468077117
0.00764178468077117
0.00764178468077117
0.00764178468077117
0.00764178468077117
0.00764178468077117
0.00764178468077117
0.00764178468077117
0.00764178468077117
0.00764178468077117
0.00764178468077117
0.00764178468077117
0.00764178468077117
0.00764178468077117
0.00764178468077117
0.00764178468077117
0.00764178468077117
0.00764178468077117
0.00764178468077117
0.00764178468077117
0.00764178468077117
0.00764178468077117
0.00764178468077117
0.00764178468077117
0.00764178468077117
0.00764178468077117
0.00764178468077117
0.00764178468077117
0.00764178468077117
0.00764178468077117
0.00764178468077117
0.00764178468077117
0.00764178468077117
0.00764178468077117
0.00764178468077117
0.00764178468077117
0.00764178468077117
0.00764178468077117
0.00764178468077117
0.00764178468077117
0.00764178468077117
0.00764178468077117
0.00764178468077117
0.00764178468077117
0.00764178468077117
0.00764178468077117
0.00764178468077117
0.00764178468077117
0.00764178468077117
0.00764178468077117
0.00764178468077117
0.00764178468077117
0.00764178468077117
0.00764178468077117
0.00764178468077117
0.00764178468077117
0.00764178468077117
0.00764178468077117
0.00764178468077117
0.00764178468077117
0.00764178468077117
0.00764178468077117
0.00764178468077117
0.00764178468077117
0.00764178468077117
0.00764178468077117
0.00764178468077117
0.00764178468077117
0.00764178468077117
0.00764178468077117
0.00764178468077117
0.00764178468077117
0.00764178468077117
0.00764178468077117
0.00764178468077117
0.00764178468077117
0.00764178468077117
0.00764178468077117
0.00764178468077117
0.00764178468077117
0.00764178468077117
0.00764178468077117
0.00764178468077117
0.00764178468077117
0.00764178468077117
0.00764178468077117
0.00764178468077117
0.00764178468077117
0.00764178468077117
0.00764178468077117
0.00764178468077117
0.00764178468077117
0.00764178468077117
0.00764178468077117
0.00764178468077117
0.00764178468077117
0.00764178468077117
0.00764178468077117
0.00764178468077117
0.00764178468077117
0.00764178468077117
0.00764178468077117
0.00764178468077117
0.00764178468077117
0.00764178468077117
0.00764178468077117
0.00764178468077117
0.00764178468077117
0.00764178468077117
0.00764178468077117
0.00764178468077117
0.00764178468077117
0.00764178468077117
0.00764178468077117
0.00764178468077117
0.00764178468077117
0.00764178468077117
0.00764178468077117
0.00764178468077117
0.00764178468077117
0.00764178468077117
0.00764178468077117
0.00764178468077117
0.00764178468077117
0.00764178468077117
0.00764178468077117
0.00764178468077117
0.00764178468077117
0.00764178468077117
0.00764178468077117
0.00764178468077117
0.00764178468077117
0.00764178468077117
0.00764178468077117
0.00764178468077117
0.00764178468077117
0.00764178468077117
0.00764178468077117
0.00764178468077117
0.00764178468077117
0.00764178468077117
0.00764178468077117
0.00764178468077117
0.00764178468077117
0.00764178468077117
0.00764178468077117
0.00764178468077117
0.00764178468077117
0.00764178468077117
0.00764178468077117
0.00764178468077117
0.00764178468077117
0.00764178468077117
0.00764178468077117
0.00764178468077117
0.00764178468077117
0.00764178468077117
0.00764178468077117
0.00764178468077117
0.00764178468077117
0.00764178468077117
0.00764178468077117
0.00764178468077117
0.00764178468077117
0.00764178468077117
0.00764178468077117
0.00764178468077117
0.00764178468077117
0.00764178468077117
0.00764178468077117
0.00764178468077117
0.00764178468077117
0.00764178468077117
0.00764178468077117
0.00764178468077117
0.00764178468077117
0.00764178468077117
0.00764178468077117
0.00764178468077117
0.00764178468077117
0.00764178468077117
0.00764178468077117
0.00764178468077117
0.00764178468077117
0.00764178468077117
0.00764178468077117
0.00764178468077117
0.00764178468077117
0.00764178468077117
0.00764178468077117
0.00764178468077117
0.00764178468077117
0.00764178468077117
0.00764178468077117
0.00764178468077117
0.00764178468077117
0.00764178468077117
0.00764178468077117
0.00764178468077117
0.00764178468077117
0.00764178468077117
0.00764178468077117
0.00764178468077117
0.00764178468077117
0.00764178468077117
0.00764178468077117
0.00764178468077117
0.00764178468077117
0.00764178468077117
0.00764178468077117
0.00764178468077117
0.00764178468077117
0.00764178468077117
0.00764178468077117
0.00764178468077117
0.00764178468077117
0.00764178468077117
0.00764178468077117
0.00764178468077117
0.00764178468077117
0.00764178468077117
0.00764178468077117
0.00764178468077117
0.00764178468077117
0.00764178468077117
0.00764178468077117
0.00764178468077117
0.00764178468077117
0.00764178468077117
0.00764178468077117
0.00764178468077117
0.00764178468077117
0.00764178468077117
0.00764178468077117
0.00764178468077117
0.00764178468077117
0.00764178468077117
0.00764178468077117
0.00764178468077117
0.00764178468077117
0.00764178468077117
0.00764178468077117
0.00764178468077117
0.00764178468077117
0.00764178468077117
0.00764178468077117
0.00764178468077117
0.00764178468077117
0.00764178468077117
0.00764178468077117
0.00764178468077117
0.00764178468077117
0.00764178468077117
0.00764178468077117
0.00764178468077117
0.00764178468077117
0.00764178468077117
0.00764178468077117
0.00764178468077117
0.00764178468077117
0.00764178468077117
0.00764178468077117
0.00764178468077117
0.00764178468077117
0.00764178468077117
0.00764178468077117
0.00764178468077117
0.00764178468077117
0.00764178468077117
0.00764178468077117
0.00764178468077117
0.00764178468077117
0.00764178468077117
0.00764178468077117
0.00764178468077117
0.00764178468077117
0.00764178468077117
0.00764178468077117
0.00764178468077117
0.00764178468077117
0.00764178468077117
0.00764178468077117
0.00764178468077117
0.00764178468077117
0.00764178468077117
0.00764178468077117
0.00764178468077117
0.00764178468077117
0.00764178468077117
0.00764178468077117
0.00764178468077117
0.00764178468077117
0.00764178468077117
0.00764178468077117
0.00764178468077117
0.00764178468077117
0.00764178468077117
0.00764178468077117
0.00764178468077117
0.00764178468077117
0.00764178468077117
0.00764178468077117
0.00764178468077117
0.00764178468077117
0.00764178468077117
0.00764178468077117
0.00764178468077117
0.00764178468077117
0.00764178468077117
0.00764178468077117
0.00764178468077117
0.00764178468077117
0.00764178468077117
0.00764178468077117
0.00764178468077117
0.00764178468077117
0.00764178468077117
0.00764178468077117
0.00764178468077117
0.00764178468077117
0.00764178468077117
0.00764178468077117
0.00764178468077117
0.00764178468077117
0.00764178468077117
0.00764178468077117
0.00764178468077117
0.00764178468077117
0.00764178468077117
0.00764178468077117
0.00764178468077117
0.00764178468077117
0.00764178468077117
0.00764178468077117
0.00764178468077117
0.00764178468077117
0.00764178468077117
0.00764178468077117
0.00764178468077117
0.00764178468077117
0.00764178468077117
0.00764178468077117
0.00764178468077117
0.00764178468077117
0.00764178468077117
0.00764178468077117
0.00764178468077117
0.00764178468077117
0.00764178468077117
0.00764178468077117
0.00764178468077117
0.00764178468077117
0.00764178468077117
0.00764178468077117
0.00764178468077117
0.00764178468077117
0.00764178468077117
0.00764178468077117
0.00764178468077117
0.00764178468077117
0.00764178468077117
0.00764178468077117
0.00764178468077117
0.00764178468077117
0.00764178468077117
0.00764178468077117
0.00764178468077117
0.00764178468077117
0.00764178468077117
0.00764178468077117
0.00764178468077117
0.00764178468077117
0.00764178468077117
0.00764178468077117
0.00764178468077117
0.00764178468077117
0.00764178468077117
0.00764178468077117
0.00764178468077117
0.00764178468077117
0.00764178468077117
0.00764178468077117
0.00764178468077117
0.00764178468077117
0.00764178468077117
0.00764178468077117
0.00764178468077117
0.00764178468077117
0.00764178468077117
0.00764178468077117
0.00764178468077117
0.00764178468077117
0.00764178468077117
0.00764178468077117
0.00764178468077117
0.00764178468077117
0.00764178468077117
0.00764178468077117
0.00764178468077117
0.00764178468077117
0.00764178468077117
0.00764178468077117
0.00764178468077117
0.00764178468077117
0.00764178468077117
0.00764178468077117
0.00764178468077117
0.00764178468077117
0.00764178468077117
0.00764178468077117
0.00764178468077117
0.00764178468077117
0.00764178468077117
0.00764178468077117
0.00764178468077117

