0.020497291629229
0.020497291629229
0.020497291629229
0.020497291629229
0.020497291629229
0.020497291629229
0.017689094757737
0.017689094757737
0.017689094757737
0.017689094757737
0.017689094757737
0.017689094757737
0.017689094757737
0.017689094757737
0.017689094757737
0.00473092179162351
0.00473092179162351
0.00473092179162351
0.00473092179162351
0.00473092179162351
0.00416164172840269
0.00354773844635869
0.00354773844635869
0.00354773844635869
0.00354773844635869
0.00354773844635869
0.00354773844635869
0.00354773844635869
0.00338479547808696
0.00338479547808696
0.00338479547808696
0.00338479547808696
0.00338479547808696
0.00338479547808696
0.00338479547808696
0.00338479547808696
0.00338479547808696
0.00338479109447839
0.00338479109447839
0.00338479109447839
0.00196227604587072
0.0017332121093028
0.0017332121093028
0.0017332121093028
0.0017332121093028
0.0017332121093028
0.0017332121093028
0.0017332121093028
0.00132244207735559
0.00132244207735559
0.00132244207735559
0.00132244207735559
0.00132244207735559
0.00132244207735559
0.00131907252228406
0.00131907252228406
0.00131907252228406
0.00131907252228406
0.00131907252228406
0.000657025086386568
0.000657025086386568
0.000657025086386568
0.000657025086386568
0.000657025086386568
0.000657025086386568
0.000657025086386568
0.000657025086386568
0.000657025086386568
0.000657025086386568
0.000657025086386568
0.000657025086386568
0.000657025086386568
0.000657025086386568
0.000657025086386568
0.000657025086386568
0.000657025086386568
0.000657025086386568
0.000657025086386568
0.000657025086386568
0.000657025086386568
0.000657025086386568
0.000657025086386568
0.000657025086386568
0.000657025086386568
0.000657025086386568
0.000657025086386568
0.000657025086386568
0.000657025086386568
0.000657025086386568
0.000657025086386568
0.000657025086386568
0.000657025086386568
0.000657025086386568
0.000657025086386568
0.000657025086386568
0.000657025086386568
0.000657025086386568
0.000657025086386568
0.000657025086386568
0.000657025086386568
0.000657025086386568
0.000657025086386568
0.000657025086386568
0.000657025086386568
0.000657025086386568
0.000657025086386568
0.000657025086386568
0.000657025086386568
0.000657025086386568
0.000657025086386568
0.000657025086386568
0.000657025086386568
0.000657025086386568
0.000657025086386568
0.000657025086386568
0.000657025086386568
0.000657025086386568
0.000657025086386568
0.000657025086386568
0.000657025086386568
0.000657025086386568
0.000657025086386568
0.000657025086386568
0.000657025086386568
0.000657025086386568
0.000657025086386568
0.000657025086386568
0.000657025086386568
0.000657025086386568
0.000657025086386568
0.000657025086386568
0.000657025086386568
0.000657025086386568
0.000657025086386568
0.000657025086386568
0.000657025086386568
0.000657025086386568
0.000657025086386568
0.000657025086386568
0.000657025086386568
0.000657025086386568
0.000657025086386568
0.000657025086386568
0.000657025086386568
0.000657025086386568
0.000657025086386568
0.000657025086386568
0.000657025086386568
0.000657025086386568
0.000657025086386568
0.000657025086386568
0.000657025086386568
0.000657025086386568
0.000657025086386568
0.000657025086386568
0.000657025086386568
0.000657025086386568
0.000657025086386568
0.000657025086386568
0.000657025086386568
0.000657025086386568
0.000657025086386568
0.000657025086386568
0.000657025086386568
0.000657025086386568
0.000657025086386568
0.000657025086386568
0.000657025086386568
0.000657025086386568
0.000657025086386568
0.000657025086386568
0.000657025086386568
0.000657025086386568
0.000657025086386568
0.000657025086386568
0.000657025086386568
0.000657025086386568
0.000657025086386568
0.000657025086386568
0.000657025086386568
0.000657025086386568
0.000657025086386568
0.000657025086386568
0.000657025086386568
0.000657025086386568
0.000657025086386568
0.000657025086386568
0.000657025086386568
0.000657025086386568
0.000657025086386568
0.000657025086386568
0.000657025086386568
0.000657025086386568
0.000657025086386568
0.000657025086386568
0.000657025086386568
0.000657025086386568
0.000657025086386568
0.000657025086386568
0.000657025086386568
0.000657025086386568
0.000657025086386568
0.000657025086386568
0.000657025086386568
0.000657025086386568
0.000657025086386568
0.000657025086386568
0.000657025086386568
0.000657025086386568
0.000657025086386568
0.000657025086386568
0.000657025086386568
0.000657025086386568
0.000657025086386568
0.000657025086386568
0.000657025086386568
0.000657025086386568
0.000657025086386568
0.000657025086386568
0.000657025086386568
0.000657025086386568
0.000657025086386568
0.000657025086386568
0.000657025086386568
0.000657025086386568
0.000657025086386568
0.000657025086386568
0.000657025086386568
0.000657025086386568
0.000657025086386568
0.000657025086386568
0.000657025086386568
0.000657025086386568
0.000657025086386568
0.000657025086386568
0.000657025086386568
0.000657025086386568
0.000657025086386568
0.000657025086386568
0.000657025086386568
0.000657025086386568
0.000657025086386568
0.000657025086386568
0.000657025086386568
0.000657025086386568
0.000657025086386568
0.000657025086386568
0.000657025086386568
0.000657025086386568
0.000657025086386568
0.000657025086386568
0.000657025086386568
0.000657025086386568
0.000657025086386568
0.000657025086386568
0.000657025086386568
0.000657025086386568
0.000657025086386568
0.000657025086386568
0.000657025086386568
0.000657025086386568
0.000657025086386568
0.000657025086386568
0.000657025086386568
0.000657025086386568
0.000657025086386568
0.000657025086386568
0.000657025086386568
0.000657025086386568
0.000657025086386568
0.000657025086386568
0.000657025086386568
0.000657025086386568
0.000657025086386568
0.000657025086386568
0.000657025086386568
0.000657025086386568
0.000657025086386568
0.000657025086386568
0.000657025086386568
0.000657025086386568
0.000657025086386568
0.000657025086386568
0.000657025086386568
0.000657025086386568
0.000657025086386568
0.000657025086386568
0.000657025086386568
0.000657025086386568
0.000657025086386568
0.000657025086386568
0.000657025086386568
0.000657025086386568
0.000657025086386568
0.000657025086386568
0.000657025086386568
0.000657025086386568
0.000657025086386568
0.000657025086386568
0.000657025086386568
0.000657025086386568
0.000657025086386568
0.000657025086386568
0.000657025086386568
0.000657025086386568
0.000657025086386568
0.000657025086386568
0.000657025086386568
0.000657025086386568
0.000657025086386568
0.000657025086386568
0.000657025086386568
0.000657025086386568
0.000657025086386568
0.000657025086386568
0.000657025086386568
0.000657025086386568
0.000657025086386568
0.000657025086386568
0.000657025086386568
0.000657025086386568
0.000657025086386568
0.000657025086386568
0.000657025086386568
0.000657025086386568
0.000657025086386568
0.000657025086386568
0.000657025086386568
0.000657025086386568
0.000657025086386568
0.000657025086386568
0.000657025086386568
0.000657025086386568
0.000657025086386568
0.000657025086386568
0.000657025086386568
0.000657025086386568
0.000657025086386568
0.000657025086386568
0.000657025086386568
0.000657025086386568
0.000657025086386568
0.000657025086386568
0.000657025086386568
0.000657025086386568
0.000657025086386568
0.000657025086386568
0.000657025086386568
0.000657025086386568
0.000657025086386568
0.000657025086386568
0.000657025086386568
0.000657025086386568
0.000657025086386568
0.000657025086386568
0.000657025086386568
0.000657025086386568
0.000657025086386568
0.000657025086386568
0.000657025086386568
0.000657025086386568
0.000657025086386568
0.000657025086386568
0.000657025086386568
0.000657025086386568
0.000657025086386568
0.000657025086386568
0.000657025086386568
0.000657025086386568
0.000657025086386568
0.000657025086386568
0.000657025086386568
0.000657025086386568
0.000657025086386568
0.000657025086386568
0.000657025086386568
0.000657025086386568
0.000657025086386568
0.000657025086386568
0.000657025086386568
0.000657025086386568
0.000657025086386568
0.000657025086386568
0.000657025086386568
0.000657025086386568
0.000657025086386568
0.000657025086386568
0.000657025086386568
0.000657025086386568
0.000657025086386568
0.000657025086386568
0.000657025086386568
0.000657025086386568
0.000657025086386568
0.000657025086386568
0.000657025086386568
0.000657025086386568
0.000657025086386568
0.000657025086386568
0.000657025086386568
0.000657025086386568
0.000657025086386568
0.000657025086386568
0.000657025086386568
0.000657025086386568
0.000657025086386568
0.000657025086386568
0.000657025086386568
0.000657025086386568
0.000657025086386568
0.000657025086386568
0.000657025086386568
0.000657025086386568
0.000657025086386568
0.000657025086386568
0.000657025086386568
0.000657025086386568
0.000657025086386568
0.000657025086386568
0.000657025086386568
0.000657025086386568
0.000657025086386568
0.000657025086386568
0.000657025086386568
0.000657025086386568
0.000657025086386568
0.000657025086386568
0.000657025086386568
0.000657025086386568
0.000657025086386568
0.000657025086386568
0.000657025086386568
0.000657025086386568
0.000657025086386568
0.000657025086386568
0.000657025086386568
0.000657025086386568
0.000657025086386568
0.000657025086386568
0.000657025086386568
0.000657025086386568
0.000657025086386568
0.000657025086386568
0.000657025086386568
0.000657025086386568
0.000657025086386568
0.000657025086386568
0.000657025086386568
0.000657025086386568
0.000657025086386568
0.000657025086386568
0.000657025086386568
0.000657025086386568
0.000657025086386568
0.000657025086386568
0.000657025086386568
0.000657025086386568
0.000657025086386568
0.000657025086386568
0.000657025086386568
0.000657025086386568
0.000657025086386568
0.000657025086386568
0.000657025086386568
0.000657025086386568
0.000657025086386568
0.000657025086386568
0.000657025086386568
0.000657025086386568
0.000657025086386568
0.000657025086386568
0.000657025086386568
0.000657025086386568
0.000657025086386568
0.000657025086386568
0.000657025086386568
0.000657025086386568
0.000657025086386568
0.000657025086386568
0.000657025086386568
0.000657025086386568
0.000657025086386568
0.000657025086386568
0.000657025086386568
0.000657025086386568
0.000657025086386568
0.000657025086386568
0.000657025086386568
0.000657025086386568
0.000657025086386568
0.000657025086386568
0.000657025086386568
0.000657025086386568
0.000657025086386568
0.000657025086386568
0.000657025086386568
0.000657025086386568
0.000657025086386568
0.000657025086386568
0.000657025086386568

