0.0781908544378976
0.0781908544378976
0.0251543147242325
0.0251543147242325
0.0251543147242325
0.0177207789754345
0.015805868930174
0.00316721080375177
0.00316721080375177
0.00316721080375177
0.000925983940509084
0.000925983940509084
0.000255476777628808
0.000133274245441856
5.9444500119748E-05
2.02454412756361E-05
1.06313433062794E-05
1.06313433062794E-05
2.95719726628837E-06
6.96362789037033E-07
6.96362789037033E-07
2.05009686121021E-07
2.05009686121021E-07
2.05009686121021E-07
8.14549126459659E-08
5.51307098226028E-08
5.51307098226028E-08
4.54454976624727E-08
4.54454976624727E-08
4.52187367300943E-08
4.52187367300943E-08
4.51562523709904E-08
4.51562523709904E-08
4.51562523709904E-08
4.51527678631286E-08
4.51517572399706E-08
4.51509042439927E-08
4.51488076900103E-08
4.51488076900103E-08
4.51481444785134E-08
4.5123524525085E-08
4.51228894086546E-08
4.51046635620549E-08
4.50977488281734E-08
4.5094529980066E-08
4.50937435400475E-08
4.50910119115662E-08
4.50905493805517E-08
4.50901722059554E-08
4.5090138721347E-08
4.50900957942729E-08
4.50900957942729E-08
4.50900957942729E-08
4.50900895799513E-08
4.50900890487329E-08
4.50900878477622E-08
4.50900867474189E-08
4.50900863884396E-08
4.50900860255029E-08
4.50900860255029E-08
4.50900860214101E-08
4.50900860214101E-08
4.50900860177238E-08
4.50900860177238E-08
4.50900860176967E-08
4.50900860176967E-08
4.50900860176154E-08
4.50900860176018E-08
4.50900860175476E-08
4.50900860175205E-08
4.50900860175205E-08
4.50900860175205E-08
4.50900860175205E-08
4.50900860175205E-08
4.50900860175205E-08
4.50900860175205E-08
4.50900860175205E-08
4.50900860175205E-08
4.50900860175205E-08
4.50900860175205E-08
4.50900860175205E-08
4.50900860175205E-08
4.50900860175205E-08
4.50900860175205E-08
4.50900860175205E-08
4.50900860175205E-08
4.50900860175205E-08
4.50900860175205E-08
4.50900860175205E-08
4.50900860175205E-08
4.50900860175205E-08
4.50900860175205E-08
4.50900860175205E-08
4.50900860175205E-08
4.50900860175205E-08
4.50900860175205E-08
4.50900860175205E-08
4.50900860175205E-08
4.50900860175205E-08
4.50900860175205E-08
4.50900860175205E-08
4.50900860175205E-08
4.50900860175205E-08
4.50900860175205E-08
4.50900860175205E-08
4.50900860175205E-08
4.50900860175205E-08
4.50900860175205E-08
4.50900860175205E-08
4.50900860175205E-08
4.50900860175205E-08
4.50900860175205E-08
4.50900860175205E-08
4.50900860175205E-08
4.50900860175205E-08
4.50900860175205E-08
4.50900860175205E-08
4.50900860175205E-08
4.50900860175205E-08
4.50900860175205E-08
4.50900860175205E-08
4.50900860175205E-08
4.50900860175205E-08
4.50900860175205E-08
4.50900860175205E-08
4.50900860175205E-08
4.50900860175205E-08
4.50900860175205E-08
4.50900860175205E-08
4.50900860175205E-08
4.50900860175205E-08
4.50900860175205E-08
4.50900860175205E-08
4.50900860175205E-08
4.50900860175205E-08
4.50900860175205E-08
4.50900860175205E-08
4.50900860175205E-08
4.50900860175205E-08
4.50900860175205E-08
4.50900860175205E-08
4.50900860175205E-08
4.50900860175205E-08
4.50900860175205E-08
4.50900860175205E-08
4.50900860175205E-08
4.50900860175205E-08
4.50900860175205E-08
4.50900860175205E-08
4.50900860175205E-08
4.50900860175205E-08
4.50900860175205E-08
4.50900860175205E-08
4.50900860175205E-08
4.50900860175205E-08
4.50900860175205E-08
4.50900860175205E-08
4.50900860175205E-08
4.50900860175205E-08
4.50900860175205E-08
4.50900860175205E-08
4.50900860175205E-08
4.50900860175205E-08
4.50900860175205E-08
4.50900860175205E-08
4.50900860175205E-08
4.50900860175205E-08
4.50900860175205E-08
4.50900860175205E-08
4.50900860175205E-08
4.50900860175205E-08
4.50900860175205E-08
4.50900860175205E-08
4.50900860175205E-08
4.50900860175205E-08
4.50900860175205E-08
4.50900860175205E-08
4.50900860175205E-08
4.50900860175205E-08
4.50900860175205E-08
4.50900860175205E-08
4.50900860175205E-08
4.50900860175205E-08
4.50900860175205E-08
4.50900860175205E-08
4.50900860175205E-08
4.50900860175205E-08
4.50900860175205E-08
4.50900860175205E-08
4.50900860175205E-08
4.50900860175205E-08
4.50900860175205E-08
4.50900860175205E-08
4.50900860175205E-08
4.50900860175205E-08
4.50900860175205E-08
4.50900860175205E-08
4.50900860175205E-08
4.50900860175205E-08
4.50900860175205E-08
4.50900860175205E-08
4.50900860175205E-08
4.50900860175205E-08
4.50900860175205E-08
4.50900860175205E-08
4.50900860175205E-08
4.50900860175205E-08
4.50900860175205E-08
4.50900860175205E-08
4.50900860175205E-08
4.50900860175205E-08
4.50900860175205E-08
4.50900860175205E-08
4.50900860175205E-08
4.50900860175205E-08
4.50900860175205E-08
4.50900860175205E-08
4.50900860175205E-08
4.50900860175205E-08
4.50900860175205E-08
4.50900860175205E-08
4.50900860175205E-08
4.50900860175205E-08
4.50900860175205E-08
4.50900860175205E-08
4.50900860175205E-08
4.50900860175205E-08
4.50900860175205E-08
4.50900860175205E-08
4.50900860175205E-08
4.50900860175205E-08
4.50900860175205E-08
4.50900860175205E-08
4.50900860175205E-08
4.50900860175205E-08
4.50900860175205E-08
4.50900860175205E-08
4.50900860175205E-08
4.50900860175205E-08
4.50900860175205E-08
4.50900860175205E-08
4.50900860175205E-08
4.50900860175205E-08
4.50900860175205E-08
4.50900860175205E-08
4.50900860175205E-08
4.50900860175205E-08
4.50900860175205E-08
4.50900860175205E-08
4.50900860175205E-08
4.50900860175205E-08
4.50900860175205E-08
4.50900860175205E-08
4.50900860175205E-08
4.50900860175205E-08
4.50900860175205E-08
4.50900860175205E-08
4.50900860175205E-08
4.50900860175205E-08
4.50900860175205E-08
4.50900860175205E-08
4.50900860175205E-08
4.50900860175205E-08
4.50900860175205E-08
4.50900860175205E-08
4.50900860175205E-08
4.50900860175205E-08
4.50900860175205E-08
4.50900860175205E-08
4.50900860175205E-08
4.50900860175205E-08
4.50900860175205E-08
4.50900860175205E-08
4.50900860175205E-08
4.50900860175205E-08
4.50900860175205E-08
4.50900860175205E-08
4.50900860175205E-08
4.50900860175205E-08
4.50900860175205E-08
4.50900860175205E-08
4.50900860175205E-08
4.50900860175205E-08
4.50900860175205E-08
4.50900860175205E-08
4.50900860175205E-08
4.50900860175205E-08
4.50900860175205E-08
4.50900860175205E-08
4.50900860175205E-08
4.50900860175205E-08
4.50900860175205E-08
4.50900860175205E-08
4.50900860175205E-08
4.50900860175205E-08
4.50900860175205E-08
4.50900860175205E-08
4.50900860175205E-08
4.50900860175205E-08
4.50900860175205E-08
4.50900860175205E-08
4.50900860175205E-08
4.50900860175205E-08
4.50900860175205E-08
4.50900860175205E-08
4.50900860175205E-08
4.50900860175205E-08
4.50900860175205E-08
4.50900860175205E-08
4.50900860175205E-08
4.50900860175205E-08
4.50900860175205E-08
4.50900860175205E-08
4.50900860175205E-08
4.50900860175205E-08
4.50900860175205E-08
4.50900860175205E-08
4.50900860175205E-08
4.50900860175205E-08
4.50900860175205E-08
4.50900860175205E-08
4.50900860175205E-08
4.50900860175205E-08
4.50900860175205E-08
4.50900860175205E-08
4.50900860175205E-08
4.50900860175205E-08
4.50900860175205E-08
4.50900860175205E-08
4.50900860175205E-08
4.50900860175205E-08
4.50900860175205E-08
4.50900860175205E-08
4.50900860175205E-08
4.50900860175205E-08
4.50900860175205E-08
4.50900860175205E-08
4.50900860175205E-08
4.50900860175205E-08
4.50900860175205E-08
4.50900860175205E-08
4.50900860175205E-08
4.50900860175205E-08
4.50900860175205E-08
4.50900860175205E-08
4.50900860175205E-08
4.50900860175205E-08
4.50900860175205E-08
4.50900860175205E-08
4.50900860175205E-08
4.50900860175205E-08
4.50900860175205E-08
4.50900860175205E-08
4.50900860175205E-08
4.50900860175205E-08
4.50900860175205E-08
4.50900860175205E-08
4.50900860175205E-08
4.50900860175205E-08
4.50900860175205E-08
4.50900860175205E-08
4.50900860175205E-08
4.50900860175205E-08
4.50900860175205E-08
4.50900860175205E-08
4.50900860175205E-08
4.50900860175205E-08
4.50900860175205E-08
4.50900860175205E-08
4.50900860175205E-08
4.50900860175205E-08
4.50900860175205E-08
4.50900860175205E-08
4.50900860175205E-08
4.50900860175205E-08
4.50900860175205E-08
4.50900860175205E-08
4.50900860175205E-08
4.50900860175205E-08
4.50900860175205E-08
4.50900860175205E-08
4.50900860175205E-08
4.50900860175205E-08
4.50900860175205E-08
4.50900860175205E-08
4.50900860175205E-08
4.50900860175205E-08
4.50900860175205E-08
4.50900860175205E-08
4.50900860175205E-08
4.50900860175205E-08
4.50900860175205E-08
4.50900860175205E-08
4.50900860175205E-08
4.50900860175205E-08
4.50900860175205E-08
4.50900860175205E-08
4.50900860175205E-08
4.50900860175205E-08
4.50900860175205E-08
4.50900860175205E-08
4.50900860175205E-08
4.50900860175205E-08
4.50900860175205E-08
4.50900860175205E-08
4.50900860175205E-08
4.50900860175205E-08
4.50900860175205E-08
4.50900860175205E-08
4.50900860175205E-08
4.50900860175205E-08
4.50900860175205E-08
4.50900860175205E-08
4.50900860175205E-08
4.50900860175205E-08
4.50900860175205E-08
4.50900860175205E-08
4.50900860175205E-08
4.50900860175205E-08
4.50900860175205E-08
4.50900860175205E-08
4.50900860175205E-08
4.50900860175205E-08
4.50900860175205E-08
4.50900860175205E-08
4.50900860175205E-08
4.50900860175205E-08
4.50900860175205E-08
4.50900860175205E-08
4.50900860175205E-08
4.50900860175205E-08
4.50900860175205E-08
4.50900860175205E-08
4.50900860175205E-08
4.50900860175205E-08
4.50900860175205E-08
4.50900860175205E-08
4.50900860175205E-08
4.50900860175205E-08
4.50900860175205E-08
4.50900860175205E-08
4.50900860175205E-08
4.50900860175205E-08
4.50900860175205E-08
4.50900860175205E-08
4.50900860175205E-08
4.50900860175205E-08
4.50900860175205E-08
4.50900860175205E-08
4.50900860175205E-08
0
0
0
0
0
0
0
0
0
0
0
0
0
0
0
0
0
0
0
0
0
0
0
0
0
0
0
0
0
0
0
0
0
0
0
0
0
0
0
0
0
0
0
0
0
0
0
0
0
0

