0.240995305299485
0.240995305299485
0.163102574536542
0.163102574536542
0.100914638185299
0.048728388521299
0.048728388521299
0.0384385005338737
0.0382439729312526
0.0382439729312526
0.021489833617219
0.0147033073214025
0.0147033073214025
0.0147033073214025
0.00765719319721633
0.00765719319721633
0.00765719319721633
0.00765719319721633
0.00765719319721633
0.00764427178413776
0.00764427178413776
0.00764427178413776
0.00754900571318587
0.00508477648903755
0.00508477648903755
0.00508477648903755
0.00451605005152783
0.00451605005152783
0.00435368870184516
0.00435368870184516
0.00435368870184516
0.00435368870184516
0.00435368870184516
0.00435368870184516
0.00435368870184516
0.00435368870184516
0.00435368870184516
0.00435368870184516
0.00435368870184516
0.00435368870184516
0.00435368870184516
0.00435368870184516
0.00435368870184516
0.00435368870184516
0.00435368870184516
0.00435368870184516
0.00435368870184516
0.00435368870184516
0.00435368870184516
0.00435368870184516
0.00435368870184516
0.00435368870184516
0.00435368870184516
0.00435368870184516
0.00435368870184516
0.00435368870184516
0.00435368870184516
0.00435013235201231
0.00435013235201231
0.00435013235201231
0.00435013235201231
0.00435013235201231
0.00435013235201231
0.00435013235201231
0.00435013235201231
0.00435013235201231
0.00435013235201231
0.00435013235201231
0.00435013235201231
0.00435013235201231
0.00435013235201231
0.00435013235201231
0.00435013235201231
0.00435013235201231
0.00435013235201231
0.00435013235201231
0.00435013235201231
0.00435013235201231
0.00435013235201231
0.00435013235201231
0.00435013235201231
0.00435013235201231
0.00435013235201231
0.00435013235201231
0.00435013235201231
0.00435013235201231
0.00435013235201231
0.00435013235201231
0.00435013235201231
0.00435013235201231
0.00435013235201231
0.00435013235201231
0.00435013235201231
0.00435013235201231
0.00435013235201231
0.00435013235201231
0.00435013235201231
0.00435013235201231
0.00435013235201231
0.00435013235201231
0.00435013235201231
0.00435013235201231
0.00435013235201231
0.00435013235201231
0.00435013235201231
0.00435013235201231
0.00435013235201231
0.00435013235201231
0.00435013235201231
0.00435013235201231
0.00435013235201231
0.00435013235201231
0.00435013235201231
0.00435013235201231
0.00435013235201231
0.00435013235201231
0.00435013235201231
0.00435013235201231
0.00435013235201231
0.00435013235201231
0.00435013235201231
0.00435013235201231
0.00435013235201231
0.00435013235201231
0.00435013235201231
0.00435013235201231
0.00435013235201231
0.00435013235201231
0.00435013235201231
0.00435013235201231
0.00435013235201231
0.00435013235201231
0.00435013235201231
0.00435013235201231
0.00435013235201231
0.00435013235201231
0.00435013235201231
0.00435013235201231
0.00435013235201231
0.00435013235201231
0.00435013235201231
0.00435013235201231
0.00435013235201231
0.00435013235201231
0.00435013235201231
0.00435013235201231
0.00435013235201231
0.00435013235201231
0.00435013235201231
0.00435013235201231
0.00435013235201231
0.00435013235201231
0.00435013235201231
0.00435013235201231
0.00435013235201231
0.00435013235201231
0.00435013235201231
0.00435013235201231
0.00435013235201231
0.00435013235201231
0.00435013235201231
0.00435013235201231
0.00435013235201231
0.00435013235201231
0.00435013235201231
0.00435013235201231
0.00435013235201231
0.00435013235201231
0.00435013235201231
0.00435013235201231
0.00435013235201231
0.00435013235201231
0.00435013235201231
0.00435013235201231
0.00435013235201231
0.00435013235201231
0.00435013235201231
0.00435013235201231
0.00435013235201231
0.00435013235201231
0.00435013235201231
0.00435013235201231
0.00435013235201231
0.00435013235201231
0.00435013235201231
0.00435013235201231
0.00435013235201231
0.00435013235201231
0.00435013235201231
0.00435013235201231
0.00435013235201231
0.00435013235201231
0.00435013235201231
0.00435013235201231
0.00435013235201231
0.00435013235201231
0.00435013235201231
0.00435013235201231
0.00435013235201231
0.00435013235201231
0.00435013235201231
0.00435013235201231
0.00435013235201231
0.00435013235201231
0.00435013235201231
0.00435013235201231
0.00435013235201231
0.00435013235201231
0.00435013235201231
0.00435013235201231
0.00435013235201231
0.00435013235201231
0.00435013235201231
0.00435013235201231
0.00435013235201231
0.00435013235201231
0.00435013235201231
0.00435013235201231
0.00435013235201231
0.00435013235201231
0.00435013235201231
0.00435013235201231
0.00435013235201231
0.00435013235201231
0.00435013235201231
0.00435013235201231
0.00435013235201231
0.00435013235201231
0.00435013235201231
0.00435013235201231
0.00435013235201231
0.00435013235201231
0.00435013235201231
0.00435013235201231
0.00435013235201231
0.00435013235201231
0.00435013235201231
0.00435013235201231
0.00435013235201231
0.00435013235201231
0.00435013235201231
0.00435013235201231
0.00435013235201231
0.00435013235201231
0.00435013235201231
0.00435013235201231
0.00435013235201231
0.00435013235201231
0.00435013235201231
0.00435013235201231
0.00435013235201231
0.00435013235201231
0.00435013235201231
0.00435013235201231
0.00435013235201231
0.00435013235201231
0.00435013235201231
0.00435013235201231
0.00435013235201231
0.00435013235201231
0.00435013235201231
0.00435013235201231
0.00435013235201231
0.00435013235201231
0.00435013235201231
0.00435013235201231
0.00435013235201231
0.00435013235201231
0.00435013235201231
0.00435013235201231
0.00435013235201231
0.00435013235201231
0.00435013235201231
0.00435013235201231
0.00435013235201231
0.00435013235201231
0.00435013235201231
0.00435013235201231
0.00435013235201231
0.00435013235201231
0.00435013235201231
0.00435013235201231
0.00435013235201231
0.00435013235201231
0.00435013235201231
0.00435013235201231
0.00435013235201231
0.00435013235201231
0.00435013235201231
0.00435013235201231
0.00435013235201231
0.00435013235201231
0.00435013235201231
0.00435013235201231
0.00435013235201231
0.00435013235201231
0.00435013235201231
0.00435013235201231
0.00435013235201231
0.00435013235201231
0.00435013235201231
0.00435013235201231
0.00435013235201231
0.00435013235201231
0.00435013235201231
0.00435013235201231
0.00435013235201231
0.00435013235201231
0.00435013235201231
0.00435013235201231
0.00435013235201231
0.00435013235201231
0.00435013235201231
0.00435013235201231
0.00435013235201231
0.00435013235201231
0.00435013235201231
0.00435013235201231
0.00435013235201231
0.00435013235201231
0.00435013235201231
0.00435013235201231
0.00435013235201231
0.00435013235201231
0.00435013235201231
0.00435013235201231
0.00435013235201231
0.00435013235201231
0.00435013235201231
0.00435013235201231
0.00435013235201231
0.00435013235201231
0.00435013235201231
0.00435013235201231
0.00435013235201231
0.00435013235201231
0.00435013235201231
0.00435013235201231
0.00435013235201231
0.00435013235201231
0.00435013235201231
0.00435013235201231
0.00435013235201231
0.00435013235201231
0.00435013235201231
0.00435013235201231
0.00435013235201231
0.00435013235201231
0.00435013235201231
0.00435013235201231
0.00435013235201231
0.00435013235201231
0.00435013235201231
0.00435013235201231
0.00435013235201231
0.00435013235201231
0.00435013235201231
0.00435013235201231
0.00435013235201231
0.00435013235201231
0.00435013235201231
0.00435013235201231
0.00435013235201231
0.00435013235201231
0.00435013235201231
0.00435013235201231
0.00435013235201231
0.00435013235201231
0.00435013235201231
0.00435013235201231
0.00435013235201231
0.00435013235201231
0.00435013235201231
0.00435013235201231
0.00435013235201231
0.00435013235201231
0.00435013235201231
0.00435013235201231
0.00435013235201231
0.00435013235201231
0.00435013235201231
0.00435013235201231
0.00435013235201231
0.00435013235201231
0.00435013235201231
0.00435013235201231
0.00435013235201231
0.00435013235201231
0.00435013235201231
0.00435013235201231
0.00435013235201231
0.00435013235201231
0.00435013235201231
0.00435013235201231
0.00435013235201231
0.00435013235201231
0.00435013235201231
0.00435013235201231
0.00435013235201231
0.00435013235201231
0.00435013235201231
0.00435013235201231
0.00435013235201231
0.00435013235201231
0.00435013235201231
0.00435013235201231
0.00435013235201231
0.00435013235201231
0.00435013235201231
0.00435013235201231
0.00435013235201231
0.00435013235201231
0.00435013235201231
0.00435013235201231
0.00435013235201231
0.00435013235201231
0.00435013235201231
0.00435013235201231
0.00435013235201231
0.00435013235201231
0.00435013235201231
0.00435013235201231
0.00435013235201231
0.00435013235201231
0.00435013235201231
0.00435013235201231
0.00435013235201231
0.00435013235201231
0.00435013235201231
0.00435013235201231
0.00435013235201231
0.00435013235201231
0.00435013235201231
0.00435013235201231
0.00435013235201231
0.00435013235201231
0.00435013235201231
0.00435013235201231
0.00435013235201231
0.00435013235201231
0.00435013235201231
0.00435013235201231
0.00435013235201231
0.00435013235201231
0.00435013235201231
0.00435013235201231
0.00435013235201231
0.00435013235201231
0.00435013235201231
0.00435013235201231
0.00435013235201231
0.00435013235201231
0.00435013235201231
0.00435013235201231
0.00435013235201231
0.00435013235201231
0.00435013235201231
0.00435013235201231
0.00435013235201231
0.00435013235201231
0.00435013235201231
0.00435013235201231
0.00435013235201231
0.00435013235201231
0.00435013235201231
0.00435013235201231
0.00435013235201231
0.00435013235201231
0.00435013235201231
0.00435013235201231
0.00435013235201231
0.00435013235201231
0.00435013235201231
0.00435013235201231
0.00435013235201231
0.00435013235201231
0.00435013235201231
0.00435013235201231
0.00435013235201231
0.00435013235201231
0.00435013235201231
0.00435013235201231
0.00435013235201231
0.00435013235201231
0.00435013235201231
0.00435013235201231
0.00435013235201231
0.00435013235201231
0.00435013235201231
0.00435013235201231
0.00435013235201231
0.00435013235201231
0.00435013235201231
0.00435013235201231
0.00435013235201231
0.00435013235201231
0.00435013235201231
0.00435013235201231
0.00435013235201231
0.00435013235201231

