0.11037003855968
0.0224796427174926
0.0224796427174926
0.0224796427174926
0.0224796427174926
0.0224796427174926
0.0224796427174926
0.0224796427174926
0.0224796427174926
0.0213700300941198
0.0213700300941198
0.0213700300941198
0.0213700300941198
0.0213700300941198
0.0213700300941198
0.0213700300941198
0.00749749947161706
0.00749749947161706
0.00506923422084084
0.00506923422084084
0.00425482593129319
0.00375098449941186
0.00311275699653826
0.00311275699653826
0.00243030307877089
0.00243030307877089
0.00243030307877089
0.00243030307877089
0.00243030307877089
0.00243030307877089
0.00243030307877089
0.00243030307877089
0.00232701129959164
0.00232701129959164
0.00232701129959164
0.00232701129959164
0.00232701129959164
0.00220856738981371
0.00220856738981371
0.00220856738981371
0.00220856738981371
0.00220856738981371
0.00220856738981371
0.00220856738981371
0.00220856738981371
0.00220856738981371
0.00220856738981371
0.00220856738981371
0.00220856738981371
0.00220856738981371
0.00220856738981371
0.00220856738981371
0.00220856738981371
0.00220856738981371
0.00220856738981371
0.00220856738981371
0.00220856738981371
0.00220856738981371
0.00220856738981371
0.00220856738981371
0.00220856738981371
0.00220856738981371
0.00220856738981371
0.00220856738981371
0.00220856738981371
0.00220856738981371
0.00220856738981371
0.00209010232174853
0.00209010232174853
0.00209010232174853
0.00209010232174853
0.00209010232174853
0.00209010232174853
0.00209010232174853
0.00209010232174853
0.00209010232174853
0.00209010232174853
0.00209010232174853
0.00209010232174853
0.00209010232174853
0.00209010232174853
0.00209010232174853
0.00209010232174853
0.00209010232174853
0.00209010232174853
0.00209010232174853
0.00209010232174853
0.00209010232174853
0.00209010232174853
0.00209010232174853
0.00209010232174853
0.00209010232174853
0.00209010232174853
0.00209010232174853
0.00209010232174853
0.00209010232174853
0.00209010232174853
0.00209010232174853
0.00209010232174853
0.00209010232174853
0.00209010232174853
0.00209010232174853
0.00209010232174853
0.00209010232174853
0.00209010232174853
0.00209010232174853
0.00209010232174853
0.00209010232174853
0.00209010232174853
0.00209010232174853
0.00209010232174853
0.00209010232174853
0.00209010232174853
0.00209010232174853
0.00209010232174853
0.00209010232174853
0.00209010232174853
0.00209010232174853
0.00209010232174853
0.00209010232174853
0.00209010232174853
0.00209010232174853
0.00209010232174853
0.00209010232174853
0.00209010232174853
0.00209010232174853
0.00209010232174853
0.00209010232174853
0.00209010232174853
0.00209010232174853
0.00209010232174853
0.00209010232174853
0.00209010232174853
0.00209010232174853
0.00209010232174853
0.00209010232174853
0.00209010232174853
0.00209010232174853
0.00209010232174853
0.00209010232174853
0.00209010232174853
0.00209010232174853
0.00209010232174853
0.00209010232174853
0.00209010232174853
0.00209010232174853
0.00209010232174853
0.00209010232174853
0.00209010232174853
0.00209010232174853
0.00209010232174853
0.00209010232174853
0.00209010232174853
0.00209010232174853
0.00209010232174853
0.00209010232174853
0.00209010232174853
0.00209010232174853
0.00209010232174853
0.00209010232174853
0.00209010232174853
0.00209010232174853
0.00209010232174853
0.00209010232174853
0.00209010232174853
0.00209010232174853
0.00209010232174853
0.00209010232174853
0.00209010232174853
0.00209010232174853
0.00209010232174853
0.00209010232174853
0.00209010232174853
0.00209010232174853
0.00209010232174853
0.00209010232174853
0.00209010232174853
0.00209010232174853
0.00209010232174853
0.00209010232174853
0.00209010232174853
0.00209010232174853
0.00209010232174853
0.00209010232174853
0.00209010232174853
0.00209010232174853
0.00209010232174853
0.00209010232174853
0.00209010232174853
0.00209010232174853
0.00209010232174853
0.00209010232174853
0.00209010232174853
0.00209010232174853
0.00209010232174853
0.00209010232174853
0.00209010232174853
0.00209010232174853
0.00209010232174853
0.00209010232174853
0.00209010232174853
0.00209010232174853
0.00209010232174853
0.00209010232174853
0.00209010232174853
0.00209010232174853
0.00209010232174853
0.00209010232174853
0.00209010232174853
0.00209010232174853
0.00209010232174853
0.00209010232174853
0.00209010232174853
0.00209010232174853
0.00209010232174853
0.00209010232174853
0.00209010232174853
0.00209010232174853
0.00209010232174853
0.00209010232174853
0.00209010232174853
0.00209010232174853
0.00209010232174853
0.00209010232174853
0.00209010232174853
0.00209010232174853
0.00209010232174853
0.00209010232174853
0.00209010232174853
0.00209010232174853
0.00209010232174853
0.00209010232174853
0.00209010232174853
0.00209010232174853
0.00209010232174853
0.00209010232174853
0.00209010232174853
0.00209010232174853
0.00209010232174853
0.00209010232174853
0.00209010232174853
0.00209010232174853
0.00209010232174853
0.00209010232174853
0.00209010232174853
0.00209010232174853
0.00209010232174853
0.00209010232174853
0.00209010232174853
0.00209010232174853
0.00209010232174853
0.00209010232174853
0.00209010232174853
0.00209010232174853
0.00209010232174853
0.00209010232174853
0.00209010232174853
0.00209010232174853
0.00209010232174853
0.00209010232174853
0.00209010232174853
0.00209010232174853
0.00209010232174853
0.00209010232174853
0.00209010232174853
0.00209010232174853
0.00209010232174853
0.00209010232174853
0.00209010232174853
0.00209010232174853
0.00209010232174853
0.00209010232174853
0.00209010232174853
0.00209010232174853
0.00209010232174853
0.00209010232174853
0.00209010232174853
0.00209010232174853
0.00209010232174853
0.00209010232174853
0.00209010232174853
0.00209010232174853
0.00209010232174853
0.00209010232174853
0.00209010232174853
0.00209010232174853
0.00209010232174853
0.00209010232174853
0.00209010232174853
0.00209010232174853
0.00209010232174853
0.00209010232174853
0.00209010232174853
0.00209010232174853
0.00209010232174853
0.00209010232174853
0.00209010232174853
0.00209010232174853
0.00209010232174853
0.00209010232174853
0.00209010232174853
0.00209010232174853
0.00209010232174853
0.00209010232174853
0.00209010232174853
0.00209010232174853
0.00209010232174853
0.00209010232174853
0.00209010232174853
0.00209010232174853
0.00209010232174853
0.00209010232174853
0.00209010232174853
0.00209010232174853
0.00209010232174853
0.00209010232174853
0.00209010232174853
0.00209010232174853
0.00209010232174853
0.00209010232174853
0.00209010232174853
0.00209010232174853
0.00209010232174853
0.00209010232174853
0.00209010232174853
0.00209010232174853
0.00209010232174853
0.00209010232174853
0.00209010232174853
0.00209010232174853
0.00209010232174853
0.00209010232174853
0.00209010232174853
0.00209010232174853
0.00209010232174853
0.00209010232174853
0.00209010232174853
0.00209010232174853
0.00209010232174853
0.00209010232174853
0.00209010232174853
0.00209010232174853
0.00209010232174853
0.00209010232174853
0.00209010232174853
0.00209010232174853
0.00209010232174853
0.00209010232174853
0.00209010232174853
0.00209010232174853
0.00209010232174853
0.00209010232174853
0.00209010232174853
0.00209010232174853
0.00209010232174853
0.00209010232174853
0.00209010232174853
0.00209010232174853
0.00209010232174853
0.00209010232174853
0.00209010232174853
0.00209010232174853
0.00209010232174853
0.00209010232174853
0.00209010232174853
0.00209010232174853
0.00209010232174853
0.00209010232174853
0.00209010232174853
0.00209010232174853
0.00209010232174853
0.00209010232174853
0.00209010232174853
0.00209010232174853
0.00209010232174853
0.00209010232174853
0.00209010232174853
0.00209010232174853
0.00209010232174853
0.00209010232174853
0.00209010232174853
0.00209010232174853
0.00209010232174853
0.00209010232174853
0.00209010232174853
0.00209010232174853
0.00209010232174853
0.00209010232174853
0.00209010232174853
0.00209010232174853
0.00209010232174853
0.00209010232174853
0.00209010232174853
0.00209010232174853
0.00209010232174853
0.00209010232174853
0.00209010232174853
0.00209010232174853
0.00209010232174853
0.00209010232174853
0.00209010232174853
0.00209010232174853
0.00209010232174853
0.00209010232174853
0.00209010232174853
0.00209010232174853
0.00209010232174853
0.00209010232174853
0.00209010232174853
0.00209010232174853
0.00209010232174853
0.00209010232174853
0.00209010232174853
0.00209010232174853
0.00209010232174853
0.00209010232174853
0.00209010232174853
0.00209010232174853
0.00209010232174853
0.00209010232174853
0.00209010232174853
0.00209010232174853
0.00209010232174853
0.00209010232174853
0.00209010232174853
0.00209010232174853
0.00209010232174853
0.00209010232174853
0.00209010232174853
0.00209010232174853
0.00209010232174853
0.00209010232174853
0.00209010232174853
0.00209010232174853
0.00209010232174853
0.00209010232174853
0.00209010232174853
0.00209010232174853
0.00209010232174853
0.00209010232174853
0.00209010232174853
0.00209010232174853
0.00209010232174853
0.00209010232174853
0.00209010232174853
0.00209010232174853
0.00209010232174853
0.00209010232174853
0.00209010232174853
0.00209010232174853
0.00209010232174853
0.00209010232174853
0.00209010232174853
0.00209010232174853
0.00209010232174853
0.00209010232174853
0.00209010232174853
0.00209010232174853
0.00209010232174853
0.00209010232174853
0.00209010232174853
0.00209010232174853
0.00209010232174853
0.00209010232174853
0.00209010232174853
0.00209010232174853
0.00209010232174853
0.00209010232174853
0.00209010232174853
0.00209010232174853
0.00209010232174853
0.00209010232174853
0.00209010232174853
0.00209010232174853
0.00209010232174853
0.00209010232174853
0.00209010232174853
0.00209010232174853
0.00209010232174853
0.00209010232174853
0.00209010232174853
0.00209010232174853
0.00209010232174853
0.00209010232174853
0.00209010232174853
0.00209010232174853
0.00209010232174853
0.00209010232174853
0.00209010232174853
0.00209010232174853
0.00209010232174853
0.00209010232174853
0.00209010232174853
0.00209010232174853
0.00209010232174853
0.00209010232174853
0.00209010232174853
0.00209010232174853
0.00209010232174853
0.00209010232174853

