0.250795349281987
0.250795349281987
0.250795349281987
0.250795349281987
0.250795349281987
0.203786627080401
0.203786627080401
0.096539843005001
0.055909227455574
0.055909227455574
0.0476810724921618
0.0416052415478915
0.0361568791408045
0.0338711652589275
0.031240660697751
0.0309591139969556
0.0296417644657655
0.0285797268395326
0.0285797268395326
0.0282316581911909
0.0281454587628408
0.0280495622240909
0.0280397541731516
0.0280263161358011
0.0280203847198252
0.0280045385513901
0.0280010191546753
0.0280001756493429
0.0279939051041483
0.0279939051041483
0.0279934103608627
0.0279933840406385
0.0279932184070006
0.0279929726196899
0.027992930535088
0.0279928797533223
0.0279928322833842
0.027992791878716
0.0279927673972798
0.0279927600578597
0.0279927522874957
0.0279927500268409
0.0279927438009846
0.0279927405495914
0.0279927405495914
0.0279927405495914
0.0279927402149462
0.0279927402149462
0.0279927401670853
0.0279927399628251
0.0279927399628251
0.0279927399218818
0.0279927399079471
0.0279927399079471
0.0279927399076604
0.0279927399072968
0.0279927399051081
0.0279927399051081
0.0279927399051081
0.0279927399051081
0.0279927399051081
0.0279927399048404
0.0279927399048404
0.0279927399048352
0.0279927399048282
0.0279927399048263
0.0279927399048072
0.0279927399048072
0.0279927399048055
0.0279927399048054
0.0279927399048044
0.0279927399048044
0.0279927399048036
0.0279927399048036
0.0279927399048033
0.0279927399048033
0.0279927399048033
0.0279927399048032
0.0279927399048032
0.0279927399048032
0.0279927399048032
0.0279927399048032
0.0279927399048032
0.0279927399048032
0.0279927399048032
0.0279927399048032
0.0279927399048032
0.0279927399048032
0.0279927399048032
0.0279927399048032
0.0279927399048032
0.0279927399048032
0.0279927399048032
0.0279927399048032
0.0279927399048032
0.0279927399048032
0.0279927399048032
0.0279927399048032
0.0279927399048032
0.0279927399048032
0.0279927399048032
0.0279927399048032
0.0279927399048032
0.0279927399048032
0.0279927399048032
0.0279927399048032
0.0279927399048032
0.0279927399048032
0.0279927399048032
0.0279927399048032
0.0279927399048032
0.0279927399048032
0.0279927399048032
0.0279927399048032
0.0279927399048032
0.0279927399048032
0.0279927399048032
0.0279927399048032
0.0279927399048032
0.0279927399048032
0.0279927399048032
0.0279927399048032
0.0279927399048032
0.0279927399048032
0.0279927399048032
0.0279927399048032
0.0279927399007741
0.0279927399007741
0.0279927399007741
0.0279927399007741
0.027992739900719
0.0279927399006755
0.0279927399006755
0.0279927399006755
0.0279927399006755
0.0279927399006755
0.0279927399006694
0.0279927399006655
0.0279927399006655
0.0279927399006623
0.0279927399006623
0.0279927399006623
0.0279927399006622
0.027992739900662
0.0279927399006616
0.0279927399006615
0.0279927399006615
0.0279927399006613
0.0279927399006613
0.0279927399006613
0.0279927399006613
0.0279927399006613
0.0279927399006613
0.0279927399006613
0.0279927399006613
0.0279927399006613
0.0279927399006613
0.0279927399006613
0.0279927399006613
0.0279927399006613
0.0279927399006613
0.0279927399006613
0.0279927399006613
0.0279927399006613
0.0279927399006613
0.0279927399006613
0.0279927399006613
0.0279927399006613
0.0279927399006613
0.0279927399006613
0.0279927399006613
0.0279927399006613
0.0279927399006613
0.0279927399006613
0.0279927399006613
0.0279927399006613
0.0279927399006613
0.0279927399006613
0.0279927399006613
0.0279927399006613
0.0279927399006613
0.0279927399006613
0.0279927399006613
0.0279927399006613
0.0279927399006613
0.0279927399006613
0.0279927399006613
0.0279927399006613
0.0279927399006613
0.0279927399006613
0.0279927399006613
0.0279927399006613
0.0279927399006613
0.0279927399006613
0.0279927399006613
0.0279927399006613
0.0279927399006613
0.0279927399006613
0.0279927399006613
0.0279927399006613
0.0279927399006613
0.0279927399006613
0.0279927399006613
0.0279927399006613
0.0279927399006613
0.0279927399006613
0.0279927399006613
0.0279927399006613
0.0279927399006613
0.0279927399006613
0.0279927399006613
0.0279927399006613
0.0279927399006613
0.0279927399006613
0.0279927399006613
0.0279927399006613
0.0279927399006613
0.0279927399006613
0.0279927399006613
0.0279927399006613
0.0279927399006613
0.0279927399006613
0.0279927399006613
0.0279927399006613
0.0279927399006613
0.0279927399006613
0.0279927399006613
0.0279927399006613
0.0279927399006613
0.0279927399006613
0.0279927399006613
0.0279927399006613
0.0279927399006613
0.0279927399006613
0.0279927399006613
0.0279927399006613
0.0279927399006613
0.0279927399001908
0.0279927399001908
0.0279927399001639
0.0279927399001496
0.0279927399001384
0.0279927399001384
0.0279927399001384
0.0279927399001382
0.0279927399001366
0.0279927399001366
0.0279927399001365
0.0279927399001363
0.0279927399001359
0.0279927399001358
0.0279927399001356
0.0279927399001356
0.0279927399001355
0.0279927399001355
0.0279927399001355
0.0279927399001355
0.0279927399001355
0.0279927399001355
0.0279927399001355
0.0279927399001355
0.0279927399001355
0.0279927399001355
0.0279927399001355
0.0279927399001355
0.0279927399001355
0.0279927399001355
0.0279927399001355
0.0279927399001355
0.0279927399001355
0.0279927399001355
0.0279927399001355
0.0279927399001355
0.0279927399001355
0.0279927399001355
0.0279927399001355
0.0279927399001355
0.0279927399001355
0.0279927399001355
0.0279927399001355
0.0279927399001355
0.0279927399001355
0.0279927399001355
0.0279927399001355
0.0279927399001355
0.0279927399001355
0.0279927399001355
0.0279927399001355
0.0279927399001355
0.0279927399001355
0.0279927399001355
0.0279927399001355
0.0279927399001355
0.0279927399001355
0.0279927399001355
0.0279927399001355
0.0279927399001355
0.0279927399001355
0.0279927399001355
0.0279927399001355
0.0279927399001355
0.0279927399001355
0.0279927399001355
0.0279927399001355
0.0279927399001355
0.0279927399001355
0.0279927399001355
0.0279927399001355
0.0279927399001355
0.0279927399001355
0.0279927399001355
0.0279927399001355
0.0279927399001355
0.0279927399001355
0.0279927399001355
0.0279927399001355
0.0279927399001355
0.0279927399001355
0.0279927399001355
0.0279927399001355
0.0279927399001355
0.0279927399001355
0.0279927399001355
0.0279927399001355
0.0279927399001355
0.0279927322445787
0.0279927322445787
0.0279927283125217
0.0279927219225786
0.0279927219225786
0.0279927219225786
0.0279927219225786
0.0279927219225786
0.0279927219225786
0.0279927219225786
0.0279927219225786
0.0279927219225786
0.0279927219225786
0.0279927219224975
0.0279927219224963
0.0279927219224963
0.0279927219224963
0.0279927219224963
0.027992721922489
0.0279927219224869
0.0279927219224844
0.0279927219224843
0.0279927219224843
0.0279927219224842
0.0279927219224836
0.0279927219224834
0.0279927219224832
0.0279927219224832
0.027992721922483
0.027992721922483
0.027992721922483
0.027992721922483
0.027992721922483
0.027992721922483
0.027992721922483
0.027992721922483
0.027992721922483
0.027992721922483
0.027992721922483
0.027992721922483
0.027992721922483
0.027992721922483
0.027992721922483
0.027992721922483
0.027992721922483
0.027992721922483
0.027992721922483
0.027992721922483
0.027992721922483
0.027992721922483
0.027992721922483
0.027992721922483
0.027992721922483
0.027992721922483
0.027992721922483
0.027992721922483
0.027992721922483
0.027992721922483
0.027992721922483
0.027992721922483
0.027992721922483
0.027992721922483
0.027992721922483
0.027992721922483
0.027992721922483
0.027992721922483
0.027992721922483
0.027992721922483
0.027992721922483
0.027992721922483
0.027992721922483
0.027992721922483
0.027992721922483
0.027992721922483
0.027992721922483
0.027992721922483
0.027992721922483
0.027992721922483
0.027992721922483
0.027992721922483
0.027992721922483
0.027992721922483
0.027992721922483
0.027992721922483
0.027992721922483
0.027992721922483
0.027992721922483
0.027992721922483
0.027992721922483
0.027992721922483
0.027992721922483
0.027992721922483
0.027992721922483
0.027992721922483
0.027992721922483
0.027992721922483
0.027992721922483
0.027992721922483
0.027992721922483
0.027992721922483
0.027992721922483
0.027992721922483
0.027992721922483
0.0279927210168493
0.0279927210168493
0.0279927210168493
0.0279927210168493
0.0279927210168493
0.0279927210122427
0.0279927210122427
0.0279927210122427
0.0279927210122427
0.0279927210122427
0.0279927210122427
0.0279927210122427
0.0279927210121544
0.0279927210121544
0.0279927210121544
0.0279927210121544
0.0279927210121544
0.0279927210121532
0.0279927210121528
0.0279927210121523
0.027992721012152
0.0279927210121493
0.027992721012149
0.027992721012149
0.0279927210121488
0.0279927210121484
0.0279927210121484
0.0279927210121484
0.0279927210121484
0.0279927210121484
0.0279927210121484
0.0279927210121484
0.0279927210121484
0.0279927210121484
0.0279927210121484
0.0279927210121484
0.0279927210121484
0.0279927210121484
0.0279927210121484
0.0279927210121484
0.0279927210121484
0.0279927210121484
0.0279927210121484
0.0279927210121484
0.0279927210121484
0.0279927210121484
0.0279927210121484
0.0279927210121484
0.0279927210121484
0.0279927210121484
0.0279927210121484
0.0279927210121484
0.0279927210121484
0.0279927210121484
0.0279927210121484
0.0279927210121484
0.0279927210121484
0.0279927210121484
0.0279927210121484
0.0279927210121484
0.0279927210121484
0.0279927210121484
0.0279927210121484
0.0279927210121484
0.0279927210121484
0.0279927210121484
0.0279927210121484
0.0279927210121484
0.0279927210121484
0.0279927210121484
0.0279927210121484
0.0279927210121484

