0.539833984528956
0.539833984528956
0.539833984528956
0.539833984528956
0.539833984528956
0.407865223986901
0.269140415568931
0.269140415568931
0.264970310245254
0.237815882227655
0.209526454758571
0.209526454758571
0.185704862439461
0.185704862439461
0.179855896935713
0.171833935523052
0.171833935523052
0.170050422723743
0.169207785806868
0.167929362425359
0.167226858415712
0.167226858415712
0.167152336931206
0.167129343571997
0.167124721898153
0.167097981107754
0.167080317877606
0.167074704045061
0.167067767634715
0.167062431404019
0.167062431404019
0.16705809176369
0.167057708839139
0.167053903716611
0.167053765030332
0.167053533936805
0.167053533936805
0.167053533936805
0.167053517929409
0.16705283772359
0.167052730744334
0.167052730744334
0.167052730744334
0.167052719446056
0.167052715303676
0.167052715303676
0.167052715303676
0.167052715303676
0.167052715303676
0.167052715299341
0.167052715299341
0.167052715299074
0.167052715298367
0.167052715297906
0.167052715297906
0.167052715297853
0.167052715297822
0.167052715297822
0.167052715297757
0.167052715297757
0.167052715297749
0.167052715297746
0.167052715297746
0.167052715297743
0.167052715297743
0.167052715297741
0.167052715297741
0.167052715297741
0.167052715297741
0.167052715297741
0.167052715297741
0.167052715297741
0.167052715297741
0.167052715297741
0.167052715297741
0.167052715297741
0.167052715297741
0.167052715297741
0.167052715297741
0.167052715297741
0.167052715297741
0.167052715297741
0.167052715297741
0.167052715297741
0.167052715297741
0.167052715297741
0.167052715297741
0.167052715297741
0.167052715297741
0.167052715297741
0.167052715297741
0.167052715297741
0.167052715297741
0.167052715297741
0.167052715297741
0.167052715297741
0.167052715297741
0.167052715297741
0.167052715297741
0.167052715297741
0.167052715297741
0.167052715297741
0.167052715297741
0.167052715297741
0.167052715297741
0.167052715297741
0.167052715297741
0.167052715297741
0.167052715297741
0.167052715297741
0.167052715297741
0.167052715297741
0.167052715297741
0.167052715297741
0.167052715297741
0.167052715297741
0.167052591215176
0.167032506247743
0.167022280493244
0.167015885683499
0.167011970236434
0.167011970236434
0.167011243725831
0.16701045364494
0.16701045364494
0.167010421556369
0.167010383120891
0.167010383120891
0.167010383120891
0.167010372010728
0.167010363400642
0.167010360910817
0.167010351093927
0.167010351093927
0.167010350973574
0.16701035060623
0.16701035060623
0.16701035044702
0.16701035044702
0.16701035042255
0.16701035041782
0.167010350412001
0.167010350389165
0.167010350389165
0.167010350379598
0.167010350378921
0.167010350377793
0.167010350377563
0.167010350377302
0.1670103503773
0.167010350377143
0.167010350377143
0.167010350377117
0.167010350377101
0.167010350377082
0.167010350377082
0.167010350377082
0.16701035037708
0.167010350377079
0.167010350377078
0.167010350377077
0.167010350377077
0.167010350377076
0.167010350377076
0.167010350377076
0.167010350377076
0.167010350377076
0.167010350377076
0.167010350377076
0.167010350377076
0.167010350377076
0.167010350377076
0.167010350377076
0.167010350377076
0.167010350377076
0.167010350377076
0.167010350377076
0.167010350377076
0.167010350377076
0.167010350377076
0.167010350377076
0.167010350377076
0.167010350377076
0.167010350377076
0.167010350377076
0.167010350377076
0.167010350377076
0.167010350377076
0.167010350377076
0.167010350377076
0.167010350377076
0.167010350377076
0.167010350377076
0.167010350377076
0.167010350377076
0.167010350377076
0.167010350377076
0.167010350377076
0.167010350377076
0.167010350377076
0.167010350377076
0.167010350377076
0.167010350377076
0.167010350377076
0.167010350377076
0.167010350377076
0.167010350377076
0.167010350377076
0.167010350377076
0.167010350377076
0.167010350377076
0.167010350377076
0.167010350377076
0.167010350377076
0.167010350377076
0.167010350377076
0.167010350377076
0.166828435876138
0.166693248505435
0.166627245648698
0.166614973900377
0.166604415187777
0.166591489957478
0.166589092216418
0.166586668996343
0.166586668996343
0.166585529268295
0.166585084699187
0.166583572456029
0.166582203440466
0.166582203440466
0.166581647236121
0.166581647236121
0.166581632463672
0.166581629121805
0.166581583248573
0.166581567443631
0.166581565577411
0.166581564677695
0.16658156289782
0.166581562836883
0.166581562836883
0.16658156264131
0.16658156264131
0.16658156264131
0.166581562632566
0.166581562631882
0.166581562630274
0.166581562629616
0.166581562629603
0.166581562629181
0.166581562629181
0.166581562628843
0.1665815626281
0.1665815626281
0.1665815626281
0.166581562628089
0.166581562628084
0.166581562628083
0.166581562628079
0.166581562628079
0.166581562628078
0.166581562628078
0.166581562628077
0.166581562628077
0.166581562628077
0.166581562628077
0.166581562628077
0.166581562628077
0.166581562628077
0.166581562628076
0.166581562628076
0.166581562628076
0.166581562628076
0.166581562628076
0.166581562628076
0.166581562628076
0.166581562628076
0.166581562628076
0.166581562628076
0.166581562628076
0.166581562628076
0.166581562628076
0.166581562628076
0.166581562628076
0.166581562628076
0.166581562628076
0.166581562628076
0.166581562628076
0.166581562628076
0.166581562628076
0.166581562628076
0.166581562628076
0.166581562628076
0.166581562628076
0.166581562628076
0.166581562628076
0.166581562628076
0.166581562628076
0.166581562628076
0.166581562628076
0.166581562628076
0.166581562628076
0.166581562628076
0.166581562628076
0.166581562628076
0.166581562628076
0.166581562628076
0.166581562628076
0.166581562628076
0.166581562628076
0.166581562628076
0.166581562628076
0.166581562628076
0.166581562628076
0.166331068505592
0.166026578282465
0.165974635820964
0.165728445081442
0.165728445081442
0.165727898977656
0.165725971631919
0.165719395519415
0.16571644526977
0.165715529556126
0.165710050968565
0.16570866536107
0.16570866536107
0.165708513714165
0.165708235251318
0.165708104284131
0.165708017323844
0.16570799417135
0.16570797540404
0.16570797540404
0.165707968243221
0.165707967390614
0.165707961134018
0.165707961134018
0.165707961049227
0.165707960706506
0.165707960211796
0.165707959556182
0.165707959556182
0.165707959517089
0.165707959461735
0.165707959407196
0.165707959407196
0.165707959407196
0.165707959407196
0.165707959407196
0.165707959407196
0.165707959407148
0.165707959407123
0.165707959407123
0.165707959407115
0.165707959407115
0.165707959407109
0.165707959407109
0.165707959407109
0.165707959407109
0.165707959407108
0.165707959407108
0.165707959407108
0.165707959407108
0.165707959407108
0.165707959407108
0.165707959407108
0.165707959407108
0.165707959407108
0.165707959407108
0.165707959407108
0.165707959407108
0.165707959407108
0.165707959407108
0.165707959407108
0.165707959407108
0.165707959407108
0.165707959407108
0.165707959407108
0.165707959407108
0.165707959407108
0.165707959407108
0.165707959407108
0.165707959407108
0.165707959407108
0.165707959407108
0.165707959407108
0.165707959407108
0.165707959407108
0.165707959407108
0.165707959407108
0.165707959407108
0.165707959407108
0.165707959407108
0.165707959407108
0.165707959407108
0.165707959407108
0.165707959407108
0.165707959407108
0.165707959407108
0.165707959407108
0.165707959407108
0.165707959407108
0.165707959407108
0.165707959407108
0.165707959407108
0.165707959407108
0.165707959407108
0.165707959407108
0.165707959407108
0.165707959407108
0.165707959407108
0.165707959407108
0.165707959407108
0.163129191293481
0.162071223841899
0.161530950198781
0.161530950198781
0.16145696801644
0.161409642017037
0.161401705081015
0.161394483223383
0.161392663169154
0.161391158405764
0.161391158405764
0.161390503411845
0.161390462036947
0.161390462036947
0.16139036133578
0.161390262698436
0.161390262698436
0.161390262698436
0.16139026083703
0.161390259358392
0.161390255903511
0.161390254232051
0.161390254232051
0.161390252413398
0.161390252413398
0.161390252104773
0.161390252104773
0.161390252039949
0.161390252019376
0.161390252010297
0.161390251992726
0.161390251956511
0.161390251956511
0.16139025195073
0.16139025195073
0.16139025195073
0.161390251950371
0.161390251949755
0.161390251949755
0.161390251949742
0.161390251949725
0.161390251949685
0.161390251949685
0.161390251949672
0.16139025194967
0.161390251949662
0.161390251949662
0.161390251949661
0.161390251949661
0.161390251949661
0.161390251949661
0.161390251949661
0.161390251949661
0.161390251949661
0.161390251949661
0.161390251949661
0.161390251949661
0.161390251949661
0.161390251949661
0.161390251949661
0.161390251949661
0.161390251949661
0.161390251949661
0.161390251949661
0.161390251949661
0.161390251949661
0.161390251949661
0.161390251949661
0.161390251949661
0.161390251949661
0.161390251949661
0.161390251949661
0.161390251949661
0.161390251949661
0.161390251949661
0.161390251949661
0.161390251949661
0.161390251949661
0.161390251949661
0.161390251949661
0.161390251949661
0.161390251949661
0.161390251949661
0.161390251949661
0.161390251949661

