0.56963281097947
0.270964809092561
0.270964809092561
0.270964809092561
0.270964809092561
0.270964809092561
0.270964809092561
0.259505402409453
0.259505402409453
0.259505402409453
0.125844825288133
0.0978369739210851
0.0835636823846131
0.0647226632677137
0.0622072459862402
0.059267861355678
0.059267861355678
0.0565140893456543
0.0551611058217848
0.053984065314727
0.0536648279618428
0.0535940683832626
0.0535940683832626
0.0535657299657009
0.0535376553331664
0.0535052935020894
0.0534859205171939
0.0534827127722013
0.0534814081947663
0.0534783886764112
0.0534767520575844
0.0534760713088714
0.053474980254694
0.0534743818013656
0.0534741761165235
0.0534739607692464
0.0534739198251484
0.0534739024752702
0.0534738225873258
0.0534737322405734
0.0534737322405734
0.0534737314947217
0.0534737302367928
0.0534737294524295
0.0534737294524295
0.0534737287220349
0.0534737283580686
0.0534737283343616
0.0534737283343616
0.0534737282405134
0.0534737281873404
0.0534737281654908
0.0534737281485904
0.0534737281476056
0.053473728118376
0.053473728118376
0.053473728118376
0.0534737281167183
0.0534737281167183
0.0534737281167136
0.0534737281166804
0.0534737281165462
0.0534737281165462
0.0534737281165379
0.0534737281165379
0.0534737281165371
0.0534737281165371
0.0534737281165347
0.0534737281165347
0.0534737281165339
0.0534737281165338
0.0534737281165338
0.0534737281165336
0.0534737281165335
0.0534737281165333
0.0534737281165332
0.0534737281165331
0.0534737281165331
0.0534737281165331
0.0534737281165331
0.0534737281165331
0.0534737281165331
0.0534737281165331
0.0534737281165331
0.0534737281165331
0.0534737281165331
0.0534737281165331
0.0534737281165331
0.0534737281165331
0.0534737281165331
0.0534737281165331
0.0534737281165331
0.0534737281165331
0.0534737281165331
0.0534737281165331
0.0534737281165331
0.0534737281165331
0.0534737281165331
0.0534737281165331
0.0534737281165331
0.0534737281165331
0.0534737281165331
0.0534737281165331
0.0534737281165331
0.0534737281165331
0.0534737281165331
0.0534737281165331
0.0534737281165331
0.0534737281165331
0.0534737281165331
0.0534737281165331
0.0534737281165331
0.0534737281165331
0.0534737281165331
0.0534737281165331
0.0534737281165331
0.0534737281165331
0.0534737281165331
0.0534737281165331
0.0534737281165331
0.0534737281165331
0.0534726412382572
0.0534717117179876
0.0534715077672473
0.0534713286479782
0.0534711877645224
0.0534711872333382
0.0534711481226369
0.0534711419500723
0.0534711407246744
0.0534711390300196
0.0534711390300196
0.0534711384222809
0.0534711383786154
0.053471138297831
0.0534711376974368
0.0534711375202747
0.0534711370568653
0.053471136862031
0.053471136862031
0.0534711368577872
0.0534711368451268
0.0534711368368715
0.0534711368368715
0.0534711368358564
0.053471136835115
0.0534711368328583
0.0534711368326368
0.0534711368321845
0.0534711368321845
0.0534711368321155
0.0534711368320459
0.0534711368320152
0.0534711368319792
0.0534711368319238
0.0534711368319168
0.0534711368319067
0.0534711368319067
0.053471136831904
0.053471136831904
0.053471136831904
0.0534711368319039
0.0534711368319036
0.0534711368319035
0.0534711368319034
0.0534711368319034
0.0534711368319034
0.0534711368319034
0.0534711368319034
0.0534711368319034
0.0534711368319034
0.0534711368319034
0.0534711368319034
0.0534711368319034
0.0534711368319034
0.0534711368319034
0.0534711368319034
0.0534711368319034
0.0534711368319034
0.0534711368319034
0.0534711368319034
0.0534711368319034
0.0534711368319034
0.0534711368319034
0.0534711368319034
0.0534711368319034
0.0534711368319034
0.0534711368319034
0.0534711368319034
0.0534711368319034
0.0534711368319034
0.0534711368319034
0.0534711368319034
0.0534711368319034
0.0534711368319034
0.0534711368319034
0.0534711368319034
0.0534711368319034
0.0534711368319034
0.0534711368319034
0.0534711368319034
0.0534711368319034
0.0534711368319034
0.0534711368319034
0.0534711368319034
0.0534711368319034
0.0534711368319034
0.0534711368319034
0.0534711368319034
0.0534711368319034
0.0534711368319034
0.0534711368319034
0.0534711368319034
0.0534711368319034
0.0534711368319034
0.0534711368319034
0.0534711368319034
0.0534711368319034
0.0534711368319034
0.0534711368319034
0.0534651090533228
0.0534651090533228
0.0534639640293396
0.0534634045383331
0.053463385408262
0.053463385408262
0.0534629389095855
0.0534629389095855
0.0534629168412083
0.0534628972589747
0.0534628972589747
0.0534628972589747
0.0534628972589747
0.0534628955699976
0.0534628955699976
0.0534628955204485
0.0534628953737815
0.0534628953100704
0.0534628953100704
0.053462895180701
0.0534628951333257
0.0534628951315005
0.0534628951315005
0.0534628951280909
0.0534628951254588
0.053462895124398
0.053462895124398
0.0534628951229359
0.0534628951229359
0.0534628951226919
0.0534628951225755
0.0534628951225739
0.0534628951225608
0.053462895122484
0.053462895122484
0.0534628951224779
0.0534628951224686
0.0534628951224676
0.0534628951224672
0.0534628951224644
0.0534628951224644
0.0534628951224644
0.0534628951224642
0.0534628951224642
0.0534628951224641
0.053462895122464
0.0534628951224639
0.0534628951224636
0.0534628951224636
0.0534628951224635
0.0534628951224635
0.0534628951224635
0.0534628951224635
0.0534628951224635
0.0534628951224635
0.0534628951224635
0.0534628951224635
0.0534628951224635
0.0534628951224635
0.0534628951224635
0.0534628951224635
0.0534628951224635
0.0534628951224635
0.0534628951224635
0.0534628951224635
0.0534628951224635
0.0534628951224635
0.0534628951224635
0.0534628951224635
0.0534628951224635
0.0534628951224635
0.0534628951224635
0.0534628951224635
0.0534628951224635
0.0534628951224635
0.0534628951224635
0.0534628951224635
0.0534628951224635
0.0534628951224635
0.0534628951224635
0.0534628951224635
0.0534628951224635
0.0534628951224635
0.0534628951224635
0.0534628951224635
0.0534628951224635
0.0534628951224635
0.0534628951224635
0.0534628951224635
0.0534628951224635
0.0534628951224635
0.0534628951224635
0.0534628951224635
0.0534628951224635
0.0534628951224635
0.0534628951224635
0.0534628951224635
0.0534628951224635
0.0534628951224635
0.0534628951224635
0.0534628951224635
0.0534628951224635
0.0534628951224635
0.0534628951224635
0.0534628951224635
0.0534627504112544
0.0534627076025062
0.0534627076025062
0.0534627076025062
0.0534627027004915
0.0534627004094555
0.0534627001956835
0.0534627001956835
0.0534627000162802
0.0534626999220564
0.0534626999220564
0.0534626999056094
0.0534626999038773
0.0534626998957927
0.0534626998880569
0.0534626998854128
0.0534626998854128
0.0534626998834572
0.0534626998818685
0.0534626998809366
0.0534626998809366
0.0534626998809246
0.0534626998809171
0.0534626998809147
0.0534626998809147
0.0534626998809147
0.0534626998809146
0.0534626998809135
0.0534626998809107
0.0534626998809107
0.0534626998809104
0.0534626998809103
0.0534626998809101
0.05346269988091
0.05346269988091
0.0534626998809099
0.0534626998809099
0.0534626998809099
0.0534626998809099
0.0534626998809099
0.0534626998809099
0.0534626998809099
0.0534626998809099
0.0534626998809099
0.0534626998809099
0.0534626998809099
0.0534626998809099
0.0534626998809099
0.0534626998809099
0.0534626998809099
0.0534626998809099
0.0534626998809099
0.0534626998809099
0.0534626998809099
0.0534626998809099
0.0534626998809099
0.0534626998809099
0.0534626998809099
0.0534626998809099
0.0534626998809099
0.0534626998809099
0.0534626998809099
0.0534626998809099
0.0534626998809099
0.0534626998809099
0.0534626998809099
0.0534626998809099
0.0534626998809099
0.0534626998809099
0.0534626998809099
0.0534626998809099
0.0534626998809099
0.0534626998809099
0.0534626998809099
0.0534626998809099
0.0534626998809099
0.0534626998809099
0.0534626998809099
0.0534626998809099
0.0534626998809099
0.0534626998809099
0.0534626998809099
0.0534626998809099
0.0534626998809099
0.0534626998809099
0.0534626998809099
0.0534626998809099
0.0534626998809099
0.0534626998809099
0.0534626998809099
0.0534626998809099
0.0534626998809099
0.0534626998809099
0.0534626998809099
0.0534626998809099
0.0534626998809099
0.0534626998809099
0.0534626977609837
0.0534626977609837
0.0534626920752086
0.0534626891095753
0.0534626870032375
0.0534626867469409
0.0534626867469409
0.053462685644171
0.053462685644171
0.0534626854586314
0.0534626853628136
0.0534626853471669
0.0534626852351652
0.0534626852351652
0.0534626852088989
0.0534626852088989
0.0534626852045417
0.0534626852045417
0.0534626852043785
0.0534626852043785
0.0534626852041293
0.0534626852041293
0.0534626852039429
0.0534626852038613
0.0534626852038357
0.0534626852038328
0.0534626852037961
0.0534626852037961
0.0534626852037928
0.0534626852037928
0.0534626852037884
0.0534626852037855
0.0534626852037855
0.0534626852037848
0.0534626852037847
0.0534626852037845
0.0534626852037844
0.0534626852037842
0.0534626852037842
0.0534626852037842
0.0534626852037841
0.0534626852037841
0.0534626852037841
0.0534626852037841
0.0534626852037841
0.0534626852037841
0.0534626852037841
0.0534626852037841
0.0534626852037841
0.0534626852037841
0.0534626852037841
0.0534626852037841
0.0534626852037841
0.0534626852037841
0.0534626852037841
0.0534626852037841
0.0534626852037841
0.0534626852037841
0.0534626852037841
0.0534626852037841
0.0534626852037841
0.0534626852037841
0.0534626852037841
0.0534626852037841
0.0534626852037841
0.0534626852037841
0.0534626852037841
0.0534626852037841
0.0534626852037841
0.0534626852037841
0.0534626852037841
0.0534626852037841
0.0534626852037841
0.0534626852037841
0.0534626852037841
0.0534626852037841
0.0534626852037841
0.0534626852037841

