0.395401284063676
0.395401284063676
0.395401284063676
0.32790744476656
0.32790744476656
0.247163661824186
0.192189882780338
0.192189882780338
0.095631363554629
0.095631363554629
0.095631363554629
0.095631363554629
0.095631363554629
0.0408885042477418
0.0298702092171874
0.0285362627765019
0.0285362627765019
0.0283083832003403
0.0258200312985974
0.0235878375061701
0.0209100129729176
0.0195048982346676
0.018859803892243
0.0185771233875527
0.018573442072823
0.0183944710751928
0.0183437060495556
0.018332883644871
0.0183002547596797
0.0182950833023631
0.0182918410389999
0.0182777995125292
0.0182777995125292
0.0182777995125292
0.0182774338394009
0.0182765991976882
0.0182762456699967
0.0182761486558801
0.0182759796835497
0.0182759796835497
0.0182759723107277
0.0182759723107277
0.018275962627539
0.0182759516607012
0.0182759446743806
0.0182759430720222
0.0182759406392358
0.0182759406392358
0.0182759401799372
0.0182759396355991
0.0182759394877256
0.0182759391117873
0.0182759391117873
0.0182759389763205
0.0182759389763205
0.0182759389700633
0.0182759389700633
0.0182759389629325
0.0182759389618646
0.0182759389605437
0.0182759389587061
0.0182759389580423
0.0182759389579209
0.0182759389576785
0.0182759389576785
0.0182759389576785
0.0182759389576694
0.0182759389576373
0.0182759389576373
0.0182759389576373
0.0182759389576358
0.0182759389576358
0.0182759389576352
0.018275938957635
0.0182759389576349
0.0182759389576349
0.0182759389576349
0.0182759389576349
0.0182759389576349
0.0182759389576349
0.0182759389576349
0.0182759389576349
0.0182759389576349
0.0182759389576349
0.0182759389576349
0.0182759389576349
0.0182759389576349
0.0182759389576349
0.0182759389576349
0.0182759389576349
0.0182759389576349
0.0182759389576349
0.0182759389576349
0.0182759389576349
0.0182759389576349
0.0182759389576349
0.0182759389576349
0.0182759389576349
0.0182759389576349
0.0182759389576349
0.0182759389576349
0.0182759389576349
0.0182759389576349
0.0182759389576349
0.0182759389576349
0.0182759389576349
0.0182759389576349
0.0182759389576349
0.0182759389576349
0.0182759389576349
0.0182759389576349
0.0182759389576349
0.0182759389576349
0.0182759389576349
0.0182759389576349
0.0182759389576349
0.0182759389576349
0.0182759389576349
0.0182759389576349
0.0182759389576349
0.0182759389576349
0.0182759389576349
0.0182759389576349
0.0182759389576349
0.0182759389576349
0.0182759389576349
0.0182759389576349
0.018275938848424
0.018275938848424
0.018275938848424
0.0182759387724209
0.0182759387724209
0.0182759387724209
0.0182759387724209
0.0182759387724195
0.0182759387629374
0.0182759387605761
0.0182759387605761
0.0182759387605401
0.0182759387603012
0.0182759387602975
0.0182759387601822
0.0182759387601818
0.0182759387600674
0.0182759387600674
0.0182759387600581
0.0182759387600581
0.0182759387600538
0.0182759387600533
0.0182759387600492
0.0182759387600491
0.0182759387600487
0.0182759387600485
0.0182759387600484
0.0182759387600483
0.0182759387600483
0.0182759387600483
0.0182759387600483
0.0182759387600483
0.0182759387600483
0.0182759387600483
0.0182759387600483
0.0182759387600483
0.0182759387600483
0.0182759387600483
0.0182759387600483
0.0182759387600483
0.0182759387600483
0.0182759387600483
0.0182759387600483
0.0182759387600483
0.0182759387600483
0.0182759387600483
0.0182759387600483
0.0182759387600483
0.0182759387600483
0.0182759387600483
0.0182759387600483
0.0182759387600483
0.0182759387600483
0.0182759387600483
0.0182759387600483
0.0182759387600483
0.0182759387600483
0.0182759387600483
0.0182759387600483
0.0182759387600483
0.0182759387600483
0.0182759387600483
0.0182759387600483
0.0182759387600483
0.0182759387600483
0.0182759387600483
0.0182759387600483
0.0182759387600483
0.0182759387600483
0.0182759387600483
0.0182759387600483
0.0182759387600483
0.0182759387600483
0.0182759387600483
0.0182759387600483
0.0182759387600483
0.0182759387600483
0.0182759387600483
0.0182759387600483
0.0182759387600483
0.0182759387600483
0.0182759387600483
0.0182759387600483
0.0182759387600483
0.0182759387600483
0.0182759387600483
0.0182759387600483
0.0182759387600483
0.0182759387600483
0.0182759387600483
0.0182759387600483
0.0182759387600483
0.0182759387600483
0.0182759387600483
0.0182759387600483
0.0182759387600483
0.0182759387600483
0.0182759387600483
0.0182759387600483
0.0182759387600483
0.0182759387600483
0.0182759387600483
0.0182759387600483
0.0182759387600483
0.0182759387600483
0.0182759387600483
0.0182759387600483
0.0182759387600483
0.0182759387597867
0.018275938759741
0.0182759387596922
0.0182759387596115
0.0182759387595718
0.0182759387595592
0.0182759387595567
0.0182759387595567
0.0182759387595556
0.0182759387595554
0.0182759387595546
0.0182759387595541
0.018275938759554
0.0182759387595537
0.0182759387595536
0.0182759387595536
0.0182759387595535
0.0182759387595535
0.0182759387595535
0.0182759387595535
0.0182759387595535
0.0182759387595535
0.0182759387595535
0.0182759387595535
0.0182759387595535
0.0182759387595535
0.0182759387595535
0.0182759387595535
0.0182759387595535
0.0182759387595535
0.0182759387595535
0.0182759387595535
0.0182759387595535
0.0182759387595535
0.0182759387595535
0.0182759387595535
0.0182759387595535
0.0182759387595535
0.0182759387595535
0.0182759387595535
0.0182759387595535
0.0182759387595535
0.0182759387595535
0.0182759387595535
0.0182759387595535
0.0182759387595535
0.0182759387595535
0.0182759387595535
0.0182759387595535
0.0182759387595535
0.0182759387595535
0.0182759387595535
0.0182759387595535
0.0182759387595535
0.0182759387595535
0.0182759387595535
0.0182759387595535
0.0182759387595535
0.0182759387595535
0.0182759387595535
0.0182759387595535
0.0182759387595535
0.0182759387595535
0.0182759387595535
0.0182759387595535
0.0182759387595535
0.0182759387595535
0.0182759387595535
0.0182759387595535
0.0182759387595535
0.0182759387595535
0.0182759387595535
0.0182759387595535
0.0182759387595535
0.0182759387595535
0.0182759387595535
0.0182759387595535
0.0182759387595535
0.0182759387595535
0.0182759387595535
0.0182759387595535
0.0182759387595535
0.0182759387595535
0.0182759387595535
0.0182759387595535
0.0182759387595535
0.0182759387595535
0.0182759387595535
0.0182759387595535
0.0182759387595535
0.0182759387595535
0.0182759387595535
0.0182759387595535
0.0182759387595535
0.0182759387595535
0.0182759387595535
0.0182759387595535
0.0182759387595535
0.0182759387595535
0.0182759387595535
0.0182759387595535
0.0182759387595535
0.0182759387595535
0.018275938759543
0.0182759387595424
0.018275938759541
0.018275938759541
0.0182759387595357
0.0182759387595354
0.0182759387595354
0.0182759387595347
0.0182759387595347
0.0182759387595345
0.0182759387595344
0.0182759387595343
0.018275938759534
0.0182759387595339
0.0182759387595339
0.0182759387595339
0.0182759387595339
0.0182759387595339
0.0182759387595339
0.0182759387595339
0.0182759387595339
0.0182759387595339
0.0182759387595339
0.0182759387595339
0.0182759387595339
0.0182759387595339
0.0182759387595339
0.0182759387595339
0.0182759387595339
0.0182759387595339
0.0182759387595339
0.0182759387595339
0.0182759387595339
0.0182759387595339
0.0182759387595339
0.0182759387595339
0.0182759387595339
0.0182759387595339
0.0182759387595339
0.0182759387595339
0.0182759387595339
0.0182759387595339
0.0182759387595339
0.0182759387595339
0.0182759387595339
0.0182759387595339
0.0182759387595339
0.0182759387595339
0.0182759387595339
0.0182759387595339
0.0182759387595339
0.0182759387595339
0.0182759387595339
0.0182759387595339
0.0182759387595339
0.0182759387595339
0.0182759387595339
0.0182759387595339
0.0182759387595339
0.0182759387595339
0.0182759387595339
0.0182759387595339
0.0182759387595339
0.0182759387595339
0.0182759387595339
0.0182759387595339
0.0182759387595339
0.0182759387595339
0.0182759387595339
0.0182759387595339
0.0182759387595339
0.0182759387595339
0.0182759387595339
0.0182759387595339
0.0182759387595339
0.0182759387595339
0.0182759387595339
0.0182759387595339
0.0182759387595339
0.0182759387595339
0.0182759387595339
0.0182759387595339
0.0182759387595339
0.0182759387595339
0.0182759387595339
0.0182759387595339
0.0182759387595339
0.0182759387595339
0.0182759387595339
0.0182759387595339
0.0182759387595339
0.0182759387595339
0.0182759387595339
0.0182759387595339
0.0182759387595339
0.0182759387595339
0.0182759387595339
0.0182759387595339
0.0182759387595339
0.0182759387595339
0.0182759387595339
0.0182759387595339
0.0182759387595339
0.0182759387595339
0.0182759387595339
0.0182759387595339
0.0182759387595339
0.0182759387595339
0.0182759387595339
0.0182759387595339
0.0182759387595339
0.0182759387595339
0.0182759387595339
0.0182759387595339
0.0182759387595339
0.0182759387595339
0.0182759387595339
0.0182759387595339
0.0182759387595339
0.0182759387595339
0.0182759387595339
0.0182759387595339
0.0182759387595339
0.0182759387595339
0.0182759387595339
0.0182759387595339
0.0182759387595339
0.0182759387595339
0.0182759387595339
0.0182759387595339
0.0182759387595339
0.0182759387595339
0.0182759387595339
0.0182759387595339
0.0182759387595339
0.0182759387595339
0.0182759387595339
0.0182759387595339
0.0182759387595339
0.0182759387595339
0.0182759387595339
0.0182759387595339
0.0182759387595339
0.0182759387595339
0.0182759387595339
0.0182759387595339
0.0182759387595339
0.0182759387595339
0.0182759387595339
0.0182759387595339
0.0182759387595339
0.0182759387595339
0.0182759387595339
0.0182759387595339
0.0182759387595339
0.0182759387595339
0.0182759387595339
0.0182759387595339
0.0182759387595339
0.0182759387595339
0.0182759387595339
0.0182759387595339

