0.448188210134732
0.448188210134732
0.448188210134732
0.448188210134732
0.448188210134732
0.448188210134732
0.441628467252998
0.441628467252998
0.344047339552117
0.344047339552117
0.344047339552117
0.344047339552117
0.308212736700462
0.308212736700462
0.286053322290024
0.213532461493268
0.213532461493268
0.213532461493268
0.213532461493268
0.213532461493268
0.213532461493268
0.203655563110877
0.203517969880494
0.203517969880494
0.203517969880494
0.203517969880494
0.203517969880494
0.203517969880494
0.203517969880494
0.203517969880494
0.203517969880494
0.203517969880494
0.20346392816354
0.20346392816354
0.20346392816354
0.20346392816354
0.20346392816354
0.20346392816354
0.20346392816354
0.20346392816354
0.20346392816354
0.20346392816354
0.20346392816354
0.20346392816354
0.20346392816354
0.20346392816354
0.20346392816354
0.20346392816354
0.20346392816354
0.20346392816354
0.20346392816354
0.20346392816354
0.20346392816354
0.20346392816354
0.20346392816354
0.20346392816354
0.20346392816354
0.20346392816354
0.20346392816354
0.20346392816354
0.20346392816354
0.20346392816354
0.20346392816354
0.20346392816354
0.20346392816354
0.20346392816354
0.20346392816354
0.20346392816354
0.20346392816354
0.20346392816354
0.20346392816354
0.20346392816354
0.20346392816354
0.20346392816354
0.20346392816354
0.20346392816354
0.20346392816354
0.20346392816354
0.20346392816354
0.20346392816354
0.20346392816354
0.20346392816354
0.20346392816354
0.20346392816354
0.20346392816354
0.20346392816354
0.20346392816354
0.20346392816354
0.20346392816354
0.20346392816354
0.20346392816354
0.20346392816354
0.20346392816354
0.20346392816354
0.20346392816354
0.20346392816354
0.20346392816354
0.20346392816354
0.20346392816354
0.20346392816354
0.20346392816354
0.20346392816354
0.20346392816354
0.20346392816354
0.20346392816354
0.20346392816354
0.20346392816354
0.20346392816354
0.20346392816354
0.20346392816354
0.20346392816354
0.20346392816354
0.20346392816354
0.20346392816354
0.20346392816354
0.20346392816354
0.20346392816354
0.20346392816354
0.20346392816354
0.20346392816354
0.20346392816354
0.203429729847511
0.203429729847511
0.203429729847511
0.203429729847511
0.203429729847511
0.203429729847511
0.203429729847511
0.203429729847511
0.203429729847511
0.203429729847511
0.203429729847511
0.203429729847511
0.203429729847511
0.203429729847511
0.203429729847511
0.203429729847511
0.203429729847511
0.203429729847511
0.203429729847511
0.203429729847511
0.203429729847511
0.203429729847511
0.203429729847511
0.203429729847511
0.203429729847511
0.203429729847511
0.203429729847511
0.203429729847511
0.203429729847511
0.203429729847511
0.203429729847511
0.203429729847511
0.203429729847511
0.203429729847511
0.203429729847511
0.203429729847511
0.203429729847511
0.203429729847511
0.203429729847511
0.203429729847511
0.203429729847511
0.203429729847511
0.203429729847511
0.203429729847511
0.203429729847511
0.203429729847511
0.203429729847511
0.203429729847511
0.203429729847511
0.203429729847511
0.203429729847511
0.203429729847511
0.203429729847511
0.203429729847511
0.203429729847511
0.203429729847511
0.203429729847511
0.203429729847511
0.203429729847511
0.203429729847511
0.203429729847511
0.203429729847511
0.203429729847511
0.203429729847511
0.203429729847511
0.203429729847511
0.203429729847511
0.203429729847511
0.203429729847511
0.203429729847511
0.203429729847511
0.203429729847511
0.203429729847511
0.203429729847511
0.203429729847511
0.203429729847511
0.203429729847511
0.203429729847511
0.203429729847511
0.203429729847511
0.203429729847511
0.203429729847511
0.203429729847511
0.203429729847511
0.203429729847511
0.203429729847511
0.203429729847511
0.203429729847511
0.203429729847511
0.203429729847511
0.203429729847511
0.203429729847511
0.203429729847511
0.203429729847511
0.203429729847511
0.203429729847511
0.203429729847511
0.203429729847511
0.203429729847511
0.203429729847511
0.203429729847511
0.203429729847511
0.203429729847511
0.203429729847511
0.203429729847511
0.203429729847511
0.203429729847511
0.203429729847511
0.203429729847511
0.203429729847511
0.203429729847511
0.203429729847511
0.203429729847511
0.203429729847511
0.203429729847511
0.203429729847511
0.203429729847511
0.203429729847511
0.203429729847511
0.203429729847511
0.203429729847511
0.203429729847511
0.203429729847511
0.203429729847511
0.203429729847511
0.203429729847511
0.203429729847511
0.203429729847511
0.203429729847511
0.203429729847511
0.203429729847511
0.203429729847511
0.203429729847511
0.203429729847511
0.203429729847511
0.203429729847511
0.203429729847511
0.203429729847511
0.203429729847511
0.203429729847511
0.203429729847511
0.203429729847511
0.203429729847511
0.203429729847511
0.203429729847511
0.203429729847511
0.203429729847511
0.203429729847511
0.203429729847511
0.203429729847511
0.203429729847511
0.203429729847511
0.203429729847511
0.203429729847511
0.203429729847511
0.203429729847511
0.203429729847511
0.203429729847511
0.203429729847511
0.203429729847511
0.203429729847511
0.203429729847511
0.203429729847511
0.203429729847511
0.203429729847511
0.203429729847511
0.203429729847511
0.203429729847511
0.203429729847511
0.203429729847511
0.203429729847511
0.203429729847511
0.203429729847511
0.203429729847511
0.203429729847511
0.203429729847511
0.203429729847511
0.203429729847511
0.203429729847511
0.203429729847511
0.203429729847511
0.203429729847511
0.203429729847511
0.203429729847511
0.203429729847511
0.203429729847511
0.203429729847511
0.203429729847511
0.203429729847511
0.203429729847511
0.203429729847511
0.203429729847511
0.203429729847511
0.203429729847511
0.203429729847511
0.203429729847511
0.203429729847511
0.203429729847511
0.203429729847511
0.203429729847511
0.203429729847511
0.203429729847511
0.203429729847511
0.203429729847511
0.203429729847511
0.203429729847511
0.203429729847511
0.203429729847511
0.203429729847511
0.203429729847511
0.203429729847511
0.203429729847511
0.203429729847511
0.203429729847511
0.203429729847511
0.203429729847511
0.203429729847511
0.203429729847511
0.203429729847511
0.203429729847511
0.203429729847511
0.203429729847511
0.203429729847511
0.203429729847511
0.203429729847511
0.203429729847511
0.203429729847511
0.203429729847511
0.203429729847511
0.203429729847511
0.203429729847511
0.203429729847511
0.203429729847511
0.203429729847511
0.203429729847511
0.203429729847511
0.203429729847511
0.203429729847511
0.203429729847511
0.203429729847511
0.203429729847511
0.203429729847511
0.203429729847511
0.203429729847511
0.203429729847511
0.203429729847511
0.203429729847511
0.203429729847511
0.203429729847511
0.203429729847511
0.203429729847511
0.203429729847511
0.203429729847511
0.203429729847511
0.203429729847511
0.203429729847511
0.203429729847511
0.203429729847511
0.203429729847511
0.203429729847511
0.203429729847511
0.203429729847511
0.203429729847511
0.203429729847511
0.203429729847511
0.203429729847511
0.203429729847511
0.203429729847511
0.203429729847511
0.203429729847511
0.203429729847511
0.203429729847511
0.203429729847511
0.203429729847511
0.203429729847511
0.203429729847511
0.203429729847511
0.203429729847511
0.203429729847511
0.203429729847511
0.203429729847511
0.203429729847511
0.203429729847511
0.203429729847511
0.203429729847511
0.203429729847511
0.203429729847511
0.203429729847511
0.203429729847511
0.203429729847511
0.203429729847511
0.203429729847511
0.203429729847511
0.203429729847511
0.203429729847511
0.203429729847511
0.203429729847511
0.203429729847511
0.203429729847511
0.203429729847511
0.203429729847511
0.203429729847511
0.203429729847511
0.203429729847511
0.203429729847511
0.203429729847511
0.203429729847511
0.203422265647051
0.203422265647051
0.203422265647051
0.203422265647051
0.203422265647051
0.203422265647051
0.203422265647051
0.203422265647051
0.203422265647051
0.203422265647051
0.203422265647051
0.203422265647051
0.203422265647051
0.203422265647051
0.203422265647051
0.203422265647051
0.203422265647051
0.203422265647051
0.203422265647051
0.203422265647051
0.203422265647051
0.203422265647051
0.203422265647051
0.203422265647051
0.203422265647051
0.203422265647051
0.203422265647051
0.203422265647051
0.203422265647051
0.203422265647051
0.203422265647051
0.203422265647051
0.203422265647051
0.203422265647051
0.203422265647051
0.203422265647051
0.203422265647051
0.203422265647051
0.203422265647051
0.203422265647051
0.203422265647051
0.203422265647051
0.203422265647051
0.203422265647051
0.203422265647051
0.203422265647051
0.203422265647051
0.203422265647051
0.203422265647051
0.203422265647051
0.203422265647051
0.203422265647051
0.203422265647051
0.203422265647051
0.203422265647051
0.203422265647051
0.203422265647051
0.203422265647051
0.203422265647051
0.203422265647051
0.203422265647051
0.203422265647051
0.203422265647051
0.203422265647051
0.203422265647051
0.203422265647051
0.203422265647051
0.203422265647051
0.203422265647051
0.203422265647051
0.203422265647051
0.203422265647051

