0.712674637998278
0.614802393365449
0.614802393365449
0.614802393365449
0.614802393365449
0.614802393365449
0.614802393365449
0.614802393365449
0.614802393365449
0.614802393365449
0.614802393365449
0.614802393365449
0.614802393365449
0.614802393365449
0.614802393365449
0.614802393365449
0.614802393365449
0.614802393365449
0.614802393365449
0.614802393365449
0.41984671109136
0.41984671109136
0.384169797967307
0.384169797967307
0.384169797967307
0.384169797967307
0.381930695623565
0.381930695623565
0.381930695623565
0.381930695623565
0.381930695623565
0.381930695623565
0.381930695623565
0.381930695623565
0.381929348509793
0.381929348509793
0.381929348509793
0.381929348509793
0.381929348509793
0.381929348509793
0.381929348509793
0.381929348509793
0.381929348509793
0.349044905315397
0.349044905315397
0.349044905315397
0.349044905315397
0.349044905315397
0.349044905315397
0.349044905315397
0.349044905315397
0.349044905315397
0.349044905315397
0.349044905315397
0.349044905315397
0.349044905315397
0.349044905315397
0.349044905315397
0.349044905315397
0.349044905315397
0.349044905315397
0.349044905315397
0.349044905315397
0.349044905315397
0.349044905315397
0.349044905315397
0.349044905315397
0.349044905315397
0.349044905315397
0.349044905315397
0.349044905315397
0.349044905315397
0.349044905315397
0.346829221346001
0.345543790981155
0.345543790981155
0.345543790981155
0.345543790981155
0.345543790981155
0.345543790981155
0.345543790981155
0.345543790981155
0.345543790981155
0.345543790981155
0.345543790981155
0.345543790981155
0.345543790981155
0.345543790981155
0.345543790981155
0.345543790981155
0.345543790981155
0.345543790981155
0.345543790981155
0.345543790981155
0.345543790981155
0.345543790981155
0.345543790981155
0.345543790981155
0.345543790981155
0.345543790981155
0.345543790981155
0.345543790981155
0.345543790981155
0.345543790981155
0.345543790981155
0.345543790981155
0.345543790981155
0.345543790981155
0.345543790981155
0.345543790981155
0.345543790981155
0.345543790981155
0.345543790981155
0.345543790981155
0.337343542316218
0.337343542316218
0.337343542316218
0.337343542316218
0.337343542316218
0.337322003769853
0.337322003769853
0.337259230202125
0.337202004749251
0.337202004749251
0.337202004749251
0.337202004749251
0.337202004749251
0.337202004749251
0.337202004749251
0.337202004749251
0.337202004749251
0.337202004749251
0.337202004749251
0.337202004749251
0.337202004749251
0.337202004749251
0.337202004749251
0.337202004749251
0.337202004749251
0.337202004749251
0.337202004749251
0.337202004749251
0.337202004749251
0.337202004749251
0.337202004749251
0.337202004749251
0.337202004749251
0.337202004749251
0.337202004749251
0.337202004749251
0.337202004749251
0.337202004749251
0.337202004749251
0.337202004749251
0.337202004749251
0.337202004749251
0.337202004749251
0.337202004749251
0.337202004749251
0.337202004749251
0.337202004749251
0.337202004749251
0.337202004749251
0.337202004749251
0.337202004749251
0.337202004749251
0.337202004749251
0.337202004749251
0.337202004749251
0.337202004749251
0.337202004749251
0.337202004749251
0.337202004749251
0.337202004749251
0.337202004749251
0.337202004749251
0.337202004749251
0.337202004749251
0.337202004749251
0.337202004749251
0.337202004749251
0.337202004749251
0.337202004749251
0.337202004749251
0.337202004749251
0.337202004749251
0.337202004749251
0.337202004749251
0.337202004749251
0.337202004749251
0.337202004749251
0.337202004749251
0.337202004749251
0.337202004749251
0.337202004749251
0.337202004749251
0.337202004749251
0.337202004749251
0.337202004749251
0.337202004749251
0.337202004749251
0.337202004749251
0.337202004749251
0.337202004749251
0.337202004749251
0.337202004749251
0.337202004749251
0.337202004749251
0.337202004749251
0.337202004749251
0.325152760848501
0.321639710567834
0.321639710567834
0.321639710567834
0.321639710567834
0.313145185464355
0.30357943957218
0.30357943957218
0.30357943957218
0.30357943957218
0.30357943957218
0.30357943957218
0.30357943957218
0.30357943957218
0.30357943957218
0.30357943957218
0.30357943957218
0.30357943957218
0.30357943957218
0.30357943957218
0.30357943957218
0.30357943957218
0.30357943957218
0.30357943957218
0.30357943957218
0.30357943957218
0.30357943957218
0.30357943957218
0.30357943957218
0.30357943957218
0.30357943957218
0.30357943957218
0.30357943957218
0.30357943957218
0.30357943957218
0.30357943957218
0.30357943957218
0.30357943957218
0.30357943957218
0.30357943957218
0.30357943957218
0.30357943957218
0.30357943957218
0.30357943957218
0.30357943957218
0.30357943957218
0.30357943957218
0.30357943957218
0.30357943957218
0.30357943957218
0.30357943957218
0.30357943957218
0.30357943957218
0.30357943957218
0.30357943957218
0.30357943957218
0.30357943957218
0.30357943957218
0.30357943957218
0.30357943957218
0.30357943957218
0.30357943957218
0.30357943957218
0.30357943957218
0.30357943957218
0.30357943957218
0.30357943957218
0.30357943957218
0.30357943957218
0.30357943957218
0.30357943957218
0.30357943957218
0.30357943957218
0.30357943957218
0.30357943957218
0.30357943957218
0.30357943957218
0.30357943957218
0.30357943957218
0.30357943957218
0.30357943957218
0.30357943957218
0.30357943957218
0.30357943957218
0.30357943957218
0.30357943957218
0.30357943957218
0.30357943957218
0.30357943957218
0.30357943957218
0.30357943957218
0.30357943957218
0.30357943957218
0.30357943957218
0.30357943957218
0.30357943957218
0.30357943957218
0.30357943957218
0.30357943957218
0.30357943957218
0.30357943957218
0.30357943957218
0.30357943957218
0.30357943957218
0.30357943957218
0.30357943957218
0.30357943957218
0.30357943957218
0.30357943957218
0.293874534664104
0.293874534664104
0.292316938506185
0.292316938506185
0.292316938506185
0.292316938506185
0.292316938506185
0.292316938506185
0.292316938506185
0.292316938506185
0.292316938506185
0.292316938506185
0.292316938506185
0.292316938506185
0.292316938506185
0.292316938506185
0.292316938506185
0.292316938506185
0.292316938506185
0.292316938506185
0.292316938506185
0.292316938506185
0.292316938506185
0.292316938506185
0.292316938506185
0.292316938506185
0.292316938506185
0.292316938506185
0.292316938506185
0.292316938506185
0.292316938506185
0.292316938506185
0.292316938506185
0.292316938506185
0.292316938506185
0.292316938506185
0.292316938506185
0.292316938506185
0.292316938506185
0.292316938506185
0.292316938506185
0.292316938506185
0.292316938506185
0.292316938506185
0.292316938506185
0.292316938506185
0.292316938506185
0.292316938506185
0.292316938506185
0.292316938506185
0.292316938506185
0.292316938506185
0.292316938506185
0.292316938506185
0.292316938506185
0.292316938506185
0.292316938506185
0.292316938506185
0.292316938506185
0.292316938506185
0.292316938506185
0.292316938506185
0.292316938506185
0.292316938506185
0.292316938506185
0.292316938506185
0.292316938506185
0.292316938506185
0.292316938506185
0.292316938506185
0.292316938506185
0.292316938506185
0.292316938506185
0.292316938506185
0.292316938506185
0.292316938506185
0.292316938506185
0.292316938506185
0.292316938506185
0.292316938506185
0.292316938506185
0.292316938506185
0.292316938506185
0.292316938506185
0.292316938506185
0.292316938506185
0.292316938506185
0.292316938506185
0.292316938506185
0.292316938506185
0.292316938506185
0.292316938506185
0.292316938506185
0.292316938506185
0.292316938506185
0.292316938506185
0.292316938506185
0.292316938506185
0.292316938506185
0.292316938506185
0.292316938506185
0.292316938506185
0.292316938506185
0.292316938506185
0.292316938506185
0.292316938506185
0.288482778957492
0.288482778957492
0.288482778957492
0.288482778957492
0.288482778957492
0.288482778957492
0.288482778957492
0.288482778957492
0.288482778957492
0.288482778957492
0.288482778957492
0.288482778957492
0.288482778957492
0.288482778957492
0.288482778957492
0.288482778957492
0.288482778957492
0.288482778957492
0.288482778957492
0.288482778957492
0.288482778957492
0.288482778957492
0.288482778957492
0.288482778957492
0.288482778957492
0.288482778957492
0.288482778957492
0.288482778957492
0.288482778957492
0.288482778957492
0.288482778957492
0.288482778957492
0.288482778957492
0.288482778957492
0.288482778957492
0.288482778957492
0.288482778957492
0.288482778957492
0.288482778957492
0.288482778957492
0.288482778957492
0.288482778957492
0.288482778957492
0.288482778957492
0.288482778957492
0.288482778957492
0.288482778957492
0.288482778957492
0.288482778957492
0.288482778957492
0.288482778957492
0.288482778957492
0.288482778957492
0.288482778957492
0.288482778957492
0.288482778957492
0.288482778957492
0.288482778957492
0.288482778957492
0.288482778957492
0.288482778957492
0.288482778957492
0.288482778957492
0.288482778957492
0.288482778957492
0.288482778957492
0.288482778957492
0.288482778957492
0.288482778957492
0.288482778957492
0.288482778957492
0.288482778957492
0.288482778957492
0.288482778957492
0.288482778957492

