0.637393523028525
0.637393523028525
0.637393523028525
0.61761455764785
0.490828389949972
0.443034956441873
0.443034956441873
0.443034956441873
0.385508227504713
0.385508227504713
0.385508227504713
0.385508227504713
0.385508227504713
0.385508227504713
0.385508227504713
0.385508227504713
0.385508227504713
0.385508227504713
0.385508227504713
0.288091833631659
0.288091833631659
0.288091833631659
0.288091833631659
0.286161338066817
0.268947406915258
0.268947406915258
0.268947406915258
0.268947406915258
0.268947406915258
0.268947406915258
0.268947406915258
0.268947406915258
0.268947406915258
0.268947406915258
0.268947406915258
0.268947406915258
0.268947406915258
0.268947406915258
0.268947406915258
0.268947406915258
0.268947406915258
0.268947406915258
0.268947406915258
0.268947406915258
0.268947406915258
0.268947406915258
0.268947406915258
0.268891871077096
0.268885688962436
0.268885688962436
0.268884178604669
0.268882553330049
0.268882553330049
0.268882553330049
0.268882553330049
0.268882553330049
0.268882553330049
0.268882553330049
0.268882553330049
0.268882553330049
0.268882553330049
0.268882553330049
0.268882553330049
0.268882553330049
0.268882553330049
0.268882553330049
0.268882553330049
0.268882553330049
0.268882553330049
0.268882553330049
0.268882553330049
0.268882553330049
0.268882553330049
0.268882553330049
0.268882553330049
0.268882553330049
0.268882553330049
0.268882553330049
0.268882553330049
0.268882553330049
0.268882553330049
0.268882553330049
0.268882553330049
0.268882553330049
0.268882553330049
0.268882553330049
0.268882553330049
0.268882553330049
0.268882553330049
0.268882553330049
0.268882553330049
0.268882553330049
0.268882553330049
0.268882553330049
0.268882553330049
0.268882553330049
0.268882553330049
0.268882553330049
0.268882553330049
0.268882553330049
0.268882553330049
0.268882553330049
0.268882553330049
0.268882553330049
0.268882553330049
0.268882553330049
0.268882553330049
0.268882553330049
0.268882553330049
0.268882553330049
0.268882553330049
0.268882553330049
0.268882553330049
0.268882553330049
0.268882553330049
0.268882553330049
0.268882553330049
0.268882553330049
0.268882553330049
0.268882553330049
0.268882553330049
0.268882553330049
0.268882553330049
0.268706274807964
0.268706274807964
0.268706274807964
0.268706274807964
0.268706274807964
0.268706274807964
0.268706274807964
0.268706274807964
0.268706274807964
0.268706274807964
0.268706274807964
0.268706274807964
0.268706274807964
0.268706274807964
0.268706274807964
0.268706274807964
0.268706274807964
0.268706274807964
0.268706274807964
0.268706274807964
0.268706274807964
0.268706274807964
0.268706274807964
0.268706274807964
0.268706274807964
0.268706274807964
0.268706274807964
0.268706274807964
0.268706274807964
0.268706274807964
0.268706274807964
0.268706274807964
0.268706274807964
0.268706274807964
0.268706274807964
0.268706274807964
0.268706274807964
0.268706274807964
0.268706274807964
0.268706274807964
0.268706274807964
0.268706274807964
0.268706274807964
0.268706274807964
0.268706274807964
0.268706274807964
0.268706274807964
0.268706274807964
0.268706274807964
0.268706274807964
0.268706274807964
0.268706274807964
0.268706274807964
0.268706274807964
0.268706274807964
0.268706274807964
0.268706274807964
0.268706274807964
0.268706274807964
0.268706274807964
0.268706274807964
0.268706274807964
0.268706274807964
0.268706274807964
0.268706274807964
0.268706274807964
0.268706274807964
0.268706274807964
0.268706274807964
0.268706274807964
0.268706274807964
0.268706274807964
0.268706274807964
0.268706274807964
0.268706274807964
0.268706274807964
0.268706274807964
0.268706274807964
0.268706274807964
0.268706274807964
0.268706274807964
0.268706274807964
0.268706274807964
0.268706274807964
0.268706274807964
0.268706274807964
0.268706274807964
0.268706274807964
0.268706274807964
0.268706274807964
0.268706274807964
0.268706274807964
0.268706274807964
0.268706274807964
0.268706274807964
0.268706274807964
0.268706274807964
0.268706274807964
0.268706274807964
0.268706274807964
0.268706274807964
0.268706274807964
0.268706274807964
0.268706274807964
0.268706274807964
0.268706274807964
0.268706274807964
0.268706274807964
0.268706274807964
0.268706274807964
0.268706274807964
0.268706274807964
0.268706274807964
0.268706274807964
0.268706274807964
0.268706274807964
0.268706274807964
0.268706274807964
0.268706274807964
0.268706274807964
0.268706274807964
0.268706274807964
0.268706274807964
0.268706274807964
0.268706274807964
0.268706274807964
0.268706274807964
0.268706274807964
0.268706274807964
0.268706274807964
0.268706274807964
0.268706274807964
0.268706274807964
0.268706274807964
0.268706274807964
0.268706274807964
0.268706274807964
0.268706274807964
0.268706274807964
0.268706274807964
0.268706274807964
0.268706274807964
0.268706274807964
0.268706274807964
0.268706274807964
0.268706274807964
0.268706274807964
0.268706274807964
0.268706274807964
0.268706274807964
0.268706274807964
0.268706274807964
0.268706274807964
0.268706274807964
0.268706274807964
0.268706274807964
0.268706274807964
0.268706274807964
0.268706274807964
0.268706274807964
0.268706274807964
0.268706274807964
0.268706274807964
0.268706274807964
0.268706274807964
0.268706274807964
0.268706274807964
0.268706274807964
0.268706274807964
0.268706274807964
0.268706274807964
0.268706274807964
0.268706274807964
0.268706274807964
0.268706274807964
0.268706274807964
0.268706274807964
0.268706274807964
0.268706274807964
0.268706274807964
0.268706274807964
0.268706274807964
0.268706274807964
0.268706274807964
0.268706274807964
0.268706274807964
0.268706274807964
0.268706274807964
0.268706274807964
0.268706274807964
0.268706274807964
0.268706274807964
0.268706274807964
0.268706274807964
0.268706274807964
0.268706274807964
0.268706274807964
0.268706274807964
0.268706274807964
0.268706274807964
0.268706274807964
0.268706274807964
0.268706274807964
0.268706274807964
0.268706274807964
0.268706274807964
0.268706274807964
0.268706274807964
0.268706274807964
0.268706274807964
0.268706274807964
0.268706274807964
0.268706274807964
0.268706274807964
0.268706274807964
0.268706274807964
0.268706274807964
0.268706274807964
0.268706274807964
0.268706274807964
0.268706274807964
0.268706274807964
0.268706274807964
0.268706274807964
0.268706274807964
0.268706274807964
0.268706274807964
0.268706274807964
0.268706274807964
0.268706274807964
0.268706274807964
0.268706274807964
0.268706274807964
0.268706274807964
0.268706274807964
0.268706274807964
0.268706274807964
0.268706274807964
0.268706274807964
0.268706274807964
0.268706274807964
0.268706274807964
0.268706274807964
0.268706274807964
0.268706274807964
0.268706274807964
0.268706274807964
0.268706274807964
0.268706274807964
0.268706274807964
0.268706274807964
0.268706274807964
0.268706274807964
0.268706274807964
0.268706274807964
0.268706274807964
0.268706274807964
0.268706274807964
0.268706274807964
0.268706274807964
0.268706274807964
0.268706274807964
0.268706274807964
0.268706274807964
0.268706274807964
0.268706274807964
0.268706274807964
0.268706274807964
0.268706274807964
0.268706274807964
0.268706274807964
0.268706274807964
0.268706274807964
0.268706274807964
0.268706274807964
0.268706274807964
0.268706274807964
0.268706274807964
0.268706274807964
0.268706274807964
0.268706274807964
0.268706274807964
0.268706274807964
0.268706274807964
0.268706274807964
0.268706274807964
0.268706274807964
0.268706274807964
0.268706274807964
0.268706274807964
0.268706274807964
0.268706274807964
0.268706274807964
0.268706274807964
0.268706274807964
0.268706274807964
0.268706274807964
0.268706274807964
0.268706274807964
0.268706274807964
0.268706274807964
0.268706274807964
0.268706274807964
0.268706274807964
0.268706274807964
0.268706274807964
0.268706274807964
0.268706274807964
0.268706274807964
0.268706274807964
0.268706274807964
0.268706274807964
0.268706274807964
0.268706274807964
0.268706274807964
0.268706274807964
0.268706274807964
0.268706274807964
0.268706274807964
0.268706274807964
0.268706274807964
0.268706274807964
0.268706274807964
0.268706274807964
0.268706274807964
0.268706274807964
0.268706274807964
0.268706274807964
0.268706274807964
0.268706274807964
0.268706274807964
0.268706274807964
0.268706274807964
0.268706274807964
0.268706274807964
0.268706274807964
0.268706274807964
0.268706274807964
0.268706274807964
0.268706274807964
0.268706274807964
0.268706274807964
0.268706274807964
0.268706274807964
0.268706274807964
0.268706274807964
0.268706274807964
0.268706274807964
0.268706274807964
0.268706274807964
0.268706274807964
0.268706274807964
0.268706274807964
0.268706274807964
0.268706274807964
0.268706274807964
0.268706274807964
0.268706274807964
0.268706274807964
0.268706274807964
0.268706274807964
0.268706274807964
0.268706274807964
0.268706274807964
0.268706274807964
0.268706274807964
0.268706274807964
0.268706274807964
0.268706274807964
0.268706274807964
0.268706274807964
0.268706274807964
0.268706274807964
0.268706274807964
0.268706274807964
0.268706274807964
0.268706274807964

