0.517391303867456
0.517391303867456
0.517391303867456
0.517391303867456
0.517391303867456
0.488420249019365
0.399306433868761
0.399306433868761
0.399306433868761
0.399306433868761
0.399306433868761
0.399306433868761
0.399306433868761
0.399306433868761
0.399306433868761
0.399306433868761
0.399306433868761
0.399306433868761
0.393912615967017
0.393912615967017
0.268179355012624
0.268179355012624
0.254485236394999
0.254485236394999
0.254485236394999
0.254485236394999
0.254485236394999
0.254485236394999
0.254485236394999
0.254485236394999
0.253989659370721
0.253980675437558
0.253980675437558
0.253980675437558
0.253980675437558
0.253980675437558
0.253980675437558
0.253980675437558
0.253980675437558
0.253980675437558
0.253939866432729
0.253939866432729
0.253939866432729
0.253939866432729
0.253939866432729
0.253939866432729
0.253939866432729
0.253939866432729
0.253939866432729
0.253939866432729
0.253939866432729
0.253939866432729
0.253939866432729
0.253939866432729
0.253939866432729
0.253939866432729
0.253939866432729
0.253939866432729
0.253939866432729
0.253939866432729
0.253939866432729
0.253939866432729
0.253939866432729
0.253939866432729
0.253939866432729
0.253939866432729
0.253939866432729
0.253939866432729
0.253939866432729
0.253939866432729
0.253939866432729
0.253939866432729
0.253939866432729
0.253939866432729
0.253939866432729
0.253939866432729
0.253939866432729
0.253939866432729
0.253939866432729
0.253939866432729
0.253939866432729
0.253939866432729
0.253939866432729
0.253939866432729
0.253939866432729
0.253939866432729
0.253939866432729
0.253939866432729
0.253939866432729
0.253939866432729
0.253939866432729
0.253939866432729
0.253939866432729
0.253939866432729
0.253939866432729
0.253939866432729
0.253939866432729
0.253939866432729
0.253939866432729
0.253939866432729
0.253939866432729
0.253939866432729
0.253939866432729
0.253939866432729
0.253939866432729
0.253939866432729
0.253939866432729
0.253939866432729
0.253939866432729
0.253939866432729
0.253939866432729
0.248320298616689
0.248320298616689
0.248320298616689
0.248320298616689
0.248320298616689
0.239823002036017
0.239823002036017
0.239823002036017
0.239823002036017
0.239823002036017
0.239823002036017
0.239823002036017
0.239823002036017
0.239823002036017
0.239823002036017
0.239823002036017
0.239823002036017
0.239823002036017
0.239823002036017
0.239823002036017
0.239823002036017
0.239823002036017
0.239823002036017
0.239823002036017
0.239823002036017
0.239823002036017
0.239823002036017
0.239823002036017
0.239823002036017
0.239823002036017
0.239823002036017
0.239823002036017
0.239823002036017
0.239823002036017
0.239823002036017
0.239823002036017
0.239823002036017
0.239823002036017
0.239823002036017
0.239823002036017
0.239823002036017
0.239823002036017
0.239823002036017
0.239823002036017
0.239823002036017
0.239823002036017
0.239823002036017
0.239823002036017
0.239823002036017
0.239823002036017
0.239823002036017
0.239823002036017
0.239823002036017
0.239823002036017
0.239823002036017
0.239823002036017
0.239823002036017
0.239823002036017
0.239823002036017
0.239823002036017
0.239823002036017
0.239823002036017
0.239823002036017
0.239823002036017
0.239823002036017
0.239823002036017
0.239823002036017
0.239823002036017
0.239823002036017
0.239823002036017
0.239823002036017
0.239823002036017
0.239823002036017
0.239823002036017
0.239823002036017
0.239823002036017
0.239823002036017
0.239823002036017
0.239823002036017
0.239823002036017
0.239823002036017
0.239823002036017
0.239823002036017
0.239823002036017
0.239823002036017
0.239823002036017
0.239823002036017
0.239823002036017
0.239823002036017
0.239823002036017
0.239823002036017
0.239823002036017
0.239823002036017
0.239823002036017
0.239823002036017
0.239823002036017
0.239823002036017
0.239823002036017
0.239823002036017
0.239823002036017
0.239823002036017
0.235581761046916
0.235581761046916
0.235581761046916
0.235581761046916
0.235581761046916
0.235581761046916
0.235581761046916
0.235581761046916
0.233724178713791
0.233724178713791
0.233724178713791
0.233724178713791
0.233724178713791
0.233724178713791
0.233724178713791
0.233724178713791
0.233724178713791
0.233724178713791
0.233724178713791
0.233724178713791
0.233724178713791
0.233724178713791
0.233724178713791
0.233724178713791
0.233724178713791
0.233724178713791
0.233724178713791
0.233724178713791
0.233724178713791
0.233724178713791
0.233724178713791
0.233724178713791
0.233724178713791
0.233724178713791
0.225223932614224
0.225223932614224
0.225223932614224
0.225223932614224
0.225223932614224
0.225223932614224
0.225223932614224
0.225223932614224
0.225223932614224
0.225223932614224
0.225223932614224
0.225223932614224
0.225223932614224
0.225223932614224
0.225223932614224
0.225223932614224
0.225223932614224
0.225223932614224
0.225223932614224
0.225223932614224
0.225223932614224
0.225223932614224
0.225223932614224
0.225223932614224
0.225223932614224
0.225223932614224
0.225223932614224
0.225223932614224
0.225223932614224
0.225223932614224
0.225223932614224
0.225223932614224
0.225223932614224
0.225223932614224
0.225223932614224
0.225223932614224
0.225223932614224
0.225223932614224
0.225223932614224
0.225223932614224
0.225223932614224
0.225223932614224
0.225223932614224
0.225223932614224
0.225223932614224
0.225223932614224
0.225223932614224
0.225223932614224
0.225223932614224
0.225223932614224
0.225223932614224
0.225223932614224
0.225223932614224
0.225223932614224
0.225223932614224
0.225223932614224
0.225223932614224
0.225223932614224
0.225223932614224
0.225223932614224
0.225223932614224
0.225223932614224
0.225223932614224
0.225223932614224
0.225223932614224
0.225223932614224
0.225223932614224
0.225223932614224
0.225223932614224
0.225223932614224
0.225223932614224
0.225223932614224
0.225223932614224
0.225223932614224
0.225223932614224
0.225223932614224
0.225223932614224
0.225223932614224
0.225223932614224
0.225223932614224
0.225223932614224
0.225223932614224
0.225223932614224
0.225223932614224
0.225223932614224
0.225223932614224
0.225223932614224
0.223691316995265
0.223691316995265
0.223691316995265
0.223691316995265
0.223691316995265
0.223691316995265
0.223691316995265
0.223691316995265
0.223691316995265
0.223691316995265
0.223691316995265
0.223691316995265
0.223691316995265
0.223691316995265
0.223691316995265
0.223691316995265
0.223691316995265
0.223691316995265
0.223691316995265
0.223691316995265
0.223691316995265
0.223691316995265
0.223691316995265
0.223691316995265
0.223691316995265
0.223691316995265
0.223691316995265
0.223691316995265
0.223691316995265
0.223691316995265
0.223691316995265
0.223691316995265
0.223691316995265
0.223691316995265
0.223691316995265
0.223691316995265
0.223691316995265
0.223691316995265
0.223691316995265
0.223691316995265
0.223691316995265
0.223691316995265
0.223691316995265
0.223691316995265
0.223691316995265
0.223691316995265
0.223691316995265
0.223691316995265
0.223691316995265
0.223691316995265
0.223691316995265
0.223691316995265
0.223691316995265
0.223691316995265
0.223691316995265
0.223691316995265
0.223691316995265
0.223691316995265
0.223691316995265
0.223691316995265
0.223691316995265
0.223691316995265
0.223691316995265
0.223691316995265
0.223691316995265
0.223691316995265
0.223691316995265
0.223691316995265
0.223691316995265
0.223691316995265
0.223691316995265
0.223691316995265
0.223691316995265
0.223691316995265
0.223691316995265
0.223691316995265
0.223691316995265
0.223691316995265
0.223691316995265
0.223691316995265
0.223691316995265
0.223691316995265
0.223691316995265
0.223691316995265
0.223691316995265
0.223691316995265
0.223691316995265
0.223691316995265
0.223691316995265
0.223691316995265
0.223691316995265
0.223691316995265
0.223691316995265
0.223691316995265
0.223691316995265
0.223691316995265
0.223691316995265
0.223691316995265
0.223691316995265
0.223691316995265
0.223691316995265
0.223691316995265
0.223691316995265
0.223691316995265
0.223691316995265
0.223691316995265
0.223691316995265
0.223691316995265
0.223691316995265
0.223691316995265
0.223691316995265
0.223691316995265
0.223691316995265
0.223691316995265
0.223691316995265
0.223691316995265
0.223691316995265
0.223691316995265
0.223691316995265
0.223691316995265
0.223691316995265
0.223691316995265
0.223691316995265
0.223691316995265
0.223691316995265
0.223691316995265
0.223691316995265
0.223691316995265
0.223691316995265
0.223691316995265
0.223691316995265
0.223691316995265
0.223691316995265
0.223691316995265
0.223691316995265
0.223691316995265
0.223691316995265
0.223691316995265
0.223691316995265
0.223691316995265
0.223691316995265
0.223691316995265
0.223691316995265
0.223691316995265
0.223691316995265
0.223691316995265
0.223691316995265
0.223691316995265
0.223691316995265
0.223691316995265
0.223691316995265
0.223691316995265
0.223691316995265
0.223691316995265
0.223691316995265
0.223691316995265
0.223691316995265
0.223691316995265
0.223691316995265
0.223691316995265
0.223691316995265
0.223691316995265
0.223691316995265
0.223691316995265
0.223691316995265
0.223691316995265
0.223691316995265

