0.213988440344684
0.213988440344684
0.213988440344684
0.213988440344684
0.213988440344684
0.213988440344684
0.213988440344684
0.213988440344684
0.213988440344684
0.213988440344684
0.213988440344684
0.213988440344684
0.213988440344684
0.213988440344684
0.213988440344684
0.213988440344684
0.181211114596253
0.181211114596253
0.181211114596253
0.181211114596253
0.181211114596253
0.177310220919607
0.177310220919607
0.177310220919607
0.177310220919607
0.177310220919607
0.177310220919607
0.174504120677314
0.174504120677314
0.174504120677314
0.17432395212733
0.17432395212733
0.174152756643964
0.174056120971369
0.168902128446702
0.168902128446702
0.168902128446702
0.168902128446702
0.168902128446702
0.168902128446702
0.168902128446702
0.167861731585709
0.167861731585709
0.167861731585709
0.167861731585709
0.167861731585709
0.167861731585709
0.167861731585709
0.167861731585709
0.167861731585709
0.167861731585709
0.167861731585709
0.167861731585709
0.167861731585709
0.167861731585709
0.167861731585709
0.167861731585709
0.167861731585709
0.167861731585709
0.167861731585709
0.167861731585709
0.167861731585709
0.167861731585709
0.167861731585709
0.167861731585709
0.167861731585709
0.167861731585709
0.167861731585709
0.167861731585709
0.167861731585709
0.167861731585709
0.167861731585709
0.167444651380364
0.167444651380364
0.167444651380364
0.167444651380364
0.167437389689339
0.167437389689339
0.167437389689339
0.167437389689339
0.167437389689339
0.167437389689339
0.167437389689339
0.167437389689339
0.167437389689339
0.167437389689339
0.167437389689339
0.167437389689339
0.167437389689339
0.167437389689339
0.167437389689339
0.167437389689339
0.167437389689339
0.167437389689339
0.167437389689339
0.167437389689339
0.167437389689339
0.167437389689339
0.167437389689339
0.167437389689339
0.167437389689339
0.167437389689339
0.167437389689339
0.167437389689339
0.167437389689339
0.167437389689339
0.167437389689339
0.167437389689339
0.167437389689339
0.167437389689339
0.167437389689339
0.167437389689339
0.167437389689339
0.167437389689339
0.167201836033301
0.167201836033301
0.167201836033301
0.167201836033301
0.167003911384347
0.167003911384347
0.167003911384347
0.167003911384347
0.167003911384347
0.167003911384347
0.167003911384347
0.167003911384347
0.167003911384347
0.167003911384347
0.167003911384347
0.167003911384347
0.167003911384347
0.167003911384347
0.167003911384347
0.167003911384347
0.167003911384347
0.167003911384347
0.167003911384347
0.167003911384347
0.167003911384347
0.167003911384347
0.167003911384347
0.167003911384347
0.166785469696381
0.166785469696381
0.166785469696381
0.166785469696381
0.166785469696381
0.166785469696381
0.166785469696381
0.166785469696381
0.166785469696381
0.166785469696381
0.166785469696381
0.166785469696381
0.166785469696381
0.166785469696381
0.166785469696381
0.166785469696381
0.166785469696381
0.166785469696381
0.166785469696381
0.166785469696381
0.166785469696381
0.166785469696381
0.166785469696381
0.166785469696381
0.166785469696381
0.166785469696381
0.166785469696381
0.166785469696381
0.166785469696381
0.166785469696381
0.166785469696381
0.166785469696381
0.166785469696381
0.166785469696381
0.166785469696381
0.166785469696381
0.166785469696381
0.166785469696381
0.166785469696381
0.166785469696381
0.166785469696381
0.166785469696381
0.166785469696381
0.166785469696381
0.166785469696381
0.166785469696381
0.166785469696381
0.166785469696381
0.166785469696381
0.166785469696381
0.166785469696381
0.166785469696381
0.166785469696381
0.166785469696381
0.166785469696381
0.166785469696381
0.166785469696381
0.166785469696381
0.166785469696381
0.166785469696381
0.166785469696381
0.166785469696381
0.166785469696381
0.166785469696381
0.166785469696381
0.166785469696381
0.166785469696381
0.166785469696381
0.166785469696381
0.166785469696381
0.166785469696381
0.166785469696381
0.166785469696381
0.166785469696381
0.16674134037696
0.16674134037696
0.16674134037696
0.166654955939029
0.166654955939029
0.166654955939029
0.166654955939029
0.166654955939029
0.166654955939029
0.166654955939029
0.166654955939029
0.166654955939029
0.166654955939029
0.166654955939029
0.166654955939029
0.166654955939029
0.166654955939029
0.166654955939029
0.166654955939029
0.166654955939029
0.166654955939029
0.166654955939029
0.166654955939029
0.166654955939029
0.166654955939029
0.166654955939029
0.166654955939029
0.166654955939029
0.166654955939029
0.166654955939029
0.166654955939029
0.166654955939029
0.166654955939029
0.166654955939029
0.166654955939029
0.166654955939029
0.166654955939029
0.166654955939029
0.166654955939029
0.166654955939029
0.166654955939029
0.166654955939029
0.166654955939029
0.166654955939029
0.166654955939029
0.166654955939029
0.166654955939029
0.166654955939029
0.166654955939029
0.166654955939029
0.166654955939029
0.166654955939029
0.166654955939029
0.166654955939029
0.166654955939029
0.166654955939029
0.166654955939029
0.166654955939029
0.166654955939029
0.166654955939029
0.166654955939029
0.166654955939029
0.166654955939029
0.166654955939029
0.166654955939029
0.166654955939029
0.166654955939029
0.166654955939029
0.166654955939029
0.166654955939029
0.166654955939029
0.166654955939029
0.166654955939029
0.166654955939029
0.166654955939029
0.166654955939029
0.166654955939029
0.166654955939029
0.166654955939029
0.166654955939029
0.166654955939029
0.166654955939029
0.166654955939029
0.166654955939029
0.166654955939029
0.166654955939029
0.166654955939029
0.166654955939029
0.166654955939029
0.166654955939029
0.166654955939029
0.166654955939029
0.166654955939029
0.166654955939029
0.166654955939029
0.166654955939029
0.166654955939029
0.166654955939029
0.166654955939029
0.166654955939029
0.166654955939029
0.166654955939029
0.166654955939029
0.166654955939029
0.166654955939029
0.166654955939029
0.166654955939029
0.166654955939029
0.166654955939029
0.166654955939029
0.166654955939029
0.166654955939029
0.166654955939029
0.166654955939029
0.166654955939029
0.166654955939029
0.166654955939029
0.166654955939029
0.166654955939029
0.166654955939029
0.166654955939029
0.166654955939029
0.166654955939029
0.166654955939029
0.166654955939029
0.166654955939029
0.166654955939029
0.166654955939029
0.166654955939029
0.166654955939029
0.166654955939029
0.166654955939029
0.166654955939029
0.166654955939029
0.166654955939029
0.166654955939029
0.166654955939029
0.166654955939029
0.166654955939029
0.166654955939029
0.166654955939029
0.166654955939029
0.166654955939029
0.166654955939029
0.166654955939029
0.166654955939029
0.166654955939029
0.166654955939029
0.166654955939029
0.166654955939029
0.166654955939029
0.166654955939029
0.166654955939029
0.166654955939029
0.166654955939029
0.166654955939029
0.166654955939029
0.166654955939029
0.166654955939029
0.166654955939029
0.166654955939029
0.166654955939029
0.166654955939029
0.166654955939029
0.166654955939029
0.166654955939029
0.166654955939029
0.166654955939029
0.166654955939029
0.166654955939029
0.166654955939029
0.166654955939029
0.166654955939029
0.166654955939029
0.166654955939029
0.166654955939029
0.166654955939029
0.166654955939029
0.166654955939029
0.166654955939029
0.166654955939029
0.166654955939029
0.166654955939029
0.166654955939029
0.166654955939029
0.166654955939029
0.166654955939029
0.166654955939029
0.166654955939029
0.166654955939029
0.166654955939029
0.166654955939029
0.166654955939029
0.166654955939029
0.166654955939029
0.166654955939029
0.166654955939029
0.166654955939029
0.166654955939029
0.166654955939029
0.166654955939029
0.166654955939029
0.166654955939029
0.166654955939029
0.166654955939029
0.166654955939029
0.166654955939029
0.166651494163564
0.166651494163564
0.166651494163564
0.166651494163564
0.166651494163564
0.166651494163564
0.166651494163564
0.166651494163564
0.166651494163564
0.166651494163564
0.166651494163564
0.166651494163564
0.166651494163564
0.166651494163564
0.166651494163564
0.166651494163564
0.166651494163564
0.166651494163564
0.166651494163564
0.166651494163564
0.166651494163564
0.166651494163564
0.166651494163564
0.166651494163564
0.166651494163564
0.166651494163564
0.166651494163564
0.166651494163564
0.166651494163564
0.166651494163564
0.166651494163564
0.166651494163564
0.166651494163564
0.166651494163564
0.166651494163564
0.166651494163564
0.166651494163564
0.166651494163564
0.166651494163564
0.166651494163564
0.166651494163564
0.166651494163564
0.166651494163564
0.166651494163564
0.166651494163564
0.166651494163564
0.166651494163564
0.166651494163564
0.166651494163564
0.166651494163564
0.166651494163564
0.166651494163564
0.166651494163564
0.166651494163564
0.166651494163564
0.166651494163564
0.166651494163564
0.166651494163564
0.166651494163564
0.166651494163564
0.166651494163564
0.166651494163564
0.166651494163564
0.166651494163564
0.166651494163564
0.166651494163564
0.166651494163564
0.166651494163564
0.166651494163564
0.166651494163564
0.166651494163564
0.166651494163564
0.166651494163564
0.166651494163564
0.166651494163564
0.166651494163564
0.166651494163564

