0.405558037715503
0.405558037715503
0.405558037715503
0.405558037715503
0.405558037715503
0.405558037715503
0.390450431272959
0.390450431272959
0.390450431272959
0.390450431272959
0.390450431272959
0.390450431272959
0.390450431272959
0.390450431272959
0.390450431272959
0.390450431272959
0.337118341543963
0.337118341543963
0.337118341543963
0.337118341543963
0.295797106654996
0.280937037495482
0.280937037495482
0.280937037495482
0.280937037495482
0.280937037495482
0.280937037495482
0.280937037495482
0.280937037495482
0.280937037495482
0.280937037495482
0.280937037495482
0.280937037495482
0.280937037495482
0.280937037495482
0.280937037495482
0.280937037495482
0.280937037495482
0.280937037495482
0.280937037495482
0.280937037495482
0.280937037495482
0.280937037495482
0.280937037495482
0.280937037495482
0.280937037495482
0.280937037495482
0.280937037495482
0.280937037495482
0.280937037495482
0.280937037495482
0.280937037495482
0.280937037495482
0.280937037495482
0.280937037495482
0.280559769827107
0.280559769827107
0.280559769827107
0.280559769827107
0.280559769827107
0.280559769827107
0.280559769827107
0.280559769827107
0.280559769827107
0.280559769827107
0.280559769827107
0.280559769827107
0.280559769827107
0.280559769827107
0.280559769827107
0.280559769827107
0.280559769827107
0.280559769827107
0.280559769827107
0.280559769827107
0.280559769827107
0.280559769827107
0.280559769827107
0.280559769827107
0.280559769827107
0.280559769827107
0.280559769827107
0.280559769827107
0.280559769827107
0.280559769827107
0.280559769827107
0.280559769827107
0.280559769827107
0.280559769827107
0.280559769827107
0.280559769827107
0.280559769827107
0.280559769827107
0.280559769827107
0.280559769827107
0.280559769827107
0.280559769827107
0.280559769827107
0.280559769827107
0.280559769827107
0.280559769827107
0.280559769827107
0.280559769827107
0.280559769827107
0.280559769827107
0.280559769827107
0.280559769827107
0.280559769827107
0.280559769827107
0.280559769827107
0.280559769827107
0.280559769827107
0.280559769827107
0.280559769827107
0.280559769827107
0.280559769827107
0.280384820233494
0.280384820233494
0.280384820233494
0.273639996964083
0.273639996964083
0.273639996964083
0.273639996964083
0.273639996964083
0.273639996964083
0.273639996964083
0.273639996964083
0.273639996964083
0.273639996964083
0.273639996964083
0.273639996964083
0.273639996964083
0.273639996964083
0.273639996964083
0.273639996964083
0.273639996964083
0.273639996964083
0.273639996964083
0.273639996964083
0.273639996964083
0.273639996964083
0.273639996964083
0.273639996964083
0.273639996964083
0.273639996964083
0.273639996964083
0.273639996964083
0.273639996964083
0.273639996964083
0.273639996964083
0.273639996964083
0.273639996964083
0.273639996964083
0.273639996964083
0.273639996964083
0.273639996964083
0.273639996964083
0.273639996964083
0.273639996964083
0.273639996964083
0.273639996964083
0.273639996964083
0.273639996964083
0.273639996964083
0.273639996964083
0.273639996964083
0.273639996964083
0.273639996964083
0.273639996964083
0.273639996964083
0.273639996964083
0.273639996964083
0.273639996964083
0.273639996964083
0.273639996964083
0.273639996964083
0.273639996964083
0.273639996964083
0.273639996964083
0.273639996964083
0.273639996964083
0.273639996964083
0.273639996964083
0.273639996964083
0.273639996964083
0.273639996964083
0.273639996964083
0.273639996964083
0.273639996964083
0.273639996964083
0.273639996964083
0.273639996964083
0.273639996964083
0.273639996964083
0.273639996964083
0.273639996964083
0.273639996964083
0.273639996964083
0.273639996964083
0.273639996964083
0.273639996964083
0.273639996964083
0.273639996964083
0.273639996964083
0.273639996964083
0.273639996964083
0.273639996964083
0.273639996964083
0.273639996964083
0.273639996964083
0.273639996964083
0.273639996964083
0.273639996964083
0.273639996964083
0.273639996964083
0.273639996964083
0.273639996964083
0.273639996964083
0.273639996964083
0.273639996964083
0.273639996964083
0.273639996964083
0.273639996964083
0.273639996964083
0.273639996964083
0.273639996964083
0.273639996964083
0.273639996964083
0.273639996964083
0.273639996964083
0.273639996964083
0.273639996964083
0.273639996964083
0.273639996964083
0.273639996964083
0.273639996964083
0.273639996964083
0.273639996964083
0.273639996964083
0.273639996964083
0.273639996964083
0.273639996964083
0.273639996964083
0.273639996964083
0.273639996964083
0.273639996964083
0.273639996964083
0.273639996964083
0.273639996964083
0.273639996964083
0.273639996964083
0.273639996964083
0.273639996964083
0.273639996964083
0.273639996964083
0.273639996964083
0.273639996964083
0.273639996964083
0.273639996964083
0.273639996964083
0.273639996964083
0.273639996964083
0.273639996964083
0.273639996964083
0.273639996964083
0.273639996964083
0.273639996964083
0.273639996964083
0.273639996964083
0.273639996964083
0.273639996964083
0.273639996964083
0.273639996964083
0.273639996964083
0.273639996964083
0.273639996964083
0.273639996964083
0.273639996964083
0.273639996964083
0.273639996964083
0.273639996964083
0.273639996964083
0.273639996964083
0.273639996964083
0.273639996964083
0.273639996964083
0.273639996964083
0.273639996964083
0.273639996964083
0.273639996964083
0.273639996964083
0.273639996964083
0.273639996964083
0.273639996964083
0.273639996964083
0.273639996964083
0.273639996964083
0.273639996964083
0.273639996964083
0.273639996964083
0.273639996964083
0.273639996964083
0.273639996964083
0.273639996964083
0.273639996964083
0.273639996964083
0.273639996964083
0.273639996964083
0.273639996964083
0.273639996964083
0.273639996964083
0.273639996964083
0.273639996964083
0.273625272470475
0.272910420883876
0.272910420883876
0.272910420883876
0.272910420883876
0.272910420883876
0.272910420883876
0.272910420883876
0.272910420883876
0.272910420883876
0.272910420883876
0.272910420883876
0.272910420883876
0.272910420883876
0.272910420883876
0.272910420883876
0.272910420883876
0.272910420883876
0.272910420883876
0.272910420883876
0.272910420883876
0.272910420883876
0.272910420883876
0.272910420883876
0.272910420883876
0.272910420883876
0.272910420883876
0.272910420883876
0.272910420883876
0.272910420883876
0.272910420883876
0.272910420883876
0.272910420883876
0.272910420883876
0.272910420883876
0.272910420883876
0.272910420883876
0.272910420883876
0.272910420883876
0.272910420883876
0.272910420883876
0.272910420883876
0.272910420883876
0.272910420883876
0.272910420883876
0.272910420883876
0.272910420883876
0.272910420883876
0.272910420883876
0.272910420883876
0.272910420883876
0.272910420883876
0.272910420883876
0.272910420883876
0.272910420883876
0.272910420883876
0.272910420883876
0.272910420883876
0.272910420883876
0.272910420883876
0.272910420883876
0.272910420883876
0.272910420883876
0.272910420883876
0.272910420883876
0.272910420883876
0.272910420883876
0.272910420883876
0.272910420883876
0.272910420883876
0.272910420883876
0.272910420883876
0.272910420883876
0.272910420883876
0.272910420883876
0.272910420883876
0.272910420883876
0.272910420883876
0.272910420883876
0.272910420883876
0.272910420883876
0.272910420883876
0.272910420883876
0.272910420883876
0.272910420883876
0.272910420883876
0.272910420883876
0.272910420883876
0.272910420883876
0.272910420883876
0.272910420883876
0.272910420883876
0.272910420883876
0.272910420883876
0.272910420883876
0.272910420883876
0.272910420883876
0.272910420883876
0.272910420883876
0.272910420883876
0.272910420883876
0.272910420883876
0.272730492363152
0.272730492363152
0.272730492363152
0.272730492363152
0.272730492363152
0.272730492363152
0.272730492363152
0.272730492363152
0.272730492363152
0.272730492363152
0.272730492363152
0.272730492363152
0.272730492363152
0.272094329070566
0.272094329070566
0.272094329070566
0.272094329070566
0.272094329070566
0.272094329070566
0.272094329070566
0.272094329070566
0.272094329070566
0.272094329070566
0.272094329070566
0.272094329070566
0.272094329070566
0.272094329070566
0.272094329070566
0.272094329070566
0.272094329070566
0.272094329070566
0.272094329070566
0.272094329070566
0.272094329070566
0.272094329070566
0.272094329070566
0.272094329070566
0.272094329070566
0.272094329070566
0.272094329070566
0.272094329070566
0.272094329070566
0.272094329070566
0.272094329070566
0.272094329070566
0.272094329070566
0.272094329070566
0.272094329070566
0.272094329070566
0.272094329070566
0.272094329070566
0.272094329070566
0.272094329070566
0.272094329070566
0.272094329070566
0.272094329070566
0.272094329070566
0.272094329070566
0.272094329070566
0.272094329070566
0.272094329070566
0.272094329070566
0.272094329070566
0.272094329070566
0.272094329070566
0.272094329070566
0.272094329070566
0.272094329070566
0.272094329070566
0.272094329070566
0.272094329070566
0.272094329070566
0.272094329070566
0.272094329070566
0.272094329070566
0.272094329070566
0.272094329070566
0.272094329070566
0.272094329070566
0.272094329070566
0.272094329070566
0.272094329070566
0.272094329070566
0.272094329070566
0.272094329070566

