0.496104454562942
0.496104454562942
0.254258867650022
0.254258867650022
0.254258867650022
0.254258867650022
0.254258867650022
0.254258867650022
0.254258867650022
0.149310531186979
0.149310531186979
0.149310531186979
0.138742402904001
0.138742402904001
0.138742402904001
0.136574075033511
0.135560483888475
0.134234455704583
0.133462809980549
0.130508179067043
0.130178578526847
0.129970009172096
0.129813262105146
0.12965113005537
0.129472652367354
0.12908825210807
0.129079500644674
0.12892722077291
0.12892722077291
0.128915642820256
0.128909963972323
0.128900942739366
0.128896342688451
0.128896342688451
0.128896190523974
0.128895642715587
0.128895436648624
0.128895300807273
0.128895188533598
0.128895162012793
0.128895155397282
0.128895135849784
0.128895122301517
0.128895109062301
0.128895100765026
0.128895092462594
0.128895092462594
0.128895089777542
0.128895089097406
0.128895089097406
0.128895089080122
0.128895088905813
0.128895088810664
0.128895088738595
0.128895088708402
0.128895088660919
0.128895088660919
0.128895088620687
0.128895088616529
0.128895088616529
0.128895088616529
0.128895088615909
0.128895088615658
0.128895088615658
0.128895088615658
0.128895088615489
0.128895088615489
0.128895088615464
0.128895088615464
0.128895088615458
0.128895088615453
0.128895088615453
0.128895088615444
0.128895088615444
0.128895088615444
0.128895088615444
0.128895088615443
0.128895088615443
0.128895088615443
0.128895088615443
0.128895088615443
0.128895088615443
0.128895088615443
0.128895088615443
0.128895088615443
0.128895088615443
0.128895088615443
0.128895088615443
0.128895088615443
0.128895088615443
0.128895088615443
0.128895088615443
0.128895088615443
0.128895088615443
0.128895088615443
0.128895088615443
0.128895088615443
0.128895088615443
0.128895088615443
0.128895088615443
0.128895088615443
0.128895088615443
0.128895088615443
0.128895088615443
0.128895088615443
0.128895088615443
0.128895088615443
0.128895088615443
0.128895088615443
0.128895088615443
0.128895088615443
0.128895088615443
0.128895088615443
0.128895088615443
0.128895088615443
0.128895088615443
0.128895088615443
0.128895088615443
0.128895088615443
0.128895088615443
0.128895088615443
0.128895088615443
0.128895088615443
0.128895088615443
0.128895088615443
0.128895088615443
0.128895088615443
0.128895088615443
0.128895088615443
0.128895088615443
0.128895088615443
0.128895088615443
0.128895088615443
0.128895088615443
0.128895088615443
0.128895088615443
0.128895088615443
0.128895088615443
0.128895088615443
0.128895088615443
0.128895088615443
0.128895088615443
0.128895088615443
0.128895088615443
0.128895088615443
0.128895088615443
0.128895088615443
0.128895088615443
0.128895088615443
0.128895088615443
0.128895088615443
0.128895088615443
0.128895088615443
0.128895088615443
0.128895088615443
0.128895088615443
0.128895088615443
0.128895088615443
0.128895088615443
0.128895088615443
0.128895088615443
0.128895088615443
0.128895088615443
0.128895088615443
0.128895088615443
0.128895088615443
0.128895088615443
0.128895088615443
0.128895088615443
0.128895088615443
0.128895088615443
0.128895088615443
0.128895088615443
0.128895088615443
0.128895088615443
0.128895088615443
0.128895088615443
0.128895088615443
0.128895088615443
0.128895088615443
0.128895088615443
0.128895088615443
0.128895088615443
0.128895088615443
0.128895088615443
0.128895088615443
0.128895088615443
0.128895088615443
0.128895088615443
0.128895088615443
0.128895088615443
0.128895088615443
0.128895088615443
0.128895088615443
0.128895088615443
0.128895088615443
0.128895088615443
0.128895088615443
0.128895088615443
0.128895088615443
0.128895088615443
0.128895088615443
0.128895088615443
0.128895088615443
0.128895088615443
0.128895088615443
0.128895088615443
0.128895088615443
0.128895088615443
0.128895088615443
0.128895088615443
0.128895088615443
0.128895088615443
0.128895088615443
0.128895088615443
0.128895088615443
0.128895088615443
0.128895088615443
0.128895088615443
0.128895088615443
0.128895088615443
0.128895088615443
0.128895088615443
0.128895088615443
0.128895088615443
0.128895088615443
0.128895088615443
0.128895088615443
0.128895088615443
0.128895088615443
0.128895088615443
0.128895088615443
0.128895088615443
0.128895088615443
0.128895088615443
0.128895088615443
0.128895088615443
0.128895088615443
0.128895088615443
0.128895088615443
0.128895088615443
0.128895088615443
0.128895088615443
0.128895088615443
0.128895088615443
0.128895088615443
0.128895088615443
0.128895088615443
0.128895088615443
0.128895088615443
0.128895088615443
0.128895088615443
0.128895088615443
0.128895088615443
0.128895088615443
0.128895088615443
0.128895088615443
0.128895088615443
0.128895088615443
0.128895088615443
0.128895088615443
0.128895088615443
0.128895088615443
0.128895088615443
0.128895088615443
0.128895088615443
0.128895088615443
0.128895088615443
0.128895088615443
0.128895088615443
0.128895088615443
0.128895088615443
0.128895088615443
0.128895088615443
0.128895088615443
0.128895088615443
0.128895088615443
0.128895088615443
0.128895088615443
0.128895088615443
0.128895088615443
0.128895088615443
0.128895088615443
0.128895088615443
0.128895088615443
0.128895088615443
0.128895088615443
0.128895088615443
0.128895088615443
0.128895088615443
0.128895088615443
0.128895088615443
0.128895088615443
0.128895088615443
0.128895088615443
0.128895088615443
0.128895088615443
0.128895088615443
0.128895088615443
0.128895088615443
0.128895088615443
0.128895088615443
0.128895088615443
0.128895088615443
0.128895088615443
0.128895088615443
0.128895088615443
0.128895088615443
0.128895088615443
0.128895088615443
0.128895088615443
0.128895088615443
0.128895088615443
0.128895088615443
0.128895088615443
0.128895088615443
0.128895088615443
0.128895088615443
0.128895088615443
0.128895088615443
0.128895088615443
0.128895088615443
0.128895088615443
0.128895088615443
0.128895088615443
0.128895088615443
0.128895088615443
0.128895088615443
0.128895088615443
0.128895088615443
0.128895088615443
0.128895088615443
0.128895088615443
0.128895088615443
0.128895088615443
0.128895088615443
0.128895088615443
0.128895088615443
0.128895088615443
0.128895088615443
0.128895088615443
0.128895088615443
0.128895088615443
0.128895088615443
0.128895088615443
0.128895088615443
0.128895088615443
0.128895088615443
0.128895088615443
0.128895088615443
0.128895088615443
0.128895088615443
0.128895088615443
0.128895088615443
0.128895088615443
0.128895088615443
0.128895088615443
0.128895088615443
0.128895088615443
0.128895088615443
0.128895088615443
0.128895088615443
0.128895088615443
0.128895088615443
0.128895088615443
0.128895088615443
0.128895088615443
0.128895088615443
0.128895088615443
0.128895088615443
0.128895088615443
0.128895088615443
0.128895088615443
0.128895088615443
0.128895088615443
0.128895088615443
0.128895088615443
0.128895088615443
0.128895088615443
0.128895088615443
0.128895088615443
0.128895088615443
0.128895088615443
0.128895088615443
0.128895088615443
0.128895088615443
0.128895088615443
0.128895088615443
0.128895088615443
0.128895088615443
0.128895088615443
0.128895088615443
0.128895088615443
0.128895088615443
0.128895088615443
0.128895088615443
0.128895088615443
0.128895088615443
0.128895088615443
0.128895088615443
0.128895088615443
0.128895088615443
0.128895088615443
0.128895088615443
0.128895088615443
0.128895088615443
0.128895088615443
0.128895088615443
0.128895088615443
0.128895088615443
0.128895088615443
0.128895088615443
0.128895088615443
0.128895088615443
0.128895088615443
0.128895088615443
0.128895088615443
0.128895088615443
0.128895088615443
0.128895088615443
0.128895088615443
0.128895088615443
0.128895088615443
0.128895088615443
0.128895088615443
0.128895088615443
0.128895088615443
0.128895088615443
0.128895088615443
0.128895088615443
0.128895088615443
0.128895088615443
0.128895088615443
0.128895088615443
0.128895088615443
0.128895088615443
0.128895088615443
0.128895088615443
0.128895088615443
0.128895088615443
0.128895088615443
0.128895088615443
0.128895088615443
0.128895088615443
0.128895088615443
0.128895088615443
0.128895088615443
0.128895088615443
0.128895088615443
0.128895088615443
0.128895088615443
0.128895088615443
0.128895088615443
0.128895088615443
0.128895088615443
0.128895088615443
0.128895088615443
0.128895088615443
0.128895088615443
0.128895088615443
0.128895088615443
0.128895088615443
0.128895088615443
0.128895088615443
0.128895088615443
0.128895088615443
0.128895088615443
0.128895088615443
0.128895088615443
0.128895088615443
0.128895088615443
0.128895088615443
0.128895088615443
0.128895088615443
0.128895088615443
0.128895088615443
0.128895088615443
0.128895088615443
0.128895088615443
0.128895088615443
0.128895088615443
0.128895088615443
0.128895088615443
0.128895088615443
0.128895088615443
0.128895088615443
0.128895088615443
0.128895088615443
0.128895088615443
0.128895088615443
0.128895088615443
0.128895088615443
0.128895088615443
0.128895088615443
0.128895088615443
0.128895088615443
0.128895088615443
0.128895088615443
0.128895088615443
0.128895088615443

