0.450279973984587
0.450279973984587
0.16963002265462
0.16963002265462
0.16963002265462
0.16963002265462
0.16963002265462
0.16963002265462
0.16963002265462
0.134851394596064
0.129403056138992
0.0710600205382506
0.0598164163394029
0.0374115857701239
0.0374115857701239
0.0320720617734963
0.030951793397605
0.0213482811114759
0.0179240984097383
0.0173168680586201
0.0169689521784215
0.0162327138551567
0.0159010299165305
0.0159010299165305
0.0158878222556731
0.0158420001484035
0.0158190281610895
0.0158190281610895
0.0158086192640204
0.0158022824709312
0.0158022824709312
0.0158022824709312
0.0158022824709312
0.0158018709390161
0.0158017842952391
0.0158016767414377
0.0158016658135484
0.0158016478320552
0.0158016323019213
0.0158016036502122
0.0158015995093264
0.0158015995093264
0.0158015875276518
0.0158015831971461
0.0158015831971461
0.0158015831971461
0.0158015831268871
0.0158015827539329
0.0158015827539329
0.0158015827332641
0.0158015827010455
0.0158015826909736
0.0158015826772723
0.0158015826249311
0.0158015826249311
0.0158015826205183
0.0158015826199849
0.015801582619746
0.0158015826190762
0.0158015826185047
0.0158015826183291
0.0158015826182657
0.0158015826182315
0.0158015826181113
0.0158015826180845
0.0158015826180383
0.015801582618018
0.015801582618018
0.0158015826180165
0.0158015826180111
0.0158015826180111
0.0158015826180104
0.0158015826180037
0.0158015826180029
0.0158015826180029
0.0158015826180028
0.0158015826180027
0.0158015826180026
0.0158015826180025
0.0158015826180024
0.0158015826180024
0.0158015826180024
0.0158015826180024
0.0158015826180024
0.0158015826180024
0.0158015826180024
0.0158015826180024
0.0158015826180024
0.0158015826180024
0.0158015826180024
0.0158015826180024
0.0158015826180024
0.0158015826180024
0.0158015826180024
0.0158015826180024
0.0158015826180024
0.0158015826180024
0.0158015826180024
0.0158015826180024
0.0158015826180024
0.0158015826180024
0.0158015826180024
0.0158015826180024
0.0158015826180024
0.0158015826180024
0.0158015826180024
0.0158015826180024
0.0158015826180024
0.0158015826180024
0.0158015826180024
0.0158015826180024
0.0158015826180024
0.0158015826180024
0.0158015826180024
0.0158015826180024
0.0158015826180024
0.0158015826180024
0.0158015826180024
0.0158015826180024
0.0158015826180024
0.0158015826180024
0.0158015826180024
0.0158015826180024
0.0158015826180024
0.0158015826180024
0.0158015826180024
0.0158015826180024
0.0158015826180024
0.0158015826180024
0.0158015826180024
0.0158015826180024
0.0158015826180024
0.0158015826180024
0.0158015826180024
0.0158015826180024
0.0158015826180024
0.0158015826180024
0.0158015826180024
0.0158015826180024
0.0158015826180024
0.0158015826180024
0.0158015826180024
0.0158015826180024
0.0158015826180024
0.0158015826180024
0.0158015826180024
0.0158015826180024
0.0158015826180024
0.0158015826180024
0.0158015826180024
0.0158015826180024
0.0158015826180024
0.0158015826180024
0.0158015826180024
0.0158015826180024
0.0158015826180024
0.0158015826180024
0.0158015826180024
0.0158015826180024
0.0158015826180024
0.0158015826180024
0.0158015826180024
0.0158015826180024
0.0158015826180024
0.0158015826180024
0.0158015826180024
0.0158015826180024
0.0158015826180024
0.0158015826180024
0.0158015826180024
0.0158015826180024
0.0158015826180024
0.0158015826180024
0.0158015826180024
0.0158015826180024
0.0158015826180024
0.0158015826180024
0.0158015826180024
0.0158015826180024
0.0158015826180024
0.0158015826180024
0.0158015826180024
0.0158015826180024
0.0158015826180024
0.0158015826180024
0.0158015826180024
0.0158015826180024
0.0158015826180024
0.0158015826180024
0.0158015826180024
0.0158015826180024
0.0158015826180024
0.0158015826180024
0.0158015826180024
0.0158015826180024
0.0158015826180024
0.0158015826180024
0.0158015826180024
0.0158015826180024
0.0158015826180024
0.0158015826180024
0.0158015826180024
0.0158015826180024
0.0158015826180024
0.0158015826180024
0.0158015826180024
0.0158015826180024
0.0158015826180024
0.0158015826180024
0.0158015826180024
0.0158015826180024
0.0158015826180024
0.0158015826180024
0.0158015826180024
0.0158015826180024
0.0158015826180024
0.0158015826180024
0.0158015826180024
0.0158015826180024
0.0158015826180024
0.0158015826180024
0.0158015826180024
0.0158015826180024
0.0158015826180024
0.0158015826180024
0.0158015826180024
0.0158015826180024
0.0158015826180024
0.0158015826180024
0.0158015826180024
0.0158015826180024
0.0158015826180024
0.0158015826180024
0.0158015826180024
0.0158015826180024
0.0158015826180024
0.0158015826180024
0.0158015826180024
0.0158015826180024
0.0158015826180024
0.0158015826180024
0.0158015826180024
0.0158015826180024
0.0158015826180024
0.0158015826180024
0.0158015826180024
0.0158015826180024
0.0158015826180024
0.0158015826180024
0.0158015826180024
0.0158015826180024
0.0158015826180024
0.0158015826180024
0.0158015826180024
0.0158015826180024
0.0158015826180024
0.0158015826180024
0.0158015826180024
0.0158015826180024
0.0158015826180024
0.0158015826180024
0.0158015826180024
0.0158015826180024
0.0158015826180024
0.0158015826180024
0.0158015826180024
0.0158015826180024
0.0158015826180024
0.0158015826180024
0.0158015826180024
0.0158015826180024
0.0158015826180024
0.0158015826180024
0.0158015826180024
0.0158015826180024
0.0158015826180024
0.0158015826180024
0.0158015826180024
0.0158015826180024
0.0158015826180024
0.0158015826180024
0.0158015826180024
0.0158015826180024
0.0158015826180024
0.0158015826180024
0.0158015826180024
0.0158015826180024
0.0158015826180024
0.0158015826180024
0.0158015826180024
0.0158015826180024
0.0158015826180024
0.0158015826180024
0.0158015826180024
0.0158015826180024
0.0158015826180024
0.0158015826180024
0.0158015826180024
0.0158015826180024
0.0158015826180024
0.0158015826180024
0.0158015826180024
0.0158015826180024
0.0158015826180024
0.0158015826180024
0.0158015826180024
0.0158015826180024
0.0158015826180024
0.0158015826180024
0.0158015826180024
0.0158015826180024
0.0158015826180024
0.0158015826180024
0.0158015826180024
0.0158015826180024
0.0158015826180024
0.0158015826180024
0.0158015826180024
0.0158015826180024
0.0158015826180024
0.0158015826180024
0.0158015826180024
0.0158015826180024
0.0158015826180024
0.0158015826180024
0.0158015826180024
0.0158015826180024
0.0158015826180024
0.0158015826180024
0.0158015826180024
0.0158015826180024
0.0158015826180024
0.0158015826180024
0.0158015826180024
0.0158015826180024
0.0158015826180024
0.0158015826180024
0.0158015826180024
0.0158015826180024
0.0158015826180024
0.0158015826180024
0.0158015826180024
0.0158015826180024
0.0158015826180024
0.0158015826180024
0.0158015826180024
0.0158015826180024
0.0158015826180024
0.0158015826180024
0.0158015826180024
0.0158015826180024
0.0158015826180024
0.0158015826180024
0.0158015826180024
0.0158015826180024
0.0158015826180024
0.0158015826180024
0.0158015826180024
0.0158015826180024
0.0158015826180024
0.0158015826180024
0.0158015826180024
0.0158015826180024
0.0158015826180024
0.0158015826180024
0.0158015826180024
0.0158015826180024
0.0158015826180024
0.0158015826180024
0.0158015826180024
0.0158015826180024
0.0158015826180024
0.0158015826180024
0.0158015826180024
0.0158015826180024
0.0158015826180024
0.0158015826180024
0.0158015826180024
0.0158015826180024
0.0158015826180024
0.0158015826180024
0.0158015826180024
0.0158015826180024
0.0158015826180024
0.0158015826180024
0.0158015826180024
0.0158015826180024
0.0158015826180024
0.0158015826180024
0.0158015826180024
0.0158015826180024
0.0158015826180024
0.0158015826180024
0.0158015826180024
0.0158015826180024
0.0158015826180024
0.0158015826180024
0.0158015826180024
0.0158015826180024
0.0158015826180024
0.0158015826180024
0.0158015826180024
0.0158015826180024
0.0158015826180024
0.0158015826180024
0.0158015826180024
0.0158015826180024
0.0158015826180024
0.0158015826180024
0.0158015826180024
0.0158015826180024
0.0158015826180024
0.0158015826180024
0.0158015826180024
0.0158015826180024
0.0158015826180024
0.0158015826180024
0.0158015826180024
0.0158015826180024
0.0158015826180024
0.0158015826180024
0.0158015826180024
0.0158015826180024
0.0158015826180024
0.0158015826180024
0.0158015826180024
0.0158015826180024
0.0158015826180024
0.0158015826180024
0.0158015826180024
0.0158015826180024
0.0158015826180024
0.0158015826180024
0.0158015826180024
0.0158015826180024
0.0158015826180024
0.0158015826180024
0.0158015826180024
0.0158015826180024
0.0158015826180024
0.0158015826180024
0.0158015826180024
0.0158015826180024
0.0158015826180024
0.0158015826180024
0.0158015826180024
0.0158015826180024
0.0158015826180024
0.0158015826180024
0.0158015826180024
0.0158015826180024
0.0158015826180024
0.0158015826180024
0.0158015826180024
0.0158015826180024
0.0158015826180024
0.0158015826180024
0.0158015826180024
0.0158015826180024
0.0158015826180024
0.0158015826180024
0.0158015826180024
0.0158015826180024
0.0158015826180024
0.0158015826180024
0.0158015826180024
0.0158015826180024
0.0158015826180024
0.0158015826180024
0.0158015826180024
0.0158015826180024
0.0158015826180024
0.0158015826180024
0.0158015826180024
0.0158015826180024
0.0158015826180024
0.0158015826180024
0.0158015826180024
0.0158015826180024
0.0158015826180024
0.0158015826180024
0.0158015826180024
0.0158015826180024
0.0158015826180024
0.0158015826180024
0.0158015826180024
0.0158015826180024
0.0158015826180024
0.0158015826180024
0.0158015826180024
0.0158015826180024
0.0158015826180024
0.0158015826180024
0.0158015826180024
0.0158015826180024
0.0158015826180024
0.0158015826180024
0.0158015826180024
0.0158015826180024
0.0158015826180024

