0.523876167786093
0.523876167786093
0.523876167786093
0.523876167786093
0.518593893785414
0.496467744059484
0.496467744059484
0.496467744059484
0.496467744059484
0.496467744059484
0.496467744059484
0.496467744059484
0.496467744059484
0.496467744059484
0.496467744059484
0.496467744059484
0.496467744059484
0.496467744059484
0.464296053605476
0.464296053605476
0.464296053605476
0.464296053605476
0.455697686262103
0.455697686262103
0.455697686262103
0.455697686262103
0.455697686262103
0.455697686262103
0.449462806546057
0.449462806546057
0.437578446093126
0.437578446093126
0.437578446093126
0.437578446093126
0.437376794818927
0.437376794818927
0.437376794818927
0.437300188074345
0.437300188074345
0.437300188074345
0.437300188074345
0.437300188074345
0.437292357555641
0.437292357555641
0.437292357555641
0.437282237561772
0.437282237561772
0.437282237561772
0.437282237561772
0.437282237561772
0.437281160176395
0.437281160176395
0.437281160176395
0.437281160176395
0.437281160176395
0.437281160176395
0.437281160176395
0.437281160176395
0.437281160176395
0.437281160176395
0.437281160176395
0.437281160176395
0.437281160176395
0.437281160176395
0.437281160176395
0.437281160176395
0.437281160176395
0.437281160176395
0.437281160176395
0.437281160176395
0.437281160176395
0.437281160176395
0.437281160176395
0.437281160176395
0.437281160176395
0.437281160176395
0.437281160176395
0.437281160176395
0.437281160176395
0.437281160176395
0.437281160176395
0.437281160176395
0.437281160176395
0.437281160176395
0.437281160176395
0.437281160176395
0.437281160176395
0.437281160176395
0.437281160176395
0.437281160176395
0.437281160176395
0.437281160176395
0.437281160176395
0.437281160176395
0.437281160176395
0.437281160176395
0.437281160176395
0.437281160176395
0.437281160176395
0.437281160176395
0.437281160176395
0.437281160176395
0.437281160176395
0.437281160176395
0.437281160176395
0.437281160176395
0.437281160176395
0.437281160176395
0.437281160176395
0.437281160176395
0.437281160176395
0.437281160176395
0.437281160176395
0.437281160176395
0.437281160176395
0.437281160176395
0.437281160176395
0.437281160176395
0.437281160176395
0.437281160176395
0.437281160176395
0.437281160176395
0.437281160176395
0.437281160176395
0.437281160176395
0.437281160176395
0.437281160176395
0.437281160176395
0.437281160176395
0.437281160176395
0.437281160176395
0.437281160176395
0.437281160176395
0.437281160176395
0.437281160176395
0.437281160176395
0.437281160176395
0.437281160176395
0.437281160176395
0.437281160176395
0.437281160176395
0.437281160176395
0.437281160176395
0.437281160176395
0.437281160176395
0.437281160176395
0.437281160176395
0.437281160176395
0.437281160176395
0.437281160176395
0.437281160176395
0.437281160176395
0.437281160176395
0.437281160176395
0.437281160176395
0.437281160176395
0.437281160176395
0.437281160176395
0.437281160176395
0.437281160176395
0.437281160176395
0.437281160176395
0.437281160176395
0.437281160176395
0.437281160176395
0.437281160176395
0.437281160176395
0.437281160176395
0.437281160176395
0.437281160176395
0.437281160176395
0.437281160176395
0.437281160176395
0.437281160176395
0.437281160176395
0.437281160176395
0.437281160176395
0.437281160176395
0.437281160176395
0.437281160176395
0.437281160176395
0.437281160176395
0.437281160176395
0.437281160176395
0.437281160176395
0.437281160176395
0.437281160176395
0.437281160176395
0.437281160176395
0.437281160176395
0.437281160176395
0.437281160176395
0.437281160176395
0.437281160176395
0.437281160176395
0.437281160176395
0.437281160176395
0.437281160176395
0.437281160176395
0.437281160176395
0.437281160176395
0.437281160176395
0.437281160176395
0.437281160176395
0.437281160176395
0.437281160176395
0.437281160176395
0.437281160176395
0.437281160176395
0.437281160176395
0.437281160176395
0.437281160176395
0.437281160176395
0.437281160176395
0.437281160176395
0.437281160176395
0.437281160176395
0.437281160176395
0.437281160176395
0.437281160176395
0.437281160176395
0.437281160176395
0.437281160176395
0.437281160176395
0.437281160176395
0.437281160176395
0.437281160176395
0.437281160176395
0.437281160176395
0.437281160176395
0.437281160176395
0.437281160176395
0.437281160176395
0.437281160176395
0.437281160176395
0.437281160176395
0.437281160176395
0.437281160176395
0.437281160176395
0.437281160176395
0.437281160176395
0.437281160176395
0.437281160176395
0.437281160176395
0.437281160176395
0.437281160176395
0.437281160176395
0.437281160176395
0.437281160176395
0.437281160176395
0.437281160176395
0.437281160176395
0.437281160176395
0.437281160176395
0.437281160176395
0.437281160176395
0.437281160176395
0.437281160176395
0.437281160176395
0.437281160176395
0.437281160176395
0.437281160176395
0.437281160176395
0.437281160176395
0.437281160176395
0.437281160176395
0.437281160176395
0.437281160176395
0.437281160176395
0.437281160176395
0.437281160176395
0.437281160176395
0.437281160176395
0.437281160176395
0.437281160176395
0.437281160176395
0.437281160176395
0.437281160176395
0.437281160176395
0.437281160176395
0.437281160176395
0.437281160176395
0.437281160176395
0.437281160176395
0.437281160176395
0.437281160176395
0.437281160176395
0.437281160176395
0.437281160176395
0.437281160176395
0.437281160176395
0.437281160176395
0.437281160176395
0.437281160176395
0.437281160176395
0.437281160176395
0.437281160176395
0.437281160176395
0.437281160176395
0.437281160176395
0.437281160176395
0.437281160176395
0.437281160176395
0.437281160176395
0.437281160176395
0.437281160176395
0.437281160176395
0.437281160176395
0.437281160176395
0.437281160176395
0.437281160176395
0.437281160176395
0.437281160176395
0.437281160176395
0.437281160176395
0.437281160176395
0.437281160176395
0.437281160176395
0.437281160176395
0.437281160176395
0.437281160176395
0.437281160176395
0.437281160176395
0.437281160176395
0.437281160176395
0.437281160176395
0.437281160176395
0.437281160176395
0.437281160176395
0.437281160176395
0.437281160176395
0.437281160176395
0.437281160176395
0.437281160176395
0.437281160176395
0.437281160176395
0.437281160176395
0.437281160176395
0.437281160176395
0.437281160176395
0.437281160176395
0.437281160176395
0.437281160176395
0.437281160176395
0.437281160176395
0.437281160176395
0.437281160176395
0.437281160176395
0.437281160176395
0.437281160176395
0.437281160176395
0.437281160176395
0.437281160176395
0.437281160176395
0.437281160176395
0.437281160176395
0.437281160176395
0.437281160176395
0.437281160176395
0.437281160176395
0.437281160176395
0.437281160176395
0.437281160176395
0.437281160176395
0.437281160176395
0.437281160176395
0.437281160176395
0.437281160176395
0.437281160176395
0.437281160176395
0.437281160176395
0.437281160176395
0.437281160176395
0.437281160176395
0.437281160176395
0.437281160176395
0.437281160176395
0.437281160176395
0.437281160176395
0.437281160176395
0.437281160176395
0.437281160176395
0.437281160176395
0.437281160176395
0.437281160176395
0.437281160176395
0.437281160176395
0.437281160176395
0.437281160176395
0.437281160176395
0.437281160176395
0.437281160176395
0.437281160176395
0.437281160176395
0.437281160176395
0.437281160176395
0.437281160176395
0.437281160176395
0.437281160176395
0.437281160176395
0.437281160176395
0.437281160176395
0.437281160176395
0.437281160176395
0.437281160176395
0.437281160176395
0.437281160176395
0.437281160176395
0.437281160176395
0.437281160176395
0.437281160176395
0.437281160176395
0.437281160176395
0.437281160176395
0.437281160176395
0.437281160176395
0.437281160176395
0.437281160176395
0.437281160176395
0.437281160176395
0.437281160176395
0.437281160176395
0.437281160176395
0.437281160176395
0.437281160176395
0.437281160176395
0.437281160176395
0.437281160176395
0.437281160176395
0.437281160176395
0.437281160176395
0.437281160176395
0.437281160176395
0.437281160176395
0.437281160176395
0.437281160176395
0.437281160176395
0.437281160176395
0.437281160176395
0.437281160176395
0.437281160176395
0.437281160176395
0.437281160176395
0.437281160176395
0.437281160176395
0.437281160176395
0.437281160176395
0.437281160176395
0.437281160176395
0.437281160176395
0.437281160176395
0.437281160176395
0.437281160176395
0.437281160176395
0.437281160176395
0.437281160176395
0.437281160176395
0.437281160176395
0.437281160176395
0.437281160176395
0.437281160176395
0.437281160176395
0.437281160176395
0.437281160176395
0.437281160176395
0.437281160176395
0.437281160176395
0.437281160176395
0.437281160176395
0.437281160176395
0.437281160176395
0.437281160176395
0.437281160176395
0.437281160176395
0.437281160176395
0.437281160176395
0.437281160176395
0.437281160176395
0.437281160176395
0.437281160176395
0.437281160176395
0.437281160176395
0.437281160176395
0.437281160176395
0.437281160176395
0.437281160176395
0.437281160176395
0.437281160176395
0.437281160176395
0.437281160176395
0.437281160176395
0.437281160176395
0.437281160176395
0.437281160176395
0.437281160176395
0.437281160176395
0.437281160176395
0.437281160176395
0.437281160176395
0.437281160176395

