0.273672610628908
0.273672610628908
0.273672610628908
0.224209442352191
0.224209442352191
0.224209442352191
0.224209442352191
0.191411260945928
0.183144842785543
0.183144842785543
0.183144842785543
0.15008585355798
0.15008585355798
0.14897764293832
0.143679433996369
0.140904869063938
0.137031285157489
0.137031285157489
0.134911985175212
0.132179350617742
0.130768750256072
0.130768750256072
0.130768750256072
0.128985764512168
0.128906453707264
0.128866550050278
0.128818310687101
0.128770791977164
0.128770791977164
0.128761243789714
0.128758697475808
0.128758697475808
0.128756903841178
0.128755600539736
0.128755380588558
0.128755380588558
0.128755331688789
0.128755295607685
0.128755295607685
0.128755291090976
0.128755287471043
0.128755287471043
0.128755287471043
0.128755286967451
0.128755286967451
0.128755286964453
0.128755286936635
0.128755286917426
0.128755286888002
0.128755286888002
0.128755286871168
0.128755286868207
0.128755286866237
0.128755286866237
0.128755286863973
0.128755286863973
0.128755286863964
0.128755286863775
0.128755286863626
0.128755286863617
0.128755286863609
0.128755286863575
0.128755286863565
0.128755286863556
0.128755286863556
0.128755286863546
0.128755286863546
0.128755286863546
0.128755286863546
0.128755286863545
0.128755286863545
0.128755286863545
0.128755286863545
0.128755286863545
0.128755286863545
0.128755286863545
0.128755286863545
0.128755286863545
0.128755286863545
0.128755286863545
0.128755286863545
0.128755286863545
0.128755286863545
0.128755286863545
0.128755286863545
0.128755286863545
0.128755286863545
0.128755286863545
0.128755286863545
0.128755286863545
0.128755286863545
0.128755286863545
0.128755286863545
0.128755286863545
0.128755286863545
0.128755286863545
0.128755286863545
0.128755286863545
0.128755286863545
0.128755286863545
0.128755286863545
0.128755286863545
0.128755286863545
0.128755286863545
0.128755286863545
0.128755286863545
0.128755286863545
0.128755286863545
0.128755286863545
0.128755286863545
0.128755286863545
0.128755286863545
0.128755286863545
0.128755286863545
0.128755286863545
0.128755286863545
0.128755286863545
0.128755286863545
0.128755286863545
0.128755286863545
0.128755286863545
0.128755286863545
0.128755286863545
0.128755286863545
0.128755286863545
0.128755286863545
0.128755286863545
0.128755286863545
0.128755286863545
0.128755286863545
0.128755286863545
0.128755286863545
0.128755286863545
0.128755286863545
0.128755286863545
0.128755286863545
0.128755286863545
0.128755286863545
0.128755286863545
0.128755286863545
0.128755286863545
0.128755286863545
0.128755286863545
0.128755286863545
0.128755286863545
0.128755286863545
0.128755286863545
0.128755286863545
0.128755286863545
0.128755286863545
0.128755286863545
0.128755286863545
0.128755286863545
0.128755286863545
0.128755286863545
0.128755286863545
0.128755286863545
0.128755286863545
0.128755286863545
0.128755286863545
0.128755286863545
0.128755286863545
0.128755286863545
0.128755286863545
0.128755286863545
0.128755286863545
0.128755286863545
0.128755286863545
0.128755286863545
0.128755286863545
0.128755286863545
0.128755286863545
0.128755286863545
0.128755286863545
0.128755286863545
0.128755286863545
0.128755286863545
0.128755286863545
0.128755286863545
0.128755286863545
0.128755286863545
0.128755286863545
0.128755286863545
0.128755286863545
0.128755286863545
0.128755286863545
0.128755286863545
0.128755286863545
0.128755286863545
0.128755286863545
0.128755286863545
0.128755286863545
0.128755286863545
0.128755286863545
0.128755286863545
0.128755286863545
0.128755286863545
0.128755286863545
0.128755286863545
0.128755286863545
0.128755286863545
0.128755286863545
0.128755286863545
0.128755286863545
0.128755286863545
0.128755286863545
0.128755286863545
0.128755286863545
0.128755286863545
0.128755286863545
0.128755286863545
0.128755286863545
0.128755286863545
0.128755286863545
0.128755286863545
0.128755286863545
0.128755286863545
0.128755286863545
0.128755286863545
0.128755286863545
0.128755286863545
0.128755286863545
0.128755286863545
0.128755286863545
0.128755286863545
0.128755286863545
0.128755286863545
0.128755286863545
0.128755286863545
0.128755286863545
0.128755286863545
0.128755286863545
0.128755286863545
0.128755286863545
0.128755286863545
0.128755286863545
0.128755286863545
0.128755286863545
0.128755286863545
0.128755286863545
0.128755286863545
0.128755286863545
0.128755286863545
0.128755286863545
0.128755286863545
0.128755286863545
0.128755286863545
0.128755286863545
0.128755286863545
0.128755286863545
0.128755286863545
0.128755286863545
0.128755286863545
0.128755286863545
0.128755286863545
0.128755286863545
0.128755286863545
0.128755286863545
0.128755286863545
0.128755286863545
0.128755286863545
0.128755286863545
0.128755286863545
0.128755286863545
0.128755286863545
0.128755286863545
0.128755286863545
0.128755286863545
0.128755286863545
0.128755286863545
0.128755286863545
0.128755286863545
0.128755286863545
0.128755286863545
0.128755286863545
0.128755286863545
0.128755286863545
0.128755286863545
0.128755286863545
0.128755286863545
0.128755286863545
0.128755286863545
0.128755286863545
0.128755286863545
0.128755286863545
0.128755286863545
0.128755286863545
0.128755286863545
0.128755286863545
0.128755286863545
0.128755286863545
0.128755286863545
0.128755286863545
0.128755286863545
0.128755286863545
0.128755286863545
0.128755286863545
0.128755286863545
0.128755286863545
0.128755286863545
0.128755286863545
0.128755286863545
0.128755286863545
0.128755286863545
0.128755286863545
0.128755286863545
0.128755286863545
0.128755286863545
0.128755286863545
0.128755286863545
0.128755286863545
0.128755286863545
0.128755286863545
0.128755286863545
0.128755286863545
0.128755286863545
0.128755286863545
0.128755286863545
0.128755286863545
0.128755286863545
0.128755286863545
0.128755286863545
0.128755286863545
0.128755286863545
0.128755286863545
0.128755286863545
0.128755286863545
0.128755286863545
0.128755286863545
0.128755286863545
0.128755286863545
0.128755286863545
0.128755286863545
0.128755286863545
0.128755286863545
0.128755286863545
0.128755286863545
0.128755286863545
0.128755286863545
0.128755286863545
0.128755286863545
0.128755286863545
0.128755286863545
0.128755286863545
0.128755286863545
0.128755286863545
0.128755286863545
0.128755286863545
0.128755286863545
0.128755286863545
0.128755286863545
0.128755286863545
0.128755286863545
0.128755286863545
0.128755286863545
0.128755286863545
0.128755286863545
0.128755286863545
0.128755286863545
0.128755286863545
0.128755286863545
0.128755286863545
0.128755286863545
0.128755286863545
0.128755286863545
0.128755286863545
0.128755286863545
0.128755286863545
0.128755286863545
0.128755286863545
0.128755286863545
0.128755286863545
0.128755286863545
0.128755286863545
0.128755286863545
0.128755286863545
0.128755286863545
0.128755286863545
0.128755286863545
0.128755286863545
0.128755286863545
0.128755286863545
0.128755286863545
0.128755286863545
0.128755286863545
0.128755286863545
0.128755286863545
0.128755286863545
0.128755286863545
0.128755286863545
0.128755286863545
0.128755286863545
0.128755286863545
0.128755286863545
0.128755286863545
0.128755286863545
0.128755286863545
0.128755286863545
0.128755286863545
0.128755286863545
0.128755286863545
0.128755286863545
0.128755286863545
0.128755286863545
0.128755286863545
0.128755286863545
0.128755286863545
0.128755286863545
0.128755286863545
0.128755286863545
0.128755286863545
0.128755286863545
0.128755286863545
0.128755286863545
0.128755286863545
0.128755286863545
0.128755286863545
0.128755286863545
0.128755286863545
0.128755286863545
0.128755286863545
0.128755286863545
0.128755286863545
0.128755286863545
0.128755286863545
0.128755286863545
0.128755286863545
0.128755286863545
0.128755286863545
0.128755286863545
0.128755286863545
0.128755286863545
0.128755286863545
0.128755286863545
0.128755286863545
0.128755286863545
0.128755286863545
0.128755286863545
0.128755286863545
0.128755286863545
0.128755286863545
0.128755286863545
0.128755286863545
0.128755286863545
0.128755286863545
0.128755286863545
0.128755286863545
0.128755286863545
0.128755286863545
0.128755286863545
0.128755286863545
0.128755286863545
0.128755286863545
0.128755286863545
0.128755286863545
0.128755286863545
0.128755286863545
0.128755286863545
0.128755286863545
0.128755286863545
0.128755286863545
0.128755286863545
0.128755286863545
0.128755286863545
0.128755286863545
0.128755286863545
0.128755286863545
0.128755286863545
0.128755286863545
0.128755286863545
0.128755286863545
0.128755286863545
0.128755286863545
0.128755286863545
0.128755286863545
0.128755286863545
0.128755286863545
0.128755286863545
0.128755286863545
0.128755286863545
0.128755286863545
0.128755286863545
0.128755286863545
0.128755286863545
0.128755286863545
0.128755286863545
0.128755286863545
0.128755286863545
0.128755286863545
0.128755286863545
0.128755286863545
0.128755286863545
0.128755286863545
0.128755286863545
0.128755286863545
0.128755286863545
0.128755286863545
0.128755286863545
0.128755286863545
0.128755286863545

