0.39627967901024
0.39627967901024
0.39627967901024
0.39627967901024
0.39627967901024
0.308997772409897
0.308997772409897
0.215021683506462
0.208779334382259
0.149408063100982
0.13089170669402
0.116496239230144
0.109609607608007
0.105511589607232
0.0819949766126257
0.0758132761184498
0.0758132761184498
0.0758132761184498
0.0729421696903703
0.0727178996272894
0.0724810029647575
0.0724810029647575
0.0705761592663336
0.0705761592663336
0.0704543734927859
0.0703929815848185
0.0703929815848185
0.0703853379453668
0.0703810626548396
0.0703810626548396
0.0703797936777001
0.0703792001432694
0.0703791350596376
0.0703791350596376
0.0703788717043059
0.0703788717043059
0.0703788717043059
0.0703788501990417
0.07037884652639
0.0703788436381291
0.0703788397641614
0.0703788390853474
0.0703788390514111
0.0703788387190581
0.0703788386866795
0.0703788383605534
0.0703788383605534
0.070378838349837
0.0703788383169052
0.0703788382892356
0.0703788382863013
0.0703788382863013
0.0703788382783459
0.0703788382744111
0.0703788382744111
0.070378838274317
0.0703788382739554
0.070378838273172
0.070378838273172
0.070378838273172
0.070378838273172
0.0703788382731707
0.0703788382731443
0.0703788382731443
0.0703788382731443
0.070378838273143
0.0703788382731426
0.0703788382731419
0.0703788382731419
0.0703788382731417
0.0703788382731417
0.0703788382731417
0.0703788382731416
0.0703788382731416
0.0703788382731416
0.0703788382731416
0.0703788382731416
0.0703788382731416
0.0703788382731416
0.0703788382731416
0.0703788382731416
0.0703788382731416
0.0703788382731416
0.0703788382731416
0.0703788382731416
0.0703788382731416
0.0703788382731416
0.0703788382731416
0.0703788382731416
0.0703788382731416
0.0703788382731416
0.0703788382731416
0.0703788382731416
0.0703788382731416
0.0703788382731416
0.0703788382731416
0.0703788382731416
0.0703788382731416
0.0703788382731416
0.0703788382731416
0.0703788382731416
0.0703788382731416
0.0703788382731416
0.0703788382731416
0.0703788382731416
0.0703788382731416
0.0703788382731416
0.0703788382731416
0.0703788382731416
0.0703788382731416
0.0703788382731416
0.0703788382731416
0.0703788382731416
0.0703788382731416
0.0703788382731416
0.0703788382731416
0.0703788382731416
0.0703788382731416
0.0703788382731416
0.0703788382731416
0.0703788382731416
0.0703788382731416
0.0703788382731416
0.0703788382731416
0.0703788382731416
0.0703788382731416
0.0703788382731416
0.0703788382731416
0.0703788382731416
0.0703788382731416
0.0703788382731416
0.0703788382731416
0.0703788382731416
0.0703788382731416
0.0703788382731416
0.0703788382731416
0.0703788382731416
0.0703788382731416
0.0703788382731416
0.0703788382731416
0.0703788382731416
0.0703788382731416
0.0703788382731416
0.0703788382731416
0.0703788382731416
0.0703788382731416
0.0703788382731416
0.0703788382731416
0.0703788382731416
0.0703788382731416
0.0703788382731416
0.0703788382731416
0.0703788382731416
0.0703788382731416
0.0703788382731416
0.0703788382731416
0.0703788382731416
0.0703788382731416
0.0703788382731416
0.0703788382731416
0.0703788382731416
0.0703788382731416
0.0703788382731416
0.0703788382731416
0.0703788382731416
0.0703788382731416
0.0703788382731416
0.0703788382731416
0.0703788382731416
0.0703788382731416
0.0703788382731416
0.0703788382731416
0.0703788382731416
0.0703788382731416
0.0703788382731416
0.0703788382731416
0.0703788382731416
0.0703788382731416
0.0703788382731416
0.0703788382731416
0.0703788382731416
0.0703788382731416
0.0703788382731416
0.0703788382731416
0.0703788382731416
0.0703788382731416
0.0703788382731416
0.0703788382731416
0.0703788382731416
0.0703788382731416
0.0703788382731416
0.0703788382731416
0.0703788382731416
0.0703788382731416
0.0703788382731416
0.0703788382731416
0.0703788382731416
0.0703788382731416
0.0703788382731416
0.0703788382731416
0.0703788382731416
0.0703788382731416
0.0703788382731416
0.0703788382731416
0.0703788382731416
0.0703788382731416
0.0703788382731416
0.0703788382731416
0.0703788382731416
0.0703788382731416
0.0703788382731416
0.0703788382731416
0.0703788382731416
0.0703788382731416
0.0703788382731416
0.0703788382731416
0.0703788382731416
0.0703788382731416
0.0703788382731416
0.0703788382731416
0.0703788382731416
0.0703788382731416
0.0703788382731416
0.0703788382731416
0.0703788382731416
0.0703788382731416
0.0703788382731416
0.0703788382731416
0.0703788382731416
0.0703788382731416
0.0703788382731416
0.0703788382731416
0.0703788382731416
0.0703788382731416
0.0703788382731416
0.0703788382731416
0.0703788382731416
0.0703788382731416
0.0703788382731416
0.0703788382731416
0.0703788382731416
0.0703788382731416
0.0703788382731416
0.0703788382731416
0.0703788382731416
0.0703788382731416
0.0703788382731416
0.0703788382731416
0.0703788382731416
0.0703788382731416
0.0703788382731416
0.0703788382731416
0.0703788382731416
0.0703788382731416
0.0703788382731416
0.0703788382731416
0.0703788382731416
0.0703788382731416
0.0703788382731416
0.0703788382731416
0.0703788382731416
0.0703788382731416
0.0703788382731416
0.0703788382731416
0.0703788382731416
0.0703788382731416
0.0703788382731416
0.0703788382731416
0.0703788382731416
0.0703788382731416
0.0703788382731416
0.0703788382731416
0.0703788382731416
0.0703788382731416
0.0703788382731416
0.0703788382731416
0.0703788382731416
0.0703788382731416
0.0703788382731416
0.0703788382731416
0.0703788382731416
0.0703788382731416
0.0703788382731416
0.0703788382731416
0.0703788382731416
0.0703788382731416
0.0703788382731416
0.0703788382731416
0.0703788382731416
0.0703788382731416
0.0703788382731416
0.0703788382731416
0.0703788382731416
0.0703788382731416
0.0703788382731416
0.0703788382731416
0.0703788382731416
0.0703788382731416
0.0703788382731416
0.0703788382731416
0.0703788382731416
0.0703788382731416
0.0703788382731416
0.0703788382731416
0.0703788382731416
0.0703788382731416
0.0703788382731416
0.0703788382731416
0.0703788382731416
0.0703788382731416
0.0703788382731416
0.0703788382731416
0.0703788382731416
0.0703788382731416
0.0703788382731416
0.0703788382731416
0.0703788382731416
0.0703788382731416
0.0703788382731416
0.0703788382731416
0.0703788382731416
0.0703788382731416
0.0703788382731416
0.0703788382731416
0.0703788382731416
0.0703788382731416
0.0703788382731416
0.0703788382731416
0.0703788382731416
0.0703788382731416
0.0703788382731416
0.0703788382731416
0.0703788382731416
0.0703788382731416
0.0703788382731416
0.0703788382731416
0.0703788382731416
0.0703788382731416
0.0703788382731416
0.0703788382731416
0.0703788382731416
0.0703788382731416
0.0703788382731416
0.0703788382731416
0.0703788382731416
0.0703788382731416
0.0703788382731416
0.0703788382731416
0.0703788382731416
0.0703788382731416
0.0703788382731416
0.0703788382731416
0.0703788382731416
0.0703788382731416
0.0703788382731416
0.0703788382731416
0.0703788382731416
0.0703788382731416
0.0703788382731416
0.0703788382731416
0.0703788382731416
0.0703788382731416
0.0703788382731416
0.0703788382731416
0.0703788382731416
0.0703788382731416
0.0703788382731416
0.0703788382731416
0.0703788382731416
0.0703788382731416
0.0703788382731416
0.0703788382731416
0.0703788382731416
0.0703788382731416
0.0703788382731416
0.0703788382731416
0.0703788382731416
0.0703788382731416
0.0703788382731416
0.0703788382731416
0.0703788382731416
0.0703788382731416
0.0703788382731416
0.0703788382731416
0.0703788382731416
0.0703788382731416
0.0703788382731416
0.0703788382731416
0.0703788382731416
0.0703788382731416
0.0703788382731416
0.0703788382731416
0.0703788382731416
0.0703788382731416
0.0703788382731416
0.0703788382731416
0.0703788382731416
0.0703788382731416
0.0703788382731416
0.0703788382731416
0.0703788382731416
0.0703788382731416
0.0703788382731416
0.0703788382731416
0.0703788382731416
0.0703788382731416
0.0703788382731416
0.0703788382731416
0.0703788382731416
0.0703788382731416
0.0703788382731416
0.0703788382731416
0.0703788382731416
0.0703788382731416
0.0703788382731416
0.0703788382731416
0.0703788382731416
0.0703788382731416
0.0703788382731416
0.0703788382731416
0.0703788382731416
0.0703788382731416
0.0703788382731416
0.0703788382731416
0.0703788382731416
0.0703788382731416
0.0703788382731416
0.0703788382731416
0.0703788382731416
0.0703788382731416
0.0703788382731416
0.0703788382731416
0.0703788382731416
0.0703788382731416
0.0703788382731416
0.0703788382731416
0.0703788382731416
0.0703788382731416
0.0703788382731416
0.0703788382731416
0.0703788382731416
0.0703788382731416
0.0703788382731416
0.0703788382731416
0.0703788382731416
0.0703788382731416
0.0703788382731416
0.0703788382731416
0.0703788382731416
0.0703788382731416
0.0703788382731416
0.0703788382731416
0.0703788382731416
0.0703788382731416
0.0703788382731416
0.0703788382731416
0.0703788382731416
0.0703788382731416
0.0703788382731416
0.0703788382731416
0.0703788382731416
0.0703788382731416
0.0703788382731416
0.0703788382731416
0.0703788382731416
0.0703788382731416
0.0703788382731416
0.0703788382731416
0.0703788382731416
0.0703788382731416
0.0703788382731416
0.0703788382731416
0.0703788382731416
0.0703788382731416
0.0703788382731416
0.0703788382731416
0.0703788382731416
0.0703788382731416
0.0703788382731416
0.0703788382731416
0.0703788382731416
0.0703788382731416
0.0703788382731416
0.0703788382731416
0.0703788382731416
0.0703788382731416
0.0703788382731416
0.0703788382731416
0.0703788382731416
0.0703788382731416
0.0703788382731416
0.0703788382731416
0.0703788382731416
0.0703788382731416
0.0703788382731416
0.0703788382731416
0.0703788382731416
0.0703788382731416
0.0703788382731416
0.0703788382731416

