0.540221767119045
0.540221767119045
0.540221767119045
0.540221767119045
0.486181570809665
0.437491861798143
0.392814564313083
0.335156849963013
0.235168297572213
0.231250268297023
0.207083738625631
0.193672433590723
0.193672433590723
0.177215908215641
0.173157377588458
0.173157377588458
0.168211905683725
0.165581813907314
0.165222095116827
0.163161003489207
0.161769960100758
0.161769960100758
0.161473790363957
0.160991907293404
0.16093033146275
0.160862145955628
0.160710354262782
0.160710354262782
0.160707731818833
0.160690741079621
0.160685764837585
0.160685764837585
0.160685213882575
0.160684496567279
0.160684496567279
0.160684189919082
0.160683728707572
0.16068364938392
0.16068364938392
0.160683596670124
0.160683596670124
0.160683561937709
0.160683561937709
0.160683560965579
0.160683555856524
0.160683554392013
0.160683553490361
0.160683553490361
0.160683553490361
0.160683553490361
0.160683553287967
0.160683553258164
0.160683553250302
0.160683553228546
0.16068355321
0.160683553207046
0.16068355320598
0.16068355320326
0.160683553202476
0.160683553202132
0.160683553202132
0.160683553201988
0.160683553201974
0.160683553201937
0.160683553201919
0.16068355320188
0.16068355320188
0.160683553201834
0.160683553201834
0.160683553201832
0.160683553201831
0.160683553201824
0.160683553201824
0.160683553201824
0.160683553201824
0.160683553201823
0.160683553201823
0.160683553201823
0.160683553201823
0.160683553201822
0.160683553201822
0.160683553201822
0.160683553201822
0.160683553201822
0.160683553201822
0.160683553201822
0.160683553201822
0.160683553201822
0.160683553201822
0.160683553201822
0.160683553201822
0.160683553201822
0.160683553201822
0.160683553201822
0.160683553201822
0.160683553201822
0.160683553201822
0.160683553201822
0.160683553201822
0.160683553201822
0.160683553201822
0.160683553201822
0.160683553201822
0.160683553201822
0.160683553201822
0.160683553201822
0.160683553201822
0.160683553201822
0.160683553201822
0.160683553201822
0.160683553201822
0.160683553201822
0.160683553201822
0.160683553201822
0.160683553201822
0.160683553201822
0.160683553201822
0.160683553201822
0.160683553201822
0.160683553201822
0.160683553201822
0.160683553201822
0.160683553201822
0.160683553201822
0.160683553201822
0.160683553201822
0.160683553201822
0.160683553201822
0.160683553201822
0.160683553201822
0.160683553201822
0.160683553201822
0.160683553201822
0.160683553201822
0.160683553201822
0.160683553201822
0.160683553201822
0.160683553201822
0.160683553201822
0.160683553201822
0.160683553201822
0.160683553201822
0.160683553201822
0.160683553201822
0.160683553201822
0.160683553201822
0.160683553201822
0.160683553201822
0.160683553201822
0.160683553201822
0.160683553201822
0.160683553201822
0.160683553201822
0.160683553201822
0.160683553201822
0.160683553201822
0.160683553201822
0.160683553201822
0.160683553201822
0.160683553201822
0.160683553201822
0.160683553201822
0.160683553201822
0.160683553201822
0.160683553201822
0.160683553201822
0.160683553201822
0.160683553201822
0.160683553201822
0.160683553201822
0.160683553201822
0.160683553201822
0.160683553201822
0.160683553201822
0.160683553201822
0.160683553201822
0.160683553201822
0.160683553201822
0.160683553201822
0.160683553201822
0.160683553201822
0.160683553201822
0.160683553201822
0.160683553201822
0.160683553201822
0.160683553201822
0.160683553201822
0.160683553201822
0.160683553201822
0.160683553201822
0.160683553201822
0.160683553201822
0.160683553201822
0.160683553201822
0.160683553201822
0.160683553201822
0.160683553201822
0.160683553201822
0.160683553201822
0.160683553201822
0.160683553201822
0.160683553201822
0.160683553201822
0.160683553201822
0.160683553201822
0.160683553201822
0.160683553201822
0.160683553201822
0.160683553201822
0.160683553201822
0.160683553201822
0.160683553201822
0.160683553201822
0.160683553201822
0.160683553201822
0.160683553201822
0.160683553201822
0.160683553201822
0.160683553201822
0.160683553201822
0.160683553201822
0.160683553201822
0.160683553201822
0.160683553201822
0.160683553201822
0.160683553201822
0.160683553201822
0.160683553201822
0.160683553201822
0.160683553201822
0.160683553201822
0.160683553201822
0.160683553201822
0.160683553201822
0.160683553201822
0.160683553201822
0.160683553201822
0.160683553201822
0.160683553201822
0.160683553201822
0.160683553201822
0.160683553201822
0.160683553201822
0.160683553201822
0.160683553201822
0.160683553201822
0.160683553201822
0.160683553201822
0.160683553201822
0.160683553201822
0.160683553201822
0.160683553201822
0.160683553201822
0.160683553201822
0.160683553201822
0.160683553201822
0.160683553201822
0.160683553201822
0.160683553201822
0.160683553201822
0.160683553201822
0.160683553201822
0.160683553201822
0.160683553201822
0.160683553201822
0.160683553201822
0.160683553201822
0.160683553201822
0.160683553201822
0.160683553201822
0.160683553201822
0.160683553201822
0.160683553201822
0.160683553201822
0.160683553201822
0.160683553201822
0.160683553201822
0.160683553201822
0.160683553201822
0.160683553201822
0.160683553201822
0.160683553201822
0.160683553201822
0.160683553201822
0.160683553201822
0.160683553201822
0.160683553201822
0.160683553201822
0.160683553201822
0.160683553201822
0.160683553201822
0.160683553201822
0.160683553201822
0.160683553201822
0.160683553201822
0.160683553201822
0.160683553201822
0.160683553201822
0.160683553201822
0.160683553201822
0.160683553201822
0.160683553201822
0.160683553201822
0.160683553201822
0.160683553201822
0.160683553201822
0.160683553201822
0.160683553201822
0.160683553201822
0.160683553201822
0.160683553201822
0.160683553201822
0.160683553201822
0.160683553201822
0.160683553201822
0.160683553201822
0.160683553201822
0.160683553201822
0.160683553201822
0.160683553201822
0.160683553201822
0.160683553201822
0.160683553201822
0.160683553201822
0.160683553201822
0.160683553201822
0.160683553201822
0.160683553201822
0.160683553201822
0.160683553201822
0.160683553201822
0.160683553201822
0.160683553201822
0.160683553201822
0.160683553201822
0.160683553201822
0.160683553201822
0.160683553201822
0.160683553201822
0.160683553201822
0.160683553201822
0.160683553201822
0.160683553201822
0.160683553201822
0.160683553201822
0.160683553201822
0.160683553201822
0.160683553201822
0.160683553201822
0.160683553201822
0.160683553201822
0.160683553201822
0.160683553201822
0.160683553201822
0.160683553201822
0.160683553201822
0.160683553201822
0.160683553201822
0.160683553201822
0.160683553201822
0.160683553201822
0.160683553201822
0.160683553201822
0.160683553201822
0.160683553201822
0.160683553201822
0.160683553201822
0.160683553201822
0.160683553201822
0.160683553201822
0.160683553201822
0.160683553201822
0.160683553201822
0.160683553201822
0.160683553201822
0.160683553201822
0.160683553201822
0.160683553201822
0.160683553201822
0.160683553201822
0.160683553201822
0.160683553201822
0.160683553201822
0.160683553201822
0.160683553201822
0.160683553201822
0.160683553201822
0.160683553201822
0.160683553201822
0.160683553201822
0.160683553201822
0.160683553201822
0.160683553201822
0.160683553201822
0.160683553201822
0.160683553201822
0.160683553201822
0.160683553201822
0.160683553201822
0.160683553201822
0.160683553201822
0.160683553201822
0.160683553201822
0.160683553201822
0.160683553201822
0.160683553201822
0.160683553201822
0.160683553201822
0.160683553201822
0.160683553201822
0.160683553201822
0.160683553201822
0.160683553201822
0.160683553201822
0.160683553201822
0.160683553201822
0.160683553201822
0.160683553201822
0.160683553201822
0.160683553201822
0.160683553201822
0.160683553201822
0.160683553201822
0.160683553201822
0.160683553201822
0.160683553201822
0.160683553201822
0.160683553201822
0.160683553201822
0.160683553201822
0.160683553201822
0.160683553201822
0.160683553201822
0.160683553201822
0.160683553201822
0.160683553201822
0.160683553201822
0.160683553201822
0.160683553201822
0.160683553201822
0.160683553201822
0.160683553201822
0.160683553201822
0.160683553201822
0.160683553201822
0.160683553201822
0.160683553201822
0.160683553201822
0.160683553201822
0.160683553201822
0.160683553201822
0.160683553201822
0.160683553201822
0.160683553201822
0.160683553201822
0.160683553201822
0.160683553201822
0.160683553201822
0.160683553201822
0.160683553201822
0.160683553201822
0.160683553201822
0.160683553201822
0.160683553201822
0.160683553201822
0.160683553201822
0.160683553201822
0.160683553201822
0.160683553201822
0.160683553201822
0.160683553201822
0.160683553201822
0.160683553201822
0.160683553201822
0.160683553201822
0.160683553201822
0.160683553201822
0.160683553201822
0.160683553201822
0.160683553201822
0.160683553201822
0.160683553201822
0.160683553201822
0.160683553201822
0.160683553201822
0.160683553201822
0.160683553201822
0.160683553201822
0.160683553201822
0.160683553201822
0.160683553201822
0.160683553201822
0.160683553201822
0.160683553201822
0.160683553201822
0.160683553201822
0.160683553201822
0.160683553201822
0.160683553201822
0.160683553201822

