1.09950056761373
0.566248432081072
0.201362498977301
0.201362498977301
0.0834807267331109
0.0834807267331109
0.0834807267331109
0.0834807267331109
0.0116947505633973
0.0116947505633973
0.0116947505633973
0.0116947505633973
0.00361789923230746
0.00361789923230746
0.00336345341952042
0.00336345341952042
0.00336345341952042
0.00323015622536435
0.00323015622536435
0.00308063344298796
0.00308063344298796
0.00304646529351276
0.00304646529351276
0.00301551168376024
0.0030145333323574
0.00301334319218559
0.00301334319218559
0.00299799606381129
0.00299799606381129
0.00299799606381129
0.00299799606381129
0.00299750862125909
0.00299750862125909
0.00299750862125909
0.00299743896456013
0.00299743896456013
0.00299743896456013
0.00299743896456013
0.00299743896456013
0.00299743713839322
0.00299743713839322
0.00299743713839322
0.00299743713839322
0.00299743713839322
0.00299743713839322
0.00299743713839322
0.00299743713595355
0.00299743713595355
0.00299743713595355
0.00299743713595355
0.00299743713595355
0.00299743713595355
0.00299743713595355
0.00299743713586803
0.00299743713578736
0.00299743713578736
0.00299743713578736
0.00299743713578059
0.00299743713578059
0.00299743713578059
0.00299743713578046
0.00299743713577965
0.00299743713577965
0.00299743713577947
0.00299743713577947
0.00299743713577947
0.00299743713577936
0.00299743713577936
0.00299743713577936
0.00299743713577936
0.00299743713577936
0.00299743713577936
0.00299743713577936
0.00299743713577936
0.00299743713577936
0.00299743713577936
0.00299743713577936
0.00299743713577936
0.00299743713577936
0.00299743713577936
0.00299743713577936
0.00299743713577936
0.00299743713577936
0.00299743713577936
0.00299743713577936
0.00299743713577936
0.00299743713577936
0.00299743713577936
0.00299743713577936
0.00299743713577936
0.00299743713577936
0.00299743713577936
0.00299743713577936
0.00299743713577936
0.00299743713577936
0.00299743713577936
0.00299743713577936
0.00299743713577936
0.00299743713577936
0.00299743713577936
0.00299743713577936
0.00299743713577936
0.00299743713577936
0.00299743713577936
0.00299743713577936
0.00299743713577936
0.00299743713577936
0.00299743713577936
0.00299743713577936
0.00299743713577936
0.00299743713577936
0.00299743713577936
0.00299743713577936
0.00299743713577936
0.00299743713577936
0.00178264656879908
0.00178264656879908
0.00178264656879908
0.00105597550377977
0.000676951568796368
0.000267521376113548
0.000205440819584466
0.000146865095754255
0.000146865095754255
0.000138362418358429
0.000138362418358429
0.000129295240520313
8.11189247161825E-05
3.03579605460733E-05
2.89509868780534E-05
2.85691273464647E-05
2.85691273464647E-05
2.71519882639726E-05
2.66176998988543E-05
2.65764998118266E-05
2.65334069458986E-05
2.65334069458986E-05
2.65091349712899E-05
2.65091349712899E-05
2.65091349712899E-05
2.65088972401589E-05
2.65088972401589E-05
2.65085817455967E-05
2.65082497161708E-05
2.65082306649789E-05
2.65082306649789E-05
2.65082306649789E-05
2.65081265239592E-05
2.65081265239592E-05
2.65081265239592E-05
2.65081265239592E-05
2.65081261151511E-05
2.65081235087331E-05
2.65081232585461E-05
2.65081232585461E-05
2.65081232585461E-05
2.65081229709953E-05
2.65081229709953E-05
2.65081228274705E-05
2.65081227949912E-05
2.65081227919489E-05
2.65081227807024E-05
2.65081227794885E-05
2.65081227794885E-05
2.65081227794885E-05
2.65081227794885E-05
2.65081227790445E-05
2.65081227787209E-05
2.65081227787208E-05
2.65081227786149E-05
2.65081227786029E-05
2.65081227786029E-05
2.65081227786029E-05
2.65081227786029E-05
2.65081227786029E-05
2.65081227786029E-05
2.65081227786029E-05
2.65081227786029E-05
2.65081227786029E-05
2.65081227786029E-05
2.65081227786029E-05
2.65081227786029E-05
2.65081227786029E-05
2.65081227786029E-05
2.65081227786029E-05
2.65081227786029E-05
2.65081227786029E-05
2.65081227786029E-05
2.65081227786029E-05
2.65081227786029E-05
2.65081227786029E-05
2.65081227786029E-05
2.65081227786029E-05
2.65081227786029E-05
2.65081227786029E-05
2.65081227786029E-05
2.65081227786029E-05
2.65081227786029E-05
2.65081227786029E-05
2.65081227786029E-05
2.65081227786029E-05
2.65081227786029E-05
2.65081227786029E-05
2.65081227786029E-05
2.65081227786029E-05
2.65081227786029E-05
2.65081227786029E-05
2.65081227786029E-05
2.65081227786029E-05
2.65081227786029E-05
2.65081227786029E-05
2.65081227786029E-05
2.65081227786029E-05
2.65081227786029E-05
2.65081227786029E-05
2.65081227786029E-05
2.65081227786029E-05
2.65081227786029E-05
2.65081227786029E-05
2.65081227786029E-05
2.65081227786029E-05
2.65081227786029E-05
2.65081227786029E-05
2.65081227786029E-05
2.65081227786029E-05
2.65081227786029E-05
2.65081227786029E-05
2.65081227786029E-05
2.65081227786029E-05
2.65081227786029E-05
2.65081227786029E-05
2.65081227786029E-05
2.65081227786029E-05
2.65081227786029E-05
2.65081227786029E-05
2.65081227786029E-05
2.65081227786029E-05
2.65081227786029E-05
2.65081227786029E-05
2.65081227786029E-05
2.65081227786029E-05
2.65081227786029E-05
2.65081227786029E-05
2.65081227786029E-05
2.65081227786029E-05
2.65081227786029E-05
2.65081227786029E-05
2.65081227786029E-05
2.65081227786029E-05
2.65081227786029E-05
2.65081227786029E-05
2.65081227786029E-05
2.65081227786029E-05
2.65081227786029E-05
2.65081227786029E-05
2.65081227786029E-05
2.65081227786029E-05
2.65081227786029E-05
2.65081227786029E-05
2.65081227786029E-05
2.65081227786029E-05
2.65081227786029E-05
2.65081227786029E-05
2.65081227786029E-05
2.65081227786029E-05
2.65081227786029E-05
2.65081227786029E-05
2.65081227786029E-05
2.65081227786029E-05
2.65081227786029E-05
2.65081227786029E-05
2.65081227786029E-05
2.65081227786029E-05
2.65081227786029E-05
2.65081227786029E-05
2.65081227786029E-05
2.65081227786029E-05
2.65081227786029E-05
2.65081227786029E-05
2.65081227786029E-05
2.65081227786029E-05
2.65081227786029E-05
2.65081227786029E-05
2.65081227786029E-05
2.65081227786029E-05
2.65081227786029E-05
2.65081227786029E-05
2.65081227786029E-05
2.65081227786029E-05
2.65081227786029E-05
2.65081227786029E-05
2.65081227786029E-05
2.65081227786029E-05
2.65081227786029E-05
2.65081227786029E-05
2.65081227786029E-05
2.65081227786029E-05
2.65081227786029E-05
2.65081227786029E-05
2.65081227786029E-05
2.65081227786029E-05
2.65081227786029E-05
2.65081227786029E-05
2.65081227786029E-05
2.65081227786029E-05
2.65081227786029E-05
2.65081227786029E-05
2.65081227786029E-05
2.65081227786029E-05
2.65081227786029E-05
2.65081227786029E-05
2.65081227786029E-05
2.65081227786029E-05
2.65081227786029E-05
2.65081227786029E-05
2.65081227786029E-05
2.65081227786029E-05
2.65081227786029E-05
2.65081227786029E-05
2.65081227786029E-05
2.65081227786029E-05
2.65081227786029E-05
2.65081227786029E-05
2.65081227786029E-05
2.65081227786029E-05
2.65081227786029E-05
2.65081227786029E-05
2.65081227786029E-05
2.65081227786029E-05
2.65081227786029E-05
2.65081227786029E-05
2.65081227786029E-05
2.65081227786029E-05
2.65081227786029E-05
2.65081227786029E-05
2.65081227786029E-05
2.65081227786029E-05
2.65081227786029E-05
2.65081227786029E-05
2.65081227786029E-05
2.65081227786029E-05
2.65081227786029E-05
2.65081227786029E-05
2.65081227786029E-05
2.65081227786029E-05
2.65081227786029E-05
2.65081227786029E-05
2.65081227786029E-05
2.65081227786029E-05
2.65081227786029E-05
2.65081227786029E-05
2.65081227786029E-05
2.65081227786029E-05
2.65081227786029E-05
2.65081227786029E-05
2.65081227786029E-05
2.65081227786029E-05
2.65081227786029E-05
2.65081227786029E-05
2.65081227786029E-05
2.65081227786029E-05
2.65081227786029E-05
2.65081227786029E-05
2.65081227786029E-05
2.65081227786029E-05
2.65081227786029E-05
2.65081227786029E-05
2.65081227786029E-05
2.65081227786029E-05
2.65081227786029E-05
2.65081227786029E-05
2.65081227786029E-05
2.65081227786029E-05
2.65081227786029E-05
2.65081227786029E-05
2.65081227786029E-05
2.65081227786029E-05
2.65081227786029E-05
2.65081227786029E-05
2.65081227786029E-05
2.65081227786029E-05
2.65081227786029E-05
2.65081227786029E-05
2.65081227786029E-05
2.65081227786029E-05
2.65081227786029E-05
2.65081227786029E-05
2.65081227786029E-05
2.65081227786029E-05
2.65081227786029E-05
2.65081227786029E-05
2.65081227786029E-05
2.65081227786029E-05
2.65081227786029E-05
2.65081227786029E-05
2.65081227786029E-05
2.65081227786029E-05
2.65081227786029E-05
2.65081227786029E-05
2.65081227786029E-05
2.65081227786029E-05
2.65081227786029E-05
2.65081227786029E-05
2.65081227786029E-05
2.65081227786029E-05
2.65081227786029E-05
2.65081227786029E-05
2.65081227786029E-05
2.65081227786029E-05
2.65081227786029E-05
2.65081227786029E-05
2.65081227786029E-05
2.65081227786029E-05
2.65081227786029E-05
2.65081227786029E-05
2.65081227786029E-05
2.65081227786029E-05
2.65081227786029E-05
2.65081227786029E-05
2.65081227786029E-05
2.65081227786029E-05
2.65081227786029E-05
2.65081227786029E-05
2.65081227786029E-05
2.65081227786029E-05
2.65081227786029E-05
2.65081227786029E-05
2.65081227786029E-05
2.65081227786029E-05
2.65081227786029E-05
2.65081227786029E-05
2.65081227786029E-05
2.65081227786029E-05
2.65081227786029E-05
2.65081227786029E-05
2.65081227786029E-05
2.65081227786029E-05
2.65081227786029E-05
2.65081227786029E-05
2.65081227786029E-05
2.65081227786029E-05
2.65081227786029E-05
2.65081227786029E-05
2.65081227786029E-05
2.65081227786029E-05
2.65081227786029E-05
2.65081227786029E-05
2.65081227786029E-05
2.65081227786029E-05
2.65081227786029E-05
2.65081227786029E-05
2.65081227786029E-05
2.65081227786029E-05
2.65081227786029E-05
2.65081227786029E-05
2.65081227786029E-05
2.65081227786029E-05
2.65081227786029E-05
2.65081227786029E-05
2.65081227786029E-05
2.65081227786029E-05
2.65081227786029E-05
2.65081227786029E-05
2.65081227786029E-05
2.65081227786029E-05
2.65081227786029E-05
2.65081227786029E-05
2.65081227786029E-05
2.65081227786029E-05
2.65081227786029E-05
2.65081227786029E-05
2.65081227786029E-05
2.65081227786029E-05
2.65081227786029E-05
2.65081227786029E-05
2.65081227786029E-05
2.65081227786029E-05
2.65081227786029E-05
2.65081227786029E-05
2.65081227786029E-05
2.65081227786029E-05
2.65081227786029E-05
2.65081227786029E-05
2.65081227786029E-05
2.65081227786029E-05
2.65081227786029E-05
2.65081227786029E-05
2.65081227786029E-05
2.65081227786029E-05
2.65081227786029E-05
2.65081227786029E-05
2.65081227786029E-05
2.65081227786029E-05
2.65081227786029E-05
2.65081227786029E-05
2.65081227786029E-05
2.65081227786029E-05
2.65081227786029E-05
2.65081227786029E-05
2.65081227786029E-05

