2.0323329782646
1.32015924992723
0.11691669180159
0.11691669180159
0.11691669180159
0.0557103112304731
0.0557103112304731
0.0557103112304731
0.0445055964099302
0.0284367284127102
0.0284367284127102
0.0189033197055597
0.0189033197055597
0.0189033197055597
0.0169224846405664
0.0144132375824992
0.0131607612151803
0.0124476500081395
0.0124476500081395
0.0121286928766398
0.0121286928766398
0.0121089368605686
0.0120954897754603
0.0120954897754603
0.0120954897754603
0.0120954897754603
0.0120954897754603
0.0120811136685355
0.0120811136685355
0.0120798724056861
0.01207961501241
0.01207961501241
0.0120792537511342
0.0120792537511342
0.0120792537511342
0.0120792323596641
0.0120792277060718
0.0120792277060718
0.0120792269330108
0.0120792253500715
0.0120792253500715
0.0120792253500715
0.0120792253500715
0.0120792251282092
0.0120792250364423
0.0120792249840426
0.0120792249840426
0.0120792249422409
0.012079224931661
0.0120792249299156
0.0120792249299156
0.0120792249294664
0.0120792249294664
0.0120792249286432
0.0120792249286432
0.0120792249286432
0.0120792249286432
0.0120792249285844
0.012079224928366
0.012079224928366
0.012079224928366
0.012079224928366
0.0120792249283598
0.0120792249283598
0.0120792249283549
0.0120792249283549
0.012079224928354
0.0120792249283527
0.0120792249283527
0.0120792249283527
0.0120792249283523
0.0120792249283523
0.0120792249283522
0.0120792249283522
0.0120792249283522
0.0120792249283522
0.0120792249283522
0.0120792249283522
0.0120792249283522
0.0120792249283522
0.0120792249283522
0.0120792249283522
0.0120792249283522
0.0120792249283522
0.0120792249283522
0.0120792249283522
0.0120792249283522
0.0120792249283522
0.0120792249283522
0.0120792249283522
0.0120792249283522
0.0120792249283522
0.0120792249283522
0.0120792249283522
0.0120792249283522
0.0120792249283522
0.0120792249283522
0.0120792249283522
0.0120792249283522
0.0120792249283522
0.0120792249283522
0.0120792249283522
0.0120792249283522
0.0120792249283522
0.0120792249283522
0.0120792249283522
0.0120792249283522
0.0120792249283522
0.0120792249283522
0.0120792249283522
0.0120792249283522
0.0120792249283522
0.00747835570612224
0.00747835570612224
0.00431341737046797
0.00312950482610563
0.00131359221042191
0.00131359221042191
0.000386574044968189
0.000386574044968189
0.000386574044968189
4.16503910625952E-05
4.16503910625952E-05
3.78934971038877E-05
2.25762248977582E-05
1.91214195165582E-05
1.21620884484993E-05
1.21620884484993E-05
8.43814453116833E-06
8.43814453116833E-06
8.43814453116833E-06
8.43814453116833E-06
8.21597874449048E-06
7.14405097605536E-06
7.14405097605536E-06
7.01765458960614E-06
7.00505038533012E-06
7.00505038533012E-06
7.00256914091368E-06
6.99722747807931E-06
6.97471575361326E-06
6.97471575361326E-06
6.97471575361326E-06
6.97471575361326E-06
6.97453091597392E-06
6.97397377908311E-06
6.97392760320812E-06
6.9736452881524E-06
6.9736452881524E-06
6.9736452881524E-06
6.9736452881524E-06
6.9736452881524E-06
6.9736452881524E-06
6.97364465854324E-06
6.97364338635814E-06
6.97364286079444E-06
6.97364248391288E-06
6.97364241731003E-06
6.9736423860916E-06
6.97364228239897E-06
6.97364228239897E-06
6.97364228239897E-06
6.97364226750255E-06
6.97364225594408E-06
6.97364225594408E-06
6.97364224701946E-06
6.97364224493856E-06
6.97364224402999E-06
6.97364224369294E-06
6.97364224369294E-06
6.97364224369294E-06
6.97364224369294E-06
6.97364224358549E-06
6.97364224358549E-06
6.97364224358398E-06
6.97364224358398E-06
6.97364224358169E-06
6.97364224358169E-06
6.97364224358169E-06
6.97364224358169E-06
6.97364224358169E-06
6.97364224358169E-06
6.97364224358169E-06
6.97364224358169E-06
6.97364224358169E-06
6.97364224358169E-06
6.97364224358169E-06
6.97364224358169E-06
6.97364224358169E-06
6.97364224358169E-06
6.97364224358169E-06
6.97364224358169E-06
6.97364224358169E-06
6.97364224358169E-06
6.97364224358169E-06
6.97364224358169E-06
6.97364224358169E-06
6.97364224358169E-06
6.97364224358169E-06
6.97364224358169E-06
6.97364224358169E-06
6.97364224358169E-06
6.97364224358169E-06
6.97364224358169E-06
6.97364224358169E-06
6.97364224358169E-06
6.97364224358169E-06
6.97364224358169E-06
6.97364224358169E-06
6.97364224358169E-06
6.97364224358169E-06
6.97364224358169E-06
6.97364224358169E-06
6.97364224358169E-06
6.97364224358169E-06
6.97364224358169E-06
6.97364224358169E-06
6.97364224358169E-06
6.97364224358169E-06
6.97364224358169E-06
6.97364224358169E-06
6.97364224358169E-06
6.97364224358169E-06
6.24760902398817E-06
5.90190480070848E-07
5.90190480070848E-07
5.90190480070848E-07
5.90190480070848E-07
5.90190480070848E-07
2.54712972729727E-07
7.56174449572915E-08
4.13525466287057E-08
2.29553111233354E-08
2.29553111233354E-08
6.44356572586502E-09
6.44356572586502E-09
6.44356572586502E-09
6.44356572586502E-09
5.19728263336311E-09
5.19728263336311E-09
5.1754850843333E-09
5.1754850843333E-09
5.149339665183E-09
5.149339665183E-09
5.149339665183E-09
5.149339665183E-09
5.149339665183E-09
5.14927042835992E-09
5.14927042835992E-09
5.148978381685E-09
5.14878397787329E-09
5.14878397787329E-09
5.14878397787329E-09
5.14878397787329E-09
5.14878397787329E-09
5.14876283304802E-09
5.14876190947407E-09
5.14876190947407E-09
5.14876190947407E-09
5.14876190947407E-09
5.14876130105772E-09
5.14876130105772E-09
5.14876130105772E-09
5.14876128382087E-09
5.14876128382087E-09
5.14876125646719E-09
5.14876125646719E-09
5.14876125646719E-09
5.14876125646719E-09
5.14876125646719E-09
5.14876125646719E-09
5.14876125646719E-09
5.14876125646719E-09
5.14876125646719E-09
5.14876125646719E-09
5.14876125646719E-09
5.14876125646719E-09
5.14876125646719E-09
5.14876125646719E-09
5.14876125646719E-09
5.14876125646719E-09
5.14876125646719E-09
5.14876125646719E-09
5.14876125646719E-09
5.14876125646719E-09
5.14876125646719E-09
5.14876125646719E-09
5.14876125646719E-09
5.14876125646719E-09
5.14876125646719E-09
5.14876125646719E-09
5.14876125646719E-09
5.14876125646719E-09
5.14876125646719E-09
5.14876125646719E-09
5.14876125646719E-09
5.14876125646719E-09
5.14876125646719E-09
5.14876125646719E-09
5.14876125646719E-09
5.14876125646719E-09
5.14876125646719E-09
5.14876125646719E-09
5.14876125646719E-09
5.14876125646719E-09
5.14876125646719E-09
5.14876125646719E-09
5.14876125646719E-09
5.14876125646719E-09
5.14876125646719E-09
5.14876125646719E-09
5.14876125646719E-09
5.14876125646719E-09
5.14876125646719E-09
5.14876125646719E-09
5.14876125646719E-09
5.14876125646719E-09
5.14876125646719E-09
5.14876125646719E-09
5.14876125646719E-09
5.14876125646719E-09
5.14876125646719E-09
5.14876125646719E-09
5.14876125646719E-09
5.14876125646719E-09
5.14876125646719E-09
5.14876125646719E-09
5.14876125646719E-09
5.14876125646719E-09
5.14876125646719E-09
5.14876125646719E-09
5.14876125646719E-09
2.29981536878863E-09
2.29981536878863E-09
2.28168178826125E-09
1.05956608785009E-09
2.66878938317165E-10
2.66878938317165E-10
2.66878938317165E-10
3.58940850531502E-11
3.58940850531502E-11
3.26240656672138E-11
1.43830360467983E-11
1.43830360467983E-11
9.44623935313264E-12
9.44623935313264E-12
2.32346122988968E-12
2.32346122988968E-12
2.32346122988968E-12
2.32346122988968E-12
2.20450001307257E-12
1.98694919629114E-12
1.98081690671577E-12
1.90355577458047E-12
1.90220813955739E-12
1.90220813955739E-12
1.90220813955739E-12
1.90023803536516E-12
1.89893682460974E-12
1.89893682460974E-12
1.8986349071014E-12
1.8986349071014E-12
1.89840572592629E-12
1.898083522854E-12
1.89797887471117E-12
1.89797400377117E-12
1.89797400377117E-12
1.89797324423393E-12
1.89797253850155E-12
1.89797253850155E-12
1.8979725238059E-12
1.897971968398E-12
1.897971968398E-12
1.897971968398E-12
1.897971968398E-12
1.897971968398E-12
1.897971968398E-12
1.897971968398E-12
1.897971968398E-12
1.897971968398E-12
1.897971968398E-12
1.897971968398E-12
1.897971968398E-12
1.897971968398E-12
1.897971968398E-12
1.897971968398E-12
1.897971968398E-12
1.897971968398E-12
1.897971968398E-12
1.897971968398E-12
1.897971968398E-12
1.897971968398E-12
1.897971968398E-12
1.897971968398E-12
1.897971968398E-12
1.897971968398E-12
1.897971968398E-12
1.897971968398E-12
1.897971968398E-12
1.897971968398E-12
1.897971968398E-12
1.897971968398E-12
1.897971968398E-12
1.897971968398E-12
1.897971968398E-12
1.897971968398E-12
1.897971968398E-12
1.897971968398E-12
1.897971968398E-12
1.897971968398E-12
1.897971968398E-12
1.897971968398E-12
1.897971968398E-12
1.897971968398E-12
1.897971968398E-12
1.897971968398E-12
1.897971968398E-12
1.897971968398E-12
1.897971968398E-12
1.897971968398E-12
1.897971968398E-12
1.897971968398E-12
1.897971968398E-12
1.897971968398E-12
1.897971968398E-12
1.897971968398E-12
1.897971968398E-12
1.897971968398E-12
1.897971968398E-12
1.897971968398E-12
1.897971968398E-12
1.897971968398E-12
1.897971968398E-12
1.897971968398E-12
1.897971968398E-12
1.897971968398E-12
1.897971968398E-12
1.897971968398E-12
1.897971968398E-12
1.897971968398E-12
1.897971968398E-12
1.897971968398E-12
1.897971968398E-12
1.897971968398E-12
1.897971968398E-12
1.897971968398E-12
1.897971968398E-12
1.897971968398E-12
1.897971968398E-12
1.897971968398E-12
1.897971968398E-12
1.897971968398E-12
1.897971968398E-12
1.897971968398E-12
1.897971968398E-12
1.897971968398E-12
1.897971968398E-12
1.897971968398E-12
1.897971968398E-12
1.897971968398E-12
1.897971968398E-12
1.897971968398E-12
1.897971968398E-12
1.897971968398E-12
1.897971968398E-12
1.897971968398E-12
1.897971968398E-12
1.897971968398E-12
1.897971968398E-12
1.897971968398E-12
1.897971968398E-12
1.897971968398E-12
1.897971968398E-12
1.897971968398E-12
1.897971968398E-12
1.897971968398E-12
1.897971968398E-12
1.897971968398E-12
1.897971968398E-12
1.897971968398E-12
1.897971968398E-12
1.897971968398E-12
1.897971968398E-12
1.897971968398E-12
1.897971968398E-12
1.897971968398E-12
1.897971968398E-12
1.897971968398E-12
1.897971968398E-12
1.897971968398E-12
1.897971968398E-12
1.897971968398E-12
1.897971968398E-12
1.897971968398E-12
1.897971968398E-12
1.897971968398E-12
1.897971968398E-12
1.897971968398E-12
1.897971968398E-12
1.897971968398E-12

