1.0201728102286
1.0201728102286
0.187910052284409
0.187910052284409
0.187910052284409
0.143819869166323
0.137259138793529
0.0668663018081732
0.0362219843099245
0.0362219843099245
0.0208090603628836
0.0208090603628836
0.0208090603628836
0.0127999708569851
0.0127999708569851
0.0127999708569851
0.0127999708569851
0.0127999708569851
0.00928333099089047
0.00928333099089047
0.00928333099089047
0.00928333099089047
0.00920405644680468
0.00920405644680468
0.00919612029159272
0.00919583219215139
0.00919546385989274
0.00919529511216452
0.00919490987372333
0.00919490987372333
0.00919474241189422
0.00919474241189422
0.0091945723035915
0.0091945443250541
0.00919447002134369
0.00919447002134369
0.00919447002134369
0.00919446220776489
0.00919446220776489
0.00919445679415852
0.00919445512141538
0.00919445493768743
0.00919445479203167
0.00919445479203167
0.00919445446525076
0.00919445446525076
0.00919445446525076
0.00919445446525076
0.00919445444194177
0.00919445442649564
0.00919445442649564
0.00919445442649564
0.0091944544251259
0.0091944544251259
0.00919445442383391
0.00919445442360781
0.00919445442360781
0.00919445442360781
0.00919445442360781
0.00919445442360781
0.00919445442360781
0.00919445442360781
0.00919445442360352
0.00919445442359303
0.00919445442359283
0.00919445442359283
0.00919445442359251
0.00919445442359172
0.00919445442359172
0.00919445442359172
0.00919445442359172
0.00919445442359172
0.00919445442359171
0.00919445442359171
0.0091944544235917
0.0091944544235917
0.0091944544235917
0.0091944544235917
0.0091944544235917
0.0091944544235917
0.0091944544235917
0.0091944544235917
0.0091944544235917
0.0091944544235917
0.0091944544235917
0.0091944544235917
0.0091944544235917
0.0091944544235917
0.0091944544235917
0.0091944544235917
0.0091944544235917
0.0091944544235917
0.0091944544235917
0.0091944544235917
0.0091944544235917
0.0091944544235917
0.0091944544235917
0.0091944544235917
0.0091944544235917
0.0091944544235917
0.0091944544235917
0.0091944544235917
0.0091944544235917
0.0091944544235917
0.0091944544235917
0.0091944544235917
0.0091944544235917
0.0091944544235917
0.0091944544235917
0.0091944544235917
0.0091944544235917
0.00479873496069998
0.00479873496069998
0.00267676604889529
0.00148029013997445
0.00148029013997445
0.00121665161673108
0.000801286167310378
0.000801286167310378
0.000757170598951231
0.000757170598951231
0.000684084731481231
0.000667592716236183
0.00066155243660461
0.00066155243660461
0.00066155243660461
0.000661345959380509
0.000660091865680097
0.000659715151648771
0.000659653586304897
0.000659653586304897
0.000659039924186908
0.000659039924186908
0.000659039924186908
0.000658933015700188
0.000658933015700188
0.000658821518095228
0.000658788945527576
0.000658772849488971
0.000658771076695359
0.000658771076695359
0.000658767289626487
0.000658767289626487
0.000658766452624966
0.000658766452624966
0.000658766427989009
0.000658766187628797
0.000658766138638366
0.000658766138638366
0.000658766134428139
0.000658766134428139
0.000658766134428139
0.000658766131480016
0.000658766131480016
0.000658766131480016
0.000658766129813066
0.000658766129462461
0.000658766129277238
0.000658766129277238
0.000658766129067747
0.000658766129025868
0.000658766129025868
0.000658766129017851
0.000658766129017851
0.000658766129017851
0.000658766129006876
0.000658766129006876
0.000658766129006876
0.000658766129006876
0.000658766129006333
0.000658766129006211
0.000658766129005992
0.00065876612900599
0.00065876612900599
0.000658766129005989
0.000658766129005989
0.000658766129005989
0.000658766129005989
0.000658766129005989
0.000658766129005989
0.000658766129005989
0.000658766129005989
0.000658766129005989
0.000658766129005989
0.000658766129005989
0.000658766129005989
0.000658766129005989
0.000658766129005989
0.000658766129005989
0.000658766129005989
0.000658766129005989
0.000658766129005989
0.000658766129005989
0.000658766129005989
0.000658766129005989
0.000658766129005989
0.000658766129005989
0.000658766129005989
0.000658766129005989
0.000658766129005989
0.000658766129005989
0.000658766129005989
0.000658766129005989
0.000658766129005989
0.000658766129005989
0.000658766129005989
0.000658766129005989
0.000658766129005989
0.000658766129005989
0.000658766129005989
0.000658766129005989
0.000658766129005989
0.000658766129005989
0.000658766129005989
0.000658766129005989
0.000658766129005989
0.000658766129005989
0.000658766129005989
0.000658766129005989
0.000658766129005989
0.000658766129005989
0.000658766129005989
0.000658766129005989
0.000658766129005989
0.000658766129005989
0.000658766129005989
0.000658766129005989
0.000658766129005989
0.000658766129005989
0.000658766129005989
0.000658766129005989
0.000658766129005989
0.000658766129005989
0.000658766129005989
0.000658766129005989
0.000658766129005989
0.000658766129005989
0.000658766129005989
0.000658766129005989
0.000658766129005989
0.000658766129005989
0.000658766129005989
0.000658766129005989
0.000658766129005989
0.000658766129005989
0.000658766129005989
0.000658766129005989
0.000658766129005989
0.000658766129005989
0.000658766129005989
0.000658766129005989
0.000658766129005989
0.000658766129005989
0.000658766129005989
0.000658766129005989
0.000658766129005989
0.000658766129005989
0.000658766129005989
0.000658766129005989
0.000658766129005989
0.000658766129005989
0.000658766129005989
0.000658766129005989
0.000658766129005989
0.000658766129005989
0.000658766129005989
0.000658766129005989
0.000658766129005989
0.000658766129005989
0.000658766129005989
0.000658766129005989
0.000658766129005989
0.000658766129005989
0.000658766129005989
0.000658766129005989
0.000658766129005989
0.000658766129005989
0.000658766129005989
0.000658766129005989
0.000658766129005989
0.000658766129005989
0.000658766129005989
0.000658766129005989
0.000658766129005989
0.000658766129005989
0.000658766129005989
0.000658766129005989
0.000658766129005989
0.000658766129005989
0.000658766129005989
0.000658766129005989
0.000658766129005989
0.000658766129005989
0.000658766129005989
0.000658766129005989
0.000658766129005989
0.000658766129005989
0.000658766129005989
0.000658766129005989
0.000658766129005989
0.000658766129005989
0.000658766129005989
0.000658766129005989
0.000658766129005989
0.000658766129005989
0.000658766129005989
0.000658766129005989
0.000658766129005989
0.000658766129005989
0.000658766129005989
0.000658766129005989
0.000658766129005989
0.000658766129005989
0.000658766129005989
0.000658766129005989
0.000658766129005989
0.000658766129005989
0.000658766129005989
0.000658766129005989
0.000658766129005989
0.000658766129005989
0.000658766129005989
0.000658766129005989
0.000658766129005989
0.000658766129005989
0.000658766129005989
0.000658766129005989
0.000658766129005989
0.000658766129005989
0.000658766129005989
0.000658766129005989
0.000658766129005989
0.000658766129005989
0.000658766129005989
0.000658766129005989
0.000658766129005989
0.000658766129005989
0.000658766129005989
0.000658766129005989
0.000658766129005989
0.000658766129005989
0.000658766129005989
0.000658766129005989
0.000658766129005989
0.000658766129005989
0.000658766129005989
0.000658766129005989
0.000658766129005989
0.000658766129005989
0.000658766129005989
0.000658766129005989
0.000658766129005989
0.000658766129005989
0.000658766129005989
0.000658766129005989
0.000658766129005989
0.000658766129005989
0.000658766129005989
0.000658766129005989
0.000658766129005989
0.000658766129005989
0.000658766129005989
0.000658766129005989
0.000658766129005989
0.000658766129005989
0.000658766129005989
0.000658766129005989
0.000658766129005989
0.000658766129005989
0.000658766129005989
0.000658766129005989
0.000658766129005989
0.000658766129005989
0.000658766129005989
0.000658766129005989
0.000658766129005989
0.000658766129005989
0.000658766129005989
0.000658766129005989
0.000658766129005989
0.000658766129005989
0.000658766129005989
0.000658766129005989
0.000658766129005989
0.000658766129005989
0.000658766129005989
0.000658766129005989
0.000658766129005989
0.000658766129005989
0.000658766129005989
0.000658766129005989
0.000658766129005989
0.000658766129005989
0.000658766129005989
0.000658766129005989
0.000658766129005989
0.000658766129005989
0.000658766129005989
0.000658766129005989
0.000658766129005989
0.000658766129005989
0.000658766129005989
0.000658766129005989
0.000658766129005989
0.000658766129005989
0.000658766129005989
0.000658766129005989
0.000658766129005989
0.000658766129005989
0.000658766129005989
0.000658766129005989
0.000658766129005989
0.000658766129005989
0.000658766129005989
0.000658766129005989
0.000658766129005989
0.000658766129005989
0.000658766129005989
0.000658766129005989
0.000658766129005989
0.000658766129005989
0.000658766129005989
0.000658766129005989
0.000658766129005989
0.000658766129005989
0.000658766129005989
0.000658766129005989
0.000658766129005989
0.000658766129005989
0.000658766129005989
0.000658766129005989
0.000658766129005989
0.000658766129005989
0.000658766129005989
0.000658766129005989
0.000658766129005989
0.000658766129005989
0.000658766129005989
0.000658766129005989
0.000658766129005989
0.000658766129005989
0.000658766129005989
0.000658766129005989
0.000658766129005989
0.000658766129005989
0.000658766129005989
0.000658766129005989
0.000658766129005989
0.000658766129005989
0.000658766129005989
0.000658766129005989
0.000658766129005989
0.000658766129005989
0.000658766129005989
0.000658766129005989
0.000658766129005989
0.000658766129005989
0.000658766129005989
0.000658766129005989
0.000658766129005989
0.000658766129005989
0.000658766129005989
0.000658766129005989
0.000658766129005989
0.000658766129005989
0.000658766129005989
0.000658766129005989
0.000658766129005989
0.000658766129005989
0.000658766129005989
0.000658766129005989
0.000658766129005989
0.000658766129005989
0.000658766129005989
0.000658766129005989
0.000658766129005989
0.000658766129005989
0.000658766129005989
0.000658766129005989
0.000658766129005989
0.000658766129005989
0.000658766129005989
0.000658766129005989
0.000658766129005989
0.000658766129005989
0.000658766129005989
0.000658766129005989
0.000658766129005989
0.000658766129005989
0.000658766129005989
0.000658766129005989
0.000658766129005989
0.000658766129005989
0.000658766129005989
0.000658766129005989
0.000658766129005989
0.000658766129005989
0.000658766129005989
0.000658766129005989
0.000658766129005989

