0.479376712274493
0.479376712274493
0.479376712274493
0.408818970291531
0.408818970291531
0.408818970291531
0.117174750126134
0.117174750126134
0.117174750126134
0.117174750126134
0.117174750126134
0.117174750126134
0.117174750126134
0.117174750126134
0.0822254716379788
0.0822254716379788
0.015066943759141
0.015066943759141
0.015066943759141
0.0140405204430731
0.0140405204430731
0.0140405204430731
0.0140405204430731
0.0140405204430731
0.00519198748020075
0.00519198748020075
0.00390157946253378
0.00390157946253378
0.00356662417305789
0.00310272256317616
0.00310272256317616
0.00310272256317616
0.00310272256317616
0.00310272256317616
0.00310272256317616
0.00310272256317616
0.00310272256317616
0.00310272256317616
0.00310272256317616
0.00310272256317616
0.00310272256317616
0.00310272256317616
0.00310272256317616
0.00310272256317616
0.00309965272981341
0.00297932210459438
0.00297932210459438
0.00297352460850332
0.00297352460850332
0.00297352460850332
0.00297352460850332
0.00297352460850332
0.00297352460850332
0.00297352460850332
0.00297352460850332
0.00297352460850332
0.00297352460850332
0.00297352460850332
0.00297352460850332
0.00297352460850332
0.00297352460850332
0.00297352460850332
0.00297352460850332
0.00297352460850332
0.00297352460850332
0.00297352460850332
0.00297352460850332
0.00297352460850332
0.00287282135876179
0.00287282135876179
0.00287282135876179
0.00287282135876179
0.00287282135876179
0.00287282135876179
0.00287282135876179
0.00287282135876179
0.00287282135876179
0.00287282135876179
0.00287282135876179
0.00287282135876179
0.00287282135876179
0.00287282135876179
0.00287282135876179
0.00287282135876179
0.00287282135876179
0.00287282135876179
0.00287282135876179
0.00287282135876179
0.00287282135876179
0.00287282135876179
0.00287282135876179
0.00287282135876179
0.00287282135876179
0.00287282135876179
0.00287282135876179
0.00287282135876179
0.00287282135876179
0.00287282135876179
0.00287282135876179
0.00287282135876179
0.00287282135876179
0.00287282135876179
0.00287282135876179
0.00287282135876179
0.00287282135876179
0.00287282135876179
0.00287282135876179
0.00287282135876179
0.00287282135876179
0.00287282135876179
0.00253772576748203
0.00253772576748203
0.00253772576748203
0.00253772576748203
0.00253772576748203
0.00194559208910557
0.00194559208910557
0.00194559208910557
0.00194559208910557
0.00194559208910557
0.00194559208910557
0.00194559208910557
0.00194559208910557
0.00194559208910557
0.00194559208910557
0.00194559208910557
0.00194559208910557
0.00194559208910557
0.00194559208910557
0.00194559208910557
0.00194559208910557
0.00194559208910557
0.00194559208910557
0.00194559208910557
0.00194559208910557
0.00194559208910557
0.00194559208910557
0.00194559208910557
0.00194559208910557
0.00194559208910557
0.00194559208910557
0.00194559208910557
0.00194559208910557
0.00194559208910557
0.00194559208910557
0.00194559208910557
0.00194559208910557
0.00194559208910557
0.00194559208910557
0.00194559208910557
0.00194559208910557
0.00194559208910557
0.00194559208910557
0.00194559208910557
0.00194559208910557
0.00194559208910557
0.00194559208910557
0.00194559208910557
0.00194559208910557
0.00194559208910557
0.00194559208910557
0.00194559208910557
0.00194559208910557
0.00194559208910557
0.00194559208910557
0.00194559208910557
0.00194559208910557
0.00194559208910557
0.00194559208910557
0.00194559208910557
0.00194559208910557
0.00194559208910557
0.00194559208910557
0.00194559208910557
0.00194559208910557
0.00194559208910557
0.00194559208910557
0.00194559208910557
0.00194559208910557
0.00194559208910557
0.00154030034394782
0.00154030034394782
0.00154030034394782
0.00154030034394782
0.00154030034394782
0.00154030034394782
0.00154030034394782
0.00154030034394782
0.00154030034394782
0.00154030034394782
0.00154030034394782
0.00154030034394782
0.00154030034394782
0.00154030034394782
0.00154030034394782
0.00154030034394782
0.00154030034394782
0.00154030034394782
0.00154030034394782
0.00154030034394782
0.00154030034394782
0.00154030034394782
0.00154030034394782
0.00154030034394782
0.00154030034394782
0.00154030034394782
0.00154030034394782
0.00154030034394782
0.00154030034394782
0.00154030034394782
0.00154030034394782
0.00154030034394782
0.00154030034394782
0.00154030034394782
0.00154030034394782
0.00154030034394782
0.00154030034394782
0.00154030034394782
0.00154030034394782
0.00154030034394782
0.00154030034394782
0.00154030034394782
0.00154030034394782
0.00154030034394782
0.00154030034394782
0.00154030034394782
0.00154030034394782
0.00153331154374256
0.00153331154374256
0.00153331154374256
0.00153331154374256
0.00153331154374256
0.00153331154374256
0.00153331154374256
0.00153331154374256
0.00153331154374256
0.00153331154374256
0.00153331154374256
0.00153331154374256
0.00153331154374256
0.00153331154374256
0.00153331154374256
0.00153331154374256
0.00153331154374256
0.00153331154374256
0.00153331154374256
0.00153331154374256
0.00153331154374256
0.00153331154374256
0.00153331154374256
0.00153331154374256
0.00153331154374256
0.00153331154374256
0.00153331154374256
0.00153331154374256
0.00153331154374256
0.00153331154374256
0.00153331154374256
0.00153331154374256
0.00153331154374256
0.00153331154374256
0.00153331154374256
0.00153331154374256
0.00153331154374256
0.00153331154374256
0.00153331154374256
0.00153331154374256
0.00153331154374256
0.00153331154374256
0.00153331154374256
0.00153331154374256
0.00153331154374256
0.00153331154374256
0.00153331154374256
0.00153331154374256
0.00153331154374256
0.00153331154374256
0.00153331154374256
0.00153331154374256
0.00153331154374256
0.00153331154374256
0.00153331154374256
0.00153331154374256
0.00153331154374256
0.00153331154374256
0.00153331154374256
0.00153331154374256
0.00153331154374256
0.00153331154374256
0.00153331154374256
0.00153331154374256
0.00153331154374256
0.00153331154374256
0.00153331154374256
0.00153331154374256
0.00153331154374256
0.00153331154374256
0.00153331154374256
0.00153331154374256
0.00153331154374256
0.00153331154374256
0.00153331154374256
0.00153331154374256
0.00153331154374256
0.00153331154374256
0.00153331154374256
0.00153331154374256
0.00153331154374256
0.00153331154374256
0.00153331154374256
0.00153331154374256
0.00153331154374256
0.00153331154374256
0.00153331154374256
0.00153331154374256
0.00150473604727524
0.00150473604727524
0.00150473604727524
0.00150473604727524
0.00150473604727524
0.00150061933804103
0.00150061933804103
0.00150061933804103
0.00150061933804103
0.00150061933804103
0.00150061933804103
0.00150061933804103
0.00150061933804103
0.00150061933804103
0.00150061933804103
0.00150061933804103
0.00150061933804103
0.00150061933804103
0.00150061933804103
0.00150061933804103
0.00150061933804103
0.00150061933804103
0.00150061933804103
0.00150061933804103
0.00150061933804103
0.00150061933804103
0.00150061933804103
0.00150061933804103
0.00150061933804103
0.00150061933804103
0.00150061933804103
0.00150061933804103
0.00150061933804103
0.00150061933804103
0.00150061933804103
0.00150061933804103
0.00150061933804103
0.00150061933804103
0.00150061933804103
0.00150061933804103
0.00150061933804103
0.00150061933804103
0.00150061933804103
0.00150061933804103
0.00150061933804103
0.00150061933804103
0.00150061933804103
0.00150061933804103
0.00150061933804103
0.00150061933804103
0.00150061933804103
0.00150061933804103
0.00150061933804103
0.00150061933804103
0.00150061933804103
0.00150061933804103
0.00150061933804103
0.00150061933804103
0.00150061933804103
0.00150061933804103
0.00150061933804103
0.00150061933804103
0.00150061933804103
0.00150061933804103
0.00150061933804103
0.00150061933804103
0.00150061933804103
0.00150061933804103
0.00150061933804103
0.00150061933804103
0.00150061933804103
0.00150061933804103
0.00150061933804103
0.00150061933804103
0.00150061933804103
0.00150061933804103
0.00150061933804103
0.00150061933804103
0.00150061933804103
0.00150061933804103
0.00150061933804103
0.00150061933804103
0.00150061933804103
0.00150061933804103
0.00150061933804103
0.00150061933804103
0.00150061933804103
0.00150061933804103
0.00150061933804103
0.000730500673238195
0.000730500673238195
0.000730500673238195
0.000730500673238195
0.000730500673238195
0.000730500673238195
0.000730500673238195
0.000730500673238195
0.000730500673238195
0.000730500673238195
0.000730500673238195
0.000730500673238195
0.000730500673238195
0.000730500673238195
0.000730500673238195
0.000730500673238195
0.000730500673238195
0.000730500673238195
0.000730500673238195
0.000730500673238195
0.000730500673238195
0.000730500673238195
0.000730500673238195
0.000730500673238195
0.000730500673238195
0.000730500673238195
0.000730500673238195
0.000730500673238195
0.000730500673238195
0.000730500673238195
0.000730500673238195
0.000730500673238195
0.000726233554555795
0.000726233554555795
0.000726233554555795
0.000726233554555795
0.000726233554555795
0.000726233554555795
0.000726233554555795
0.000726233554555795
0.000726233554555795
0.000726233554555795
0.000726233554555795
0.000726233554555795
0.000726233554555795
0.000726233554555795
0.000726233554555795
0.000726233554555795
0.000726233554555795
0.000726233554555795
0.000726233554555795
0.000726233554555795
0.000726233554555795
0.000726233554555795
0.000726233554555795
0.000726233554555795
0.000726233554555795
0.000726233554555795
0.000726233554555795
0.000726233554555795
0.000726233554555795
0.000726233554555795
0.000726233554555795
0.000726233554555795
0.000726233554555795
0.000726233554555795
0.000726233554555795
0.000726233554555795
0.000726233554555795
0.000726233554555795
0.000726233554555795
0.00072623355454825
0.00072623355454825
0.00072623355454825
0.00072623355454825
0.00072623355454825
0.00072623355454825
0.00072623355454825
0.00072623355454825
0.00072623355454825
0.00072623355454825
0.00072623355454825
0.00072623355454825
0.00072623355454825
0.00072623355454825
0.00072623355454825
0.00072623355454825
0.00072623355454825
0.00072623355454825
0.00072623355454825
0.00072623355454825
0.00072623355454825
0.00072623355454825
0.00072623355454825
0.00072623355454825
0.00072623355454825

