1.51611453506486
0.455064163615078
0.455064163615078
0.455064163615078
0.455064163615078
0.214342656164069
0.214342656164069
0.214342656164069
0.214342656164069
0.214342656164069
0.214342656164069
0.214342656164069
0.214342656164069
0.214342656164069
0.214342656164069
0.214342656164069
0.193485294715329
0.193485294715329
0.165437654459008
0.165437654459008
0.165437654459008
0.112596692932849
0.112596692932849
0.0247039265816992
0.0247039265816992
0.0247039265816992
0.0247039265816992
0.0247039265816992
0.0247039265816992
0.0173974199437783
0.0173974199437783
0.0173974199437783
0.0173974199437783
0.0173974199437783
0.0173974199437783
0.0107503712398442
0.0107503712398442
0.0107503712398442
0.0107503712398442
0.0102482581195684
0.0102482581195684
0.0098012156992829
0.0098012156992829
0.0098012156992829
0.0098012156992829
0.0098012156992829
0.00321778689918232
0.00321778689918232
0.00321778689918232
0.00321778689918232
0.00321778689918232
0.00321778689918232
0.00321778689918232
0.00321778689918232
0.00321778689918232
0.00321778689918232
0.00321778689918232
0.00321778689918232
0.00321778689918232
0.00321778689918232
0.00321778689918232
0.00321778689918232
0.00321778689918232
0.00321778689918232
0.00321778689918232
0.00321778689918232
0.00321778689918232
0.00321778689918232
0.00321778689918232
0.00321778689918232
0.00321778689918232
0.00321778689918232
0.00321778689918232
0.00321778689918232
0.00321778689918232
0.00321778689918232
0.00321778689918232
0.00321778689918232
0.00321775824697268
0.00321775824697268
0.00321605218348849
0.00321605218348849
0.00321605218348849
0.00321605218348849
0.00321605218348849
0.00321605218348849
0.00321605218348849
0.00321605218348849
0.00321605218348849
0.00321605218348849
0.00321605218348849
0.00321605218348849
0.00321605218348849
0.00321605218348849
0.00321605218348849
0.00321605218348849
0.00321605218348849
0.00321605218348849
0.00321605218348849
0.00321605218348849
0.00321605218348849
0.00321605218348849
0.00321605218348849
0.00321605218348849
0.00321605218348849
0.00321605218348849
0.00287269451828804
0.00287269451828804
0.00287269451828804
0.00287269451828804
0.00146577917529203
0.00146577917529203
0.00146577917529203
0.00146577917529203
0.00146577917529203
0.00146577917529203
0.00146577917529203
0.00146577917529203
0.00136603846276243
0.00136603846276243
0.00136603846276243
0.00110481842433257
0.00110481842433257
0.00110481842433257
0.00110481842433257
0.00110481842433257
0.00110481842433257
0.00110481842433257
0.00110481842433257
0.00110481842433257
0.00110481842433257
0.00110481842433257
0.00110481842433257
0.00110481842433257
0.00110481842433257
0.00110481842433257
0.00110481842433257
0.00110481842433257
0.00110481842433257
0.00110481842433257
0.00110481842433257
0.00110481842433257
0.00110481842433257
0.00110481842433257
0.00110481842433257
0.00110481842433257
0.00110481842433257
0.00110481842433257
0.00110481842433257
0.00110481842433257
0.00110481842433257
0.00110481842433257
0.00110481842433257
0.00110481842433257
0.00110481842433257
0.00110481842433257
0.00110481842433257
0.00110481842433257
0.00110481842433257
0.00110481842433257
0.00110481842433257
0.00110481842433257
0.00110481842433257
0.00110481842433257
0.00110481842433257
0.00110481842433257
0.00110481842433257
0.00110481842433257
0.00110481842433257
0.00110481842433257
0.00110481842433257
0.00110481842433257
0.00110481842433257
0.00110481842433257
0.00110481842433257
0.00110481842433257
0.00110481842433257
0.00110481842433257
0.00110481842433257
0.00110481842433257
0.00110481842433257
0.00110481842433257
0.00110481842433257
0.00110481842433257
0.00110481842433257
0.00110481842433257
0.00110481842433257
0.00110481842433257
0.00110481842433257
0.00110481842433257
0.00110481842433257
0.00110481842433257
0.00110481842433257
0.00110481842433257
0.00110481842433257
0.00110481842433257
0.00110481842433257
0.00110481842433257
0.00110481842433257
0.00110481842433257
0.00110481842433257
0.00110481842433257
0.00110481842433257
0.00110481842433257
0.00110481842433257
0.00110481842433257
0.00110481842433257
0.00110481842433257
0.00110481842433257
0.00110481842433257
0.00110481842433257
0.00110481842433257
0.00110481842433257
0.00110481842433257
0.00105976256301585
0.00105976256301585
0.00105976256301585
0.00105976256301585
0.000821807362004049
0.000821807362004049
0.000821807362004049
0.000821807362004049
0.000821807362004049
0.000821807362004049
0.000821807362004049
0.000821807362004049
0.000821807362004049
0.000821807362004049
0.000821807362004049
0.000821807362004049
0.000821807362004049
0.000821807362004049
0.000821807362004049
0.000821807362004049
0.000821807362004049
0.000821807362004049
0.000821807362004049
0.000821807362004049
0.000821807362004049
0.000821807362004049
0.000821807362004049
0.000821807362004049
0.000821807362004049
0.000821807362004049
0.000821807362004049
0.000821807362004049
0.000821807362004049
0.000821807362004049
0.000821807362004049
0.000821807362004049
0.000821807362004049
0.000821807362004049
0.000821807362004049
0.000821807362004049
0.000821807362004049
0.000821807362004049
0.000821807362004049
0.000821807362004049
0.000821807362004049
0.000821807362004049
0.000821807362004049
0.000821807362004049
0.000821807362004049
0.000821807362004049
0.000821807362004049
0.000821807362004049
0.000821807362004049
0.000821807362004049
0.000821807362004049
0.000821807362004049
0.000821807362004049
0.000821807362004049
0.000821807362004049
0.000821807362004049
0.000821807362004049
0.000821807362004049
0.000821807362004049
0.000821807362004049
0.000821807362004049
0.000821807362004049
0.000821807362004049
0.000821807362004049
0.000821807362004049
0.000821807362004049
0.000821807362004049
0.000821807362004049
0.000821807362004049
0.000821807362004049
0.000821807362004049
0.000821807362004049
0.000821807362004049
0.000821807362004049
0.000821807362004049
0.000821807362004049
0.000821807362004049
0.000821807362004049
0.000821807362004049
0.000821807362004049
0.000821807362004049
0.000821807362004049
0.000821807362004049
0.000821807362004049
0.000821807362004049
0.000821807362004049
0.000821807362004049
0.000821807362004049
0.000821807362004049
0.000740812047217083
0.000740812047217083
0.000740812047217083
0.000740812047217083
0.000740812047217083
0.000692894185145866
0.000692894185145866
0.000692894185145866
0.000692894185145866
0.000692894185145866
0.000692894185145866
0.000692894185145866
0.000692894185145866
0.000692894185145866
0.000692894185145866
0.000692894185145866
0.000692894185145866
0.000692894185145866
0.000692894185145866
0.000692894185145866
0.000692894185145866
0.000692894185145866
0.000692894185145866
0.000692894185145866
0.000692894185145866
0.000692894185145866
0.000692894185145866
0.000692894185145866
0.000692894185145866
0.000692894185145866
0.000692894185145866
0.000487125456571593
0.000487125456571593
0.000487125456571593
0.000487125456571593
0.000487125456571593
0.000487125456571593
0.000487125456571593
0.000487125456571593
0.000487125456571593
0.000487125456571593
0.000487125456571593
0.000487125456571593
0.000487125456571593
0.000487125456571593
0.000487125456571593
0.000487125456571593
0.000487125456571593
0.000487125456571593
0.000487125456571593
0.000487125456571593
0.000487125456571593
0.000487125456571593
0.000487125456571593
0.000487125456571593
0.000487125456571593
0.000487125456571593
0.000487125456571593
0.000487125456571593
0.000487125456571593
0.000487125456571593
0.000487125456571593
0.000487125456571593
0.000487125456571593
0.000487125456571593
0.000487125456571593
0.000487125456571593
0.000487125456571593
0.000487125456571593
0.000487125456571593
0.000487125456571593
0.000487125456571593
0.000487125456571593
0.000487125456571593
0.000487125456571593
0.000487125456571593
0.000487125456571593
0.000487125456571593
0.000487125456571593
0.000487125456571593
0.000487125456571593
0.000487125456571593
0.000487125456571593
0.000487125456571593
0.000487125456571593
0.000487125456571593
0.000487125456571593
0.000487125456571593
0.000487125456571593
0.000487125456571593
0.000487125456571593
0.000487125456571593
0.000487125456571593
0.000487125456571593
0.000487125456571593
0.000487125456571593
0.000487125456571593
0.000487125456571593
0.000487125456571593
0.000487125456571593
0.000487125456571593
0.000487125456571593
0.000487125456571593
0.000487125456571593
0.000487125456571593
0.000487125456571593
0.000487125456571593
0.000487125456571593
0.000487125456571593
0.000487125456571593
0.000487125456571593
0.000487125456571593
0.000487125456571593
0.000487125456571593
0.000487125456571593
0.000487125456571593
0.000487125456571593
0.000487125456571593
0.000487125456571593
0.00048319529058299
0.00048319529058299
0.00048319529058299
0.0004071789461445
0.0004071789461445
0.0004071789461445
0.0004071789461445
0.0004071789461445
0.0004071789461445
0.0004071789461445
0.0004071789461445
0.0004071789461445
0.0004071789461445
0.0004071789461445
0.0004071789461445
0.0004071789461445
0.0004071789461445
0.0004071789461445
0.0004071789461445
0.0004071789461445
0.0004071789461445
0.0004071789461445
0.0004071789461445
0.0004071789461445
0.0004071789461445
0.0004071789461445
0.0004071789461445
0.0004071789461445
0.0004071789461445
0.0004071789461445
0.0004071789461445
0.0004071789461445
0.0004071789461445
0.0004071789461445
0.0004071789461445
0.0004071789461445
0.0004071789461445
0.0004071789461445
0.0004071789461445
0.0004071789461445
0.0004071789461445
0.0004071789461445
0.0004071789461445
0.000366542389606091
0.000366542389606091
0.000366542389606091
0.000366542389606091
0.000366542389606091
0.000366542389606091
0.000366542389606091
0.000366542389606091
0.000366542389606091
0.000366542389606091
0.000366542389606091
0.000366542389606091
0.000366542389606091
0.000366542389606091
0.000366542389606091
0.000366542389606091
0.000366542389606091
0.000366542389606091
0.000366542389606091
0.000366542389606091
0.000366542389606091
0.000366542389606091
0.000366542389606091
0.000366542389606091
0.000366542389606091
0.000366542389606091
0.000366542389606091
0.000366542389606091
0.000366542389606091
0.000366542389606091
0.000366542389606091

