0.94743070986297
0.94743070986297
0.907439217459852
0.907439217459852
0.16065267585466
0.16065267585466
0.16065267585466
0.16065267585466
0.16065267585466
0.16065267585466
0.16065267585466
0.16065267585466
0.101725283870729
0.101725283870729
0.101725283870729
0.101725283870729
0.101725283870729
0.101725283870729
0.101725283870729
0.101725283870729
0.0652771219865266
0.0652771219865266
0.0467255174884011
0.0467255174884011
0.0467255174884011
0.0467255174884011
0.0291684958159336
0.0291684958159336
0.0291684958159336
0.0291684958159336
0.0291684958159336
0.0262477196504956
0.0262477196504956
0.0262477196504956
0.0262477196504956
0.0262477196504956
0.0262477196504956
0.0262477196504956
0.00739724990101096
0.00739724990101096
0.00739724990101096
0.00739724990101096
0.00739724990101096
0.00739724990101096
0.00739724990101096
0.00739724990101096
0.00739724990101096
0.00739724990101096
0.00739724990101096
0.00739724990101096
0.00739724990101096
0.00739724990101096
0.00737139828680607
0.00737139828680607
0.00737139828680607
0.00582750840306465
0.00582750840306465
0.00582750840306465
0.00582750840306465
0.00582750840306465
0.00582750840306465
0.00582750840306465
0.00582750840306465
0.00582750840306465
0.00582750840306465
0.00582750840306465
0.00582750840306465
0.00582750840306465
0.00582750840306465
0.00582750840306465
0.00582750840306465
0.00582750840306465
0.00581056977416231
0.00581056977416231
0.00581056977416231
0.00581056977416231
0.00581056977416231
0.00581056977416231
0.00581056977416231
0.00581056977416231
0.00581056977416231
0.00581056977416231
0.00581056977416231
0.00581056977416231
0.00581056977416231
0.00581056977416231
0.00581056977416231
0.00581056977416231
0.00581056977416231
0.00581056977416231
0.00581056977416231
0.00581056977416231
0.00581056977416231
0.00581056977416231
0.00581056977416231
0.00581056977416231
0.00581056977416231
0.00581056977416231
0.00581056977416231
0.00581056977416231
0.00581056977416231
0.00581056977416231
0.00581056977416231
0.00581056977416231
0.00581056977416231
0.00581056977416231
0.00581056977416231
0.00581056977416231
0.00581056977416231
0.00542053827678468
0.00542053827678468
0.00542053827678468
0.00432340313548488
0.00432340313548488
0.00432340313548488
0.00432340313548488
0.00432340313548488
0.00432340313548488
0.00432340313548488
0.00432340313548488
0.00432340313548488
0.00432340313548488
0.00432340313548488
0.00432340313548488
0.00432340313548488
0.00432340313548488
0.00432340313548488
0.00432340313548488
0.00432340313548488
0.00432340313548488
0.00360948944735325
0.00360948944735325
0.00360948944735325
0.00360948944735325
0.00360948944735325
0.00360948944735325
0.00360948944735325
0.00360948944735325
0.00360948944735325
0.00360948944735325
0.00360948944735325
0.00360948944735325
0.0035583661469149
0.0035583661469149
0.0035583661469149
0.0035583661469149
0.0035583661469149
0.0035583661469149
0.0035583661469149
0.0035583661469149
0.0035583661469149
0.0035583661469149
0.0035583661469149
0.0035583661469149
0.0035583661469149
0.0035583661469149
0.0035583661469149
0.0035583661469149
0.0035583661469149
0.0035583661469149
0.0035583661469149
0.0035583661469149
0.0035583661469149
0.0035583661469149
0.0035583661469149
0.0035583661469149
0.0035583661469149
0.0035583661469149
0.0035583661469149
0.0035583661469149
0.0035583661469149
0.0035583661469149
0.0035583661469149
0.0035583661469149
0.0035583661469149
0.0035583661469149
0.0035583661469149
0.0035583661469149
0.0035583661469149
0.0035583661469149
0.0035583661469149
0.0035583661469149
0.0035583661469149
0.0035583661469149
0.0035583661469149
0.0035583661469149
0.0035583661469149
0.0035583661469149
0.0035583661469149
0.0035583661469149
0.0035583661469149
0.0035583661469149
0.0035583661469149
0.0035583661469149
0.0035583661469149
0.0035583661469149
0.0035583661469149
0.0035583661469149
0.0035583661469149
0.0035583661469149
0.0035583661469149
0.0035583661469149
0.0035583661469149
0.0035583661469149
0.0035583661469149
0.0035583661469149
0.0035583661469149
0.0035583661469149
0.0035583661469149
0.0035583661469149
0.0035583661469149
0.0035583661469149
0.0035583661469149
0.0035583661469149
0.0035583661469149
0.0035583661469149
0.0035583661469149
0.0035583661469149
0.0035583661469149
0.0035583661469149
0.0035583661469149
0.0035583661469149
0.0035583661469149
0.0035583661469149
0.0035583661469149
0.0035583661469149
0.0035583661469149
0.0035583661469149
0.0035583661469149
0.0035583661469149
0.0035583661469149
0.0035583661469149
0.0035583661469149
0.0035583661469149
0.0035583661469149
0.0035583661469149
0.0035583661469149
0.0035583661469149
0.0035583661469149
0.0035583661469149
0.0035583661469149
0.0035583661469149
0.0035583661469149
0.0035583661469149
0.0035583661469149
0.0035583661469149
0.0035583661469149
0.0035583661469149
0.0035583661469149
0.0035583661469149
0.0035583661469149
0.0035583661469149
0.0035583661469149
0.0035583661469149
0.0035583661469149
0.0035583661469149
0.0035583661469149
0.0035583661469149
0.0035583661469149
0.0035583661469149
0.0035583661469149
0.0035583661469149
0.0035583661469149
0.0035583661469149
0.0035583661469149
0.0035583661469149
0.0035583661469149
0.0035583661469149
0.0035583661469149
0.0035583661469149
0.0035583661469149
0.0035583661469149
0.0035583661469149
0.0035583661469149
0.0035583661469149
0.0035583661469149
0.0035583661469149
0.0035583661469149
0.0035583661469149
0.0035583661469149
0.0035583661469149
0.0035583661469149
0.0035583661469149
0.0035583661469149
0.0035583661469149
0.0035583661469149
0.0035583661469149
0.0035583661469149
0.0035583661469149
0.0035583661469149
0.0035583661469149
0.0035583661469149
0.0035583661469149
0.0035583661469149
0.0035583661469149
0.0035583661469149
0.0035583661469149
0.0035583661469149
0.0035583661469149
0.0035583661469149
0.0035583661469149
0.0035583661469149
0.0035583661469149
0.0035583661469149
0.0035583661469149
0.0035583661469149
0.0035583661469149
0.0035583661469149
0.0035583661469149
0.00350456180463449
0.00346325255113571
0.00346325255113571
0.00346325255113571
0.00346325255113571
0.00346325255113571
0.00346325255113571
0.00346325255113571
0.00346325255113571
0.00346325255113571
0.00144152892362275
0.00144152892362275
0.00144152892362275
0.00144152892362275
0.00144152892362275
0.00144152892362275
0.00144152892362275
0.00144152892362275
0.00144152892362275
0.00144152892362275
0.00144152892362275
0.00144152892362275
0.00144152892362275
0.00144152892362275
0.00144152892362275
0.00144152892362275
0.00144152892362275
0.00144152892362275
0.00144152892362275
0.00144152892362275
0.00144152892362275
0.00144152892362275
0.00144152892362275
0.00144152892362275
0.00144152892362275
0.00144152892362275
0.00144152892362275
0.00144152892362275
0.00144152892362275
0.00144152892362275
0.00144152892362275
0.00144152892362275
0.00144152892362275
0.00144152892362275
0.00144152892362275
0.00144152892362275
0.00144152892362275
0.00144152892362275
0.00144152892362275
0.00144152892362275
0.00144152892362275
0.00144152892362275
0.00144152892362275
0.00144152892362275
0.00144152892362275
0.00144152892362275
0.00144152892362275
0.00144152892362275
0.00144152892362275
0.00144152892362275
0.00144152892362275
0.00144152892362275
0.00144152892362275
0.00144152892362275
0.00144152892362275
0.00144152892362275
0.00144152892362275
0.00144152892362275
0.00144152892362275
0.00144152892362275
0.00144152892362275
0.00144152892362275
0.00144152892362275
0.00144152892362275
0.00144152892362275
0.00144152892362275
0.00144152892362275
0.00144152892362275
0.00144152892362275
0.00144152892362275
0.00144152892362275
0.00144152892362275
0.00144152892362275
0.00144152892362275
0.00144152892362275
0.00144152892362275
0.00144152892362275
0.00144152892362275
0.00144152892362275
0.00144152892362275
0.00144152892362275
0.00144152892362275
0.00144152892362275
0.00144152892362275
0.00144152892362275
0.00144152892362275
0.00144152892362275
0.00144152892362275
0.00144152892362275
0.00144152892362275
0.00144152892362275
0.00144152892362275
0.00144152892362275
0.00107724067031698
0.00107724067031698
0.00107724067031698
0.00107724067031698
0.00107724067031698
0.00107724067031698
0.00107724067031698
0.00107724067031698
0.00107724067031698
0.000800495667205407
0.000800495667205407
0.000800495667205407
0.000800495667205407
0.000800495667205407
0.000791792034467289
0.000791792034467289
0.000791792034467289
0.000791792034467289
0.000791792034467289
0.000791792034467289
0.000791792034467289
0.000791792034467289
0.000791792034467289
0.000791792034467289
0.000791792034467289
0.000791792034467289
0.000791792034467289
0.000791792034467289
0.000791792034467289
0.000791792034467289
0.000791792034467289
0.000791792034467289
0.000791792034467289
0.000791792034467289
0.000791792034467289
0.000791792034467289
0.000791792034467289
0.000791792034467289
0.000791792034467289
0.000791792034467289
0.000791792034467289
0.000791792034467289
0.000791792034467289
0.000791792034467289
0.000791792034467289
0.000632335897617708
0.000632335897617708
0.000632335897617708
0.000632335897617708
0.000632335897617708
0.000632335897617708
0.000632335897617708
0.000632335897617708
0.000632335897617708
0.000632335897617708
0.000632335897617708
0.000632335897617708
0.000632335897617708
0.000632335897617708
0.000632335897617708
0.000632335897617708
0.000632335897617708
0.000632335897617708
0.000632335897617708
0.000632335897617708
0.000632335897617708
0.000632335897617708
0.000632335897617708
0.000632335897617708
0.000632335897617708
0.000632335897617708
0.000632335897617708
0.000632335897617708
0.000632335897617708
0.000632335897617708
0.000632335897617708
0.000632335897617708
0.000632335897617708
0.000632335897617708
0.000632335897617708
0.000632335897617708
0.000632335897617708
0.000632335897617708
0.000632335897617708
0.000632335897617708
0.000632335897617708
0.000632335897617708
0.000632335897617708

