1.31082595155703
1.31082595155703
0.509247758721312
0.509247758721312
0.261296413438248
0.125333845324729
0.125333845324729
0.125333845324729
0.125333845324729
0.0500924168074507
0.0241572548570363
0.00812361266521154
0.00812361266521154
0.00812361266521154
0.0039684571251924
0.0039684571251924
0.0039684571251924
0.0039684571251924
0.00196477626892837
0.00196477626892837
0.00171799946308129
0.0016740717011285
0.0016740717011285
0.0016740717011285
0.0016740717011285
0.0016740717011285
0.0016740717011285
0.0016740717011285
0.00165037501750182
0.0016496573725186
0.0016496573725186
0.0016496573725186
0.00164928691766618
0.00164928691766618
0.00164928691766618
0.00164920598099502
0.00164919179588843
0.00164919179588843
0.00164918737254327
0.00164918737254327
0.00164918737254327
0.00164918591405527
0.00164918542504199
0.00164918540717977
0.0016491853760172
0.00164918529197132
0.00164918525754942
0.00164918522465884
0.00164918522465884
0.00164918522465884
0.00164918522465884
0.00164918522134194
0.00164918521856402
0.00164918521856402
0.00164918521856402
0.00164918521771747
0.00164918521768985
0.00164918521735872
0.00164918521678382
0.00164918521662401
0.00164918521662401
0.00164918521656303
0.00164918521655929
0.00164918521655351
0.00164918521655351
0.00164918521655351
0.00164918521655351
0.00164918521655207
0.00164918521655086
0.00164918521655086
0.00164918521655086
0.00164918521655077
0.00164918521655052
0.00164918521655033
0.00164918521655028
0.00164918521655028
0.00164918521655027
0.00164918521655027
0.00164918521655027
0.00164918521655027
0.00164918521655027
0.00164918521655027
0.00164918521655027
0.00164918521655027
0.00164918521655027
0.00164918521655027
0.00164918521655027
0.00164918521655027
0.00164918521655027
0.00164918521655027
0.00164918521655027
0.00164918521655027
0.00164918521655027
0.00164918521655027
0.00164918521655027
0.00164918521655027
0.00164918521655027
0.00164918521655027
0.00164918521655027
0.00164918521655027
0.00164918521655027
0.00164918521655027
0.00164918521655027
0.00164918521655027
0.00164918521655027
0.00164918521655027
0.00164918521655027
0.00164918521655027
0.00164918521655027
0.00164918521655027
0.00164918521655027
0.00164918521655027
0.00164918521655027
0.00164918521655027
0.00164918521655027
0.00164918521655027
0.00164918521655027
0.00164918521655027
0.00164918521655027
0.00164918521655027
0.00164918521655027
0.00164918521655027
0.00164918521655027
0.00164918521655027
0.00164918521655027
0.00164918521655027
0.00164918521655027
0.00164918521655027
0.00164918521655027
0.00164918521655027
0.00164918521655027
0.00164918521655027
0.00164918521655027
0.00164918521655027
0.00164918521655027
0.00164918521655027
0.00164918521655027
0.00164918521655027
0.00164918521655027
0.00164918521655027
0.00164918521655027
0.00164918521655027
0.00164918521655027
0.00164918521655027
0.00164918521655027
0.00164918521655027
0.00164918521655027
0.00164918521655027
0.00164918521655027
0.00164918521655027
0.00164918521655027
0.00164918521655027
0.00164918521655027
0.00164918521655027
0.00164918521655027
0.00164918521655027
0.00164918521655027
0.00164918521655027
0.00164918521655027
0.00164918521655027
0.00164918521655027
0.00164918521655027
0.00164918521655027
0.00164918521655027
0.00164918521655027
0.00164918521655027
0.00164918521655027
0.00164918521655027
0.00164918521655027
0.00164918521655027
0.00164918521655027
0.00164918521655027
0.00164918521655027
0.00164918521655027
0.00164918521655027
0.00164918521655027
0.00164918521655027
0.00164918521655027
0.00164918521655027
0.00164918521655027
0.00164918521655027
0.00164918521655027
0.00164918521655027
0.00164918521655027
0.00164918521655027
0.00164918521655027
0.00164918521655027
0.00164918521655027
0.00164918521655027
0.00164918521655027
0.00164918521655027
0.00164918521655027
0.00164918521655027
0.00164918521655027
0.00164918521655027
0.00164918521655027
0.00164918521655027
0.00164918521655027
0.00164918521655027
0.00164918521655027
0.00164918521655027
0.00164918521655027
0.00164918521655027
0.00164918521655027
0.00164918521655027
0.00164918521655027
0.00164918521655027
0.00164918521655027
0.00164918521655027
0.00164918521655027
0.00164918521655027
0.00164918521655027
0.00164918521655027
0.00164918521655027
0.00164918521655027
0.00164918521655027
0.00164918521655027
0.00164918521655027
0.00164918521655027
0.00164918521655027
0.00164918521655027
0.00164918521655027
0.00164918521655027
0.00164918521655027
0.00164918521655027
0.00164918521655027
0.00164918521655027
0.00164918521655027
0.00164918521655027
0.00164918521655027
0.00164918521655027
0.00164918521655027
0.00164918521655027
0.00164918521655027
0.00164918521655027
0.00164918521655027
0.00164918521655027
0.00164918521655027
0.00164918521655027
0.00164918521655027
0.00164918521655027
0.00164918521655027
0.00164918521655027
0.00164918521655027
0.00164918521655027
0.00164918521655027
0.00164918521655027
0.00164918521655027
0.00164918521655027
0.00164918521655027
0.00164918521655027
0.00164918521655027
0.00164918521655027
0.00164918521655027
0.00164918521655027
0.00164918521655026
0.00164918521655026
0.00164918521655026
0.00164918521655026
0.00164918521655026
0.00164918521655026
0.00164918521655026
0.00164918521655026
0.00164918521655026
0.00164918521655026
0.00164918521655026
0.00164918521655026
0.00164918521655026
0.00164918521655026
0.00164918521655026
0.00164918521655026
0.00164918521655026
0.00164918521655026
0.00164918521655026
0.00164918521655026
0.00164918521655026
0.00164918521655026
0.00164918521655026
0.00164918521655026
0.00164918521655026
0.00164918521655026
0.00164918521655026
0.00164918521655026
0.00164918521655026
0.00164918521655026
0.00164918521655026
0.00164918521655026
0.00164918521655026
0.00164918521655026
0.00164918521655026
0.00164918521655026
0.00164918521655026
0.00164918521655026
0.00164918521655026
0.00164918521655026
0.00164918521655026
0.00164918521655026
0.00164918521655026
0.00164918521655026
0.00164918521655026
0.00164918521655026
0.00164918521655026
0.00164918521655026
0.00164918521655026
0.00164918521655026
0.00164918521655026
0.00164918521655026
0.00164918521655026
0.00164918521655026
0.00164918521655026
0.00164918521655026
0.00164918521655026
0.00164918521655026
0.00164918521655026
0.00164918521655026
0.00164918521655026
0.00164918521655026
0.00164918521655026
0.00164918521655026
0.00164918521655026
0.00164918521655026
0.00164918521655026
0.00164918521655026
0.00164918521655026
0.00164918521655026
0.00164918521655026
0.00164918521655026
0.00164918521655026
0.00164918521655026
0.00164918521655026
0.00164918521655026
0.00164918521655026
0.00164918521655026
0.00164918521655026
0.00164918521655026
0.00164918521655026
0.00164918521655026
0.00164918521655026
0.00164918521655026
0.00164918521655026
0.00164918521655026
0.00164918521655026
0.00164918521655026
0.00164918521655026
0.00164918521655026
0.00164918521655026
0.00164918521655026
0.00164918521655026
0.00164918521655026
0.00164918521655026
0.00164918521655026
0.00164918521655026
0.00164918521655026
0.00164918521655026
0.00164918521655025
0.00164918521655025
0.00164918521655025
0.00164918521655025
0.00164918521655025
0.00164918521655025
0.00164918521655025
0.00164918521655025
0.00164918521655025
0.00164918521655025
0.00164918521655025
0.00164918521655025
0.00164918521655025
0.00164918521655025
0.00164918521655025
0.00164918521655025
0.00164918521655025
0.00164918521655025
0.00164918521655025
0.00164918521655025
0.00164918521655025
0.00164918521655025
0.00164918521655025
0.00164918521655025
0.00164918521655025
0.00164918521655025
0.00164918521655025
0.00164918521655025
0.00164918521655025
0.00164918521655025
0.00164918521655025
0.00164918521655025
0.00164918521655025
0.00164918521655025
0.00164918521655025
0.00164918521655025
0.00164918521655025
0.00164918521655025
0.00164918521655025
0.00164918521655025
0.00164918521655025
0.00164918521655025
0.00164918521655025
0.00164918521655025
0.00164918521655025
0.00164918521655025
0.00164918521655025
0.00164918521655025
0.00164918521655025
0.00164918521655025
0.00164918521655025
0.00164918521655025
0.00164918521655025
0.00164918521655025
0.00164918521655025
0.00164918521655025
0.00164918521655025
0.00164918521655025
0.00164918521655025
0.00164918521655025
0.00164918521655025
0.00164918521655025
0.00164918521655025
0.00164918521655025
0.00164918521655025
0.00164918521655025
0.00164918521655025
0.00164918521655025
0.00164918521655025
0.00164918521655025
0.00164918521655025
0.00164918521655025
0.00164918521655025
0.00164918521655025
0.00164918521655025
0.00164918521655025
0.00164918521655025
0.00164918521655025
0.00164918521655025
0.00164918521655025
0.00164918521655025
0.00164918521655025
0.00164918521655025
0.00164918521655025
0.00164918521655025
0.00164918521655025
0.00164918521655025
0.00164918521655025
0.00164918521655025
0.00164918521655025
0.00164918521655025
0.00164918521655025
0.00164918521655025
0.00164918521655025
0.00164918521655025
0.00164918521655025
0.00164918521655025
0.00164918521655025
0.00164918521655025
0.00164918521655025
0.00164918521655025
0.00164918521655025
0.00164918521655025
0.00164918521655025
0.00164918521655025
0.00164918521655025
0.00164918521655025
0.00164918521655025
0.00164918521655025
0.00164918521655025
0.00164918521655025
0.00164918521655025
0.00164918521655025
0.00164918521655025
0.00164918521655025
0.00164918521655025
0.00164918521655025
0.00164918521655025
0.00164918521655025
0.00164918521655025
0.00164918521655025
0.00164918521655025
0.00164918521655025
0.00164918521655025
0.00164918521655025
0.00164918521655025
0.00164918521655025
0.00164918521655025
0.00164918521655025
0.00164918521655025
0.00164918521655025
0.00164918521655025
0.00164918521655025
0.00164918521655025
0.00164918521655025
0.00164918521655025
0.00164918521655025
0.00164918521655025
0.00164918521655025
0.00164918521655025
0.00164918521655025
0.00164918521655025
0.00164918521655025
0.00164918521655025
0.00164918521655025
0.00164918521655025

