0.198803920356627
0.198803920356627
0.198803920356627
0.198803920356627
0.198803920356627
0.198803920356627
0.198803920356627
0.198803920356627
0.198803920356627
0.198803920356627
0.198803920356627
0.198803920356627
0.198803920356627
0.198803920356627
0.198803920356627
0.198803920356627
0.198803920356627
0.198803920356627
0.0340996934122094
0.0340996934122094
0.0181534024392412
0.0181534024392412
0.0181534024392412
0.0181534024392412
0.0181534024392412
0.0109244936810983
0.0109244936810983
0.00979477376911005
0.00979477376911005
0.00979477376911005
0.00698065913045756
0.00698065913045756
0.00698065913045756
0.00698065913045756
0.00698065913045756
0.00698065913045756
0.00698065913045756
0.00590893365828202
0.00590893365828202
0.00575611910438218
0.00575611910438218
0.00575611910438218
0.00575611910438218
0.00575611910438218
0.00562125136684487
0.00562125136684487
0.00562125136684487
0.00562125136684487
0.00562125136684487
0.00562125136684487
0.00562125136684487
0.00562125136684487
0.00562125136684487
0.00562125136684487
0.00561182026340725
0.00561182026340725
0.00561182026340725
0.00561182026340725
0.00561182026340725
0.00561182026340725
0.00561182026340725
0.00561182026340725
0.00561182026340725
0.00560799185828765
0.00560799185828765
0.00560799185828765
0.00560799185828765
0.00560799185828765
0.00560799185828765
0.00560799185828765
0.00560799185828765
0.00560799185828765
0.00560799185828765
0.00560799185828765
0.00560799185828765
0.00560799185828765
0.00560799185828765
0.00560799185828765
0.00560799185828765
0.00560799185828765
0.00560799185828765
0.00560799185828765
0.00560799185828765
0.00560799185828765
0.00560799185828765
0.00560799185828765
0.00560799185828765
0.00560799185828765
0.00560799185828765
0.00560799185828765
0.00560799185828765
0.00560799185828765
0.00560799185828765
0.00560799185828765
0.00560799185828765
0.00560799185828765
0.00560799185828765
0.00560799185828765
0.00560799185828765
0.00560799185828765
0.00560799185828765
0.00560799185828765
0.00560799185828765
0.00560799185828765
0.00560799185828765
0.00560799185828765
0.00560799185828765
0.00560799185828765
0.00560799185828765
0.00560799185828765
0.00560799185828765
0.00560799185828765
0.00560799185828765
0.00560799185828765
0.00560799185828765
0.00560799185828765
0.00560799185828765
0.00554187415247824
0.00554187415247824
0.00554187415247824
0.00554187415247824
0.00554187415247824
0.00554187415247824
0.00551515414296632
0.00551515414296632
0.00551515414296632
0.00551515414296632
0.00551515414296632
0.00551515414296632
0.00551515414296632
0.00551515414296632
0.00551515414296632
0.00551515414296632
0.00551515414296632
0.00551515414296632
0.00551515414296632
0.00551515414296632
0.00551515414296632
0.00551515414296632
0.00551515414296632
0.00551515414296632
0.00551515414296632
0.00551515414296632
0.00551515414296632
0.00551515414296632
0.00551515414296632
0.00551515414296632
0.00551515414296632
0.00551515414296632
0.00551515414296632
0.00551515414296632
0.00551515414296632
0.00550952813837629
0.00550952813837629
0.00550952813837629
0.00550952813837629
0.00550952813837629
0.00550952813837629
0.00550952813837629
0.00550952813837629
0.00550952813837629
0.00550952813837629
0.00550952813837629
0.00550952813837629
0.00550952813837629
0.00550952813837629
0.00550952813837629
0.00550952813837629
0.00550952813837629
0.00550952813837629
0.00550952813837629
0.00550952813837629
0.00550952813837629
0.00550952813837629
0.00550952813837629
0.00550952813837629
0.00550952813837629
0.00550952813837629
0.00550952813837629
0.00550952813837629
0.00550952813837629
0.00550952813837629
0.00550952813837629
0.00550952813837629
0.00550952813837629
0.00550952813837629
0.00550952813837629
0.00550952813837629
0.00550952813837629
0.00550952813837629
0.00550952813837629
0.00550952813837629
0.00550952813837629
0.00550952813837629
0.00550952813837629
0.00550952813837629
0.00550952813837629
0.00550952813837629
0.00550952813837629
0.00550952813837629
0.00550952813837629
0.00550952813837629
0.00550952813837629
0.00550952813837629
0.00550952813837629
0.00550952813837629
0.00550952813837629
0.00530405280404353
0.00530405280404353
0.00530405280404353
0.00530405280404353
0.00530405280404353
0.00530405280404353
0.00530405280404353
0.00530405280404353
0.00530405280404353
0.00530405280404353
0.00530405280404353
0.00530405280404353
0.00530405280404353
0.00530405280404353
0.00530405280404353
0.00530405280404353
0.00530405280404353
0.00530405280404353
0.00530405280404353
0.00530405280404353
0.00530405280404353
0.00530405280404353
0.00530405280404353
0.00530405280404353
0.00530405280404353
0.00530405280404353
0.00530405280404353
0.00530405280404353
0.00530405280404353
0.00530405280404353
0.00530405280404353
0.00530405280404353
0.00530405280404353
0.00530405280404353
0.00530405280404353
0.00530405280404353
0.00530405280404353
0.00530405280404353
0.00530405280404353
0.00530405280404353
0.00530405280404353
0.00530405280404353
0.00530405280404353
0.00530405280404353
0.00530405280404353
0.00530405280404353
0.00530405280404353
0.00530405280404353
0.00530405280404353
0.00530405280404353
0.00530405280404353
0.00530405280404353
0.00530405280404353
0.00530405280404353
0.00530405280404353
0.00530405280404353
0.00530405280404353
0.00530405280404353
0.00530405280404353
0.00530405280404353
0.00530405280404353
0.00530405280404353
0.00530405280404353
0.00530405280404353
0.00530405280404353
0.00530405280404353
0.00530405280404353
0.00530405280404353
0.00530405280404353
0.00530405280404353
0.00530405280404353
0.00530405280404353
0.00530405280404353
0.00530405280404353
0.00530405280404353
0.00530405280404353
0.00530405280404353
0.00530405280404353
0.00530405280404353
0.00530405280404353
0.00530405280404353
0.00530405280404353
0.00530405280404353
0.00530405280404353
0.00530405280404353
0.00530405280404353
0.00530405280404353
0.00530405280404353
0.00530405280404353
0.00530405280404353
0.00530405280404353
0.00530405280404353
0.00530405280404353
0.00530405280404353
0.00530405280404353
0.00530405280404353
0.00530405280404353
0.00530405280404353
0.00530405280404353
0.00530405280404353
0.00530405280404353
0.00530405280404353
0.00530405280404353
0.00530405280404353
0.00530405280404353
0.00530405280404353
0.00530405280404353
0.00530405280404353
0.00530123606201936
0.00530123606201936
0.00530123606201936
0.00530123606201936
0.00530123606201936
0.00529860056490227
0.00298967343569859
0.00298967343569859
0.00298967343569859
0.00298967343569859
0.00298967343569859
0.00298967343569859
0.00298967343569859
0.00298967343569859
0.00298967343569859
0.00298967343569859
0.00298967343569859
0.00298967343569859
0.00298967343569859
0.00298967343569859
0.00298967343569859
0.00298967343569859
0.00298967343569859
0.00298967343569859
0.00298967343569859
0.00298967343569859
0.00298967343569859
0.00298967343569859
0.00298967343569859
0.00298967343569859
0.00298967343569859
0.00298967343569859
0.00298967343569859
0.00298967343569859
0.00298967343569859
0.00298967343569859
0.00298967343569859
0.00298967343569859
0.00298967343569859
0.00298967343569859
0.00298967343569859
0.00298967343569859
0.00298967343569859
0.00298967343569859
0.00298967343569859
0.00298967343569859
0.00298967343569859
0.00298967343569859
0.00298967343569859
0.00298967343569859
0.00298967343569859
0.00298967343569859
0.00298967343569859
0.00298967343569859
0.00298967343569859
0.00298967343569859
0.00298967343569859
0.00298967343569859
0.00298967343569859
0.00298967343569859
0.00298967343569859
0.00298967343569859
0.00298967343569859
0.00298967343569859
0.00298967343569859
0.00298967343569859
0.00298967343569859
0.00298967343569859
0.00298967343569859
0.00298967343569859
0.00298967343569859
0.00298967343569859
0.00298967343569859
0.00298967343569859
0.00298967343569859
0.00298967343569859
0.00298967343569859
0.00298967343569859
0.00298967343569859
0.00298967343569859
0.00298967343569859
0.00298967343569859
0.00298967343569859
0.00298967343569859
0.00298967343569859
0.00298967343569859
0.00298967343569859
0.00298967343569859
0.00298967343569859
0.00298967343569859
0.00298967343569859
0.00298967343569859
0.00298967343569859
0.00298967343569859
0.00298967343569859
0.00298967343569859
0.00298967343569859
0.00298967343569859
0.00298967343569859
0.00298967343569859
0.00298967343569859
0.00298967343569859
0.00298967343569859
0.00298967343569859
0.00298967343569859
0.00298967343569859
0.00298967343569859
0.00298967343569859
0.00298967343569859
0.00298967343569859
0.00298967343569859
0.00298967343569859
0.00298967343569859
0.00298967343569859
0.00298967343569859
0.00298967343569859
0.00298967343569859
0.00298967343569859
0.00298967343569859
0.00298967343569859
0.00298967343569859
0.00298967343569859
0.00298967343569859
0.00298967343569859
0.00298967343569859
0.00298967343569859
0.00298967343569859
0.00298967343569859
0.002195513146074
0.002195513146074
0.002195513146074
0.002195513146074
0.002195513146074
0.002195513146074
0.002195513146074
0.002195513146074
0.002195513146074
0.002195513146074
0.002195513146074
0.002195513146074
0.002195513146074
0.002195513146074
0.002195513146074
0.002195513146074
0.002195513146074
0.002195513146074
0.002195513146074
0.002195513146074
0.002195513146074
0.002195513146074
0.002195513146074
0.002195513146074
0.002195513146074
0.002195513146074
0.002195513146074
0.002195513146074
0.002195513146074
0.002195513146074
0.002195513146074
0.002195513146074
0.002195513146074
0.002195513146074
0.002195513146074
0.002195513146074
0.002195513146074
0.002195513146074
0.002195513146074
0.002195513146074
0.002195513146074
0.002195513146074
0.002195513146074
0.002195513146074
0.002195513146074
0.002195513146074
0.002195513146074
0.002195513146074
0.002195513146074
0.002195513146074
0.002195513146074
0.002195513146074
0.002195513146074
0.002195513146074
0.002195513146074
0.002195513146074
0.002195513146074

