0.408491038815111
0.408491038815111
0.408491038815111
0.408491038815111
0.408491038815111
0.123570376256401
0.123570376256401
0.123570376256401
0.123570376256401
0.106968983399626
0.106968983399626
0.106968983399626
0.105348997914929
0.105348997914929
0.105348997914929
0.105348997914929
0.0558606087238588
0.0558606087238588
0.032862222691734
0.032862222691734
0.032862222691734
0.0208458903123124
0.0208458903123124
0.0153972881754439
0.0113119377836891
0.0113119377836891
0.0103861319583535
0.0101725526117381
0.0101725526117381
0.0098326393310084
0.0098326393310084
0.00898353597861422
0.00823416634904307
0.00823416634904307
0.00823416634904307
0.00823416634904307
0.00823416634904307
0.00823416634904307
0.00823416634904307
0.00823416634904307
0.00823416634904307
0.00805146644659905
0.00805146644659905
0.00805146644659905
0.00805146644659905
0.00805146644659905
0.00805146644659905
0.00805146644659905
0.00264267279310553
0.00264267279310553
0.00264267279310553
0.00264267279310553
0.00264267279310553
0.00264267279310553
0.00264267279310553
0.00264267279310553
0.00264267279310553
0.00264267279310553
0.00264267279310553
0.00264267279310553
0.00264267279310553
0.00264267279310553
0.00264267279310553
0.00264267279310553
0.00264267279310553
0.00264267279310553
0.00264267279310553
0.00264267279310553
0.00264267279310553
0.00264267279310553
0.00264267279310553
0.00264267279310553
0.00264267279310553
0.00264267279310553
0.00264267279310553
0.00264267279310553
0.00264267279310553
0.00264267279310553
0.00264267279310553
0.00264267279310553
0.00264267279310553
0.00264267279310553
0.00264267279310553
0.00264267279310553
0.00264267279310553
0.00264267279310553
0.00264267279310553
0.00264267279310553
0.00264267279310553
0.00264267279310553
0.00264267279310553
0.00264267279310553
0.00264267279310553
0.00264267279310553
0.00264267279310553
0.00264267279310553
0.00264267279310553
0.00264267279310553
0.00264267279310553
0.00264267279310553
0.00264267279310553
0.00264267279310553
0.00264267279310553
0.00264267279310553
0.00264267279310553
0.00264267279310553
0.00264267279310553
0.00164693539796377
0.00164693539796377
0.00164693539796377
0.00164693539796377
0.00164693539796377
0.00164693539796377
0.00164693539796377
0.00164693539796377
0.00164693539796377
0.00164693539796377
0.00164693539796377
0.00164693539796377
0.00164693539796377
0.00164693539796377
0.00159643460426319
0.00159643460426319
0.00159643460426319
0.00159643460426319
0.00159643460426319
0.00159643460426319
0.00159643460426319
0.00159643460426319
0.00159643460426319
0.00159643460426319
0.00159643460426319
0.00159643460426319
0.00159643460426319
0.00159643460426319
0.00131304292214499
0.00131304292214499
0.00131304292214499
0.00131304292214499
0.00131304292214499
0.00131304292214499
0.00131304292214499
0.00131304292214499
0.00131304292214499
0.00131304292214499
0.00131304292214499
0.00131304292214499
0.00131304292214499
0.00131304292214499
0.00131304292214499
0.00131304292214499
0.00131304292214499
0.00131304292214499
0.00131304292214499
0.00131304292214499
0.00131304292214499
0.00131304292214499
0.00131304292214499
0.00131304292214499
0.00131304292214499
0.00131304292214499
0.00131304292214499
0.00131304292214499
0.00131304292214499
0.00131304292214499
0.00131304292214499
0.00131304292214499
0.00131304292214499
0.00131304292214499
0.00131304292214499
0.00131304292214499
0.00131304292214499
0.00131304292214499
0.00131304292214499
0.00131304292214499
0.00131304292214499
0.00131304292214499
0.00131304292214499
0.00131304292214499
0.00131304292214499
0.00131304292214499
0.00131304292214499
0.00131304292214499
0.00131304292214499
0.00131304292214499
0.00131304292214499
0.00131304292214499
0.00131304292214499
0.00131304292214499
0.00131304292214499
0.00131304292214499
0.00131304292214499
0.00131304292214499
0.00131304292214499
0.00131304292214499
0.00131304292214499
0.00131304292214499
0.00131304292214499
0.00131304292214499
0.00131304292214499
0.00131304292214499
0.00131304292214499
0.00131304292214499
0.00131304292214499
0.00131304292214499
0.00131304292214499
0.00131304292214499
0.00131304292214499
0.00131304292214499
0.00131304292214499
0.00131304292214499
0.00131304292214499
0.00131304292214499
0.00126878125718563
0.00126878125718563
0.00126878125718563
0.00126878125718563
0.00126878125718563
0.00126878125718563
0.00126878125718563
0.00126878125718563
0.00126878125718563
0.00126878125718563
0.00126878125718563
0.00126878125718563
0.00126878125718563
0.00126878125718563
0.00126878125718563
0.00126878125718563
0.00126878125718563
0.00126878125718563
0.00126878125718563
0.00126878125718563
0.00126878125718563
0.00126878125718563
0.00126878125718563
0.00126878125718563
0.00126878125718563
0.00126878125718563
0.00126878125718563
0.00126878125718563
0.00126878125718563
0.00126878125718563
0.00126878125718563
0.00126878125718563
0.00126878125718563
0.00126878125718563
0.00126878125718563
0.00126878125718563
0.00126878125718563
0.00126878125718563
0.00126878125718563
0.00126878125718563
0.00126878125718563
0.00126878125718563
0.00126878125718563
0.00126878125718563
0.00126878125718563
0.00126878125718563
0.00126878125718563
0.00126878125718563
0.00126878125718563
0.00126878125718563
0.00126878125718563
0.00126878125718563
0.00126878125718563
0.00126878125718563
0.00126878125718563
0.00126878125718563
0.00126878125718563
0.00126878125718563
0.00126878125718563
0.00126878125718563
0.00126878125718563
0.00126878125718563
0.00126878125718563
0.00126878125718563
0.00126878125718563
0.00126878125718563
0.00126878125718563
0.00126878125718563
0.00126878125718563
0.00126878125718563
0.00126878125718563
0.00126878125718563
0.00126878125718563
0.00126878125718563
0.00126878125718563
0.00126878125718563
0.00126878125718563
0.00126878125718563
0.00126878125718563
0.00126878125718563
0.00126878125718563
0.00126878125718563
0.00126878125718563
0.00126878125718563
0.00126878125718563
0.00126878125718563
0.00126878125718563
0.00126878125718563
0.00126878125718563
0.00126878125718563
0.00126878125718563
0.00126878125718563
0.00126878125718563
0.00126878125718563
0.00126878125718563
0.00126878125718563
0.00126878125718563
0.00126878125718563
0.00126878125718563
0.00125027616453553
0.00125027616453553
0.00125027616453553
0.00125027616453553
0.00125027616453553
0.00125027616453553
0.00125027616453553
0.00125027616453553
0.00125027616453553
0.00125027616453553
0.00125027616453553
0.00125027616453553
0.00125027616453553
0.00125027616453553
0.00125027616453553
0.00125027616453553
0.00125027616453553
0.00125027616453553
0.00125027616453553
0.00125027616453553
0.00125027616453553
0.00125027616453553
0.00125027616453553
0.00125027616453553
0.00125027616453553
0.0012427778740115
0.0012427778740115
0.0012427778740115
0.0012427778740115
0.0012427778740115
0.0012427778740115
0.0012427778740115
0.0012427778740115
0.0012427778740115
0.0012427778740115
0.0012427778740115
0.0012427778740115
0.0012427778740115
0.0012427778740115
0.0012427778740115
0.0012427778740115
0.0012427778740115
0.0012427778740115
0.0012427778740115
0.0012427778740115
0.0012427778740115
0.0012427778740115
0.0012427778740115
0.0012427778740115
0.0012427778740115
0.0012427778740115
0.0012427778740115
0.0012427778740115
0.0012427778740115
0.0012427778740115
0.0012427778740115
0.0012427778740115
0.0012427778740115
0.0012427778740115
0.0012427778740115
0.0012427778740115
0.0012427778740115
0.0012427778740115
0.0012427778740115
0.0012427778740115
0.0012427778740115
0.0012427778740115
0.0012427778740115
0.0012427778740115
0.0012427778740115
0.0012427778740115
0.0012427778740115
0.0012427778740115
0.0012427778740115
0.0012427778740115
0.0012427778740115
0.0012427778740115
0.0012427778740115
0.0012427778740115
0.0012427778740115
0.0012427778740115
0.0012427778740115
0.0012427778740115
0.0012427778740115
0.0012427778740115
0.0012427778740115
0.0012427778740115
0.0012427778740115
0.0012427778740115
0.0012427778740115
0.0012427778740115
0.0012427778740115
0.0012427778740115
0.0012427778740115
0.0012427778740115
0.0012427778740115
0.0012427778740115
0.0012427778740115
0.0012427778740115
0.0012427778740115
0.0012427778740115
0.0012427778740115
0.0012427778740115
0.0012427778740115
0.0012427778740115
0.0012427778740115
0.0012427778740115
0.0012427778740115
0.0012427778740115
0.0012427778740115
0.0012427778740115
0.0012427778740115
0.0012427778740115
0.0012427778740115
0.0012427778740115
0.0012427778740115
0.0012427778740115
0.0012427778740115
0.0012427778740115
0.0012427778740115
0.0012427778740115
0.0012427778740115
0.0012427778740115
0.0012427778740115
0.0012427778740115
0.0012427778740115
0.0012427778740115
0.0012427778740115
0.0012427778740115
0.0012427778740115
0.0012427778740115
0.0012427778740115
0.0012427778740115
0.0012427778740115
0.0012427778740115
0.0012427778740115
0.0012427778740115
0.0012427778740115
0.0012427778740115
0.0012427778740115
0.0012427778740115
0.0012427778740115
0.0012427778740115
0.0012427778740115
0.0012427778740115
0.0012427778740115
0.0012427778740115
0.0012427778740115
0.0012427778740115
0.0012427778740115
0.0012427778740115
0.0012427778740115
0.0012427778740115
0.0012427778740115
0.0012427778740115
0.0012427778740115
0.0012427778740115
0.0012427778740115
0.0012427778740115
0.0012427778740115
0.0012427778740115
0.0012427778740115
0.0012427778740115
0.0012427778740115
0.0012427778740115
0.0012427778740115
0.0012427778740115
0.0012427778740115
0.0012427778740115
0.0012427778740115
0.0012427778740115
0.0012427778740115
0.0012427778740115
0.0012427778740115
0.0012427778740115
0.0012427778740115
0.0012427778740115
0.0012427778740115
0.0012427778740115
0.0012427778740115
0.0012427778740115
0.0012427778740115
0.0012427778740115
0.0012427778740115
0.0012427778740115
0.0012427778740115
0.0012427778740115
0.0012427778740115

