0.257471618698097
0.257471618698097
0.257471618698097
0.257471618698097
0.257471618698097
0.257471618698097
0.257471618698097
0.257471618698097
0.257471618698097
0.257471618698097
0.245942618573142
0.148686738856943
0.148686738856943
0.0582429102143976
0.0582429102143976
0.0245927679991003
0.0245927679991003
0.0245927679991003
0.0245927679991003
0.0245927679991003
0.0245927679991003
0.0245927679991003
0.0245927679991003
0.0245927679991003
0.0245927679991003
0.0245927679991003
0.0245927679991003
0.0245927679991003
0.0245927679991003
0.0245927679991003
0.0245927679991003
0.0245927679991003
0.0245927679991003
0.0245927679991003
0.0245927679991003
0.0245927679991003
0.0245927679991003
0.0245927679991003
0.0245927679991003
0.0245927679991003
0.0245927679991003
0.0190194313946827
0.0190194313946827
0.0190194313946827
0.0190194313946827
0.0190194313946827
0.0190194313946827
0.0180809930374302
0.0180809930374302
0.0180809930374302
0.0180809930374302
0.0180809930374302
0.0171964358702831
0.0171964358702831
0.0171964358702831
0.0171964358702831
0.0171964358702831
0.0171964358702831
0.0171964358702831
0.0171964358702831
0.0171964358702831
0.00469712416683303
0.00469712416683303
0.00469712416683303
0.00469712416683303
0.00469712416683303
0.00469712416683303
0.00469712416683303
0.00469712416683303
0.00469712416683303
0.00469712416683303
0.00469712416683303
0.00469712416683303
0.00469712416683303
0.00469712416683303
0.00469712416683303
0.00469712416683303
0.00469712416683303
0.00469712416683303
0.00469712416683303
0.00469712416683303
0.00469712416683303
0.00469712416683303
0.00469712416683303
0.00469712416683303
0.00469712416683303
0.00469712416683303
0.00469712416683303
0.00469712416683303
0.00469712416683303
0.00469712416683303
0.00469712416683303
0.00469712416683303
0.00469712416683303
0.00469712416683303
0.00469712416683303
0.00469712416683303
0.00469712416683303
0.00469712416683303
0.00469712416683303
0.00469712416683303
0.00469712416683303
0.00469712416683303
0.00469712416683303
0.00469712416683303
0.00469712416683303
0.00469712416683303
0.00469712416683303
0.00469712416683303
0.00469712416683303
0.00469712416683303
0.00469712416683303
0.00469712416683303
0.00388504475476761
0.00388504475476761
0.00388504475476761
0.00388504475476761
0.00388504475476761
0.00317929793940593
0.00317929793940593
0.00317929793940593
0.00317929793940593
0.00317929793940593
0.00317929793940593
0.00317929793940593
0.00317929793940593
0.00317929793940593
0.00317929793940593
0.00317929793940593
0.00317929793940593
0.00211715635317898
0.00211715635317898
0.00211715635317898
0.00211715635317898
0.00211715635317898
0.00211715635317898
0.00211715635317898
0.00211715635317898
0.00211715635317898
0.00211715635317898
0.00211715635317898
0.00211715635317898
0.00211715635317898
0.00211715635317898
0.00211715635317898
0.00211715635317898
0.00211715635317898
0.00211715635317898
0.00211715635317898
0.00211715635317898
0.00211715635317898
0.00211715635317898
0.00211715635317898
0.00211715635317898
0.00211715635317898
0.00211715635317898
0.00211715635317898
0.00211715635317898
0.00211715635317898
0.00211715635317898
0.00211715635317898
0.00211715635317898
0.00211715635317898
0.00211715635317898
0.00211715635317898
0.00211715635317898
0.00211715635317898
0.00211715635317898
0.00211715635317898
0.00211715635317898
0.00211715635317898
0.00211715635317898
0.00211715635317898
0.00211715635317898
0.00211715635317898
0.00211715635317898
0.00211715635317898
0.00211715635317898
0.00211715635317898
0.00211715635317898
0.00211715635317898
0.00211715635317898
0.00211715635317898
0.00211715635317898
0.00211715635317898
0.00211715635317898
0.00211715635317898
0.00211715635317898
0.00211715635317898
0.00211715635317898
0.00211715635317898
0.00211715635317898
0.00211715635317898
0.00211715635317898
0.00211715635317898
0.00211715635317898
0.00211715635317898
0.00211715635317898
0.00211715635317898
0.00211715635317898
0.00211715635317898
0.00211715635317898
0.00211715635317898
0.00211715635317898
0.00211715635317898
0.00211715635317898
0.00211715635317898
0.00211715635317898
0.00211715635317898
0.0020036229043696
0.0020036229043696
0.0020036229043696
0.0020036229043696
0.0020036229043696
0.0020036229043696
0.0020036229043696
0.00181382140896855
0.00181382140896855
0.00181382140896855
0.00181382140896855
0.00181382140896855
0.00181382140896855
0.00181382140896855
0.00181382140896855
0.00181382140896855
0.00181382140896855
0.00181382140896855
0.00181382140896855
0.00181382140896855
0.00181382140896855
0.00181382140896855
0.00181382140896855
0.00181382140896855
0.00181382140896855
0.00181382140896855
0.00181382140896855
0.00181382140896855
0.00181382140896855
0.00181382140896855
0.00181206907974128
0.00181206907974128
0.00181206907974128
0.00181206907974128
0.00181206907974128
0.00181206907974128
0.00181206907974128
0.00181206907974128
0.00181206907974128
0.00181206907974128
0.00181206907974128
0.00181206907974128
0.00181206907974128
0.00181206907974128
0.00181206907974128
0.00181206907974128
0.00181206907974128
0.00181206907974128
0.00181206907974128
0.00181206907974128
0.00181206907974128
0.00181206907974128
0.00181206907974128
0.00181206907974128
0.00181206907974128
0.00181206907974128
0.00181206907974128
0.00181206907974128
0.00181206907974128
0.00181206907974128
0.00181206907974128
0.00181206907974128
0.00181206907974128
0.00181206907974128
0.00181206907974128
0.00181206907974128
0.00181206907974128
0.00181206907974128
0.00181206907974128
0.00181206907974128
0.00181206907974128
0.00181206907974128
0.00181206907974128
0.00181206907974128
0.00181206907974128
0.00181206907974128
0.00181206907974128
0.00181206907974128
0.00181206907974128
0.00181206907974128
0.00181206907974128
0.00181206907974128
0.00181206907974128
0.00181206907974128
0.00181206907974128
0.00181206907974128
0.00181206907974128
0.00181206907974128
0.00181206907974128
0.00181206907974128
0.00181206907974128
0.00181206907974128
0.00181206907974128
0.00181206907974128
0.00181206907974128
0.00181206907974128
0.00181206907974128
0.00181206907974128
0.00181206907974128
0.00181206907974128
0.00181206907974128
0.00181206907974128
0.00181206907974128
0.00181206907974128
0.00181206907974128
0.00163032305543397
0.00163032305543397
0.00163032305543397
0.00163032305543397
0.00163032305543397
0.00163032305543397
0.00163032305543397
0.00156284185366671
0.00156284185366671
0.00156284185366671
0.00156284185366671
0.00156284185366671
0.00156284185366671
0.00156284185366671
0.00156284185366671
0.00156284185366671
0.00156284185366671
0.00156284185366671
0.00156284185366671
0.00156284185366671
0.00156284185366671
0.00156284185366671
0.00156284185366671
0.00156284185366671
0.00156284185366671
0.00156284185366671
0.00156284185366671
0.00156284185366671
0.00156284185366671
0.00156284185366671
0.00156284185366671
0.00156284185366671
0.00156284185366671
0.00156284185366671
0.00156284185366671
0.00156284185366671
0.00156284185366671
0.00156284185366671
0.00156284185366671
0.00156284185366671
0.00156284185366671
0.00156284185366671
0.00156284185366671
0.00156284185366671
0.00156284185366671
0.00156284185366671
0.00156284185366671
0.00156284185366671
0.00156284185366671
0.00156284185366671
0.00156284185366671
0.00156284185366671
0.00156284185366671
0.00156284185366671
0.00156284185366671
0.00156284185366671
0.00156284185366671
0.00156284185366671
0.00156284185366671
0.00156284185366671
0.00156284185366671
0.00156284185366671
0.00156284185366671
0.00156284185366671
0.00156284185366671
0.00156284185366671
0.00156284185366671
0.00156284185366671
0.00156284185366671
0.00156284185366671
0.00156284185366671
0.00156284185366671
0.00156284185366671
0.00156284185366671
0.00156284185366671
0.00156284185366671
0.00156284185366671
0.00156284185366671
0.00156284185366671
0.00156284185366671
0.00156284185366671
0.00156284185366671
0.00156284185366671
0.00156284185366671
0.00156284185366671
0.00156284185366671
0.00156284185366671
0.00156284185366671
0.00156284185366671
0.00156284185366671
0.00156284185366671
0.00156284185366671
0.00156284185366671
0.00156284185366671
0.00156284185366671
0.00156284185366671
0.00156284185366671
0.00156284185366671
0.00156284185366671
0.00150440032409211
0.00150440032409211
0.00150440032409211
0.00150440032409211
0.00147850593442906
0.00145091363433714
0.00145091363433714
0.00145091363433714
0.00145091363433714
0.00145091363433714
0.00135397688438763
0.00135397688438763
0.00135397688438763
0.00135397688438763
0.00135397688438763
0.00135397688438763
0.00135397688438763
0.00135397688438763
0.00135397688438763
0.00135397688438763
0.00135397688438763
0.00135397688438763
0.00135397688438763
0.00135397688438763
0.00135397688438763
0.00135397688438763
0.000792076971461784
0.000792076971461784
0.000792076971461784
0.000792076971461784
0.000792076971461784
0.000792076971461784
0.000792076971461784
0.000792076971461784
0.000792076971461784
0.000792076971461784
0.000792076971461784
0.000792076971461784
0.000792076971461784
0.000792076971461784
0.000792076971461784
0.000792076971461784
0.000792076971461784
0.000792076971461784
0.000792076971461784
0.000792076971461784
0.000792076971461784
0.000792076971461784
0.000792076971461784
0.000792076971461784
0.000792076971461784
0.000792076971461784
0.000753999922098848
0.000753999922098848
0.000753999922098848
0.000753999922098848
0.000753999922098848
0.000753999922098848
0.000753999922098848
0.000753999922098848
0.000753999922098848
0.000753999922098848
0.000753999922098848
0.000753999922098848
0.000753999922098848
0.000753999922098848
0.000753999922098848
0.000753999922098848
0.000753999922098848
0.000753999922098848
0.000753999922098848
0.000753999922098848
0.000753999922098848
0.000753999922098848
0.000753999922098848
0.000753999922098848
0.000753999922098848
0.000753999922098848
0.000753999922098848
0.000753999922098848
0.000753999922098848
0.000753999922098848
0.000753999922098848
0.000753999922098848
0.000753999922098848
0.000753999922098848
0.000753999922098848

