0.81167641659908
0.483229054879997
0.483229054879997
0.19830273090535
0.19830273090535
0.19830273090535
0.13977445821786
0.0422573101056543
0.0324760254426011
0.0224896394617959
0.0178897571554408
0.0162241471183579
0.0122100558282456
0.00319319179008186
0.00319319179008186
0.00319319179008186
0.00319319179008186
0.0030971636034123
0.0030971636034123
0.0030971636034123
0.00305380033897321
0.00303604367592274
0.00303604367592274
0.00301192089446498
0.00301192089446498
0.00301192089446498
0.00301192089446498
0.00301192089446498
0.00301116435114861
0.00301116435114861
0.00301107210150178
0.00301105098893344
0.00301100691335498
0.00301100521752206
0.00301099780149245
0.00301099780149245
0.00301099780149245
0.00301099780149245
0.00301099780149245
0.00301099759589117
0.00301099759589117
0.00301099728491051
0.00301099728491051
0.00301099724149574
0.00301099722104071
0.00301099722104071
0.00301099721960869
0.00301099721727818
0.00301099721549198
0.00301099721549198
0.00301099721549198
0.00301099721522827
0.00301099721522827
0.00301099721522827
0.00301099721522827
0.00301099721519954
0.00301099721519954
0.00301099721519954
0.00301099721519954
0.00301099721519307
0.00301099721518919
0.00301099721518919
0.00301099721518919
0.00301099721518901
0.00301099721518901
0.00301099721518878
0.00301099721518878
0.00301099721518878
0.00301099721518878
0.00301099721518878
0.00301099721518878
0.00301099721518878
0.00301099721518878
0.00301099721518878
0.00301099721518878
0.00301099721518878
0.00301099721518878
0.00301099721518878
0.00301099721518878
0.00301099721518878
0.00301099721518878
0.00301099721518878
0.00301099721518878
0.00301099721518878
0.00301099721518878
0.00301099721518878
0.00301099721518878
0.00301099721518878
0.00301099721518878
0.00301099721518878
0.00301099721518878
0.00301099721518878
0.00301099721518878
0.00301099721518878
0.00301099721518878
0.00301099721518878
0.00301099721518878
0.00301099721518878
0.00301099721518878
0.00301099721518878
0.00301099721518878
0.00301099721518878
0.00301099721518878
0.00301099721518878
0.00254396458664837
0.00254396458664837
0.00254396458664837
0.00248038965642553
0.00248038965642553
0.00248038965642553
0.00244338074901877
0.00244338074901877
0.00242424448718952
0.00242424448718952
0.00242424448718952
0.00242424448718952
0.00242424448718952
0.00242424448718952
0.00242373249404703
0.00242373249404703
0.00242346778952083
0.00242346778952083
0.00242346778952083
0.00242346778952083
0.00242346778952083
0.00242346766264686
0.00242346448882514
0.0024234642591707
0.0024234642591707
0.00242346401055371
0.00242346350530053
0.00242346350530053
0.00242346350530053
0.00242346350530053
0.00242346350530053
0.00242346347178323
0.00242346346528478
0.00242346345699562
0.00242346345460059
0.00242346345460059
0.00242346345042572
0.00242346344960859
0.00242346344841003
0.00242346344841003
0.00242346344841003
0.00242346344797531
0.00242346344797531
0.00242346344797424
0.00242346344791915
0.00242346344791915
0.00242346344791826
0.00242346344791826
0.0024234634479156
0.0024234634479156
0.0024234634479156
0.0024234634479156
0.0024234634479156
0.0024234634479156
0.00242346344791546
0.00242346344791546
0.00242346344791546
0.00242346344791546
0.00242346344791546
0.00242346344791546
0.00242346344791546
0.00242346344791546
0.00242346344791546
0.00242346344791546
0.00242346344791546
0.00242346344791546
0.00242346344791546
0.00242346344791546
0.00242346344791546
0.00242346344791546
0.00242346344791546
0.00242346344791546
0.00242346344791546
0.00242346344791546
0.00242346344791546
0.00242346344791546
0.00242346344791546
0.00242346344791546
0.00242346344791546
0.00242346344791546
0.00242346344791546
0.00242346344791546
0.00242346344791546
0.00242346344791546
0.00242346344791546
0.00242346344791546
0.00242346344791546
0.00242346344791546
0.00242346344791546
0.00242346344791546
0.00242346344791546
0.00242346344791546
0.00242346344791546
0.00242346344791546
0.00242346344791546
0.00242346344791546
0.00242346344791546
0.00242346344791546
0.00242346344791546
0.00242346344791546
0.00242346344791546
0.00242346344791546
0.00242346344791546
0.00242346344791546
0.00242346344791546
0.00242346344791546
0.00242346344791546
0.00242346344791546
0.00242346344791546
0.00242346344791546
0.00242346344791546
0.00242346344791546
0.00242346344791546
0.00242346344791546
0.00242346344791546
0.00242346344791546
0.00242346344791546
0.00242346344791546
0.00242346344791546
0.00242346336198225
0.00242346336198225
0.00242346336198225
0.00242346336198225
0.00242346336198225
0.00242346336198225
0.00242346336198225
0.00242346336088416
0.00242346336088416
0.00242346335984609
0.00242346335984609
0.00242346335971682
0.00242346335971682
0.00242346335971682
0.0024234633597102
0.00242346335970348
0.00242346335969675
0.00242346335969675
0.00242346335969452
0.00242346335969452
0.00242346335969434
0.00242346335969434
0.00242346335969423
0.00242346335969423
0.00242346335969423
0.00242346335969423
0.00242346335969423
0.00242346335969404
0.00242346335969395
0.00242346335969387
0.00242346335969382
0.00242346335969382
0.00242346335969382
0.00242346335969382
0.00242346335969382
0.00242346335969382
0.00242346335969382
0.00242346335969382
0.00242346335969382
0.00242346335969382
0.00242346335969382
0.00242346335969382
0.00242346335969382
0.00242346335969382
0.00242346335969382
0.00242346335969382
0.00242346335969382
0.00242346335969382
0.00242346335969382
0.00242346335969382
0.00242346335969382
0.00242346335969382
0.00242346335969382
0.00242346335969382
0.00242346335969382
0.00242346335969382
0.00242346335969382
0.00242346335969382
0.00242346335969382
0.00242346335969382
0.00242346335969382
0.00242346335969382
0.00242346335969382
0.00242346335969382
0.00242346335969382
0.00242346335969382
0.00242346335969382
0.00242346335969382
0.00242346335969382
0.00242346335969382
0.00242346335969382
0.00242346335969382
0.00242346335969382
0.00242346335969382
0.00242346335969382
0.00242346335969382
0.00242346335969382
0.00242346335969382
0.00242346335969382
0.00242346335969382
0.00242346335969382
0.00242346335969382
0.00242346335969382
0.00242346335969382
0.00242346335969382
0.00242346335969382
0.00242346335969382
0.00242346335969382
0.00242346335969382
0.00242346335969382
0.00242346335969382
0.00242346335969382
0.00242346335969382
0.00242346335969382
0.00242346335969382
0.00242343578320145
0.00242343578320145
0.00242343578320145
0.00242342953644624
0.00242342897098379
0.00242341402581852
0.00242340232537149
0.00242339709735439
0.00242339534624887
0.00242339534624887
0.00242339531466011
0.00242339473884632
0.00242339420091881
0.00242339310674496
0.00242339310674496
0.00242339310674496
0.00242339299150783
0.00242339299150783
0.00242339299150783
0.00242339299150783
0.00242339299101277
0.00242339298856806
0.00242339298856806
0.00242339298853656
0.00242339298811289
0.00242339298811289
0.00242339298808138
0.00242339298802628
0.00242339298802628
0.00242339298800472
0.00242339298800472
0.00242339298800472
0.00242339298800472
0.00242339298800472
0.00242339298800472
0.00242339298800428
0.00242339298800428
0.00242339298800428
0.00242339298800428
0.00242339298800428
0.00242339298800428
0.00242339298800428
0.00242339298800428
0.00242339298800428
0.00242339298800428
0.00242339298800428
0.00242339298800428
0.00242339298800428
0.00242339298800428
0.00242339298800428
0.00242339298800428
0.00242339298800428
0.00242339298800428
0.00242339298800428
0.00242339298800428
0.00242339298800428
0.00242339298800428
0.00242339298800428
0.00242339298800428
0.00242339298800428
0.00242339298800428
0.00242339298800428
0.00242339298800428
0.00242339298800428
0.00242339298800428
0.00242339298800428
0.00242339298800428
0.00242339298800428
0.00242339298800428
0.00242339298800428
0.00242339298800428
0.00242339298800428
0.00242339298800428
0.00242339298800428
0.00242339298800428
0.00242339298800428
0.00242339298800428
0.00242339298800428
0.00242339298800428
0.00242339298800428
0.00242339298800428
0.00242339298800428
0.00242339298800428
0.00242339298800428
0.00242339298800428
0.00242339298800428
0.00242339298800428
0.0021751059763604
0.0021751059763604
0.0021751059763604
0.00212597178403116
0.00212597178403116
0.00212597178403116
0.00211488617083974
0.00211488617083974
0.00211488617083974
0.00211488617083974
0.00211488617083974
0.00211488617083974
0.00211488617083974
0.002113892539143
0.002113892539143
0.00211388601238458
0.00211384524715009
0.00211384524715009
0.00211384524715009
0.0021138198681832
0.0021138198681832
0.00211381906386717
0.00211381906386717
0.00211381906386717
0.00211381842651152
0.00211381840710076
0.00211381840710076
0.00211381835794126
0.00211381834740522
0.00211381834717607
0.00211381834717607
0.00211381834220731
0.00211381834220731
0.00211381834220731
0.00211381834220731
0.00211381834220731
0.00211381834220731
0.00211381834220731
0.00211381834220731
0.00211381834220731
0.00211381834220731
0.00211381834220731
0.00211381834220731
0.00211381834220625
0.00211381834220625
0.00211381834220625
0.00211381834220537
0.00211381834220537
0.00211381834220537
0.00211381834220537
0.00211381834220537
0.00211381834220537
0.00211381834220537
0.00211381834220537
0.00211381834220537
0.00211381834220537
0.00211381834220537
0.00211381834220537
0.00211381834220537
0.00211381834220537
0.00211381834220537
0.00211381834220537
0.00211381834220537
0.00211381834220537
0.00211381834220537
0.00211381834220537
0.00211381834220537
0.00211381834220537
0.00211381834220537
0.00211381834220537
0.00211381834220537
0.00211381834220537
0.00211381834220537
0.00211381834220537
0.00211381834220537
0.00211381834220537
0.00211381834220537
0.00211381834220537
0.00211381834220537
0.00211381834220537
0.00211381834220537
0.00211381834220537
0.00211381834220537
0.00211381834220537
0.00211381834220537
0.00211381834220537
0.00211381834220537
0.00211381834220537
0.00211381834220537
0.00211381834220537
0.00211381834220537
0.00211381834220537
0.00211381834220537
0.00211381834220537
0.00211381834220537

