0.324975321675942
0.324975321675942
0.315510095274946
0.315510095274946
0.185905072015004
0.175698930718585
0.0212873996258159
0.0212873996258159
0.0212873996258159
0.0212873996258159
0.0212873996258159
0.0115943192275062
0.0115943192275062
0.0115943192275062
0.0115943192275062
0.0115943192275062
0.0104013101444937
0.0103632867774981
0.0102648735134274
0.00997241608611024
0.00984486423728088
0.00984486423728088
0.00979107154317775
0.00979107154317775
0.00979107154317775
0.00979107154317775
0.00979107154317775
0.00978197051199068
0.0097807448690752
0.0097807448690752
0.0097807448690752
0.0097807448690752
0.0097807448690752
0.00978072589689515
0.00978072589689515
0.00978072438894697
0.00978071422572185
0.0097807133850813
0.0097807133850813
0.0097807133850813
0.0097807133850813
0.00978071331889146
0.00978071331889146
0.00978071331889146
0.00978071326986171
0.00978071326986171
0.00978071326986171
0.00978071324260962
0.00978071324121111
0.00978071323843217
0.0097807132373476
0.00978071323647394
0.00978071323637865
0.00978071323616998
0.00978071323616998
0.00978071323616998
0.00978071323616998
0.00978071323616998
0.00978071323616998
0.00978071323614615
0.00978071323614328
0.00978071323613681
0.00978071323613681
0.00978071323613481
0.00978071323613481
0.00978071323613481
0.00978071323613481
0.00978071323613481
0.0097807132361348
0.0097807132361348
0.0097807132361348
0.0097807132361348
0.0097807132361348
0.0097807132361348
0.0097807132361348
0.0097807132361348
0.0097807132361348
0.0097807132361348
0.0097807132361348
0.0097807132361348
0.0097807132361348
0.0097807132361348
0.0097807132361348
0.0097807132361348
0.0097807132361348
0.0097807132361348
0.0097807132361348
0.0097807132361348
0.0097807132361348
0.0097807132361348
0.0097807132361348
0.0097807132361348
0.0097807132361348
0.0097807132361348
0.0097807132361348
0.0097807132361348
0.0097807132361348
0.0097807132361348
0.0097807132361348
0.0097807132361348
0.0097807132361348
0.0097807132361348
0.0097807132361348
0.0097807132361348
0.0097807132361348
0.0097807132361348
0.0097807132361348
0.0097807132361348
0.0097807132361348
0.0097807132361348
0.0097807132361348
0.0097807132361348
0.00811214287265349
0.00811214287265349
0.00582227152743413
0.00387288265897187
0.000730767076689056
0.000730767076689056
0.000232710728577045
0.000232710728577045
0.000101110258352748
7.21140442341003E-05
5.11037402551672E-05
3.44285911633784E-05
3.44285911633784E-05
1.92626329736347E-05
7.63004992939837E-06
7.63004992939837E-06
6.2490714402253E-06
6.2490714402253E-06
6.2490714402253E-06
6.05907984799958E-06
5.73959209220819E-06
5.35051604325961E-06
5.35051604325961E-06
5.3021278653031E-06
5.22476508815566E-06
5.22476508815566E-06
4.87818340229901E-06
4.82134052053106E-06
4.82134052053106E-06
4.82134052053106E-06
4.8131351586351E-06
4.80830365244644E-06
4.8073592183521E-06
4.80591834283087E-06
4.80566735445888E-06
4.80566735445888E-06
4.80515794352865E-06
4.80498780997367E-06
4.80498780997367E-06
4.80498780997367E-06
4.8049077069768E-06
4.80489095149738E-06
4.80487060364253E-06
4.80486281225443E-06
4.80486281225443E-06
4.80485884569039E-06
4.80485884569039E-06
4.80485884569039E-06
4.8048584195042E-06
4.8048584195042E-06
4.80485834766635E-06
4.80485834766635E-06
4.8048582675912E-06
4.8048582675912E-06
4.8048582675912E-06
4.8048582675912E-06
4.8048582612645E-06
4.8048582612645E-06
4.80485826126381E-06
4.80485826126381E-06
4.80485826126381E-06
4.80485826082033E-06
4.80485826082033E-06
4.80485826082033E-06
4.80485826082031E-06
4.80485826082029E-06
4.80485826082028E-06
4.80485826082028E-06
4.80485826082026E-06
4.80485826082026E-06
4.80485826082026E-06
4.80485826082026E-06
4.80485826082026E-06
4.80485826082026E-06
4.80485826082026E-06
4.80485826082026E-06
4.80485826082026E-06
4.80485826082026E-06
4.80485826082026E-06
4.80485826082026E-06
4.80485826082026E-06
4.80485826082026E-06
4.80485826082026E-06
4.80485826082026E-06
4.80485826082026E-06
4.80485826082026E-06
4.80485826082026E-06
4.80485826082026E-06
4.80485826082026E-06
4.80485826082026E-06
4.80485826082026E-06
4.80485826082026E-06
4.80485826082026E-06
4.80485826082026E-06
4.80485826082026E-06
4.80485826082026E-06
4.80485826082026E-06
4.80485826082026E-06
4.80485826082026E-06
4.80485826082026E-06
4.80485826082026E-06
4.80485826082026E-06
4.80485826082026E-06
4.80485826082026E-06
4.80485826082026E-06
4.80485826082026E-06
4.80485826082026E-06
4.80485826082026E-06
4.80485826082026E-06
4.80485826082026E-06
4.80485826082026E-06
4.80485826082026E-06
3.2959849051269E-06
2.94737737120613E-06
1.68023521324217E-06
6.73624530505021E-07
2.52646387195111E-07
2.52646387195111E-07
2.05181174333821E-07
2.05181174333821E-07
1.78024429582881E-07
1.59197442691447E-07
1.4301571347896E-07
1.4301571347896E-07
1.41989592413338E-07
1.3871201652432E-07
1.3871201652432E-07
1.3871201652432E-07
1.3871201652432E-07
1.38302914273114E-07
1.38302914273114E-07
1.382871570275E-07
1.382871570275E-07
1.38267062207173E-07
1.38267062207173E-07
1.38267062207173E-07
1.38267062207173E-07
1.38266564229299E-07
1.38264729419448E-07
1.38264729419448E-07
1.38264719494196E-07
1.38264719494196E-07
1.38264719494196E-07
1.38264649950729E-07
1.38264649950729E-07
1.38264649950729E-07
1.38264649950729E-07
1.38264645697222E-07
1.38264645697222E-07
1.38264645697222E-07
1.38264645617979E-07
1.38264645617979E-07
1.38264645586902E-07
1.38264645586902E-07
1.38264645586902E-07
1.38264645586902E-07
1.38264645586902E-07
1.38264645586902E-07
1.38264645586902E-07
1.38264645586902E-07
1.38264645586902E-07
1.38264645586902E-07
1.38264645586902E-07
1.38264645586902E-07
1.38264645586902E-07
1.38264645586902E-07
1.38264645586902E-07
1.38264645586902E-07
1.38264645586902E-07
1.38264645586902E-07
1.38264645586902E-07
1.38264645586902E-07
1.38264645586902E-07
1.38264645586902E-07
1.38264645586902E-07
1.38264645586902E-07
1.38264645586902E-07
1.38264645586902E-07
1.38264645586902E-07
1.38264645586902E-07
1.38264645586902E-07
1.38264645586902E-07
1.38264645586902E-07
1.38264645586902E-07
1.38264645586902E-07
1.38264645586902E-07
1.38264645586902E-07
1.38264645586902E-07
1.38264645586902E-07
1.38264645586902E-07
1.38264645586902E-07
1.38264645586902E-07
1.38264645586902E-07
1.38264645586902E-07
1.38264645586902E-07
1.38264645586902E-07
1.38264645586902E-07
1.38264645586902E-07
1.38264645586902E-07
1.38264645586902E-07
1.38264645586902E-07
1.38264645586902E-07
1.38264645586902E-07
1.38264645586902E-07
1.38264645586902E-07
1.38264645586902E-07
1.38264645586902E-07
1.38264645586902E-07
1.38264645586902E-07
1.38264645586902E-07
1.38264645586902E-07
1.38264645586902E-07
1.38264645586902E-07
1.38264645586902E-07
1.38264645586902E-07
1.38264645586902E-07
1.38264645586902E-07
1.38264645586902E-07
1.38264645586902E-07
1.38264645586902E-07
1.38264645586902E-07
1.38264645586902E-07
1.38264645586902E-07
1.38264645586902E-07
1.38264645586902E-07
1.38264645586902E-07
1.38264645586902E-07
1.38264645586902E-07
1.38264645586902E-07
1.38264645586902E-07
1.38264645586902E-07
1.38264645586902E-07
1.38264645586902E-07
1.38264645586902E-07
1.38264645586902E-07
1.38264645586902E-07
1.38264645586902E-07
1.38264645586902E-07
1.38264645586902E-07
1.38264645586902E-07
1.38264645586902E-07
1.38264645586902E-07
1.38264645586902E-07
1.38264645586902E-07
1.38264645586902E-07
1.38264645586902E-07
1.38264645586902E-07
1.38264645586902E-07
1.38264645586902E-07
1.38264645586902E-07
1.38264645586902E-07
1.38264645586902E-07
1.38264645586902E-07
1.38264645586902E-07
1.38264645586902E-07
1.38264645586902E-07
1.38264645586902E-07
1.38264645586902E-07
1.38264645586902E-07
1.38264645586902E-07
1.38264645586902E-07
1.38264645586902E-07
1.38264645586902E-07
1.38264645586902E-07
1.38264645586902E-07
1.38264645586902E-07
1.38264645586902E-07
1.38264645586902E-07
1.38264645586902E-07
1.38264645586902E-07
1.38264645586902E-07
1.38264645586902E-07
1.38264645586902E-07
1.38264645586902E-07
1.38264645586902E-07
1.38264645586902E-07
1.38264645586902E-07
1.38264645586902E-07
1.38264645586902E-07
1.38264645586902E-07
1.38264645586902E-07
1.38264645586902E-07
1.38264645586902E-07
1.38264645586902E-07
1.38264645586902E-07
1.38264645586902E-07
1.38264645586902E-07
1.38264645586902E-07
1.38264645586902E-07
1.38264645586902E-07
1.38264645586902E-07
1.38264645586902E-07
1.38264645586902E-07
1.38264645586902E-07
1.38264645586902E-07
1.38264645586902E-07
1.38264645586902E-07
1.38264645586902E-07
1.38264645586902E-07
1.38264645586902E-07
1.38264645586902E-07
1.38264645586902E-07
1.38264645586902E-07
1.38264645586902E-07
1.38264645586902E-07
1.38264645586902E-07
1.38264645586902E-07
1.38264645586902E-07
1.38264645586902E-07
1.38264645586902E-07
1.38264645586902E-07
1.38264645586902E-07
1.38264645586902E-07
1.38264645586902E-07
1.38264645586902E-07
1.38264645586902E-07
1.38264645586902E-07
1.38264645586902E-07
1.38264645586902E-07
1.38264645586902E-07
1.38264645586902E-07
1.38264645586902E-07
1.38264645586902E-07
1.38264645586902E-07
1.38264645586902E-07
1.38264645586902E-07
1.38264645586902E-07
1.38264645586902E-07
1.38264645586902E-07
1.38264645586902E-07
1.38264645586902E-07
1.38264645586902E-07
1.38264645586902E-07
1.38264645586902E-07
1.38264645586902E-07
1.38264645586902E-07
1.38264645586902E-07
1.38264645586902E-07
1.38264645586902E-07
1.38264645586902E-07
1.38264645586902E-07
1.38264645586902E-07
1.38264645586902E-07
1.38264645586902E-07
1.38264645586902E-07
1.38264645586902E-07
1.38264645586902E-07
1.38264645586902E-07
1.38264645586902E-07
1.38264645586902E-07
1.38264645586902E-07
1.38264645586902E-07
1.38264645586902E-07
1.38264645586902E-07
1.38264645586902E-07
1.38264645586902E-07
1.38264645586902E-07
1.38264645586902E-07
1.38264645586902E-07
1.38264645586902E-07
1.38264645586902E-07
1.38264645586902E-07
1.38264645586902E-07
1.38264645586902E-07
1.38264645586902E-07
1.38264645586902E-07
1.38264645586902E-07
1.38264645586902E-07
1.38264645586902E-07
1.38264645586902E-07
1.38264645586902E-07
1.38264645586902E-07
1.38264645586902E-07
1.38264645586902E-07
1.38264645586902E-07
1.38264645586902E-07
1.38264645586902E-07
1.38264645586902E-07
1.38264645586902E-07
1.38264645586902E-07
1.38264645586902E-07
1.38264645586902E-07
1.38264645586902E-07
1.38264645586902E-07
1.38264645586902E-07
1.38264645586902E-07
1.38264645586902E-07
1.38264645586902E-07

