1.65154161112856
1.40710433716421
1.21566443324201
0.489047630434836
0.171682693869382
0.171682693869382
0.046182105625659
0.046182105625659
0.046182105625659
0.046182105625659
0.0180470407885641
0.00798736722813524
0.00407888823606776
0.00407888823606776
0.00407888823606776
0.00407888823606776
0.00319240407862271
0.00319240407862271
0.00216871387525124
0.00145595433053752
0.000373842855472488
7.70728853718084E-05
2.61045368106874E-05
2.61045368106874E-05
2.05987734729632E-06
2.05987734729632E-06
2.05987734729632E-06
2.05987734729632E-06
1.03558420939833E-07
1.03558420939833E-07
1.03558420939833E-07
5.72501074072538E-08
5.72501074072538E-08
4.28951534474727E-08
4.28951534474727E-08
4.28951534474727E-08
1.71919896741453E-08
3.99663913297062E-09
3.78290596021705E-09
9.59319576093318E-10
9.59319576093318E-10
9.59319576093318E-10
9.59319576093318E-10
6.50545290548401E-10
6.50545290548401E-10
6.0055127008737E-10
6.0055127008737E-10
5.90702660810778E-10
5.87126850845332E-10
5.87126850845332E-10
5.87126850845332E-10
5.87117031668867E-10
5.87117031668867E-10
5.87117031668867E-10
5.86795521181658E-10
5.86795521181658E-10
5.86757588078496E-10
5.86757588078496E-10
5.86757588078496E-10
5.86757588078496E-10
5.86755783932387E-10
5.86747931121173E-10
5.86747877323427E-10
5.86745747780331E-10
5.86745021907702E-10
5.86744433198817E-10
5.86744433198817E-10
5.86744330703991E-10
5.86744258379116E-10
5.8674425200757E-10
5.86744235989924E-10
5.86744235989924E-10
5.86744235989924E-10
5.86744235989924E-10
5.86744235989924E-10
5.86744235989924E-10
5.86744235989924E-10
5.86744235989924E-10
5.86744235989924E-10
5.86744235989924E-10
5.86744235989924E-10
5.86744235989924E-10
5.86744235989924E-10
5.86744235989924E-10
5.86744235989924E-10
5.86744235989924E-10
5.86744235989924E-10
5.86744235989924E-10
5.86744235989924E-10
5.86744235989924E-10
5.86744235989924E-10
5.86744235989924E-10
5.86744235989924E-10
5.86744235989924E-10
5.86744235989924E-10
5.86744235989924E-10
5.86744235989924E-10
5.86744235989924E-10
5.86744235989924E-10
5.86744235989924E-10
5.86744235989924E-10
5.86744235989924E-10
5.86744235989924E-10
5.86744235989924E-10
5.86744235989924E-10
5.86744235989924E-10
5.86744235989924E-10
5.86744235989924E-10
5.86744235989924E-10
5.86744235989924E-10
5.86744235989924E-10
5.86744235989924E-10
5.86744235989924E-10
5.86744235989924E-10
5.86744235989924E-10
5.86744235989924E-10
5.86744235989924E-10
5.86744235989924E-10
5.86744235989924E-10
5.86744235989924E-10
5.86744235989924E-10
5.86744235989924E-10
5.86744235989924E-10
5.86744235989924E-10
5.86744235989924E-10
5.86744235989924E-10
5.86744235989924E-10
5.86744235989924E-10
5.86744235989924E-10
5.86744235989924E-10
5.86744235989924E-10
5.86744235989924E-10
4.37547928990923E-10
4.37547928990923E-10
3.77703264926375E-10
1.37384169902425E-10
3.87045228362529E-11
3.87045228362529E-11
2.16891140210904E-11
2.16891140210904E-11
2.16891140210904E-11
7.75237827435578E-12
5.11213596249464E-12
5.11213596249464E-12
5.11213596249464E-12
5.11213596249464E-12
4.14282156101443E-12
3.5944509807308E-12
3.30187247816028E-12
3.30187247816028E-12
3.26289454876655E-12
3.2590389175359E-12
3.25834078443227E-12
3.25834078443227E-12
3.25834078443227E-12
3.25834078443227E-12
3.25834078443227E-12
3.25834078443227E-12
3.25834078443227E-12
3.25811874376875E-12
3.25811874046724E-12
3.25811874046724E-12
3.25811874046724E-12
3.25811873253226E-12
3.25811872599623E-12
3.25811866360487E-12
3.25811858008703E-12
3.25811858008703E-12
3.25811858008703E-12
3.25811858008703E-12
3.25811858008703E-12
3.25811858008703E-12
3.25811858008703E-12
3.25811858008703E-12
3.25811858008703E-12
3.25811858008703E-12
3.25811858008703E-12
3.25811858008703E-12
3.25811858008703E-12
3.25811858008703E-12
3.25811858008703E-12
3.25811858008703E-12
3.25811858008703E-12
3.25811858008703E-12
3.25811858008703E-12
3.25811858008703E-12
3.25811858008703E-12
3.25811858008703E-12
3.25811858008703E-12
3.25811858008703E-12
3.25811858008703E-12
3.25811858008703E-12
3.25811858008703E-12
3.25811858008703E-12
3.25811858008703E-12
3.25811858008703E-12
3.25811858008703E-12
3.25811858008703E-12
3.25811858008703E-12
3.25811858008703E-12
3.25811858008703E-12
3.25811858008703E-12
3.25811858008703E-12
3.25811858008703E-12
3.25811858008703E-12
3.25811858008703E-12
3.25811858008703E-12
3.25811858008703E-12
3.25811858008703E-12
3.25811858008703E-12
3.25811858008703E-12
3.25811858008703E-12
3.25811858008703E-12
3.25811858008703E-12
3.25811858008703E-12
3.25811858008703E-12
3.25811858008703E-12
3.25811858008703E-12
3.25811858008703E-12
3.25811858008703E-12
3.25811858008703E-12
3.25811858008703E-12
3.25811858008703E-12
3.25811858008703E-12
3.25811858008703E-12
3.25811858008703E-12
3.25811858008703E-12
3.25811858008703E-12
3.25811858008703E-12
3.25811858008703E-12
3.25811858008703E-12
3.25811858008703E-12
3.25811858008703E-12
3.25811858008703E-12
3.25811858008703E-12
3.25811858008703E-12
3.25811858008703E-12
3.25811858008703E-12
3.25811858008703E-12
3.25811858008703E-12
3.25811858008703E-12
3.25811858008703E-12
3.25811858008703E-12
3.25811858008703E-12
3.25811858008703E-12
3.25811858008703E-12
3.25811858008703E-12
3.25811858008703E-12
3.25811858008703E-12
3.25811858008703E-12
3.25811858008703E-12
3.25811858008703E-12
3.25811858008703E-12
3.25811858008703E-12
3.25811858008703E-12
3.25811858008703E-12
3.25811858008703E-12
3.25811858008703E-12
3.25811858008703E-12
3.25811858008703E-12
3.25811858008703E-12
3.25811858008703E-12
3.25811858008703E-12
3.25811858008703E-12
3.25811858008703E-12
3.25811858008703E-12
3.25811858008703E-12
3.25811858008703E-12
3.25811858008703E-12
3.25811858008703E-12
3.25811858008703E-12
3.25811858008703E-12
3.25811858008703E-12
3.25811858008703E-12
3.25811858008703E-12
3.25811858008703E-12
3.25811858008703E-12
3.25811858008703E-12
3.25811858008703E-12
3.25811858008703E-12
3.25811858008703E-12
3.25811858008703E-12
3.25811858008703E-12
3.25811858008703E-12
3.25811858008703E-12
3.25811858008703E-12
3.25811858008703E-12
3.25811858008703E-12
3.25811858008703E-12
3.25811858008703E-12
3.25811858008703E-12
3.25811858008703E-12
3.25811858008703E-12
3.25811858008703E-12
3.25811858008703E-12
3.25811858008703E-12
3.25811858008703E-12
3.25811858008703E-12
3.25811858008703E-12
3.25811858008703E-12
3.25811858008703E-12
3.25811858008703E-12
3.25811858008703E-12
3.25811858008703E-12
3.25811858008703E-12
3.25811858008703E-12
3.25811858008703E-12
3.25811858008703E-12
3.25811858008703E-12
3.25811858008703E-12
3.25811858008703E-12
3.25811858008703E-12
3.25811858008703E-12
3.25811858008703E-12
3.25811858008703E-12
3.25811858008703E-12
3.25811858008703E-12
3.25811858008703E-12
3.25811858008703E-12
3.25811858008703E-12
3.25811858008703E-12
3.25811858008703E-12
3.25811858008703E-12
3.25811858008703E-12
3.25811858008703E-12
3.25811858008703E-12
3.25811858008703E-12
3.25811858008703E-12
3.25811858008703E-12
3.25811858008703E-12
3.25811858008703E-12
3.25811858008703E-12
3.25811858008703E-12
3.25811858008703E-12
3.25811858008703E-12
3.25811858008703E-12
3.25811858008703E-12
3.25811858008703E-12
3.25811858008703E-12
3.25811858008703E-12
3.25811858008703E-12
3.25811858008703E-12
3.25811858008703E-12
3.25811858008703E-12
3.25811858008703E-12
3.25811858008703E-12
3.25811858008703E-12
3.25811858008703E-12
3.25811858008703E-12
3.25811858008703E-12
3.25811858008703E-12
3.25811858008703E-12
3.25811858008703E-12
3.25811858008703E-12
3.25811858008703E-12
3.25811858008703E-12
3.25811858008703E-12
3.25811858008703E-12
3.25811858008703E-12
3.25811858008703E-12
3.25811858008703E-12
3.25811858008703E-12
3.25811858008703E-12
3.25811858008703E-12
3.25811858008703E-12
3.25811858008703E-12
3.25811858008703E-12
3.25811858008703E-12
3.25811858008703E-12
3.25811858008703E-12
3.25811858008703E-12
3.25811858008703E-12
3.25811858008703E-12
3.25811858008703E-12
3.25811858008703E-12
3.25811858008703E-12
3.25811858008703E-12
3.25811858008703E-12
3.25811858008703E-12
3.25811858008703E-12
3.25811858008703E-12
3.25811858008703E-12
3.25811858008703E-12
3.25811858008703E-12
3.25811858008703E-12
3.25811858008703E-12
3.25811858008703E-12
3.25811858008703E-12
3.25811858008703E-12
3.25811858008703E-12
3.25811858008703E-12
3.25811858008703E-12
3.25811858008703E-12
3.25811858008703E-12
3.25811858008703E-12
3.25811858008703E-12
3.25811858008703E-12
3.25811858008703E-12
3.25811858008703E-12
3.25811858008703E-12
3.25811858008703E-12
3.25811858008703E-12
3.25811858008703E-12
3.25811858008703E-12
3.25811858008703E-12
3.25811858008703E-12
3.25811858008703E-12
3.25811858008703E-12
3.25811858008703E-12
3.25811858008703E-12
3.25811858008703E-12
3.25811858008703E-12
3.25811858008703E-12
3.25811858008703E-12
3.25811858008703E-12
3.25811858008703E-12
3.25811858008703E-12
3.25811858008703E-12
3.25811858008703E-12
3.25811858008703E-12
3.25811858008703E-12
3.25811858008703E-12
3.25811858008703E-12
3.25811858008703E-12
3.25811858008703E-12
3.25811858008703E-12
3.25811858008703E-12
3.25811858008703E-12
3.25811858008703E-12
3.25811858008703E-12
3.25811858008703E-12
3.25811858008703E-12
3.25811858008703E-12
3.25811858008703E-12
3.25811858008703E-12
3.25811858008703E-12
3.25811858008703E-12
3.25811858008703E-12
3.25811858008703E-12
3.25811858008703E-12
3.25811858008703E-12
3.25811858008703E-12
3.25811858008703E-12
3.25811858008703E-12
3.25811858008703E-12
3.25811858008703E-12
3.25811858008703E-12
3.25811858008703E-12
3.25811858008703E-12
3.25811858008703E-12
3.25811858008703E-12
3.25811858008703E-12
3.25811858008703E-12
3.25811858008703E-12
3.25811858008703E-12
3.25811858008703E-12
3.25811858008703E-12
3.25811858008703E-12
3.25811858008703E-12
3.25811858008703E-12
3.25811858008703E-12
3.25811858008703E-12
3.25811858008703E-12
3.25811858008703E-12
3.25811858008703E-12
3.25811858008703E-12
3.25811858008703E-12
3.25811858008703E-12
3.25811858008703E-12
3.25811858008703E-12
3.25811858008703E-12
3.25811858008703E-12
3.25811858008703E-12
3.25811858008703E-12
3.25811858008703E-12
3.25811858008703E-12
3.25811858008703E-12
3.25811858008703E-12
3.25811858008703E-12
3.25811858008703E-12
3.25811858008703E-12
3.25811858008703E-12
3.25811858008703E-12
3.25811858008703E-12
3.25811858008703E-12
3.25811858008703E-12
3.25811858008703E-12
3.25811858008703E-12
3.25811858008703E-12
3.25811858008703E-12
3.25811858008703E-12
3.25811858008703E-12
3.25811858008703E-12
3.25811858008703E-12
3.25811858008703E-12
3.25811858008703E-12
3.25811858008703E-12
3.25811858008703E-12
3.25811858008703E-12
3.25811858008703E-12

