0.938487822706357
0.492163823278245
0.492163823278245
0.363125540154367
0.34229950166696
0.0618486770923569
0.0618486770923569
0.0240723113271962
0.0240723113271962
0.0240723113271962
0.00838205233449575
0.000110308550126518
0.000110308550126518
0.000110308550126518
0.000110308550126518
0.000110308550126518
0.000104567255362422
0.000104567255362422
4.8496041858082E-05
4.8496041858082E-05
4.8496041858082E-05
4.8496041858082E-05
4.8496041858082E-05
4.7930209459648E-05
3.50438249978467E-05
3.22691817031469E-05
3.21389474126182E-05
3.18338923065831E-05
3.18095457911482E-05
3.16166657525077E-05
3.16166657525077E-05
3.15799478281086E-05
3.1537457578662E-05
3.15222718671986E-05
3.15222718671986E-05
3.15010165405274E-05
3.15005804297093E-05
3.14932663189794E-05
3.14932663189794E-05
3.14932663189794E-05
3.14932663189794E-05
3.14932663189794E-05
3.14932663189794E-05
3.14932663189794E-05
3.14932663189794E-05
3.14932663189794E-05
3.14932663189794E-05
3.14932593950876E-05
3.14932593950876E-05
3.14932593950876E-05
3.14932588419497E-05
3.14932588419497E-05
3.14932587600601E-05
3.14932587600601E-05
3.14932586413148E-05
3.14932586413148E-05
3.14932586413148E-05
3.14932586413148E-05
3.14932586269025E-05
3.14932586265292E-05
3.14932586265292E-05
3.14932586264469E-05
3.14932586257633E-05
3.1493258625654E-05
3.1493258625654E-05
3.14932586255452E-05
3.1493258625545E-05
3.14932586255439E-05
3.14932586255439E-05
3.14932586255439E-05
3.14932586255439E-05
3.14932586255438E-05
3.14932586255438E-05
3.14932586255438E-05
3.14932586255438E-05
3.14932586255438E-05
3.14932586255438E-05
3.14932586255438E-05
3.14932586255438E-05
3.14932586255438E-05
3.14932586255438E-05
3.14932586255438E-05
3.14932586255438E-05
3.14932586255438E-05
3.14932586255438E-05
3.14932586255438E-05
3.14932586255438E-05
3.14932586255438E-05
3.14932586255438E-05
3.14932586255438E-05
3.14932586255438E-05
3.14932586255438E-05
3.14932586255438E-05
3.14932586255438E-05
3.14932586255438E-05
3.14932586255438E-05
3.14932586255438E-05
3.14932586255438E-05
3.14932586255438E-05
3.14932586255438E-05
3.14932586255438E-05
3.14932586255438E-05
3.14932586255438E-05
3.14932586255438E-05
3.14932586255438E-05
3.14932586255438E-05
3.14932586255438E-05
3.14932586255438E-05
3.14932586255438E-05
3.14932586255438E-05
3.14932586255438E-05
3.14932586255438E-05
3.14932586255438E-05
3.14932586255438E-05
3.14932586255438E-05
3.14932586255438E-05
3.14932586255438E-05
3.14932586255438E-05
3.14932586255438E-05
3.14932586255438E-05
3.14932586255438E-05
3.14932586255438E-05
3.14932586255438E-05
3.14932586255438E-05
3.14932586255438E-05
3.14932586255438E-05
3.14932586255438E-05
3.14932586255438E-05
3.14932586255438E-05
3.14932586255438E-05
3.14932586255438E-05
3.14932586255438E-05
3.14932586255438E-05
3.14932586255438E-05
3.14932586255438E-05
3.14932586255438E-05
3.14932586255438E-05
3.14932586255438E-05
3.14932586255438E-05
3.14932586255438E-05
3.14932586255438E-05
3.14932586255438E-05
3.14932586255438E-05
3.14932586255438E-05
3.14932586255438E-05
3.14932586255438E-05
3.14932586255438E-05
3.14932586255438E-05
3.14932586255438E-05
3.14932586255438E-05
3.14932586255438E-05
3.14932586255438E-05
3.14932586255438E-05
3.14932586255438E-05
3.14932586255438E-05
3.14932586255438E-05
3.14932586255438E-05
3.14932586255438E-05
3.14932586255438E-05
3.14932586255438E-05
3.14932586255438E-05
3.14932586255438E-05
3.14932586255438E-05
3.14932586255438E-05
3.14932586255438E-05
3.14932586255438E-05
3.14932586255438E-05
3.14932586255438E-05
3.14932586255438E-05
3.14932586255438E-05
3.14932586255438E-05
3.14932586255438E-05
3.14932586255438E-05
3.14932586255438E-05
3.14932586255438E-05
3.14932586255438E-05
3.14932586255438E-05
3.14932586255438E-05
3.14932586255438E-05
3.14932586255438E-05
3.14932586255438E-05
3.14932586255438E-05
3.14932586255438E-05
3.14932586255438E-05
3.14932586255438E-05
3.14932586255438E-05
3.14932586255438E-05
3.14932586255438E-05
3.14932586255438E-05
3.14932586255438E-05
3.14932586255438E-05
3.14932586255438E-05
3.14932586255438E-05
3.14932586255438E-05
3.14932586255438E-05
3.14932586255438E-05
3.14932586255438E-05
3.14932586255438E-05
3.14932586255438E-05
3.14932586255438E-05
3.14932586255438E-05
3.14932586255438E-05
3.14932586255438E-05
3.14932586255438E-05
3.14932586255438E-05
3.14932586255438E-05
3.14932586255438E-05
3.14932586255438E-05
3.14932586255438E-05
3.14932586255438E-05
3.14932586255438E-05
3.14932586255438E-05
3.14932586255438E-05
3.14932586255438E-05
3.14932586255438E-05
3.14932586255438E-05
3.14932586255438E-05
3.14932586255438E-05
3.14932586255438E-05
3.14932586255438E-05
3.14932586255438E-05
3.14932586255438E-05
3.14932586255438E-05
3.14932586255438E-05
3.14932586255438E-05
3.14932586255438E-05
3.14932586255438E-05
3.14932586255438E-05
3.14932586255438E-05
3.14932586255438E-05
3.14932586255438E-05
3.14932586255438E-05
3.14932586255438E-05
3.14932586255438E-05
3.14932586255438E-05
3.14932586255438E-05
3.14932586255438E-05
3.14932586255438E-05
3.14932586255438E-05
3.14932586255438E-05
3.14932586255438E-05
3.14932586255438E-05
3.14932586255438E-05
3.14932586255438E-05
3.14932586255438E-05
3.14932586255438E-05
3.14932586255438E-05
3.14932586255438E-05
3.14932586255438E-05
3.14932586255438E-05
3.14932586255438E-05
3.14932586255438E-05
3.14932586255438E-05
3.14932586255438E-05
3.14932586255438E-05
3.14932586255438E-05
3.14932586255438E-05
3.14932586255438E-05
3.14932586255438E-05
3.14932586255438E-05
3.14932586255438E-05
3.14932586255438E-05
3.14932586255438E-05
3.14932586255438E-05
3.14932586255438E-05
3.14932586255438E-05
3.14932586255438E-05
3.14932586255438E-05
3.14932586255438E-05
3.14932586255438E-05
3.14932586255438E-05
3.14932586255438E-05
3.14932586255438E-05
3.14932586255438E-05
3.14932586255438E-05
3.14932586255438E-05
3.14932586255438E-05
3.14932586255438E-05
3.14932586255438E-05
3.14932586255438E-05
3.14932586255438E-05
3.14932586255438E-05
3.14932586255438E-05
3.14932586255438E-05
3.14932586255438E-05
3.14932586255438E-05
3.14932586255438E-05
3.14932586255438E-05
3.14932586255438E-05
3.14932586255438E-05
3.14932586255438E-05
3.14932586255438E-05
3.14932586255438E-05
3.14932586255438E-05
3.14932586255438E-05
3.14932586255438E-05
3.14932586255438E-05
3.14932586255438E-05
3.14932586255438E-05
3.14932586255438E-05
3.14932586255438E-05
3.14932586255438E-05
3.14932586255438E-05
3.14932586255438E-05
3.14932586255438E-05
3.14932586255438E-05
3.14932586255438E-05
3.14932586255438E-05
3.14932586255438E-05
3.14932586255438E-05
3.14932586255438E-05
3.14932586255438E-05
3.14932586255438E-05
3.14932586255438E-05
3.14932586255438E-05
3.14932586255438E-05
3.14932586255438E-05
3.14932586255438E-05
3.14932586255438E-05
3.14932586255438E-05
3.14932586255438E-05
3.14932586255438E-05
3.14932586255438E-05
3.14932586255438E-05
3.14932586255438E-05
3.14932586255438E-05
3.14932586255438E-05
3.14932586255438E-05
3.14932586255438E-05
3.14932586255438E-05
3.14932586255438E-05
3.14932586255438E-05
3.14932586255438E-05
3.14932586255438E-05
3.14932586255438E-05
3.14932586255438E-05
3.14932586255438E-05
3.14932586255438E-05
3.14932586255438E-05
3.14932586255438E-05
3.14932586255438E-05
3.14932586255438E-05
3.14932586255438E-05
3.14932586255438E-05
3.14932586255438E-05
3.14932586255438E-05
3.14932586255438E-05
3.14932586255438E-05
3.14932586255438E-05
3.14932586255438E-05
3.14932586255438E-05
3.14932586255437E-05
3.14932586255437E-05
3.14932586255437E-05
3.14932586255437E-05
3.14932586255437E-05
3.14932586255437E-05
3.14932586255437E-05
3.14932586255437E-05
3.14932586255437E-05
3.14932586255437E-05
3.14932586255437E-05
3.14932586255437E-05
3.14932586255437E-05
3.14932586255437E-05
3.14932586255437E-05
3.14932586255437E-05
3.14932586255437E-05
3.14932586255437E-05
3.14932586255437E-05
3.14932586255437E-05
3.14932586255437E-05
3.14932586255437E-05
3.14932586255437E-05
3.14932586255437E-05
3.14932586255437E-05
3.14932586255437E-05
3.14932586255437E-05
3.14932586255437E-05
3.14932586255437E-05
3.14932586255437E-05
3.14932586255437E-05
3.14932586255437E-05
3.14932586255437E-05
3.14932586255437E-05
3.14932586255437E-05
3.14932586255437E-05
3.14932586255437E-05
3.14932586255437E-05
3.14932586255437E-05
3.14932586255437E-05
3.14932586255437E-05
3.14932586255437E-05
3.14932586255437E-05
3.14932586255437E-05
3.14932586255437E-05
3.14932586255437E-05
3.14932586255437E-05
3.14932586255437E-05
3.14932586255437E-05
3.14932586255437E-05
3.14932586255437E-05
3.14932586255437E-05
3.14932586255437E-05
3.14932586255437E-05
3.14932586255437E-05
3.14932586255437E-05
3.14932586255437E-05
3.14932586255437E-05
3.14932586255437E-05
3.14932586255437E-05
3.14932586255437E-05
3.14932586255437E-05
3.14932586255437E-05
3.14932586255437E-05
3.14932586255437E-05
3.14932586255437E-05
3.14932586255437E-05
3.14932586255437E-05
3.14932586255437E-05
3.14932586255437E-05
3.14932586255437E-05
3.14932586255437E-05
3.14932586255437E-05
3.14932586255437E-05
3.14932586255437E-05
3.14932586255437E-05
3.14932586255437E-05
3.14932586255437E-05
3.14932586255437E-05
3.14932586255437E-05
3.14932586255437E-05
3.14932586255437E-05
3.14932586255437E-05
3.14932586255437E-05
3.14932586255437E-05
3.14932586255437E-05
3.14932586255437E-05
3.14932586255437E-05
3.14932586255437E-05
3.14932586255437E-05
3.14932586255437E-05
3.14932586255437E-05
3.14932586255437E-05
3.14932586255437E-05
3.14932586255437E-05
3.14932586255437E-05
3.14932586255437E-05
3.14932586255437E-05
3.14932586255437E-05
3.14932586255437E-05
3.14932586255437E-05
3.14932586255437E-05
3.14932586255437E-05
3.14932586255437E-05
3.14932586255437E-05
3.14932586255437E-05
3.14932586255437E-05
3.14932586255437E-05
3.14932586255437E-05
3.14932586255437E-05
3.14932586255437E-05
3.14932586255437E-05
3.14932586255437E-05
3.14932586255437E-05
3.14932586255437E-05
3.14932586255437E-05
3.14932586255437E-05
3.14932586255437E-05
3.14932586255437E-05
3.14932586255437E-05
3.14932586255437E-05
3.14932586255437E-05
3.14932586255437E-05
3.14932586255437E-05
3.14932586255437E-05
3.14932586255437E-05
3.14932586255437E-05
3.14932586255437E-05
3.14932586255437E-05
3.14932586255437E-05
3.14932586255437E-05
3.14932586255437E-05
3.14932586255437E-05
3.14932586255437E-05
3.14932586255437E-05
3.14932586255437E-05
3.14932586255437E-05
3.14932586255437E-05
3.14932586255437E-05
3.14932586255437E-05
3.14932586255437E-05
3.14932586255437E-05
3.14932586255437E-05
3.14932586255437E-05
3.14932586255437E-05
3.14932586255437E-05
3.14932586255437E-05
3.14932586255437E-05
3.14932586255437E-05

