0.777830938622571
0.315620625994716
0.315620625994716
0.201460408825414
0.12660959664857
0.12660959664857
0.12660959664857
0.116061662425256
0.0123863403718072
0.0104885423203423
0.00379967118506219
0.00379967118506219
0.00379967118506219
0.00324788771909547
0.000936768439931481
0.000936768439931481
0.000742367863391918
0.000735239670094117
0.000640190289599754
0.000621841063648766
0.000621841063648766
0.000611783723405616
0.000575777139763162
0.000575777139763162
0.000575777139763162
0.000575777139763162
0.000574594872309099
0.000574103655878997
0.000573730204845477
0.000573730204845477
0.000573634255291474
0.000573505110719798
0.000573429331464581
0.000573429331464581
0.000573410714493304
0.000573410714493304
0.000573410714493304
0.000573408995505834
0.000573407508150871
0.000573407508150871
0.000573407508150871
0.000573407365594284
0.00057340704607163
0.000573407029149624
0.000573407000296985
0.000573407000296985
0.000573407000296985
0.000573406998204947
0.000573406998204947
0.000573406995485763
0.000573406995485763
0.000573406995485763
0.000573406994086904
0.000573406993720941
0.000573406993530297
0.000573406993351967
0.000573406993351967
0.000573406993351967
0.000573406993351967
0.000573406993351967
0.000573406993283409
0.000573406993283409
0.000573406993283409
0.000573406993283409
0.000573406993283409
0.000573406993282743
0.000573406993282629
0.000573406993282527
0.000573406993282523
0.000573406993282523
0.000573406993282523
0.000573406993282522
0.000573406993282522
0.000573406993282522
0.000573406993282522
0.000573406993282522
0.000573406993282522
0.000573406993282522
0.000573406993282522
0.000573406993282522
0.000573406993282522
0.000573406993282522
0.000573406993282522
0.000573406993282522
0.000573406993282522
0.000573406993282522
0.000573406993282522
0.000573406993282522
0.000573406993282522
0.000573406993282522
0.000573406993282522
0.000573406993282522
0.000573406993282522
0.000573406993282522
0.000573406993282522
0.000573406993282522
0.000573406993282522
0.000573406993282522
0.000573406993282522
0.000573406993282522
0.000573406993282522
0.000573406993282522
0.000573406993282522
0.000573406993282522
0.000573406993282522
0.000573406993282522
0.000573406993282522
0.000573406993282522
0.000573406993282522
0.000573406993282522
0.000573406993282522
0.000573406993282522
0.000573406993282522
0.000573406993282522
0.000573406993282522
0.000573406993282522
0.000573406993282522
0.000573406993282522
0.000521394762350702
8.19974614770104E-05
8.17789543505157E-05
1.52778848327761E-05
1.52778848327761E-05
4.07185112505985E-06
1.50707723495892E-06
1.50707723495892E-06
1.50707723495892E-06
1.50707723495892E-06
1.50707723495892E-06
1.50707723495892E-06
1.49599859042892E-06
1.27333099799689E-06
8.26869677032403E-07
5.8565586577673E-07
5.10805487409445E-07
5.10805487409445E-07
5.02913251582873E-07
4.96863842571866E-07
4.96863842571866E-07
4.96855294287506E-07
4.96076325644462E-07
4.95271483796409E-07
4.95271483796409E-07
4.95271483796409E-07
4.95244733304543E-07
4.95244733304543E-07
4.95230683521897E-07
4.95228125440755E-07
4.95228125440755E-07
4.95228125440755E-07
4.95228125440755E-07
4.9522806939749E-07
4.9522806939749E-07
4.9522794605585E-07
4.9522794605585E-07
4.95227921327185E-07
4.95227921327185E-07
4.95227897040644E-07
4.95227896832878E-07
4.95227896832878E-07
4.95227896832878E-07
4.95227896832878E-07
4.95227896832878E-07
4.95227896397245E-07
4.95227896397245E-07
4.95227896366134E-07
4.95227896366134E-07
4.95227896366134E-07
4.95227896366134E-07
4.95227896366134E-07
4.95227896366134E-07
4.95227896365933E-07
4.95227896365933E-07
4.95227896365933E-07
4.95227896365933E-07
4.95227896365933E-07
4.95227896365933E-07
4.95227896365933E-07
4.95227896365933E-07
4.95227896365933E-07
4.95227896365933E-07
4.95227896365933E-07
4.95227896365933E-07
4.95227896365933E-07
4.95227896365933E-07
4.95227896365933E-07
4.95227896365933E-07
4.95227896365933E-07
4.95227896365933E-07
4.95227896365933E-07
4.95227896365933E-07
4.95227896365933E-07
4.95227896365933E-07
4.95227896365933E-07
4.95227896365933E-07
4.95227896365933E-07
4.95227896365933E-07
4.95227896365933E-07
4.95227896365933E-07
4.95227896365933E-07
4.95227896365933E-07
4.95227896365933E-07
4.95227896365933E-07
4.95227896365933E-07
4.95227896365933E-07
4.95227896365933E-07
4.95227896365933E-07
4.95227896365933E-07
4.95227896365933E-07
4.95227896365933E-07
4.95227896365933E-07
4.95227896365933E-07
4.95227896365933E-07
4.95227896365933E-07
4.95227896365933E-07
4.95227896365933E-07
4.95227896365933E-07
4.95227896365933E-07
4.95227896365933E-07
4.95227896365933E-07
4.95227896365933E-07
4.95227896365933E-07
4.95227896365933E-07
4.95227896365933E-07
4.95227896365933E-07
4.93767059921276E-07
4.18370168626718E-07
1.60946700068402E-07
1.45389403528055E-07
1.45389403528055E-07
3.96253532498591E-08
3.96253532498591E-08
3.82347099436003E-08
3.73426041974632E-08
1.73210669264376E-08
7.33386789805782E-09
7.33386789805782E-09
5.4016807661248E-09
5.33688967402159E-09
3.81860829577408E-09
3.81860829577408E-09
3.15548998986701E-09
2.67939452177111E-09
2.51864904782619E-09
1.63968356007225E-09
1.41365343845742E-09
1.41365343845742E-09
1.34607381798543E-09
1.31817950156363E-09
1.31424231252898E-09
1.31424231252898E-09
1.31424231252898E-09
1.31401997485553E-09
1.31277201814607E-09
1.31249298602355E-09
1.31249298602355E-09
1.3124775820727E-09
1.3124775820727E-09
1.31244093137682E-09
1.31238179814716E-09
1.31238179814716E-09
1.31238179814716E-09
1.31238179814716E-09
1.31237665937171E-09
1.31237446686306E-09
1.31237446686306E-09
1.31237446686306E-09
1.31237442581704E-09
1.31237415103275E-09
1.31237415103275E-09
1.31237415103275E-09
1.31237415103275E-09
1.31237415103275E-09
1.31237415103275E-09
1.31237415103275E-09
1.31237415103275E-09
1.31237415103275E-09
1.31237415103275E-09
1.31237415103275E-09
1.31237415103275E-09
1.31237415103275E-09
1.31237415103275E-09
1.31237415103275E-09
1.31237415103275E-09
1.31237415103275E-09
1.31237415103275E-09
1.31237415103275E-09
1.31237415103275E-09
1.31237415103275E-09
1.31237415103275E-09
1.31237415103275E-09
1.31237415103275E-09
1.31237415103275E-09
1.31237415103275E-09
1.31237415103275E-09
1.31237415103275E-09
1.31237415103275E-09
1.31237415103275E-09
1.31237415103275E-09
1.31237415103275E-09
1.31237415103275E-09
1.31237415103275E-09
1.31237415103275E-09
1.31237415103275E-09
1.31237415103275E-09
1.31237415103275E-09
1.31237415103275E-09
1.31237415103275E-09
1.31237415103275E-09
1.31237415103275E-09
1.31237415103275E-09
1.31237415103275E-09
1.31237415103275E-09
1.31237415103275E-09
1.31237415103275E-09
1.31237415103275E-09
1.31237415103275E-09
1.31237415103275E-09
1.31237415103275E-09
1.31237415103275E-09
1.31237415103275E-09
1.31237415103275E-09
1.31237415103275E-09
1.31237415103275E-09
1.31237415103275E-09
1.31237415103275E-09
1.31237415103275E-09
1.31237415103275E-09
1.31237415103275E-09
1.31237415103275E-09
1.31237415103275E-09
1.31237415103275E-09
1.31237415103275E-09
1.31237415103275E-09
1.10839679450795E-09
1.10324917144423E-09
3.17483987703514E-10
3.17483987703514E-10
6.01625188755022E-11
6.01625188755022E-11
4.32509096767518E-11
4.32509096767518E-11
3.74922239619953E-11
2.62218064833813E-11
2.15576934013857E-11
2.15576934013857E-11
2.15576934013857E-11
2.15576934013857E-11
2.09357017182994E-11
2.04214194239267E-11
2.03873606190598E-11
2.03258267625447E-11
2.03212974607941E-11
2.02852568182315E-11
2.00727111038051E-11
2.00013390537581E-11
1.99982307543819E-11
1.9975010842548E-11
1.99581880880185E-11
1.99565079340861E-11
1.99565079340861E-11
1.99565079340861E-11
1.99560362780023E-11
1.99560362780023E-11
1.99560362780023E-11
1.99560362780023E-11
1.99560269047236E-11
1.99560269047236E-11
1.99560269047236E-11
1.99560269047236E-11
1.99560269047236E-11
1.99560269047236E-11
1.99560269047236E-11
1.99560269047236E-11
1.99560269047236E-11
1.99560269047236E-11
1.99560269047236E-11
1.99560269047236E-11
1.99560269047236E-11
1.99560269047236E-11
1.99560269047236E-11
1.99560269047236E-11
1.99560269047236E-11
1.99560269047236E-11
1.99560269047236E-11
1.99560269047236E-11
1.99560269047236E-11
1.99560269047236E-11
1.99560269047236E-11
1.99560269047236E-11
1.99560269047236E-11
1.99560269047236E-11
1.99560269047236E-11
1.99560269047236E-11
1.99560269047236E-11
1.99560269047236E-11
1.99560269047236E-11
1.99560269047236E-11
1.99560269047236E-11
1.99560269047236E-11
1.99560269047236E-11
1.99560269047236E-11
1.99560269047236E-11
1.99560269047236E-11
1.99560269047236E-11
1.99560269047236E-11
1.99560269047236E-11
1.99560269047236E-11
1.99560269047236E-11
1.99560269047236E-11
1.99560269047236E-11
1.99560269047236E-11
1.99560269047236E-11
1.99560269047236E-11
1.99560269047236E-11
1.99560269047236E-11
1.99560269047236E-11
1.99560269047236E-11
1.99560269047236E-11
1.99560269047236E-11
1.99560269047236E-11
1.99560269047236E-11
1.99560269047236E-11
1.99560269047236E-11
1.99560269047236E-11
1.99560269047236E-11
1.99560269047236E-11
1.99560269047236E-11
1.99560269047236E-11
1.99560269047236E-11
1.99560269047236E-11
1.99560269047236E-11
1.99560269047236E-11
1.99560269047236E-11
1.99560269047236E-11
1.99560269047236E-11
1.99560269047236E-11
1.99560269047236E-11
1.99560269047236E-11
1.99560269047236E-11
1.99560269047236E-11
1.99560269047236E-11
1.99560269047236E-11
1.99560269047236E-11
1.99560269047236E-11
1.99560269047236E-11
1.99560269047236E-11
1.99560269047236E-11
1.99560269047236E-11
1.99560269047236E-11
1.99560269047236E-11
1.99560269047236E-11
1.99560269047236E-11
1.99560269047236E-11
1.99560269047236E-11
1.99560269047236E-11
1.99560269047236E-11
1.99560269047236E-11
1.99560269047236E-11
1.99560269047236E-11
1.99560269047236E-11
1.99560269047236E-11
1.99560269047236E-11
1.99560269047236E-11
1.99560269047236E-11
1.99560269047236E-11
1.99560269047236E-11
1.99560269047236E-11
1.99560269047236E-11
1.99560269047236E-11
1.99560269047236E-11
1.99560269047236E-11
1.99560269047236E-11
1.99560269047236E-11
1.99560269047236E-11
1.99560269047236E-11
1.99560269047236E-11
1.99560269047236E-11
1.99560269047236E-11
1.99560269047236E-11
1.99560269047236E-11
1.99560269047236E-11
1.99560269047236E-11
1.99560269047236E-11
1.99560269047236E-11
1.99560269047236E-11
1.99560269047236E-11
1.99560269047236E-11
1.99560269047236E-11
1.99560269047236E-11
1.99560269047236E-11
1.99560269047236E-11
1.99560269047236E-11
1.99560269047236E-11
1.99560269047236E-11
1.99560269047236E-11
1.99560269047236E-11
1.99560269047236E-11
1.99560269047236E-11
1.99560269047236E-11

