0.61424320828592
0.61424320828592
0.61424320828592
0.61424320828592
0.173515295211578
0.173515295211578
0.173515295211578
0.173515295211578
0.173515295211578
0.173515295211578
0.173515295211578
0.173515295211578
0.173515295211578
0.173515295211578
0.173515295211578
0.173515295211578
0.0806551027189103
0.0584959051337549
0.0584959051337549
0.0536876528786521
0.0536876528786521
0.0536876528786521
0.0479739014856504
0.0479739014856504
0.0267850407875829
0.0267850407875829
0.0267850407875829
0.0267850407875829
0.0267850407875829
0.0267850407875829
0.0267850407875829
0.00877976887490899
0.00877976887490899
0.00877976887490899
0.00877976887490899
0.00877976887490899
0.00877976887490899
0.00877976887490899
0.00877976887490899
0.00877976887490899
0.00877976887490899
0.00877976887490899
0.00877976887490899
0.00877976887490899
0.00877976887490899
0.00877976887490899
0.00877976887490899
0.00877976887490899
0.00877976887490899
0.00877976887490899
0.00116310834781019
0.00116310834781019
0.00116310834781019
0.00116310834781019
0.00116310834781019
0.00116310834781019
0.00116310834781019
0.00116310834781019
0.00116310834781019
0.00116310834781019
0.00116310834781019
0.00116310834781019
0.00116310834781019
0.00116310834781019
0.00116310834781019
0.00116310834781019
0.00116310834781019
0.00116310834781019
0.000638532927178304
0.000638532927178304
0.000638532927178304
0.000638532927178304
0.000638532927178304
0.000638532927178304
0.000638532927178304
0.000638532927178304
0.000638532927178304
0.000638532927178304
0.000638532927178304
0.000638532927178304
0.000638532927178304
0.000638532927178304
0.000638532927178304
0.000638532927178304
0.000638532927178304
0.000638532927178304
0.000638532927178304
0.000638532927178304
0.000638532927178304
0.000638532927178304
0.000638532927178304
0.000638532927178304
0.000638532927178304
0.000638532927178304
0.000638532927178304
0.000638532927178304
0.000638532927178304
0.000638532927178304
0.000638532927178304
0.000638532927178304
0.000638532927178304
0.000638532927178304
0.000638532927178304
0.000638532927178304
0.000638532927178304
0.000638532927178304
0.000638532927178304
0.000638532927178304
0.000638532927178304
0.000638532927178304
0.000638532927178304
0.000638532927178304
0.000638532927178304
0.000638532927178304
0.000638532927178304
0.000638532927178304
0.000638532927178304
0.000638532927178304
0.000638532927178304
0.000638532927178304
0.000595371591119905
0.000595371591119905
0.000595371591119905
0.000595371591119905
0.000595371591119905
0.000595371591119905
0.000595371591119905
0.000514483630664779
0.000514483630664779
0.000514483630664779
0.000514483630664779
0.000514483630664779
0.000514483630664779
0.000514483630664779
0.000514483630664779
0.000514483630664779
0.000514483630664779
0.000514483630664779
0.000514483630664779
0.000514483630664779
0.000514483630664779
0.000514483630664779
0.000514483630664779
0.000514483630664779
0.000514483630664779
0.000514483630664779
0.000514483630664779
0.000514483630664779
0.000514483630664779
0.000514483630664779
0.000514483630664779
0.000514483630664779
0.000514483630664779
0.000514483630664779
0.000514483630664779
0.000514483630664779
0.000514483630664779
0.000514483630664779
0.000514483630664779
0.000514483630664779
0.000514483630664779
0.000514483630664779
0.000514483630664779
0.000514483630664779
0.000514483630664779
0.000514483630664779
0.000514483630664779
0.000514483630664779
0.000514483630664779
0.000514483630664779
0.000514483630664779
0.000514483630664779
0.000514483630664779
0.000514483630664779
0.000514483630664779
0.000514483630664779
0.000514483630664779
0.000514483630664779
0.000514483630664779
0.000514483630664779
0.000514483630664779
0.000514483630664779
0.000514483630664779
0.000514483630664779
0.000514483630664779
0.000514483630664779
0.000514483630664779
0.000514483630664779
0.000514483630664779
0.000514483630664779
0.000514483630664779
0.000514483630664779
0.000514483630664779
0.000514483630664779
0.000514483630664779
0.000514483630664779
0.000514483630664779
0.000514483630664779
0.000514483630664779
0.000514483630664779
0.000514483630664779
0.000514483630664779
0.000514483630664779
0.000514483630664779
0.000514483630664779
0.000514483630664779
0.000514483630664779
0.000514483630664779
0.000514483630664779
0.000514483630664779
0.000514483630664779
0.000514483630664779
0.000514483630664779
0.000514483630664779
0.000514483630664779
0.000514483630664779
0.000514483630664779
0.000514483630664779
0.000514483630664779
0.000514483630664779
0.000514483630664779
0.000514483630664779
0.000514483630664779
0.000514483630664779
0.000514483630664779
0.000514483630664779
0.000514483630664779
0.000514483630664779
0.000514483630664779
0.000514483630664779
0.000514483630664779
0.000442594584704989
0.000442594584704989
0.000442594584704989
0.000442594584704989
0.000442594584704989
0.000442594584704989
0.000442594584704989
0.000442594584704989
0.000442594584704989
0.000442594584704989
0.000442594584704989
0.000442594584704989
0.000442594584704989
0.000442594584704989
0.000442594584704989
0.000442594584704989
0.000442594584704989
0.000442594584704989
0.000442594584704989
0.000442594584704989
0.000442594584704989
0.000442594584704989
0.000442594584704989
0.000442594584704989
0.000442594584704989
0.000442594584704989
0.000442594584704989
0.000442594584704989
0.000442594584704989
0.000442594584704989
0.000442594584704989
0.000442594584704989
0.000442594584704989
0.000442594584704989
0.000442594584704989
0.000442594584704989
0.000442594584704989
0.000442594584704989
0.000442594584704989
0.000442594584704989
0.000442594584704989
0.000442594584704989
0.000442594584704989
0.000442594584704989
0.000442594584704989
0.000442594584704989
0.000442594584704989
0.000442594584704989
0.000442594584704989
0.000442594584704989
0.000442594584704989
0.000442594584704989
0.000442594584704989
0.000442594584704989
0.000442594584704989
0.000442594584704989
0.000442594584704989
0.000442594584704989
0.000442594584704989
0.000442594584704989
0.000442594584704989
0.000442594584704989
0.000442594584704989
0.000442594584704989
0.000442594584704989
0.000442594584704989
0.000442594584704989
0.000442594584704989
0.000442594584704989
0.000442594584704989
0.000442594584704989
0.000442594584704989
0.000442594584704989
0.000442594584704989
0.000442594584704989
0.000442594584704989
0.000442594584704989
0.000442594584704989
0.000442594584704989
0.000442594584704989
0.000442594584704989
0.000442594584704989
0.000442594584704989
0.000442594584704989
0.000442594584704989
0.000442594584704989
0.000442594584704989
0.000442594584704989
0.000442594584704989
0.000442594584704989
0.000442594584704989
0.000442594584704989
0.000442594584704989
0.000442594584704989
0.000442587343833713
0.000442587343833713
0.000442151547702952
0.000442151547702952
0.000442151547702952
0.000442151547702952
0.000442151547702952
0.000441903670080079
0.000441903670080079
0.000441903670080079
0.000441903670080079
0.000441903670080079
0.000441903670080079
0.000441903670080079
0.000441903670080079
0.000441903670080079
0.000441903670080079
0.000441903670080079
0.000441903670080079
0.000441903670080079
0.000441903670080079
0.000441903670080079
0.000441903670080079
0.000441903670080079
0.000441903670080079
0.000441903670080079
0.000441903670080079
0.000441903670080079
0.000441903670080079
0.000441903670080079
0.000441903670080079
0.000441903670080079
0.000441903670080079
0.000441903670080079
0.000441903670080079
0.000441903670080079
0.000441903670080079
0.000441903670080079
0.000441903670080079
0.000441903670080079
0.000441903670080079
0.000441903670080079
0.000441903670080079
0.000441903670080079
0.000441903670080079
0.000441903670080079
0.000441903670080079
0.000441903670080079
0.000441903670080079
0.000441903670080079
0.000441903670080079
0.000441903670080079
0.000441903670080079
0.000441903670080079
0.000441903670080079
0.000441903670080079
0.000441903670080079
0.000441903670080079
0.000441903670080079
0.000441903670080079
0.000441903670080079
0.000441903670080079
0.000441903670080079
0.000441903670080079
0.000441903670080079
0.000441903670080079
0.000441903670080079
0.000441903670080079
0.000441903670080079
0.000441903670080079
0.000441903670080079
0.000441903670080079
0.000441903670080079
0.000441903670080079
0.000441903670080079
0.000441903670080079
0.000441903670080079
0.000441903670080079
0.000441903670080079
0.000441903670080079
0.000441903670080079
0.000441903670080079
0.000441903670080079
0.000441903670080079
0.000441903670080079
0.000441903670080079
0.000441903670080079
0.000441903670080079
0.000441903670080079
0.000441903670080079
0.000441903670080079
0.000441903670080079
0.000441903670080079
0.000441903670080079
0.000441903670080079
0.000441903670080079
0.000441903670080079
0.000441903670080079
0.000441903670080079
0.000441903670080079
0.000441903670080079
0.000441903670080079
0.000441903670080079
0.000441903670080079
0.000441903670080079
0.000441903670080079
0.000441903670080079
0.000441903670080079
0.000441903670080079
0.000441903670080079
0.000441903670080079
0.000441903670080079
0.000441903670080079
0.000441903670080079
0.000441903670080079
0.000441903670080079
0.000441903670080079
0.000441903670080079
0.000441903670080079
0.000441903670080079
0.000441903670080079
0.000441903670080079
0.000441903670080079
0.000441903670080079
0.000441903670080079
0.000441903670080079
0.000441903670080079
0.000441903670080079
0.000441903670080079
0.000441903670080079
0.000441903670080079
0.000441903670080079
0.000441903670080079
0.000441903670080079
0.000441903670080079
0.000441903670080079
0.000441903670080079
0.000441903670080079
0.000441903670080079
0.000441903670080079
0.000441903670080079
0.000441903670080079
0.000441903670080079
0.000441903670080079
0.000441903670080079
0.000441903670080079
0.000441903670080079
0.000441903670080079
0.000441903670080079
0.000441903670080079
0.000441903670080079
0.000441903670080079
0.000441903670080079
0.000441903670080079
0.000441903670080079
0.000441903670080079
0.000441903670080079
0.000441903670080079
0.000441903670080079
0.000441903670080079
0.000441903670080079
0.000441903670080079
0.000441903670080079
0.000441903670080079
0.000441903670080079
0.000441903670080079
0.000441903670080079
0.000441903670080079
0.000441903670080079
0.000441903670080079
0.000441903670080079
0.000441903670080079
0.000441903670080079
0.000441903670080079
0.000441903670080079

