0.59553715613905
0.466785836625123
0.30525733476922
0.30525733476922
0.30525733476922
0.30525733476922
0.30525733476922
0.188424947103894
0.188424947103894
0.188424947103894
0.188424947103894
0.188424947103894
0.188424947103894
0.188424947103894
0.188424947103894
0.0306912469788151
0.0306912469788151
0.00880267353206701
0.00880267353206701
0.00880267353206701
0.00880267353206701
0.00880267353206701
0.00880267353206701
0.00880267353206701
0.00880267353206701
0.00880267353206701
0.0035243263743856
0.0035243263743856
0.0035243263743856
0.0035243263743856
0.0035243263743856
0.0035243263743856
0.0035243263743856
0.00317678564723159
0.00317678564723159
0.00317678564723159
0.00223338901481261
0.00223338901481261
0.00223338901481261
0.00223338901481261
0.00223338901481261
0.00223338901481261
0.00223338901481261
0.00223338901481261
0.00222548014079392
0.00222548014079392
0.00222548014079392
0.00222548014079392
0.00222548014079392
0.00222548014079392
0.00222548014079392
0.00222548014079392
0.00222548014079392
0.00222548014079392
0.00222548014079392
0.00222548014079392
0.00222548014079392
0.00222548014079392
0.00222548014079392
0.00222548014079392
0.00222548014079392
0.00222548014079392
0.00222548014079392
0.00222548014079392
0.00222548014079392
0.00222548014079392
0.00222548014079392
0.00222548014079392
0.00222548014079392
0.00222548014079392
0.00222548014079392
0.00222548014079392
0.00222548014079392
0.00222548014079392
0.00221852458242316
0.00221852458242316
0.00221852458242316
0.00221852458242316
0.00221852458242316
0.00221852458242316
0.00221852458242316
0.00221852458242316
0.00221852458242316
0.00221852458242316
0.00221852458242316
0.00221852458242316
0.00221852458242316
0.00221852458242316
0.00221852458242316
0.00221852458242316
0.00221852458242316
0.00221852458242316
0.00221852458242316
0.00221852458242316
0.00221852458242316
0.00221852458242316
0.00221852458242316
0.00221852458242316
0.00221852458242316
0.00221852458242316
0.00221852458242316
0.00221852458242316
0.00221852458242316
0.00221852458242316
0.00221852458242316
0.00221852458242316
0.00221852458242316
0.00221852458242316
0.00221852458242316
0.00221852458242316
0.00221852458242316
0.00221852458242316
0.00221852458242316
0.00221852458242316
0.00221852458242316
0.00221852458242316
0.00221852458242316
0.00221852458242316
0.00221852458242316
0.00221852458242316
0.00221852458242316
0.00221852458242316
0.00221852458242316
0.00221852458242316
0.00221852458242316
0.00221852458242316
0.00221852458242316
0.00221852458242316
0.00221852458242316
0.00221852458242316
0.00221852458242316
0.00221852458242316
0.00221852458242316
0.00221852458242316
0.00221852458242316
0.00221852458242316
0.00221852458242316
0.00221852458242316
0.00221852458242316
0.00221852458242316
0.00221852458242316
0.00221852458242316
0.00221852458242316
0.00221852458242316
0.00221852458242316
0.00221852458242316
0.00221852458242316
0.00221852458242316
0.00221852458242316
0.00221852458242316
0.00221852458242316
0.00221852458242316
0.00221852458242316
0.00221852458242316
0.00221852458242316
0.00221852458242316
0.00221852458242316
0.00221852458242316
0.00221852458242316
0.00221852458242316
0.00221852458242316
0.00221852458242316
0.00221852458242316
0.00221852458242316
0.00221852458242316
0.00221852458242316
0.00221852458242316
0.00221852458242316
0.00221852458242316
0.00221852458242316
0.00221852458242316
0.00221852458242316
0.00221852458242316
0.00221852458242316
0.00221852458242316
0.00221852458242316
0.00221852458242316
0.00221852458242316
0.00221852458242316
0.00221852458242316
0.00221852458242316
0.00221852458242316
0.00221852458242316
0.00221852458242316
0.00221852458242316
0.00221852458242316
0.00221852458242316
0.00221852458242316
0.00221852458242316
0.00221852458242316
0.00221852458242316
0.00221852458242316
0.00221852458242316
0.00221852458242316
0.00221852458242316
0.00221852458242316
0.00221852458242316
0.00221852458242316
0.00221852458242316
0.00221852458242316
0.00221852458242316
0.00221852458242316
0.00221852458242316
0.00221852458242316
0.00221852458242316
0.00221852458242316
0.00221852458242316
0.00221852458242316
0.00221852458242316
0.00221852458242316
0.00221852458242316
0.00221852458242316
0.00221852458242316
0.00221852458242316
0.00221852458242316
0.00221852458242316
0.00221852458242316
0.00221852458242316
0.00221852458242316
0.00221852458242316
0.00221852458242316
0.00221852458242316
0.00221852458242316
0.00221852458242316
0.00221852458242316
0.00221852458242316
0.00221852458242316
0.00221852458242316
0.00221852458242316
0.00221852458242316
0.00221852458242316
0.00221852458242316
0.00221852458242316
0.00221852458242316
0.00221852458242316
0.00221852458242316
0.00221852458242316
0.00221852458242316
0.00221852458242316
0.00221852458242316
0.00221852458242316
0.00221852458242316
0.00221852458242316
0.00221852458242316
0.00221852458242316
0.00221852458242316
0.00221852458242316
0.00221852458242316
0.00221852458242316
0.00221852458242316
0.00221852458242316
0.00221852458242316
0.00221852458242316
0.00221852458242316
0.00221852458242316
0.00221852458242316
0.00221852458242316
0.00221852458242316
0.00221852458242316
0.00221852458242316
0.00221852458242316
0.00221852458242316
0.00221852458242316
0.00221852458242316
0.00221852458242316
0.00221852458242316
0.00221852458242316
0.00221852458242316
0.00221852458242316
0.00221852458242316
0.00221852458242316
0.00221852458242316
0.00221852458242316
0.00221852458242316
0.00221852458242316
0.00221852458242316
0.00221852458242316
0.00221852458242316
0.00221852458242316
0.00221852458242316
0.00221852458242316
0.00221852458242316
0.00221852458242316
0.00221852458242316
0.00221852458242316
0.00221852458242316
0.00221852458242316
0.00221852458242316
0.00221852458242316
0.00221852458242316
0.00221852458242316
0.00221852458242316
0.00221852458242316
0.00221852458242316
0.00221852458242316
0.00221852458242316
0.00221852458242316
0.00221852458242316
0.00221852458242316
0.00221852458242316
0.00221852458242316
0.00221852458242316
0.00221852458242316
0.00221852458242316
0.00221852458242316
0.00221852458242316
0.00221852458242316
0.00221852458242316
0.00221852458242316
0.00221852458242316
0.00221852458242316
0.00221852458242316
0.00221852458242316
0.00221852458242316
0.00221852458242316
0.00221852458242316
0.00221852458242316
0.00221852458242316
0.00221852458242316
0.00221852458242316
0.00221852458242316
0.00221852458242316
0.00221852458242316
0.00221852458242316
0.00221852458242316
0.00221852458242316
0.00221852458242316
0.00221852458242316
0.00221852458242316
0.00221852458242316
0.00221852458242316
0.00221852458242316
0.00221852458242316
0.00221852458242316
0.00221852458242316
0.00221852458242316
0.00221852458242316
0.00221852458242316
0.00221852458242316
0.00221852458242316
0.00221852458242316
0.00221852458242316
0.00221852458242316
0.00221852458242316
0.00221852458242316
0.00221852458242316
0.00221852458242316
0.00221852458242316
0.00221852458242316
0.00221852458242316
0.00221852458242316
0.00221852458242316
0.00221852458242316
0.00221852458242316
0.00221852458242316
0.00221852458242316
0.00221852458242316
0.00221852458242316
0.00221852458242316
0.00221852458242316
0.00221852458242316
0.00221852458242316
0.00221852458242316
0.00221852458242316
0.00221852458242316
0.00221852458242316
0.00221852458242316
0.00221852458242316
0.00221852458242316
0.00221852458242316
0.00221852458242316
0.00221852458242316
0.00221852458242316
0.00221852458242316
0.00221852458242316
0.00221852458242316
0.00221852458242316
0.00221852458242316
0.00221852458242316
0.00221852458242316
0.00221852458242316
0.00221852458242316
0.00221852458242316
0.00221852458242316
0.00221852458242316
0.00221852458242316
0.00221852458242316
0.00221852458242316
0.00221852458242316
0.00221852458242316
0.00221852458242316
0.00221852458242316
0.00221852458242316
0.00221852458242316
0.00221852458242316
0.00221852458242316
0.00221852458242316
0.00221852458242316
0.00221852458242316
0.00221852458242316
0.00221852458242316
0.00221852458242316
0.00221852458242316
0.00221852458242316
0.00221852458242316
0.00221852458242316
0.00221852458242316
0.00221852458242316
0.00221852458242316
0.00221852458242316
0.00221852458242316
0.00221852458242316
0.00221852458242316
0.00221852458242316
0.00221852458242316
0.00221852458242316
0.00221852458242316
0.00221852458242316
0.00221852458242316
0.00221852458242316
0.00221852458242316
0.00221852458242316
0.00221852458242316
0.00221852458242316
0.00221852458242316
0.00221852458242316
0.00221852458242316
0.00221852458242316
0.00221852458242316
0.00221852458242316
0.00221852458242316
0.00221852458242316
0.00221852458242316
0.00221852458242316
0.00221852458242316
0.00221852458242316
0.00221852458242316
0.00221852458242316
0.00221852458242316
0.00221852458242316
0.00221852458242316
0.00221852458242316
0.00221852458242316
0.00221852458242316
0.00221852458242316
0.00221852458242316
0.00221852458242316
0.00221852458242316
0.00221852458242316
0.00221852458242316
0.00221852458242316
0.00221852458242316
0.00221852458242316
0.00221852458242316
0.00221852458242316
0.00221852458242316
0.00221852458242316
0.00221852458242316
0.00221852458242316
0.00221852458242316
0.00221852458242316
0.00221852458242316
0.00221852458242316
0.00221852458242316
0.00221852458242316
0.00221852458242316
0.00221852458242316
0.00221852458242316
0.00221852458242316
0.00221852458242316
0.00221852458242316
0.00221852458242316
0.00221852458242316
0.00221852458242316
0.00221852458242316
0.00221852458242316
0.00221852458242316
0.00221852458242316
0.00221852458242316
0.00221852458242316
0.00221852458242316
0.00221852458242316
0.00221852458242316
0.00221852458242316
0.00221852458242316
0.00221852458242316
0.00221852458242316
0.00221852458242316
0.00221852458242316
0.00221852458242316
0.00221852458242316
0.00221852458242316
0.00221852458242316
0.00221852458242316
0.00221852458242316
0.00221852458242316
0.00221852458242316
0.00221852458242316
0.00221852458242316
0.00221852458242316

