0.0617075641937536
0.0617075641937536
0.0617075641937536
0.0617075641937536
0.0617075641937536
0.0617075641937536
0.0617075641937536
0.0617075641937536
0.0617075641937536
0.0617075641937536
0.0617075641937536
0.0617075641937536
0.0617075641937536
0.0455917048821201
0.0455917048821201
0.0455917048821201
0.0455917048821201
0.0455917048821201
0.0455917048821201
0.0455917048821201
0.0455917048821201
0.0455917048821201
0.0427744252825202
0.039895032421511
0.039895032421511
0.039895032421511
0.039895032421511
0.039895032421511
0.039895032421511
0.039895032421511
0.039895032421511
0.039895032421511
0.012853657577625
0.012853657577625
0.012853657577625
0.012853657577625
0.012853657577625
0.012853657577625
0.012853657577625
0.012853657577625
0.012853657577625
0.00830925235986826
0.00830925235986826
0.00830925235986826
0.00830925235986826
0.00830925235986826
0.00830925235986826
0.00830925235986826
0.00820047623096797
0.00636315935300381
0.00636315935300381
0.00636315935300381
0.00636315935300381
0.00636315935300381
0.00636315935300381
0.00636315935300381
0.00636315935300381
0.00636315935300381
0.00636315935300381
0.00636315935300381
0.00636315935300381
0.00636315935300381
0.00636315935300381
0.00636315935300381
0.00636315935300381
0.00624768290432872
0.00624768290432872
0.00624768290432872
0.00624768290432872
0.00624768290432872
0.00624768290432872
0.00624768290432872
0.00624768290432872
0.00624768290432872
0.00624768290432872
0.00624768290432872
0.00624768290432872
0.00624768290432872
0.00624768290432872
0.00624768290432872
0.00624768290432872
0.00624768290432872
0.00624768290432872
0.00624768290432872
0.00624768290432872
0.00624768290432872
0.00600677412846477
0.00600677412846477
0.00600677412846477
0.00600677412846477
0.00600677412846477
0.00600677412846477
0.00600677412846477
0.00600677412846477
0.00600677412846477
0.00600677412846477
0.00600677412846477
0.00600677412846477
0.00600677412846477
0.00600677412846477
0.00600677412846477
0.00600677412846477
0.00600677412846477
0.00600677412846477
0.00600677412846477
0.00600677412846477
0.00600677412846477
0.00600677412846477
0.00600677412846477
0.00600677412846477
0.00600677412846477
0.00600677412846477
0.00600677412846477
0.00600677412846477
0.00600677412846477
0.00600677412846477
0.00600677412846477
0.00600677412846477
0.00600677412846477
0.00600677412846477
0.00600677412846477
0.00600677412846477
0.00600677412846477
0.00600677412846477
0.00600677412846477
0.00600677412846477
0.00600677412846477
0.00600677412846477
0.00600677412846477
0.00600677412846477
0.00600677412846477
0.00600677412846477
0.00600677412846477
0.00600677412846477
0.00600677412846477
0.00600677412846477
0.00600677412846477
0.00600677412846477
0.00600677412846477
0.00600677412846477
0.00600677412846477
0.00600677412846477
0.00600677412846477
0.00600677412846477
0.00600677412846477
0.00600677412846477
0.00600677412846477
0.00600677412846477
0.00600677412846477
0.00600677412846477
0.00600677412846477
0.00600677412846477
0.00600677412846477
0.00600677412846477
0.00600677412846477
0.00600677412846477
0.00600677412846477
0.00600677412846477
0.00600677412846477
0.00600677412846477
0.00600677412846477
0.00600677412846477
0.00600677412846477
0.00600677412846477
0.00600677412846477
0.00600677412846477
0.00600677412846477
0.00600677412846477
0.00600677412846477
0.00600677412846477
0.00600677412846477
0.00600677412846477
0.00600677412846477
0.00600677412846477
0.00600677412846477
0.00600677412846477
0.00600677412846477
0.00600677412846477
0.00600677412846477
0.00600677412846477
0.00600677412846477
0.00600677412846477
0.00600677412846477
0.00600677412846477
0.00600677412846477
0.00600677412846477
0.00600677412846477
0.00600677412846477
0.00600677412846477
0.00600677412846477
0.00600677412846477
0.00600677412846477
0.00600677412846477
0.00600677412846477
0.00600677412846477
0.00600677412846477
0.00600677412846477
0.00600677412846477
0.00600677412846477
0.00600677412846477
0.00600677412846477
0.00600677412846477
0.00600677412846477
0.00600677412846477
0.00600677412846477
0.00600677412846477
0.00600677412846477
0.00600677412846477
0.00600677412846477
0.00600677412846477
0.00600677412846477
0.00600677412846477
0.00600677412846477
0.00600677412846477
0.00600677412846477
0.00600677412846477
0.00600677412846477
0.00600677412846477
0.00600677412846477
0.00600677412846477
0.00600677412846477
0.00600677412846477
0.00600677412846477
0.00600677412846477
0.00600677412846477
0.00600677412846477
0.00600677412846477
0.00600677412846477
0.00600677412846477
0.00600677412846477
0.00600677412846477
0.00600677412846477
0.00600677412846477
0.00600677412846477
0.00600677412846477
0.00600677412846477
0.00600677412846477
0.00600677412846477
0.00600677412846477
0.00600677412846477
0.00600677412846477
0.00600677412846477
0.00600677412846477
0.00600677412846477
0.00600677412846477
0.00600677412846477
0.00600677412846477
0.00600677412846477
0.00600677412846477
0.00600677412846477
0.00600677412846477
0.00600677412846477
0.00600677412846477
0.00600677412846477
0.00600677412846477
0.00600677412846477
0.00600677412846477
0.00600677412846477
0.00600677412846477
0.00600677412846477
0.00600677412846477
0.00600677412846477
0.00600677412846477
0.00600677412846477
0.00600677412846477
0.00600677412846477
0.00600677412846477
0.00600677412846477
0.00600677412846477
0.00600677412846477
0.00600677412846477
0.00600677412846477
0.00600677412846477
0.00600677412846477
0.00600677412846477
0.00600677412846477
0.00600677412846477
0.00600677412846477
0.00600677412846477
0.00600677412846477
0.00600677412846477
0.00600677412846477
0.00600677412846477
0.00600677412846477
0.00600677412846477
0.00600677412846477
0.00600677412846477
0.00600677412846477
0.00600677412846477
0.00600677412846477
0.00600677412846477
0.00600677412846477
0.00600677412846477
0.00600677412846477
0.00600677412846477
0.00600677412846477
0.00600677412846477
0.00600677412846477
0.00600677412846477
0.00600677412846477
0.00600677412846477
0.00600677412846477
0.00600677412846477
0.00600677412846477
0.00600677412846477
0.00600677412846477
0.00600677412846477
0.00600677412846477
0.00600677412846477
0.00600677412846477
0.00600677412846477
0.00600677412846477
0.00600677412846477
0.00600677412846477
0.00600677412846477
0.00600677412846477
0.00600677412846477
0.00600677412846477
0.00600677412846477
0.00600677412846477
0.00600677412846477
0.00600677412846477
0.00600677412846477
0.00600677412846477
0.00600677412846477
0.00600677412846477
0.00600677412846477
0.00600677412846477
0.00600677412846477
0.00600677412846477
0.00600677412846477
0.00600677412846477
0.00600677412846477
0.00600677412846477
0.00600677412846477
0.00600677412846477
0.00600677412846477
0.00600677412846477
0.00600677412846477
0.00600677412846477
0.00600677412846477
0.00600677412846477
0.00600677412846477
0.00600677412846477
0.00600677412846477
0.00600677412846477
0.00600677412846477
0.00600677412846477
0.00600677412846477
0.00600677412846477
0.00600677412846477
0.00600677412846477
0.00600677412846477
0.00600677412846477
0.00600677412846477
0.00600677412846477
0.00600677412846477
0.00600677412846477
0.00600677412846477
0.00600677412846477
0.00600677412846477
0.00600677412846477
0.00600677412846477
0.00600677412846477
0.00600677412846477
0.00600677412846477
0.00600677412846477
0.00600677412846477
0.00600677412846477
0.00600677412846477
0.00600677412846477
0.00600677412846477
0.00600677412846477
0.00600677412846477
0.00600677412846477
0.00600677412846477
0.00600677412846477
0.00600677412846477
0.00600677412846477
0.00600677412846477
0.00600677412846477
0.00600677412846477
0.00600677412846477
0.00600677412846477
0.00600677412846477
0.00600677412846477
0.00600677412846477
0.00600677412846477
0.00600677412846477
0.00600677412846477
0.00600677412846477
0.00600677412846477
0.00600677412846477
0.00600677412846477
0.00600677412846477
0.00600677412846477
0.00600677412846477
0.00600677412846477
0.00600677412846477
0.00600677412846477
0.00600677412846477
0.00600677412846477
0.00600677412846477
0.00600677412846477
0.00600677412846477
0.00600677412846477
0.00600677412846477
0.00600677412846477
0.00600677412846477
0.00600677412846477
0.00600677412846477
0.00600677412846477
0.00600677412846477
0.00600677412846477
0.00600677412846477
0.00600677412846477
0.00600677412846477
0.00600677412846477
0.00600677412846477
0.00600677412846477
0.00600677412846477
0.00600677412846477
0.00600677412846477
0.00600677412846477
0.00600677412846477
0.00600677412846477
0.00600677412846477
0.00600677412846477
0.00600677412846477
0.00600677412846477
0.00600677412846477
0.00600677412846477
0.00600677412846477
0.00600677412846477
0.00600677412846477
0.00600677412846477
0.00600677412846477
0.00600677412846477
0.00600677412846477
0.00600677412846477
0.00600677412846477
0.00600677412846477
0.00600677412846477
0.00600677412846477
0.00600677412846477
0.00600677412846477
0.00600677412846477
0.00600677412846477
0.00600677412846477
0.00600677412846477
0.00600677412846477
0.00600677412846477
0.00600677412846477
0.00600677412846477
0.00600677412846477
0.00600677412846477
0.00600677412846477
0.00600677412846477
0.00600677412846477
0.00600677412846477
0.00600677412846477
0.00600677412846477
0.00600677412846477
0.00600677412846477
0.00600677412846477
0.00600677412846477
0.00600677412846477
0.00600677412846477
0.00600677412846477
0.00600677412846477
0.00600677412846477
0.00600677412846477
0.00600677412846477
0.00600677412846477
0.00600677412846477
0.00600677412846477
0.00600677412846477
0.00600677412846477
0.00600677412846477
0.00600677412846477
0.00600677412846477
0.00600677412846477
0.00600677412846477
0.00600677412846477
0.00600677412846477
0.00600677412846477
0.00600677412846477
0.00600677412846477
0.00600677412846477
0.00600677412846477
0.00600677412846477
0.00600677412846477
0.00600677412846477
0.00600677412846477
0.00600677412846477
0.00600677412846477
0.00600677412846477
0.00600677412846477
0.00600677412846477
0.00600677412846477

