1.54955858932292
1.27612143043877
0.251545364173887
0.244065259908274
0.244065259908274
0.244065259908274
0.166675703140398
0.166675703140398
0.166675703140398
0.0669368018102779
0.0669368018102779
0.0669368018102779
0.0669368018102779
0.0669368018102779
0.0669368018102779
0.0669368018102779
0.0669368018102779
0.0382504057392859
0.0382504057392859
0.0382504057392859
0.0382504057392859
0.0382504057392859
0.0382504057392859
0.0382504057392859
0.0382504057392859
0.0382504057392859
0.0382504057392859
0.0382504057392859
0.0382504057392859
0.0382504057392859
0.0382504057392859
0.0382504057392859
0.0382504057392859
0.0382504057392859
0.0382504057392859
0.0382504057392859
0.0382504057392859
0.0382504057392859
0.0382504057392859
0.0382504057392859
0.0330937840748838
0.0330937840748838
0.0330937840748838
0.0330937840748838
0.0330937840748838
0.0330937840748838
0.0330937840748838
0.0330937840748838
0.0325161340802646
0.0325161340802646
0.0325161340802646
0.0325161340802646
0.0325161340802646
0.0325161340802646
0.0325161340802646
0.0325161340802646
0.0325161340802646
0.0325161340802646
0.0325161340802646
0.0325161340802646
0.0325161340802646
0.0325161340802646
0.0325161340802646
0.0325161340802646
0.0325161340802646
0.0325161340802646
0.0325161340802646
0.0325161340802646
0.0325161340802646
0.0325161340802646
0.0325161340802646
0.0325161340802646
0.0325161340802646
0.0325161340802646
0.0325161340802646
0.0325161340802646
0.0325161340802646
0.0325161340802646
0.0325161340802646
0.0325161340802646
0.0325161340802646
0.0325161340802646
0.0325161340802646
0.0325161340802646
0.0325161340802646
0.0325161340802646
0.0325161340802646
0.0325161340802646
0.0325161340802646
0.0325161340802646
0.0325161340802646
0.0325161340802646
0.0325161340802646
0.0325161340802646
0.0325161340802646
0.0325161340802646
0.0325161340802646
0.0325161340802646
0.0325161340802646
0.0325161340802646
0.0325161340802646
0.0325161340802646
0.0325161340802646
0.0325161340802646
0.0325161340802646
0.0325161340802646
0.0325161340802646
0.0325161340802646
0.0325161340802646
0.0325161340802646
0.0325161340802646
0.0325161340802646
0.0325161340802646
0.0325161340802646
0.0325161340802646
0.0325161340802646
0.0325161340802646
0.0325161340802646
0.0325161340802646
0.0325161340802646
0.0325161340802646
0.0325161340802646
0.0325161340802646
0.0325161340802646
0.0325161340802646
0.0325161340802646
0.0325161340802646
0.0325161340802646
0.0325161340802646
0.0325161340802646
0.0325161340802646
0.0325161340802646
0.0325161340802646
0.0325161340802646
0.0325161340802646
0.0325161340802646
0.0325161340802646
0.0325161340802646
0.0325161340802646
0.0325161340802646
0.0325161340802646
0.0325161340802646
0.0325161340802646
0.0325161340802646
0.0325161340802646
0.0325161340802646
0.0325161340802646
0.0325161340802646
0.0325161340802646
0.0325161340802646
0.0325161340802646
0.0325161340802646
0.0325161340802646
0.0325161340802646
0.0325161340802646
0.0325161340802646
0.0325161340802646
0.0325161340802646
0.0325161340802646
0.0325161340802646
0.0325161340802646
0.0325161340802646
0.0325161340802646
0.0325161340802646
0.0325161340802646
0.0325161340802646
0.0325161340802646
0.0325161340802646
0.0325161340802646
0.0325161340802646
0.0325161340802646
0.0325161340802646
0.0325161340802646
0.0325161340802646
0.0325161340802646
0.0325161340802646
0.0325161340802646
0.0325161340802646
0.0325161340802646
0.0325161340802646
0.0325161340802646
0.0325161340802646
0.0325161340802646
0.0325161340802646
0.0325161340802646
0.0325161340802646
0.0325161340802646
0.0325161340802646
0.0325161340802646
0.0325161340802646
0.0325161340802646
0.0325161340802646
0.0325161340802646
0.0325161340802646
0.0325161340802646
0.0325161340802646
0.0325161340802646
0.0325161340802646
0.0325161340802646
0.0325161340802646
0.0325161340802646
0.0325161340802646
0.0325161340802646
0.0325161340802646
0.0325161340802646
0.0325161340802646
0.0325161340802646
0.0325161340802646
0.0325161340802646
0.0325161340802646
0.0325161340802646
0.0325161340802646
0.0325161340802646
0.0325161340802646
0.0325161340802646
0.0325161340802646
0.0325161340802646
0.0325161340802646
0.0325161340802646
0.0325161340802646
0.0325161340802646
0.0325161340802646
0.0325161340802646
0.0325161340802646
0.0325161340802646
0.0325161340802646
0.0325161340802646
0.0325161340802646
0.0325161340802646
0.0325161340802646
0.0325161340802646
0.0325161340802646
0.0325161340802646
0.0325161340802646
0.0325161340802646
0.0325161340802646
0.0325161340802646
0.0325161340802646
0.0325161340802646
0.0325161340802646
0.0325161340802646
0.0325161340802646
0.0325161340802646
0.0325161340802646
0.0325161340802646
0.0325161340802646
0.0325161340802646
0.0325161340802646
0.0325161340802646
0.0325161340802646
0.0325161340802646
0.0325161340802646
0.0325161340802646
0.0325161340802646
0.0325161340802646
0.0325161340802646
0.0325161340802646
0.0325161340802646
0.0325161340802646
0.0325161340802646
0.0325161340802646
0.0325161340802646
0.0325161340802646
0.0325161340802646
0.0325161340802646
0.0325161340802646
0.0325161340802646
0.0325161340802646
0.0325161340802646
0.0325161340802646
0.0325161340802646
0.0325161340802646
0.0325161340802646
0.0325161340802646
0.0325161340802646
0.0325161340802646
0.0325161340802646
0.0325161340802646
0.0325161340802646
0.0325161340802646
0.0325161340802646
0.0325161340802646
0.0325161340802646
0.0325161340802646
0.0325161340802646
0.0325161340802646
0.0325161340802646
0.0325161340802646
0.0325161340802646
0.0325161340802646
0.0325161340802646
0.0325161340802646
0.0325161340802646
0.0325161340802646
0.0325161340802646
0.0325161340802646
0.0325161340802646
0.0325161340802646
0.0325161340802646
0.0325161340802646
0.0325161340802646
0.0325161340802646
0.0325161340802646
0.0325161340802646
0.0325161340802646
0.0325161340802646
0.0325161340802646
0.0325161340802646
0.0325161340802646
0.0325161340802646
0.0325161340802646
0.0325161340802646
0.0325161340802646
0.0325161340802646
0.0325161340802646
0.0325161340802646
0.0325161340802646
0.0325161340802646
0.0325161340802646
0.0325161340802646
0.0325161340802646
0.0325161340802646
0.0325161340802646
0.0325161340802646
0.0325161340802646
0.0325161340802646
0.0325161340802646
0.0325161340802646
0.0325161340802646
0.0325161340802646
0.0325161340802646
0.0325161340802646
0.0325161340802646
0.0325161340802646
0.0325161340802646
0.0325161340802646
0.0325161340802646
0.0325161340802646
0.0325161340802646
0.0325161340802646
0.0325161340802646
0.0325161340802646
0.0325161340802646
0.0325161340802646
0.0325161340802646
0.0325161340802646
0.0325161340802646
0.0325161340802646
0.0325161340802646
0.0325161340802646
0.0325161340802646
0.0325161340802646
0.0325161340802646
0.0325161340802646
0.0325161340802646
0.0325161340802646
0.0325161340802646
0.0325161340802646
0.0325161340802646
0.0325161340802646
0.0325161340802646
0.0325161340802646
0.0325161340802646
0.0325161340802646
0.0325161340802646
0.0325161340802646
0.0325161340802646
0.0325161340802646
0.0325161340802646
0.0325161340802646
0.0325161340802646
0.0325161340802646
0.0325161340802646
0.0325161340802646
0.0325161340802646
0.0325161340802646
0.0325161340802646
0.0325161340802646
0.0325161340802646
0.0325161340802646
0.0325161340802646
0.0325161340802646
0.0325161340802646
0.0325161340802646
0.0325161340802646
0.0325161340802646
0.0325161340802646
0.0325161340802646
0.0325161340802646
0.0325161340802646
0.0325161340802646
0.0325161340802646
0.0325161340802646
0.0325161340802646
0.0325161340802646
0.0325161340802646
0.0325161340802646
0.0325161340802646
0.0325161340802646
0.0325161340802646
0.0325161340802646
0.0325161340802646
0.0325161340802646
0.0325161340802646
0.0325161340802646
0.0325161340802646
0.0325161340802646
0.0325161340802646
0.0325161340802646
0.0325161340802646
0.0325161340802646
0.0325161340802646
0.0325161340802646
0.0325161340802646
0.0325161340802646
0.0325161340802646
0.0325161340802646
0.0325161340802646
0.0325161340802646
0.0325161340802646
0.0325161340802646
0.0325161340802646
0.0325161340802646
0.0325161340802646
0.0325161340802646
0.0325161340802646
0.0325161340802646
0.0325161340802646
0.0325161340802646
0.0325161340802646
0.0325161340802646
0.0325161340802646
0.0325161340802646
0.0325161340802646
0.0325161340802646
0.0325161340802646
0.0325161340802646
0.0325161340802646
0.0325161340802646
0.0325161340802646
0.0325161340802646
0.0325161340802646
0.0325161340802646
0.0325161340802646
0.0325161340802646
0.0325161340802646
0.0325161340802646
0.0325161340802646
0.0325161340802646
0.0325161340802646
0.0193439155993865
0.0191863694832428
0.0191863694832428
0.0191863694832428
0.0191863694832428
0.0191863694832428
0.0191863694832428
0.0191863694832428
0.0191863694832428
0.0191863694832428
0.0191863694832428
0.0191863694832428
0.0191863694832428
0.0191863694832428
0.0191863694832428
0.0191863694832428
0.0191863694832428
0.0191863694832428
0.0191863694832428
0.0191863694832428
0.0191863694832428
0.0191863694832428
0.0191863694832428
0.0191863694832428
0.0191863694832428
0.0191863694832428
0.0191863694832428
0.0191863694832428
0.0191863694832428
0.0191863694832428
0.0191863694832428
0.0191863694832428
0.0191863694832428
0.0191863694832428
0.0191863694832428
0.0191863694832428
0.0191863694832428
0.0191863694832428
0.0191863694832428
0.0191863694832428
0.0191863694832428
0.0191863694832428
0.0191863694832428
0.0191863694832428
0.0191863694832428
0.0191863694832428
0.0191863694832428
0.0191863694832428
0.0191863694832428
0.0191863694832428

