1.31840173905227
0.660430506542817
0.660430506542817
0.230180655664029
0.225865427642543
0.225865427642543
0.174090742447127
0.0917808517930515
0.0917808517930515
0.0724159323601879
0.0724159323601879
0.0705590987737286
0.028289398913133
0.028289398913133
0.0279565269937224
0.0202443307349596
0.00898261730230915
0.00898261730230915
0.00895512472755144
0.00743587673277872
0.00743587673277872
0.00733843297927938
0.00732696363296486
0.00732696363296486
0.00732696363296486
0.00732696363296486
0.00732393955103876
0.00732393955103876
0.00731401552649247
0.0073133365531645
0.0073133365531645
0.0073133365531645
0.0073133365531645
0.0073133365531645
0.0073133365531645
0.0073133365531645
0.0073133365531645
0.00731333028049812
0.00731333028049812
0.0073133299033438
0.0073133299033438
0.0073133299033438
0.00731332980358739
0.00731332979773582
0.00731332976202559
0.00731332971126301
0.00731332971126301
0.0073133296859901
0.0073133296859901
0.00731332968100993
0.00731332967806339
0.00731332967662845
0.00731332967662845
0.00731332967575456
0.00731332967573056
0.00731332967523834
0.00731332967523834
0.00731332967521677
0.00731332967521677
0.0073133296752101
0.00731332967519215
0.00731332967518938
0.00731332967518165
0.00731332967518081
0.00731332967518081
0.00731332967517971
0.00731332967517863
0.00731332967517863
0.00731332967517863
0.00731332967517863
0.00731332967517863
0.00731332967517839
0.00731332967517839
0.00731332967517839
0.00731332967517839
0.00731332967517838
0.00731332967517838
0.00731332967517838
0.00731332967517838
0.00731332967517838
0.00731332967517838
0.00731332967517838
0.00731332967517838
0.00731332967517838
0.00731332967517838
0.00731332967517838
0.00731332967517838
0.00731332967517838
0.00731332967517838
0.00731332967517838
0.00731332967517838
0.00731332967517838
0.00731332967517838
0.00731332967517838
0.00731332967517838
0.00731332967517838
0.00731332967517838
0.00731332967517838
0.00731332967517838
0.00731332967517838
0.00731332967517838
0.00731332967517838
0.00731332967517838
0.00731332967517838
0.00731332967517838
0.00731332967517838
0.00731332967517838
0.00731332967517838
0.00731332967517838
0.00731332967517838
0.00731332967517838
0.00731332967517838
0.00731332967517838
0.00731332967517838
0.00731332967517838
0.00731332967517838
0.00731332967517838
0.00731332967517838
0.00731332967517838
0.00731332967517838
0.00731332967517838
0.00731332967517838
0.00731332967517838
0.00731332967517838
0.00731332967517838
0.00731332967517838
0.00731332967517838
0.00731332967517838
0.00731332967517838
0.00731332967517838
0.00731332967517838
0.00731332967517838
0.00731332967517838
0.00731332967517838
0.00731332967517838
0.00731332967517838
0.00731332967517838
0.00731332967517838
0.00731332967517838
0.00731332967517838
0.00731332967517838
0.00731332967517838
0.00731332967517838
0.00731332967517838
0.00731332967517838
0.00731332967517838
0.00731332967517838
0.00731332967517838
0.00731332967517838
0.00731332967517838
0.00731332967517838
0.00731332967517838
0.00731332967517838
0.00731332967517838
0.00731332967517838
0.00731332967517838
0.00731332967517838
0.00731332967517838
0.00731332967517838
0.00731332967517838
0.00731332967517838
0.00731332967517838
0.00731332967517838
0.00731332967517838
0.00731332967517838
0.00731332967517838
0.00731332967517838
0.00731332967517838
0.00731332967517838
0.00731332967517838
0.00731332967517838
0.00731332967517838
0.00731332967517838
0.00731332967517838
0.00731332967517838
0.00731332967517838
0.00731332967517838
0.00731332967517838
0.00731332967517838
0.00731332967517838
0.00731332967517838
0.00731332967517838
0.00731332967517838
0.00731332967517838
0.00731332967517838
0.00731332967517838
0.00731332967517838
0.00731332967517838
0.00731332967517838
0.00731332967517838
0.00731332967517838
0.00731332967517838
0.00731332967517838
0.00731332967517838
0.00731332967517838
0.00731332967517838
0.00731332967517838
0.00731332967517838
0.00731332967517838
0.00731332967517838
0.00731332967517838
0.00731332967517838
0.00731332967517838
0.00731332967517838
0.00731332967517838
0.00731332967517838
0.00731332967517838
0.00731332967517838
0.00731332967517838
0.00731332967517838
0.00731332967517838
0.00731332967517838
0.00731332967517838
0.00731332967517838
0.00731332967517838
0.00731332967517838
0.00731332967517838
0.00731332967517838
0.00731332967517838
0.00731332967517838
0.00731332967517838
0.00731332967517838
0.00731332967517838
0.00731332967517838
0.00731332967517838
0.00731332967517838
0.00731332967517838
0.00731332967517838
0.00731332967517838
0.00731332967517838
0.00731332967517838
0.00731332967517838
0.00731332967517838
0.00731332967517838
0.00731332967517838
0.00731332967517838
0.00731332967517838
0.00731332967517838
0.00731332967517838
0.00731332967517838
0.00731332967517838
0.00731332967517838
0.00731332967517838
0.00731332967517838
0.00731332967517838
0.00731332967517838
0.00731332967517838
0.00731332967517838
0.00731332967517838
0.00731332967517838
0.00731332967517838
0.00731332967517838
0.00731332967517838
0.00731332967517838
0.00731332967517838
0.00731332967517838
0.00731332967517838
0.00731332967517838
0.00731332967517838
0.00731332967517838
0.00731332967517838
0.00731332967517838
0.00731332967517838
0.00731332967517838
0.00731332967517838
0.00731332967517838
0.00731332967517838
0.00731332967517838
0.00731332967517838
0.00731332967517838
0.00731332967517838
0.00731332967517838
0.00731332967517838
0.00731332967517838
0.00731332967517838
0.00731332967517838
0.00731332967517838
0.00731332967517838
0.00731332967517838
0.00731332967517838
0.00731332967517838
0.00731332967517838
0.00731332967517838
0.00731332967517838
0.00731332967517838
0.00731332967517838
0.00731332967517838
0.00731332967517838
0.00731332967517838
0.00731332967517838
0.00731332967517838
0.00731332967517838
0.00731332967517838
0.00731332967517838
0.00731332967517838
0.00731332967517838
0.00731332967517838
0.00731332967517838
0.00731332967517838
0.00731332967517838
0.00731332967517838
0.00731332967517838
0.00731332967517838
0.00731332967517838
0.00731332967517838
0.00731332967517838
0.00731332967517838
0.00731332967517838
0.00731332967517838
0.00731332967517838
0.00731332967517838
0.00731332967517838
0.00731332967517838
0.00731332967517838
0.00731332967517838
0.00731332967517838
0.00731332967517838
0.00731332967517838
0.00731332967517838
0.00731332967517838
0.00731332967517838
0.00731332967517838
0.00731332967517838
0.00731332967517838
0.00731332967517838
0.00731332967517838
0.00731332967517838
0.00731332967517838
0.00731332967517838
0.00731332967517838
0.00731332967517838
0.00731332967517838
0.00731332967517838
0.00731332967517838
0.00731332967517838
0.00731332967517838
0.00731332967517838
0.00731332967517838
0.00731332967517838
0.00731332967517838
0.00731332967517838
0.00731332967517838
0.00731332967517838
0.00731332967517838
0.00731332967517838
0.00731332967517838
0.00731332967517838
0.00731332967517838
0.00731332967517838
0.00731332967517838
0.00731332967517838
0.00731332967517838
0.00731332967517838
0.00731332967517838
0.00731332967517838
0.00731332967517838
0.00731332967517838
0.00731332967517838
0.00731332967517838
0.00731332967517838
0.00731332967517838
0.00731332967517838
0.00731332967517838
0.00731332967517838
0.00731332967517838
0.00731332967517838
0.00731332967517838
0.00731332967517838
0.00731332967517838
0.00731332967517838
0.00731332967517838
0.00731332967517838
0.00731332967517838
0.00731332967517838
0.00731332967517838
0.00731332967517838
0.00731332967517838
0.00731332967517838
0.00731332967517838
0.00731332967517838
0.00731332967517838
0.00731332967517838
0.00731332967517838
0.00731332967517838
0.00731332967517838
0.00731332967517838
0.00731332967517838
0.00731332967517838
0.00731332967517838
0.00731332967517838
0.00731332967517838
0.00731332967517838
0.00731332967517838
0.00731332967517838
0.00731332967517838
0.00731332967517838
0.00731332967517838
0.00731332967517838
0.00731332967517838
0.00731332967517838
0.00731332967517838
0.00731332967517838
0.00731332967517838
0.00731332967517838
0.00731332967517838
0.00731332967517838
0.00731332967517838
0.00731332967517838
0.00731332967517838
0.00731332967517838
0.00731332967517838
0.00731332967517838
0.00731332967517838
0.00731332967517838
0.00731332967517838
0.00731332967517838
0.00731332967517838
0.00731332967517838
0.00731332967517838
0.00731332967517838
0.00731332967517838
0.00731332967517838
0.00731332967517838
0.00731332967517838
0.00731332967517838
0.00731332967517838
0.00731332967517838
0.00731332967517838
0.00731332967517838
0.00731332967517838
0.00731332967517838
0.00731332967517838
0.00731332967517838
0.00731332967517838
0.00731332967517838
0.00731332967517838
0.00731332967517838
0.00731332967517838
0.00731332967517838
0.00731332967517838
0.00731332967517838
0.00731332967517838
0.00731332967517838
0.00731332967517838
0.00731332967517838
0.00731332967517838
0.00731332967517838
0.00731332967517838
0.00731332967517838
0.00731332967517838
0.00731332967517838
0.00731332967517838
0.00731332967517838
0.00731332967517838
0.00731332967517838
0.00731332967517838
0.00731332967517838
0.00731332967517838
0.00731332967517838
0.00731332967517838
0.00731332967517838
0.00731332967517838
0.00731332967517838
0.00731332967517838
0.00731332967517838
0.00731332967517838
0.00731332967517838
0.00731332967517838
0.00731332967517838
0.00731332967517838
0.00731332967517838
0.00731332967517838
0.00731332967517838
0.00731332967517838
0.00731332967517838
0.00731332967517838
0.00731332967517838
0.00731332967517838
0.00731332967517838
0.00731332967517838
0.00731332967517838
0.00731332967517838
0.00731332967517838
0.00731332967517838
0.00731332967517838
0.00731332967517838
0.00731332967517838
0.00731332967517838
0.00731332967517838
0.00731332967517838
0.00731332967517838
0.00731332967517838
0.00731332967517838
0.00731332967517838
0.00731332967517838
0.00731332967517838
0.00731332967517838
0.00731332967517838
0.00731332967517838
0.00731332967517838

