1.34864400037169
0.841509713269536
0.841509713269536
0.193760539848563
0.193760539848563
0.193760539848563
0.193760539848563
0.0923310254112309
0.0923310254112309
0.0923310254112309
0.0923310254112309
0.0923310254112309
0.0923310254112309
0.0923310254112309
0.0263542995518062
0.0263542995518062
0.0263542995518062
0.0263542995518062
0.0263542995518062
0.0263542995518062
0.0263542995518062
0.0135392048197109
0.0135392048197109
0.0135392048197109
0.0135392048197109
0.0135392048197109
0.0135392048197109
0.0135392048197109
0.0135392048197109
0.0135392048197109
0.0117551270067078
0.0117551270067078
0.00772358678439209
0.00772358678439209
0.00580490250121288
0.00580490250121288
0.00580490250121288
0.00580490250121288
0.00580490250121288
0.00580490250121288
0.00575517281669143
0.00575517281669143
0.00575517281669143
0.00575517281669143
0.00575517281669143
0.00575517281669143
0.00575517281669143
0.00574547093029043
0.00574547093029043
0.00574547093029043
0.00574547093029043
0.00574547093029043
0.00574547093029043
0.00574547093029043
0.00574547093029043
0.00574547093029043
0.00574547093029043
0.00574547093029043
0.00574547093029043
0.00574547093029043
0.00574547093029043
0.00574547093029043
0.00574547093029043
0.00574547093029043
0.00379745202453827
0.00379745202453827
0.00379745202453827
0.00379745202453827
0.00379745202453827
0.00379745202453827
0.00379745202453827
0.00379745202453827
0.00379745202453827
0.00379745202453827
0.00379745202453827
0.00379745202453827
0.00379745202453827
0.00379745202453827
0.00379745202453827
0.00379745202453827
0.00379745202453827
0.00379745202453827
0.00379745202453827
0.00379745202453827
0.00379745202453827
0.00379745202453827
0.00379745202453827
0.00379745202453827
0.00379745202453827
0.00379745202453827
0.00379745202453827
0.00379745202453827
0.00379745202453827
0.00379745202453827
0.00379745202453827
0.00379745202453827
0.00379745202453827
0.00379745202453827
0.00379745202453827
0.00379745202453827
0.00379745202453827
0.00379745202453827
0.00379745202453827
0.00379745202453827
0.00379745202453827
0.00379745202453827
0.00379745202453827
0.00379745202453827
0.00379745202453827
0.00379745202453827
0.00379745202453827
0.00379745202453827
0.00379745202453827
0.00379745202453827
0.00379745202453827
0.00379745202453827
0.00379745202453827
0.00379745202453827
0.00379745202453827
0.00379745202453827
0.00379745202453827
0.00379745202453827
0.00379745202453827
0.00379745202453827
0.00379745202453827
0.00379745202453827
0.00379745202453827
0.00379745202453827
0.00379745202453827
0.00379745202453827
0.00379745202453827
0.00379745202453827
0.00379745202453827
0.00379745202453827
0.00379745202453827
0.00379745202453827
0.00379745202453827
0.00379745202453827
0.00379745202453827
0.00379745202453827
0.00379745202453827
0.00379745202453827
0.00379745202453827
0.00379745202453827
0.00379745202453827
0.00379745202453827
0.00379745202453827
0.00379745202453827
0.00379745202453827
0.00379745202453827
0.00379745202453827
0.00379745202453827
0.00379745202453827
0.00379745202453827
0.00379745202453827
0.00379745202453827
0.00379745202453827
0.00379745202453827
0.00379745202453827
0.00379745202453827
0.00379745202453827
0.00379745202453827
0.00379745202453827
0.00379745202453827
0.00379745202453827
0.00379745202453827
0.00379745202453827
0.00379745202453827
0.00379745202453827
0.00379745202453827
0.00379745202453827
0.00379745202453827
0.00379745202453827
0.00379745202453827
0.00379745202453827
0.00379745202453827
0.00379745202453827
0.00379745202453827
0.00379745202453827
0.00379745202453827
0.00379745202453827
0.00379745202453827
0.00379745202453827
0.00379745202453827
0.00379745202453827
0.00379745202453827
0.00379745202453827
0.00379745202453827
0.00379745202453827
0.00379745202453827
0.00379745202453827
0.00379745202453827
0.00379745202453827
0.00379745202453827
0.00379745202453827
0.00379745202453827
0.00379745202453827
0.00379745202453827
0.00379745202453827
0.00379745202453827
0.00379745202453827
0.00379745202453827
0.00379745202453827
0.00379745202453827
0.00379745202453827
0.00379745202453827
0.00379745202453827
0.00379745202453827
0.00379745202453827
0.00379745202453827
0.00379745202453827
0.00379745202453827
0.00379745202453827
0.00379745202453827
0.00379745202453827
0.00379745202453827
0.00379745202453827
0.00379745202453827
0.00379745202453827
0.00379745202453827
0.00379745202453827
0.00379745202453827
0.00379745202453827
0.00379745202453827
0.00379745202453827
0.00379745202453827
0.00379745202453827
0.00379745202453827
0.00379745202453827
0.00379745202453827
0.00379745202453827
0.00379745202453827
0.00379745202453827
0.00379745202453827
0.00379745202453827
0.00379745202453827
0.00379745202453827
0.00379745202453827
0.00379745202453827
0.00379745202453827
0.00379745202453827
0.00379745202453827
0.00379745202453827
0.00379745202453827
0.00379745202453827
0.00379745202453827
0.00379745202453827
0.00379745202453827
0.00379745202453827
0.00379745202453827
0.00379745202453827
0.00379745202453827
0.00379745202453827
0.00379745202453827
0.00379745202453827
0.00379745202453827
0.00379745202453827
0.00379745202453827
0.00379745202453827
0.00379745202453827
0.00379745202453827
0.00379745202453827
0.00379745202453827
0.00379745202453827
0.00379745202453827
0.00379745202453827
0.00379745202453827
0.00379745202453827
0.00379745202453827
0.00379745202453827
0.00379745202453827
0.00379745202453827
0.00379745202453827
0.00379745202453827
0.00379745202453827
0.00379745202453827
0.00379745202453827
0.00379745202453827
0.00379745202453827
0.00379745202453827
0.00379745202453827
0.00379745202453827
0.00379745202453827
0.00379745202453827
0.00379745202453827
0.00379745202453827
0.00379745202453827
0.00379745202453827
0.00379745202453827
0.00379745202453827
0.00379745202453827
0.00379745202453827
0.00379745202453827
0.00379745202453827
0.00379745202453827
0.00379745202453827
0.00379745202453827
0.00379745202453827
0.00379745202453827
0.00379745202453827
0.00379745202453827
0.00379745202453827
0.00379745202453827
0.00379745202453827
0.00379745202453827
0.00379745202453827
0.00379745202453827
0.00379745202453827
0.00379745202453827
0.00379745202453827
0.00379745202453827
0.00379745202453827
0.00379745202453827
0.00379745202453827
0.00379745202453827
0.00379745202453827
0.00379745202453827
0.00379745202453827
0.00379745202453827
0.00379745202453827
0.00379745202453827
0.00379745202453827
0.00379745202453827
0.00379745202453827
0.00379745202453827
0.00379745202453827
0.00379745202453827
0.00379745202453827
0.00379745202453827
0.00379745202453827
0.00379745202453827
0.00379745202453827
0.00379745202453827
0.00379745202453827
0.00379745202453827
0.00379745202453827
0.00379745202453827
0.00379745202453827
0.00379745202453827
0.00379745202453827
0.00379745202453827
0.00379745202453827
0.00379745202453827
0.00379745202453827
0.00379745202453827
0.00379745202453827
0.00379745202453827
0.00379745202453827
0.00379745202453827
0.00379745202453827
0.00379745202453827
0.00379745202453827
0.00379745202453827
0.00379745202453827
0.00379745202453827
0.00379745202453827
0.00379745202453827
0.00379745202453827
0.00379745202453827
0.00379745202453827
0.00379745202453827
0.00379745202453827
0.00379745202453827
0.00379745202453827
0.00379745202453827
0.00379745202453827
0.00379745202453827
0.00379745202453827
0.00379745202453827
0.00379745202453827
0.00379745202453827
0.00379745202453827
0.00379745202453827
0.00379745202453827
0.00379745202453827
0.00379745202453827
0.00379745202453827
0.00379745202453827
0.00379745202453827
0.00379745202453827
0.00379745202453827
0.00379745202453827
0.00379745202453827
0.00379745202453827
0.00379745202453827
0.00379745202453827
0.00379745202453827
0.00379745202453827
0.00379745202453827
0.00379745202453827
0.00379745202453827
0.00379745202453827
0.00379745202453827
0.00379745202453827
0.00379745202453827
0.00379745202453827
0.00379745202453827
0.00379745202453827
0.00379745202453827
0.00379745202453827
0.00379745202453827
0.00379745202453827
0.00379745202453827
0.00379745202453827
0.00379745202453827
0.00379745202453827
0.00379745202453827
0.00379745202453827
0.00379745202453827
0.00379745202453827
0.00379745202453827
0.00379745202453827
0.00379745202453827
0.00379745202453827
0.00379745202453827
0.00379745202453827
0.00379745202453827
0.00379745202453827
0.00379745202453827
0.00379745202453827
0.00379745202453827
0.00379745202453827
0.00379745202453827
0.00379745202453827
0.00379745202453827
0.00379745202453827
0.00379745202453827
0.00379745202453827
0.00379745202453827
0.00379745202453827
0.00379745202453827
0.00379745202453827
0.00379745202453827
0.00379745202453827
0.00379745202453827
0.00379745202453827
0.00379745202453827
0.00379745202453827
0.00379745202453827
0.00379745202453827
0.00379745202453827
0.00379745202453827
0.00379745202453827
0.00379745202453827
0.00379745202453827
0.00379745202453827
0.00379745202453827
0.00379745202453827
0.00379745202453827
0.00379745202453827
0.00379745202453827
0.00379745202453827
0.00379745202453827
0.00379745202453827
0.00379745202453827
0.00379745202453827
0.00379745202453827
0.00379745202453827
0.00379745202453827
0.00379745202453827
0.00379745202453827
0.00379745202453827
0.00379745202453827
0.00379745202453827
0.00379745202453827
0.00379745202453827
0.00379745202453827
0.00379745202453827
0.00379745202453827
0.00379745202453827
0.00379745202453827
0.00379745202453827
0.00379745202453827
0.00379745202453827
0.00379745202453827
0.00379745202453827
0.00379745202453827
0.00379745202453827
0.00379745202453827
0.00379745202453827
0.00379745202453827
0.00379745202453827
0.00379745202453827
0.00379745202453827
0.00379745202453827
0.00379745202453827
0.00379745202453827
0.00379745202453827
0.00379745202453827
0.00379745202453827
0.00379745202453827
0.00379745202453827
0.00379745202453827
0.00379745202453827
0.00379745202453827
0.00379745202453827
0.00379745202453827
0.00379745202453827
0.00379745202453827
0.00379745202453827

