0.63835803747908
0.63835803747908
0.432312881468159
0.0826814604796583
0.0618488273241269
0.0618488273241269
0.0618488273241269
0.0442248408018623
0.00841239235333821
0.00841239235333821
0.00841239235333821
0.00332893535593152
0.00332893535593152
0.00116180810144255
0.00116180810144255
0.00116180810144255
0.000930238432679872
0.000685826276667697
0.000642810486102835
0.000243086975171301
0.000133473703382686
7.75310915820171E-05
6.66104557778867E-05
2.84427227173178E-05
1.00828868267921E-05
3.79704121750199E-06
3.79704121750199E-06
3.79704121750199E-06
3.79704121750199E-06
1.21868256480905E-06
1.21868256480905E-06
1.21868256480905E-06
1.01108157653246E-06
9.94746128332133E-07
9.94746128332133E-07
9.62728520231973E-07
9.62728520231973E-07
9.57359239805522E-07
9.57359239805522E-07
9.57359239805522E-07
9.56718126011765E-07
9.56127502936936E-07
9.56057543081851E-07
9.5597917284531E-07
9.5597917284531E-07
9.5597917284531E-07
9.5597917284531E-07
9.5597917284531E-07
9.5597917284531E-07
9.5597917284531E-07
9.55974609598562E-07
9.55974609598562E-07
9.55974238865827E-07
9.55974238865827E-07
9.55974208905717E-07
9.55973965772102E-07
9.55973833057729E-07
9.55973833057729E-07
9.55973763897072E-07
9.55973650834829E-07
9.55973639674341E-07
9.55973639674341E-07
9.55973639674341E-07
9.55973639623679E-07
9.55973639208378E-07
9.55973639208378E-07
9.55973639208378E-07
9.55973638892946E-07
9.55973638892946E-07
9.55973638892946E-07
9.55973638892946E-07
9.55973638892856E-07
9.55973638891477E-07
9.55973638890968E-07
9.55973638890968E-07
9.55973638890968E-07
9.55973638890968E-07
9.55973638890968E-07
9.55973638890968E-07
9.55973638890968E-07
9.55973638890968E-07
9.55973638890968E-07
9.55973638890968E-07
9.55973638890968E-07
9.55973638890968E-07
9.55973638890968E-07
9.55973638890968E-07
9.55973638890968E-07
9.55973638890968E-07
9.55973638890968E-07
9.55973638890968E-07
9.55973638890968E-07
9.55973638890968E-07
9.55973638890968E-07
9.55973638890968E-07
9.55973638890968E-07
9.55973638890968E-07
9.55973638890968E-07
9.55973638890968E-07
9.55973638890968E-07
9.55973638890968E-07
9.55973638890968E-07
9.55973638890968E-07
9.55973638890968E-07
9.55973638890968E-07
9.55973638890968E-07
9.55973638890968E-07
9.55973638890968E-07
9.55973638890968E-07
9.55973638890968E-07
9.55973638890968E-07
9.55973638890968E-07
9.55973638890968E-07
9.55973638890968E-07
9.55973638890968E-07
9.55973638890968E-07
9.55973638890968E-07
9.55973638890968E-07
9.55973638890968E-07
9.55973638890968E-07
9.55973638890968E-07
9.55973638890968E-07
9.55973638890968E-07
9.55973638890968E-07
9.55973638890968E-07
9.55973638890968E-07
9.55973638890968E-07
9.55973638890968E-07
9.55973638890968E-07
9.55973638890968E-07
9.55973638890968E-07
9.55973638890968E-07
9.55973638890968E-07
9.55973638890968E-07
9.55973638890968E-07
9.55973638890968E-07
9.55973638890968E-07
9.55973638890968E-07
9.55973638890968E-07
9.55973638890968E-07
9.55973638890968E-07
9.55973638890968E-07
9.55973638890968E-07
9.55973638890968E-07
9.55973638890968E-07
9.55973638890968E-07
9.55973638890968E-07
9.55973638890968E-07
9.55973638890968E-07
9.55973638890968E-07
9.55973638890968E-07
9.55973638890968E-07
9.55973638890968E-07
9.55973638890968E-07
9.55973638890968E-07
9.55973638890968E-07
9.55973638890968E-07
9.55973638890968E-07
9.55973638890968E-07
9.55973638890968E-07
9.55973638890968E-07
9.55973638890968E-07
9.55973638890968E-07
9.55973638890968E-07
9.55973638890968E-07
9.55973638890968E-07
9.55973638890968E-07
9.55973638890968E-07
9.55973638890968E-07
9.55973638890968E-07
9.55973638890968E-07
9.55973638890968E-07
9.55973638890968E-07
9.55973638890968E-07
9.55973638890968E-07
9.55973638890968E-07
9.55973638890968E-07
9.55973638890968E-07
9.55973638890968E-07
9.55973638890968E-07
9.55973638890968E-07
9.55973638890968E-07
9.55973638890968E-07
9.55973638890968E-07
9.55973638890968E-07
9.55973638890968E-07
9.55973638890968E-07
9.55973638890968E-07
9.55973638890968E-07
9.55973638890968E-07
9.55973638890968E-07
9.55973638890968E-07
9.55973638890968E-07
9.55973638890968E-07
9.55973638890968E-07
9.55973638890968E-07
9.55973638890968E-07
9.55973638890968E-07
9.55973638890968E-07
9.55973638890968E-07
9.55973638890968E-07
9.55973638890968E-07
9.55973638890968E-07
9.55973638890968E-07
9.55973638890968E-07
9.55973638890968E-07
9.55973638890968E-07
9.55973638890968E-07
9.55973638890968E-07
9.55973638890968E-07
9.55973638890968E-07
9.55973638890968E-07
9.55973638890968E-07
9.55973638890968E-07
9.55973638890968E-07
9.55973638890968E-07
9.55973638890968E-07
9.55973638890968E-07
9.55973638890968E-07
9.55973638890968E-07
9.55973638890968E-07
9.55973638890968E-07
9.55973638890968E-07
9.55973638890968E-07
9.55973638890968E-07
9.55973638890968E-07
9.55973638890968E-07
9.55973638890968E-07
9.55973638890968E-07
9.55973638890968E-07
9.55973638890968E-07
9.55973638890968E-07
9.55973638890968E-07
9.55973638890968E-07
9.55973638890968E-07
9.55973638890968E-07
9.55973638890968E-07
9.55973638890968E-07
9.55973638890968E-07
9.55973638890968E-07
9.55973638890968E-07
9.55973638890968E-07
9.55973638890968E-07
9.55973638890968E-07
9.55973638890968E-07
9.55973638890968E-07
9.55973638890968E-07
9.55973638890968E-07
9.55973638890968E-07
9.55973638890968E-07
9.55973638890968E-07
9.55973638890968E-07
9.55973638890968E-07
9.55973638890968E-07
9.55973638890968E-07
9.55973638890968E-07
9.55973638890968E-07
9.55973638890968E-07
9.55973638890968E-07
9.55973638890968E-07
9.55973638890968E-07
9.55973638890968E-07
9.55973638890968E-07
9.55973638890968E-07
9.55973638890968E-07
9.55973638890968E-07
9.55973638890968E-07
9.55973638890968E-07
9.55973638890968E-07
9.55973638890968E-07
9.55973638890968E-07
9.55973638890968E-07
9.55973638890968E-07
9.55973638890968E-07
9.55973638890968E-07
9.55973638890968E-07
9.55973638890968E-07
9.55973638890968E-07
9.55973638890968E-07
9.55973638890968E-07
9.55973638890968E-07
9.55973638890968E-07
9.55973638890968E-07
9.55973638890968E-07
9.55973638890968E-07
9.55973638890968E-07
9.55973638890968E-07
9.55973638890968E-07
9.55973638890968E-07
9.55973638890968E-07
9.55973638890968E-07
9.55973638890968E-07
9.55973638890968E-07
9.55973638890968E-07
9.55973638890968E-07
9.55973638890968E-07
9.55973638890968E-07
9.55973638890968E-07
9.55973638890968E-07
9.55973638890968E-07
9.55973638890968E-07
9.55973638890968E-07
9.55973638890968E-07
9.55973638890968E-07
9.55973638890968E-07
9.55973638890968E-07
9.55973638890968E-07
9.55973638890968E-07
9.55973638890968E-07
9.55973638890968E-07
9.55973638890968E-07
9.55973638890968E-07
9.55973638890968E-07
9.55973638890968E-07
9.55973638890968E-07
9.55973638890968E-07
9.55973638890968E-07
9.55973638890968E-07
9.55973638890968E-07
9.55973638890968E-07
9.55973638890968E-07
9.55973638890968E-07
9.55973638890968E-07
9.55973638890968E-07
9.55973638890968E-07
9.55973638890968E-07
9.55973638890968E-07
9.55973638890968E-07
9.55973638890968E-07
9.55973638890968E-07
9.55973638890968E-07
9.55973638890968E-07
9.55973638890968E-07
9.55973638890968E-07
9.55973638890968E-07
9.55973638890968E-07
9.55973638890968E-07
9.55973638890968E-07
9.55973638890968E-07
9.55973638890968E-07
9.55973638890968E-07
9.55973638890968E-07
9.55973638890968E-07
9.55973638890968E-07
9.55973638890968E-07
9.55973638890968E-07
9.55973638890968E-07
9.55973638890968E-07
9.55973638890968E-07
9.55973638890968E-07
9.55973638890968E-07
9.55973638890968E-07
9.55973638890968E-07
9.55973638890968E-07
9.55973638890968E-07
9.55973638890968E-07
9.55973638890968E-07
9.55973638890968E-07
9.55973638890968E-07
9.55973638890968E-07
9.55973638890968E-07
9.55973638890968E-07
9.55973638890968E-07
9.55973638890968E-07
9.55973638890968E-07
9.55973638890968E-07
9.55973638890968E-07
9.55973638890968E-07
9.55973638890968E-07
9.55973638890968E-07
9.55973638890968E-07
9.55973638890968E-07
9.55973638890968E-07
9.55973638890968E-07
9.55973638890968E-07
9.55973638890968E-07
9.55973638890968E-07
9.55973638890968E-07
9.55973638890968E-07
9.55973638890968E-07
9.55973638890968E-07
9.55973638890968E-07
9.55973638890968E-07
9.55973638890968E-07
9.55973638890968E-07
9.55973638890968E-07
9.55973638890968E-07
9.55973638890968E-07
9.55973638890968E-07
9.55973638890968E-07
9.55973638890968E-07
9.55973638890968E-07
9.55973638890968E-07
9.55973638890968E-07
9.55973638890968E-07
9.55973638890968E-07
9.55973638890968E-07
9.55973638890968E-07
9.55973638890968E-07
9.55973638890968E-07
9.55973638890968E-07
9.55973638890968E-07
9.55973638890968E-07
9.55973638890968E-07
9.55973638890968E-07
9.55973638890968E-07
9.55973638890968E-07
9.55973638890968E-07
9.55973638890968E-07
9.55973638890968E-07
9.55973638890968E-07
9.55973638890968E-07
9.55973638890968E-07
9.55973638890968E-07
9.55973638890968E-07
9.55973638890968E-07
9.55973638890968E-07
9.55973638890968E-07
9.55973638890968E-07
9.55973638890968E-07
9.55973638890968E-07
9.55973638890968E-07
9.55973638890968E-07
9.55973638890968E-07
9.55973638890968E-07
9.55973638890968E-07
9.55973638890968E-07
9.55973638890968E-07
9.55973638890968E-07
9.55973638890968E-07
9.55973638890968E-07
9.55973638890968E-07
9.55973638890968E-07
9.55973638890968E-07
9.55973638890968E-07
9.55973638890968E-07
9.55973638890968E-07
9.55973638890968E-07
9.55973638890968E-07
9.55973638890968E-07
9.55973638890968E-07
9.55973638890968E-07
9.55973638890968E-07
9.55973638890968E-07
9.55973638890968E-07
9.55973638890968E-07
9.55973638890968E-07
9.55973638890968E-07
9.55973638890968E-07
9.55973638890968E-07
9.55973638890968E-07
9.55973638890968E-07
9.55973638890968E-07
9.55973638890968E-07
9.55973638890968E-07
9.55973638890968E-07
9.55973638890968E-07
9.55973638890968E-07
9.55973638890968E-07
9.55973638890968E-07
9.55973638890968E-07
9.55973638890968E-07
9.55973638890968E-07
9.55973638890968E-07
9.55973638890968E-07
9.55973638890968E-07
9.55973638890968E-07
9.55973638890968E-07
9.55973638890968E-07
9.55973638890968E-07
9.55973638890968E-07
9.55973638890968E-07
9.55973638890968E-07
9.55973638890968E-07
9.55973638890968E-07
9.55973638890968E-07
9.55973638890968E-07
9.55973638890968E-07
9.55973638890968E-07
9.55973638890968E-07
9.55973638890968E-07
9.55973638890968E-07
9.55973638890968E-07
9.55973638890968E-07
9.55973638890968E-07
9.55973638890968E-07
9.55973638890968E-07
9.55973638890968E-07
9.55973638890968E-07
9.55973638890968E-07
9.55973638890968E-07
9.55973638890968E-07
9.55973638890968E-07
9.55973638890968E-07
9.55973638890968E-07
9.55973638890968E-07
9.55973638890968E-07
9.55973638890968E-07
9.55973638890968E-07
9.55973638890968E-07

