0.0814148607669593
0.0341252874288939
0.0341241551600383
0.0287856087350463
0.0217904626357796
0.0209312126521178
0.0131961518682118
0.0101378897864527
0.0099218342430355
0.00256850069443082
0.00246818937919258
0.00239125678662133
0.00222899011537003
0.00174115052443735
0.000784198937218927
0.000742133597023797
0.000545537857668088
0.000374222663246493
0.000337100242802202
0.000279351861748878
9.95155621097421E-05
9.95155621097421E-05
8.89886788465466E-05
5.24179316494511E-05
5.24179316494511E-05
4.36877402709701E-05
4.36877402709701E-05
4.36877402709701E-05
4.36877402709701E-05
4.26198449920978E-05
2.95418035282102E-05
2.95418035282102E-05
2.95418035282102E-05
2.92329008536596E-05
2.92329008536596E-05
2.40756091962613E-05
2.40756091962613E-05
2.40756091962613E-05
2.12768272144226E-05
2.12768272144226E-05
2.05837714823964E-05
8.38828884230924E-06
4.73225391317555E-06
4.73225391317555E-06
4.73225391317555E-06
4.73225391317555E-06
4.73225391317555E-06
2.46656936453427E-06
7.58130239253418E-07
6.69260776797742E-07
6.69260776797742E-07
6.69260776797742E-07
6.69260776797742E-07
6.69260776797742E-07
6.69260776797742E-07
6.46233963230713E-07
6.46233963230713E-07
6.46233963230713E-07
6.46233963230713E-07
6.46233963230713E-07
6.46233963230713E-07
6.46233963230713E-07
6.46233963230713E-07
6.46233963230713E-07
6.46233963230713E-07
6.46233963230713E-07
6.46233963230713E-07
6.46233963230713E-07
6.46233963230713E-07
6.46233963230713E-07
6.46233963230713E-07
5.11069138786624E-07
5.11069138786624E-07
5.11069138786624E-07
5.11069138786624E-07
5.11069138786624E-07
4.40323814743238E-07
4.40323814743238E-07
4.40323814743238E-07
4.40323814743238E-07
4.40323814743238E-07
4.40323814743238E-07
4.40323814743238E-07
4.40323814743238E-07
4.40323814743238E-07
4.40323814743238E-07
4.40323814743238E-07
4.40323814743238E-07
4.40323814743238E-07
4.40323814743238E-07
4.40323814743238E-07
4.40323814743238E-07
3.198991650466E-07
3.198991650466E-07
3.198991650466E-07
3.198991650466E-07
3.198991650466E-07
3.198991650466E-07
3.198991650466E-07
3.198991650466E-07
3.198991650466E-07
3.198991650466E-07
2.3130492454726E-07
2.3130492454726E-07
2.3130492454726E-07
2.3130492454726E-07
2.3130492454726E-07
2.3130492454726E-07
2.3130492454726E-07
2.3130492454726E-07
2.3130492454726E-07
2.3130492454726E-07
1.74159110910566E-07
1.74159110910566E-07
1.74159110910566E-07
1.74159110910566E-07
1.74159110910566E-07
1.74159110910566E-07
1.74159110910566E-07
1.74159110910566E-07
1.74159110910566E-07
1.74159110910566E-07
1.74159110910566E-07
1.74159110910566E-07
1.73740001052636E-07
1.73740001052636E-07
1.73740001052636E-07
1.73740001052636E-07
1.73740001052636E-07
1.73740001052636E-07
1.73740001052636E-07
1.73740001052636E-07
1.73740001052636E-07
1.73740001052636E-07
1.73740001052636E-07
1.73740001052636E-07
1.73740001052636E-07
1.73740001052636E-07
1.73740001052636E-07
1.73740001052636E-07
1.73740001052636E-07
1.73740001052636E-07
1.73740001052636E-07
1.73740001052636E-07
1.73740001052636E-07
1.73740001052636E-07
1.73740001052636E-07
1.73740001052636E-07
1.73740001052636E-07
1.73740001052636E-07
1.73740001052636E-07
1.73740001052636E-07
1.73740001052636E-07
1.73740001052636E-07
1.73740001052636E-07
1.73740001052636E-07
1.73740001052636E-07
1.19468260284528E-07
1.19468260284528E-07
1.19468260284528E-07
1.19468260284528E-07
1.19468260284528E-07
1.19468260284528E-07
1.19468260284528E-07
7.20750772398304E-08
7.20750772398304E-08
4.06889223425466E-08
4.06889223425466E-08
4.06889223425466E-08
4.06889223425466E-08
4.06889223425466E-08
4.06889223425466E-08
4.06889223425466E-08
4.06889223425466E-08
4.06889223425466E-08
4.06889223425466E-08
4.06889223425466E-08
4.06889223425466E-08
4.06889223425466E-08
4.06889223425466E-08
4.06889223425466E-08
4.06889223425466E-08
4.06889223425466E-08
4.06889223425466E-08
4.06889223425466E-08
4.06889223425466E-08
4.06889223425466E-08
4.06889223425466E-08
4.06889223425466E-08
3.00789350093922E-08
3.00789350093922E-08
3.00789350093922E-08
3.00789350093922E-08
3.00789350093922E-08
3.00789350093922E-08
3.00789350093922E-08
3.00789350093922E-08
3.00789350093922E-08
3.00789350093922E-08
3.00789350093922E-08
3.00789350093922E-08
3.00789350093922E-08
3.00789350093922E-08
2.13118022118763E-08
2.13118022118763E-08
2.13118022118763E-08
2.13118022118763E-08
2.13118022118763E-08
2.13118022118763E-08
2.13118022118763E-08
2.13118022118763E-08
2.13118022118763E-08
2.13118022118763E-08
2.13118022118763E-08
1.89728364130559E-08
1.89728364130559E-08
1.89728364130559E-08
1.89728364130559E-08
1.89728364130559E-08
1.89728364130559E-08
1.89728364130559E-08
1.89728364130559E-08
1.89728364130559E-08
1.89728364130559E-08
1.89728364130559E-08
1.89728364130559E-08
1.89728364130559E-08
1.89728364130559E-08
1.89728364130559E-08
1.86544155678092E-08
1.86544155678092E-08
1.86544155678092E-08
1.86544155678092E-08
1.86544155678092E-08
1.86544155678092E-08
1.86544155678092E-08
1.86544155678092E-08
1.86544155678092E-08
1.86544155678092E-08
1.86544155678092E-08
1.86544155678092E-08
1.86544155678092E-08
1.86544155678092E-08
1.86544155678092E-08
1.86544155678092E-08
1.86544155678092E-08
1.86544155678092E-08
1.86544155678092E-08
1.86544155678092E-08
1.86544155678092E-08
1.86544155678092E-08
1.86544155678092E-08
1.86544155678092E-08
1.86544155678092E-08
8.13706724223096E-09
8.13706724223096E-09
8.13706724223096E-09
8.13706724223096E-09
8.13706724223096E-09
8.13706724223096E-09
8.13706724223096E-09
8.13706724223096E-09
8.13706724223096E-09
8.13706724223096E-09
8.13706724223096E-09
8.13706724223096E-09
8.13706724223096E-09
8.13706724223096E-09
8.13706724223096E-09
8.13706724223096E-09
8.13706724223096E-09
8.13706724223096E-09
8.13706724223096E-09
7.18230264151742E-09
7.18230264151742E-09
7.18230264151742E-09
7.18230264151742E-09
7.18230264151742E-09
7.18230264151742E-09
7.18230264151742E-09
7.18230264151742E-09
7.18230264151742E-09
7.18230264151742E-09
7.18230264151742E-09
7.18230264151742E-09
7.18230264151742E-09
7.18230264151742E-09
7.18230264151742E-09
7.18230264151742E-09
7.18230264151742E-09
7.18230264151742E-09
7.18230264151742E-09
7.18230264151742E-09
7.18230264151742E-09
7.18230264151742E-09
7.18230264151742E-09
7.18230264151742E-09
7.18230264151742E-09
7.18230264151742E-09
7.18230264151742E-09
7.18230264151742E-09
7.18230264151742E-09
7.18230264151742E-09
3.36886107898948E-09
3.36886107898948E-09
3.06798142446496E-09
3.06798142446496E-09
3.06798142446496E-09
3.06798142446496E-09
3.06798142446496E-09
3.06798142446496E-09
3.06798142446496E-09
3.06798142446496E-09
3.06798142446496E-09
1.74667813546137E-09
1.74667813546137E-09
1.74667813546137E-09
7.37243266435428E-10
3.94472898790355E-10
3.94472898790355E-10
3.94472898790355E-10
3.94472898790355E-10
3.94472898790355E-10
3.94472898790355E-10
3.94472898790355E-10
3.94472898790355E-10
3.94472898790355E-10
3.94472898790355E-10
3.94472898790355E-10
3.94472898790355E-10
3.94472898790355E-10
3.94472898790355E-10
3.94472898790355E-10
3.94472898790355E-10
3.94472898790355E-10
3.94472898790355E-10
3.94472898790355E-10
3.94472898790355E-10
1.93305815798794E-10
1.93305815798794E-10
1.45509715387959E-10
1.45509715387959E-10
1.45509715387959E-10
1.45509715387959E-10
1.45509715387959E-10
1.45509715387959E-10
8.95286067503775E-11
8.95286067503775E-11
8.95286067503775E-11
8.95286067503775E-11
8.95286067503775E-11
8.95286067503775E-11
8.95286067503775E-11
8.95286067503775E-11
8.95286067503775E-11
8.95286067503775E-11
8.95286067503775E-11
8.95286067503775E-11
8.95286067503775E-11
8.95286067503775E-11
8.95286067503775E-11
8.95286067503775E-11
6.71727118373155E-11
6.71727118373155E-11
6.71727118373155E-11
6.71727118373155E-11
6.71727118373155E-11
6.71727118373155E-11
4.75465222748994E-11
9.76796421525705E-12
9.76796421525705E-12
9.76796421525705E-12
9.76796421525705E-12
9.76796421525705E-12
9.76796421525705E-12
9.76796421525705E-12
9.76796421525705E-12
9.76796421525705E-12
9.76796421525705E-12
9.76796421525705E-12
9.76796421525705E-12
9.76796421525705E-12
9.76796421525705E-12
9.76796421525705E-12
9.76796421525705E-12
9.76796421525705E-12
9.76796421525705E-12
9.76796421525705E-12
9.76796421525705E-12
9.76796421525705E-12
8.29925017598043E-12
8.29925017598043E-12
8.29925017598043E-12
8.29925017598043E-12
8.29925017598043E-12
8.29925017598043E-12
8.29925017598043E-12
8.29925017598043E-12
8.29925017598043E-12
8.29925017598043E-12
8.29925017598043E-12
5.2948756490423E-12
5.2948756490423E-12
5.2948756490423E-12
5.2948756490423E-12
5.2948756490423E-12
5.2948756490423E-12
5.2948756490423E-12
5.2948756490423E-12
2.39264164036967E-12
2.39264164036967E-12
2.39264164036967E-12
2.39264164036967E-12
2.39264164036967E-12
2.39264164036967E-12
2.39264164036967E-12
2.39264164036967E-12
2.39264164036967E-12
2.39264164036967E-12
2.39264164036967E-12
2.39264164036967E-12
2.39264164036967E-12
2.39264164036967E-12
2.39264164036967E-12
2.39264164036967E-12
2.39264164036967E-12
2.39264164036967E-12
2.39264164036967E-12
2.39264164036967E-12
2.39264164036967E-12
2.39264164036967E-12
1.90980564696019E-12
1.90980564696019E-12
1.90980564696019E-12
1.90980564696019E-12
1.90980564696019E-12
1.90980564696019E-12
1.90980564696019E-12
1.90980564696019E-12
1.90980564696019E-12
5.40345546085064E-13
5.40345546085064E-13
5.40345546085064E-13
5.40345546085064E-13
5.40345546085064E-13
5.40345546085064E-13
3.54938300972663E-13
3.54938300972663E-13
3.54938300972663E-13
3.54938300972663E-13
3.54938300972663E-13
3.54938300972663E-13
3.54938300972663E-13
3.54716256367738E-13
3.54716256367738E-13
3.54716256367738E-13
3.54716256367738E-13
3.54716256367738E-13
3.54716256367738E-13
3.54716256367738E-13
3.54716256367738E-13
3.54716256367738E-13
3.54716256367738E-13
3.54716256367738E-13
3.54716256367738E-13
3.54716256367738E-13
3.54716256367738E-13
2.45581333047085E-13
2.45581333047085E-13
2.45581333047085E-13
2.45581333047085E-13
2.45581333047085E-13
1.87072579649339E-13
1.87072579649339E-13
1.87072579649339E-13
1.87072579649339E-13
1.87072579649339E-13
1.87072579649339E-13
1.87072579649339E-13
1.87072579649339E-13
1.87072579649339E-13
1.87072579649339E-13
1.87072579649339E-13
1.70530256582424E-13
1.70530256582424E-13
1.70530256582424E-13
1.70530256582424E-13
1.70530256582424E-13
1.63868918434673E-13
1.63868918434673E-13
1.63868918434673E-13
1.63868918434673E-13
1.63868918434673E-13
1.63868918434673E-13
1.63868918434673E-13
1.63868918434673E-13
1.63868918434673E-13
1.63868918434673E-13
1.51434420558871E-13
1.51434420558871E-13

