0.04386059445176
0.0196713430633462
0.018270804463775
0.0119100704416572
0.0113617481082146
0.0105392000784608
0.00705442765536901
0.00702648216715107
0.0058790159989871
0.00199913432922816
0.00102504422530425
0.000649912040234457
0.000617245757463247
0.000355311524488311
0.000355311524488311
0.000346161342613449
0.000346161342613449
0.000344401306117681
0.00030921155440089
0.000257007755596783
0.000246863014951804
0.000221540385921593
0.000221540385921593
0.000221540385921593
0.000117435052343962
3.68466635117803E-05
1.39940165088115E-05
1.39940165088115E-05
1.39940165088115E-05
1.01121628668377E-05
7.61994212084005E-06
7.61994212084005E-06
7.61994212084005E-06
7.55844046662624E-06
7.55844046662624E-06
7.55844046662624E-06
7.55844046662624E-06
7.55844046662624E-06
7.55844046662624E-06
5.44806793878472E-06
5.44806793878472E-06
5.44806793878472E-06
5.44806793878472E-06
5.44806793878472E-06
5.44806793878472E-06
4.42998764016433E-06
4.42998764016433E-06
4.42998764016433E-06
4.42998764016433E-06
4.42998764016433E-06
4.42998764016433E-06
4.42998764016433E-06
3.87395157386283E-06
3.87395157386283E-06
3.87395157386283E-06
2.23309862512622E-06
2.23309862512622E-06
2.23309862512622E-06
2.23309862512622E-06
2.23309862512622E-06
1.98787420835345E-06
1.98787420835345E-06
1.98787420835345E-06
1.98787420835345E-06
1.98787420835345E-06
1.98787420835345E-06
1.98787420835345E-06
1.98787420835345E-06
1.98787420835345E-06
1.98787420835345E-06
1.98787420835345E-06
1.98787420835345E-06
1.98787420835345E-06
8.54578705133946E-07
8.54578705133946E-07
8.54578705133946E-07
8.54578705133946E-07
8.54578705133946E-07
8.54578705133946E-07
8.54578705133946E-07
8.54578705133946E-07
8.54578705133946E-07
8.54578705133946E-07
8.54578705133946E-07
8.54578705133946E-07
8.54578705133946E-07
8.54578705133946E-07
8.54578705133946E-07
8.54578705133946E-07
8.54578705133946E-07
1.55984293703781E-07
1.55984293703781E-07
1.55984293703781E-07
1.55984293703781E-07
1.55984293703781E-07
1.55984293703781E-07
1.55984293703781E-07
2.13628793543919E-08
2.13628793543919E-08
2.13628793543919E-08
2.13628793543919E-08
2.13628793543919E-08
2.13628793543919E-08
2.13628793543919E-08
2.13628793543919E-08
2.13628793543919E-08
2.13628793543919E-08
2.13628793543919E-08
2.13628793543919E-08
2.13628793543919E-08
2.13628793543919E-08
2.13628793543919E-08
2.13628793543919E-08
2.13628793543919E-08
2.13628793543919E-08
2.13628793543919E-08
2.13628793543919E-08
2.13628793543919E-08
2.13628793543919E-08
2.13628793543919E-08
2.13628793543919E-08
2.13628793543919E-08
2.13628793543919E-08
2.13628793543919E-08
2.13628793543919E-08
2.13628793543919E-08
2.13628793543919E-08
2.13628793543919E-08
2.13628793543919E-08
2.13628793543919E-08
2.13628793543919E-08
2.13628793543919E-08
2.13628793543919E-08
2.13628793543919E-08
2.13628793543919E-08
2.13628793543919E-08
2.13628793543919E-08
2.13628793543919E-08
2.13628793543919E-08
2.13628793543919E-08
2.13628793543919E-08
2.13628793543919E-08
2.13628793543919E-08
2.13628793543919E-08
2.13628793543919E-08
2.13628793543919E-08
1.73384901991369E-08
1.73384901991369E-08
1.73384901991369E-08
1.73384901991369E-08
1.73384901991369E-08
1.73384901991369E-08
1.73384901991369E-08
1.73384901991369E-08
1.73384901991369E-08
1.73384901991369E-08
1.73384901991369E-08
1.73384901991369E-08
1.73384901991369E-08
1.73384901991369E-08
1.73384901991369E-08
1.73384901991369E-08
1.73384901991369E-08
1.73384901991369E-08
1.73384901991369E-08
1.73384901991369E-08
1.73384901991369E-08
1.73384901991369E-08
1.73384901991369E-08
1.73384901991369E-08
1.73384901991369E-08
1.73384901991369E-08
1.73384901991369E-08
1.73384901991369E-08
1.73384901991369E-08
1.73384901991369E-08
1.73384901991369E-08
1.73384901991369E-08
1.73384901991369E-08
1.73384901991369E-08
1.73384901991369E-08
1.73384901991369E-08
1.73384901991369E-08
1.73384901991369E-08
1.73384901991369E-08
1.73384901991369E-08
1.73384901991369E-08
1.73384901991369E-08
1.73384901991369E-08
1.73384901991369E-08
1.73384901991369E-08
1.73384901991369E-08
1.73384901991369E-08
1.73384901991369E-08
1.73384901991369E-08
1.73384901991369E-08
1.73384901991369E-08
1.73384901991369E-08
1.73384901991369E-08
1.73384901991369E-08
1.73384901991369E-08
1.73384901991369E-08
1.73384901991369E-08
1.73384901991369E-08
1.73384901991369E-08
1.73384901991369E-08
1.73384901991369E-08
1.73384901991369E-08
1.73384901991369E-08
1.73384901991369E-08
1.73384901991369E-08
1.73384901991369E-08
1.73384901991369E-08
1.73384901991369E-08
1.73384901991369E-08
1.73384901991369E-08
1.73384901991369E-08
1.73384901991369E-08
1.73384901991369E-08
1.73384901991369E-08
1.73384901991369E-08
1.73384901991369E-08
1.73384901991369E-08
1.73384901991369E-08
1.73384901991369E-08
1.73384901991369E-08
1.73384901991369E-08
1.73384901991369E-08
1.73384901991369E-08
1.73384901991369E-08
1.73384901991369E-08
1.73384901991369E-08
1.73384901991369E-08
1.73384901991369E-08
1.73384901991369E-08
1.73384901991369E-08
1.73384901991369E-08
1.73384901991369E-08
1.73384901991369E-08
1.73384901991369E-08
1.73384901991369E-08
1.73384901991369E-08
1.73384901991369E-08
1.73384901991369E-08
1.73384901991369E-08
1.73384901991369E-08
1.73384901991369E-08
1.73384901991369E-08
1.73384901991369E-08
1.73384901991369E-08
1.73384901991369E-08
1.73384901991369E-08
1.73384901991369E-08
1.73384901991369E-08
1.73384901991369E-08
1.73384901991369E-08
1.73384901991369E-08
1.73384901991369E-08
1.73384901991369E-08
1.73384901991369E-08
1.73384901991369E-08
1.73384901991369E-08
1.73384901991369E-08
1.73384901991369E-08
1.73384901991369E-08
1.73384901991369E-08
1.73384901991369E-08
1.73384901991369E-08
1.73384901991369E-08
1.82206505439098E-09
1.82206505439098E-09
1.82206505439098E-09
1.82206505439098E-09
1.82206505439098E-09
1.82206505439098E-09
1.82206505439098E-09
1.82206505439098E-09
1.82206505439098E-09
1.82206505439098E-09
1.82206505439098E-09
1.82206505439098E-09
1.82206505439098E-09
5.42766276367956E-10
5.42766276367956E-10
5.42766276367956E-10
5.42766276367956E-10
5.42766276367956E-10
5.42766276367956E-10
5.42766276367956E-10
5.42766276367956E-10
5.42766276367956E-10
5.42766276367956E-10
5.42766276367956E-10
5.42766276367956E-10
5.42766276367956E-10
5.42766276367956E-10
5.42766276367956E-10
5.42766276367956E-10
5.42766276367956E-10
5.42766276367956E-10
5.42766276367956E-10
5.42766276367956E-10
5.42766276367956E-10
5.42766276367956E-10
5.42766276367956E-10
5.42766276367956E-10
5.42766276367956E-10
5.42766276367956E-10
5.42766276367956E-10
5.42766276367956E-10
5.42766276367956E-10
5.42766276367956E-10
5.42766276367956E-10
5.42766276367956E-10
5.42766276367956E-10
5.42766276367956E-10
5.42766276367956E-10
5.42766276367956E-10
5.42766276367956E-10
5.42766276367956E-10
5.42766276367956E-10
5.42766276367956E-10
5.42766276367956E-10
5.42766276367956E-10
5.42766276367956E-10
5.42766276367956E-10
5.42766276367956E-10
5.42766276367956E-10
5.42766276367956E-10
5.42766276367956E-10
5.42766276367956E-10
5.42766276367956E-10
5.42766276367956E-10
5.42766276367956E-10
5.42766276367956E-10
5.42766276367956E-10
5.42766276367956E-10
5.42766276367956E-10
5.42766276367956E-10
5.42766276367956E-10
5.42766276367956E-10
5.42766276367956E-10
1.87220461356219E-10
1.87220461356219E-10
1.87220461356219E-10
1.87220461356219E-10
1.87220461356219E-10
1.87220461356219E-10
1.87220461356219E-10
1.87220461356219E-10
1.87220461356219E-10
1.87220461356219E-10
1.87220461356219E-10
1.87220461356219E-10
1.87220461356219E-10
1.87220461356219E-10
1.3749634764082E-10
1.3749634764082E-10
1.3749634764082E-10
1.3749634764082E-10
1.3749634764082E-10
1.3749634764082E-10
1.3749634764082E-10
1.3749634764082E-10
1.3749634764082E-10
1.3749634764082E-10
1.3749634764082E-10
1.3749634764082E-10
1.3749634764082E-10
1.3749634764082E-10
1.3749634764082E-10
1.3749634764082E-10
1.3749634764082E-10
7.25121074296453E-11
7.25121074296453E-11
7.25121074296453E-11
7.25121074296453E-11
7.25121074296453E-11
7.25121074296453E-11
7.25121074296453E-11
7.25121074296453E-11
7.25121074296453E-11
7.25121074296453E-11
7.25121074296453E-11
7.25121074296453E-11
7.25121074296453E-11
6.96083191087382E-11
6.96083191087382E-11
6.96083191087382E-11
6.96083191087382E-11
6.96083191087382E-11
6.96083191087382E-11
6.96083191087382E-11
6.96083191087382E-11
6.96083191087382E-11
5.47828449271037E-11
5.47828449271037E-11
5.47828449271037E-11
3.93907129137006E-11
3.15386605720391E-11
3.15386605720391E-11
3.15386605720391E-11
3.15386605720391E-11
3.15386605720391E-11
3.15386605720391E-11
3.15386605720391E-11
3.15386605720391E-11
3.15386605720391E-11
3.15386605720391E-11
3.15386605720391E-11
3.15386605720391E-11
3.15386605720391E-11
3.15386605720391E-11
3.15386605720391E-11
3.15386605720391E-11
3.15386605720391E-11
3.15386605720391E-11
3.15386605720391E-11
2.98111535457224E-11
2.98111535457224E-11
2.98111535457224E-11
2.98111535457224E-11
2.12279083200428E-11
2.12279083200428E-11
2.12279083200428E-11
2.12279083200428E-11
2.12279083200428E-11
2.12279083200428E-11
1.89676052642085E-11
1.89676052642085E-11
1.89676052642085E-11
1.76365588799854E-11
1.76365588799854E-11
1.76365588799854E-11
1.76365588799854E-11
1.40583100716185E-11
1.40583100716185E-11
1.40583100716185E-11
1.40040201657143E-11
1.40040201657143E-11
1.30726540703563E-11
4.23272528138341E-12
4.23272528138341E-12
4.23272528138341E-12
4.23272528138341E-12
4.23272528138341E-12
4.23272528138341E-12
4.23272528138341E-12
4.23272528138341E-12
1.47337697598005E-12
1.47337697598005E-12
1.47337697598005E-12
1.47337697598005E-12
1.47337697598005E-12
1.28219657113959E-12
1.28219657113959E-12
1.28219657113959E-12
1.08912878715728E-12
1.08912878715728E-12
1.08912878715728E-12
1.08912878715728E-12
1.08912878715728E-12
1.08912878715728E-12
1.08246744900953E-13
1.08246744900953E-13
1.08246744900953E-13
1.08246744900953E-13
1.08246744900953E-13
1.08246744900953E-13
1.08246744900953E-13
1.08246744900953E-13
1.08246744900953E-13
1.08246744900953E-13
1.08246744900953E-13
1.08246744900953E-13
1.08246744900953E-13
1.08246744900953E-13
1.08246744900953E-13
1.08246744900953E-13
1.08246744900953E-13
1.08246744900953E-13
1.06692432666478E-13
1.06692432666478E-13
1.06692432666478E-13
1.06692432666478E-13
1.06692432666478E-13
1.06692432666478E-13
1.06692432666478E-13
1.06692432666478E-13
1.06692432666478E-13
1.06692432666478E-13
1.06692432666478E-13
1.06692432666478E-13
1.06692432666478E-13
1.06692432666478E-13
1.00364161426114E-13
1.00364161426114E-13
1.00364161426114E-13
1.00364161426114E-13
1.00364161426114E-13

