0.159298890620842
0.060094559061085
0.0600734816195214
0.02704631057008
0.024990772351013
0.0199295734158665
0.0184129994069893
0.0129496340910197
0.0116948782469108
0.011684311501939
0.0106006746084889
0.00919252272924032
0.00117290068733211
0.00107501283021616
0.000935450166330121
0.000930583665612605
0.000761817180958912
0.000755402512204739
0.000747996231678982
0.000699728496630359
0.000448228323712052
0.000309169638399442
0.000282240053441352
3.26738821893047E-05
3.26738821893047E-05
3.24622382951167E-05
5.01757417126214E-06
5.01757417126214E-06
5.01757417126214E-06
5.01757417126214E-06
4.60486103881497E-06
4.60486103881497E-06
4.60486103881497E-06
4.60486103881497E-06
4.60486103881497E-06
3.93884505445197E-06
1.03543434915032E-06
1.03543434915032E-06
1.03543434915032E-06
1.03543434915032E-06
1.03543434915032E-06
1.03543434915032E-06
1.03543434915032E-06
1.03543434915032E-06
1.03543434915032E-06
1.03543434915032E-06
1.03543434915032E-06
1.03543434915032E-06
1.03543434915032E-06
1.03543434915032E-06
1.03543434915032E-06
1.03543434915032E-06
1.03543434915032E-06
1.03543434915032E-06
1.03543434915032E-06
9.37613621632138E-07
9.37613621632138E-07
9.37613621632138E-07
9.37613621632138E-07
9.37613621632138E-07
9.37613621632138E-07
9.37613621632138E-07
9.37613621632138E-07
9.37613621632138E-07
9.37613621632138E-07
9.37613621632138E-07
9.37613621632138E-07
9.37613621632138E-07
9.37613621632138E-07
9.37613621632138E-07
8.75595773885962E-07
8.75595773885962E-07
8.75595773885962E-07
8.75595773885962E-07
7.53859253355138E-07
1.73584966955964E-07
1.73584966955964E-07
1.73584966955964E-07
1.73584966955964E-07
1.73584966955964E-07
1.73584966955964E-07
1.73584966955964E-07
1.73584966955964E-07
1.73584966955964E-07
1.73584966955964E-07
1.73584966955964E-07
1.73584966955964E-07
1.73584966955964E-07
1.73584966955964E-07
1.73584966955964E-07
1.73584966955964E-07
1.73584966955964E-07
1.73584966955964E-07
1.73584966955964E-07
1.73584966955964E-07
1.73584966955964E-07
1.73584966955964E-07
1.73584966955964E-07
1.73584966955964E-07
1.73584966955964E-07
1.73584966955964E-07
1.73584966955964E-07
1.73584966955964E-07
1.73584966955964E-07
1.73584966955964E-07
1.73584966955964E-07
1.73584966955964E-07
1.73584966955964E-07
1.73584966955964E-07
1.73584966955964E-07
1.73584966955964E-07
1.73584966955964E-07
1.73584966955964E-07
1.73584966955964E-07
1.73584966955964E-07
1.73584966955964E-07
1.73584966955964E-07
1.73584966955964E-07
1.73584966955964E-07
1.73584966955964E-07
1.73584966955964E-07
1.73584966955964E-07
1.73584966955964E-07
1.73584966955964E-07
1.41003347442492E-07
1.41003347442492E-07
1.41003347442492E-07
1.41003347442492E-07
1.06664422849789E-07
1.06664422849789E-07
1.06664422849789E-07
1.06664422849789E-07
1.06664422849789E-07
1.06664422849789E-07
1.06664422849789E-07
1.06664422849789E-07
1.06664422849789E-07
1.06664422849789E-07
1.06664422849789E-07
1.06664422849789E-07
1.06664422849789E-07
1.06664422849789E-07
1.06664422849789E-07
1.06664422849789E-07
1.06664422849789E-07
1.06664422849789E-07
1.06664422849789E-07
1.06664422849789E-07
1.06664422849789E-07
1.06664422849789E-07
1.06664422849789E-07
1.06664422849789E-07
1.06664422849789E-07
1.06664422849789E-07
1.06664422849789E-07
1.06664422849789E-07
1.06664422849789E-07
1.01228054938396E-07
1.01228054938396E-07
1.01228054938396E-07
1.01228054938396E-07
1.01228054938396E-07
9.74402596387591E-08
9.74402596387591E-08
9.74402596387591E-08
9.74402596387591E-08
9.74402596387591E-08
9.74402596387591E-08
9.74402596387591E-08
9.74402596387591E-08
9.74402596387591E-08
8.37696907396435E-08
8.37696907396435E-08
8.37696907396435E-08
8.37696907396435E-08
8.37696907396435E-08
8.37696907396435E-08
8.37696907396435E-08
8.37696907396435E-08
7.70790434811985E-08
7.70790434811985E-08
7.70790434811985E-08
7.70790434811985E-08
7.70790434811985E-08
7.70790434811985E-08
7.70790434811985E-08
7.70790434811985E-08
7.70790434811985E-08
4.22013648471165E-08
4.22013648471165E-08
4.22013648471165E-08
4.22013648471165E-08
4.22013648471165E-08
4.22013648471165E-08
4.22013648471165E-08
4.02797469822858E-08
4.02797469822858E-08
4.02797469822858E-08
4.02797469822858E-08
4.02797469822858E-08
4.02797469822858E-08
4.02797469822858E-08
4.02797469822858E-08
4.02797469822858E-08
4.02797469822858E-08
4.02797469822858E-08
4.02797469822858E-08
4.02797469822858E-08
4.02797469822858E-08
4.02797469822858E-08
4.02797469822858E-08
4.02797469822858E-08
4.02797469822858E-08
4.02797469822858E-08
4.02797469822858E-08
4.02797469822858E-08
4.02797469822858E-08
4.02797469822858E-08
4.02797469822858E-08
4.02797469822858E-08
4.02797469822858E-08
4.02797469822858E-08
4.02797469822858E-08
4.02797469822858E-08
4.02797469822858E-08
4.02797469822858E-08
4.02797469822858E-08
4.02797469822858E-08
4.02797469822858E-08
4.02797469822858E-08
4.02797469822858E-08
4.02797469822858E-08
4.02797469822858E-08
4.02797469822858E-08
2.16828814902925E-08
2.16828814902925E-08
2.16828814902925E-08
2.16828814902925E-08
2.16828814902925E-08
2.16828814902925E-08
2.16828814902925E-08
2.16828814902925E-08
2.16828814902925E-08
1.95281685266835E-08
1.95281685266835E-08
1.95281685266835E-08
1.95281685266835E-08
1.95281685266835E-08
1.95281685266835E-08
1.95281685266835E-08
1.95281685266835E-08
1.95281685266835E-08
1.95281685266835E-08
1.95281685266835E-08
9.20939280391053E-09
9.20939280391053E-09
9.20939280391053E-09
9.20939280391053E-09
9.20939280391053E-09
9.20939280391053E-09
9.20939280391053E-09
9.20939280391053E-09
9.20939280391053E-09
9.20939280391053E-09
9.20939280391053E-09
9.20939280391053E-09
9.20939280391053E-09
4.89300933104175E-09
4.89300933104175E-09
4.89300933104175E-09
4.89300933104175E-09
4.89300933104175E-09
4.89300933104175E-09
4.89300933104175E-09
4.89300933104175E-09
4.89300933104175E-09
4.89300933104175E-09
4.89300933104175E-09
4.89300933104175E-09
4.89300933104175E-09
4.89300933104175E-09
4.89300933104175E-09
4.89300933104175E-09
4.89300933104175E-09
4.42735692551821E-09
4.42735692551821E-09
4.42735692551821E-09
4.42735692551821E-09
4.42735692551821E-09
4.42735692551821E-09
4.42735692551821E-09
1.93369986689618E-09
1.93369986689618E-09
1.93369986689618E-09
1.93369986689618E-09
1.93369986689618E-09
1.93369986689618E-09
1.93369986689618E-09
1.93369986689618E-09
1.93369986689618E-09
1.93369986689618E-09
1.93369986689618E-09
1.93369986689618E-09
1.93369986689618E-09
1.93369986689618E-09
1.93369986689618E-09
1.93369986689618E-09
1.93369986689618E-09
1.93369986689618E-09
1.93369986689618E-09
1.93369986689618E-09
1.131121973863E-09
1.131121973863E-09
1.131121973863E-09
1.131121973863E-09
1.131121973863E-09
1.131121973863E-09
1.131121973863E-09
1.131121973863E-09
1.131121973863E-09
1.131121973863E-09
1.131121973863E-09
1.131121973863E-09
1.131121973863E-09
3.38484573703113E-10
3.38484573703113E-10
3.38484573703113E-10
3.38484573703113E-10
3.38484573703113E-10
3.38484573703113E-10
3.38484573703113E-10
3.38484573703113E-10
3.38484573703113E-10
3.38484573703113E-10
3.38484573703113E-10
3.38484573703113E-10
3.38484573703113E-10
3.38484573703113E-10
3.38484573703113E-10
1.20878862475138E-10
1.20878862475138E-10
1.20878862475138E-10
1.20878862475138E-10
1.20878862475138E-10
1.20878862475138E-10
1.20878862475138E-10
1.20878862475138E-10
1.20878862475138E-10
1.20878862475138E-10
1.20878862475138E-10
1.20878862475138E-10
1.20878862475138E-10
1.20878862475138E-10
1.20878862475138E-10
1.20878862475138E-10
1.20878862475138E-10
1.20878862475138E-10
1.20878862475138E-10
1.20878862475138E-10
1.20878862475138E-10
1.20878862475138E-10
1.20878862475138E-10
1.20878862475138E-10
1.15303100400865E-10
1.15303100400865E-10
1.15303100400865E-10
1.15303100400865E-10
1.15303100400865E-10
1.15303100400865E-10
1.15303100400865E-10
1.15303100400865E-10
1.15303100400865E-10
1.15303100400865E-10
1.15303100400865E-10
1.15303100400865E-10
1.15303100400865E-10
1.15303100400865E-10
1.15303100400865E-10
1.15303100400865E-10
1.15303100400865E-10
1.15303100400865E-10
1.15303100400865E-10
1.15303100400865E-10
8.74927907901224E-11
8.74927907901224E-11
8.74927907901224E-11
8.65828519991396E-11
8.65828519991396E-11
8.65828519991396E-11
8.65828519991396E-11
8.65828519991396E-11
8.44390113385884E-11
7.98565658044481E-11
7.98565658044481E-11
4.84143836132489E-11
3.78675979462173E-11
3.19040349694433E-11
3.19040349694433E-11
3.19040349694433E-11
3.19040349694433E-11
3.19040349694433E-11
1.28732580151336E-11
1.09915410106964E-11
1.09915410106964E-11
1.09915410106964E-11
8.46811509802592E-12
8.46811509802592E-12
8.46811509802592E-12
8.46811509802592E-12
8.46811509802592E-12
8.46811509802592E-12
8.46811509802592E-12
8.46811509802592E-12
6.69397870467492E-12
6.69397870467492E-12
6.69397870467492E-12
6.69397870467492E-12
6.69397870467492E-12
4.91506835231803E-12
4.91506835231803E-12
4.91506835231803E-12
4.91506835231803E-12
4.91506835231803E-12
3.03146396873899E-12
3.03146396873899E-12
3.03146396873899E-12
7.1098682496995E-13
7.1098682496995E-13
7.1098682496995E-13
7.1098682496995E-13
7.1098682496995E-13
7.1098682496995E-13
7.1098682496995E-13
7.1098682496995E-13
7.1098682496995E-13
7.1098682496995E-13
7.1098682496995E-13
7.1098682496995E-13
7.1098682496995E-13
7.1098682496995E-13
7.08433312013312E-13
1.72750702631674E-13
1.72750702631674E-13
1.72750702631674E-13
1.72750702631674E-13
1.72750702631674E-13
1.72750702631674E-13
1.72750702631674E-13
1.72750702631674E-13
1.72750702631674E-13
1.72750702631674E-13
1.72750702631674E-13
1.72750702631674E-13
1.72750702631674E-13
1.72750702631674E-13
1.72750702631674E-13
1.72750702631674E-13
1.5842882561401E-13
1.5842882561401E-13
1.5842882561401E-13
1.5842882561401E-13
1.5842882561401E-13
1.53987933515509E-13
1.53987933515509E-13
1.53987933515509E-13
1.04916075827077E-13
1.04916075827077E-13
1.04916075827077E-13
6.3726801613484E-14
6.3726801613484E-14
6.3726801613484E-14
6.3726801613484E-14
6.3726801613484E-14
6.3726801613484E-14
6.3726801613484E-14
6.3726801613484E-14
6.3726801613484E-14
6.3726801613484E-14
6.3726801613484E-14
6.3726801613484E-14
6.3726801613484E-14
6.3726801613484E-14
6.3726801613484E-14
6.3726801613484E-14
6.3726801613484E-14
6.3726801613484E-14
6.3726801613484E-14
6.28386231937839E-14
6.28386231937839E-14
6.28386231937839E-14
3.96349619791181E-14
3.96349619791181E-14
3.96349619791181E-14
3.96349619791181E-14
3.96349619791181E-14
3.96349619791181E-14
3.96349619791181E-14
3.96349619791181E-14
3.96349619791181E-14
3.96349619791181E-14

