0.0905664438422746
0.088868514592261
0.088868514592261
0.0888622909767975
0.023952404415139
0.00881744764549541
0.00549330197225806
0.00548856694090483
0.0054652916619915
0.0054652916619915
0.00368020725443419
0.00335135717545287
0.000972020548883124
0.00066236098607042
0.000617154537533304
0.000516490899844291
0.000475203698949711
0.000422509754253286
0.000308613481156739
0.000271561412912624
0.000244208940663793
0.000183661647827793
9.10006409464703E-05
9.10006409464703E-05
9.07411826585047E-05
9.07411826585047E-05
5.46763488139534E-05
5.46763488139534E-05
2.39226451369534E-05
2.36761639933469E-05
2.36761639933469E-05
2.29940896958603E-05
2.29940896958603E-05
2.29940896958603E-05
2.29940896958603E-05
2.29940896958603E-05
2.29940896958603E-05
1.3481400049975E-05
1.3481400049975E-05
1.3481400049975E-05
1.11730276698419E-05
1.07656025936098E-05
5.10055601210535E-06
5.10055601210535E-06
5.10055601210535E-06
5.10055601210535E-06
5.10055601210535E-06
5.10055601210535E-06
5.10055601210535E-06
4.00629422581122E-06
4.00629422581122E-06
4.00629422581122E-06
4.00629422581122E-06
4.00629422581122E-06
4.00629422581122E-06
2.01116236497878E-06
2.01116236497878E-06
2.01116236497878E-06
2.01116236497878E-06
2.01116236497878E-06
2.01116236497878E-06
2.01116236497878E-06
2.01116236497878E-06
2.01116236497878E-06
2.01116236497878E-06
2.01116236497878E-06
2.01116236497878E-06
2.01116236497878E-06
2.01116236497878E-06
2.01116236497878E-06
1.69668694460778E-06
1.69668694460778E-06
1.58144016060291E-06
1.58144016060291E-06
1.58144016060291E-06
5.71381795988479E-07
5.71381795988479E-07
5.71381795988479E-07
5.71381795988479E-07
5.71381795988479E-07
5.71381795988479E-07
5.71381795988479E-07
5.71381795988479E-07
5.71381795988479E-07
5.71381795988479E-07
5.71381795988479E-07
5.71381795988479E-07
5.71381795988479E-07
5.71381795988479E-07
5.71381795988479E-07
5.71381795988479E-07
5.71381795988479E-07
5.71381795988479E-07
5.71381795988479E-07
5.71381795988479E-07
5.71381795988479E-07
5.71381795988479E-07
5.71381795988479E-07
5.71381795988479E-07
2.62625717839526E-07
2.62625717839526E-07
2.62625717839526E-07
1.52642835593575E-07
1.52642835593575E-07
1.52642835593575E-07
1.52642835593575E-07
1.52642835593575E-07
1.52642835593575E-07
1.52642835593575E-07
1.52642835593575E-07
1.52642835593575E-07
1.52642835593575E-07
1.52642835593575E-07
1.52642835593575E-07
1.52642835593575E-07
1.52642835593575E-07
1.52642835593575E-07
1.52642835593575E-07
1.52642835593575E-07
1.52642835593575E-07
1.52642835593575E-07
1.52642835593575E-07
1.52642835593575E-07
1.52642835593575E-07
1.52642835593575E-07
1.52642835593575E-07
1.52642835593575E-07
1.52642835593575E-07
1.52642835593575E-07
1.52642835593575E-07
1.52642835593575E-07
1.52642835593575E-07
1.52642835593575E-07
1.52642835593575E-07
1.52642835593575E-07
1.52642835593575E-07
1.52642835593575E-07
1.52642835593575E-07
1.52642835593575E-07
1.52642835593575E-07
1.52642835593575E-07
1.52642835593575E-07
1.52642835593575E-07
1.52642835593575E-07
1.52642835593575E-07
1.52642835593575E-07
1.52642835593575E-07
1.52642835593575E-07
1.52642835593575E-07
1.52642835593575E-07
1.52642835593575E-07
1.52642835593575E-07
1.52642835593575E-07
1.52642835593575E-07
1.52642835593575E-07
1.52642835593575E-07
1.52642835593575E-07
1.52642835593575E-07
1.52642835593575E-07
1.52642835593575E-07
1.52642835593575E-07
1.52642835593575E-07
1.52642835593575E-07
1.52642835593575E-07
1.52642835593575E-07
1.52642835593575E-07
1.52642835593575E-07
1.52642835593575E-07
1.52642835593575E-07
1.33961621240353E-07
1.33961621240353E-07
1.33961621240353E-07
1.33961621240353E-07
1.33961621240353E-07
1.33961621240353E-07
1.33961621240353E-07
1.33961621240353E-07
1.33961621240353E-07
8.2198120643362E-08
8.2198120643362E-08
8.2198120643362E-08
8.2198120643362E-08
8.2198120643362E-08
8.2198120643362E-08
8.2198120643362E-08
8.2198120643362E-08
8.2198120643362E-08
8.2198120643362E-08
8.2198120643362E-08
8.2198120643362E-08
8.2198120643362E-08
8.2198120643362E-08
8.2198120643362E-08
8.2198120643362E-08
8.2198120643362E-08
8.2198120643362E-08
8.2198120643362E-08
8.2198120643362E-08
8.2198120643362E-08
8.2198120643362E-08
8.2198120643362E-08
8.2198120643362E-08
8.2198120643362E-08
8.2198120643362E-08
8.2198120643362E-08
8.2198120643362E-08
8.2198120643362E-08
8.2198120643362E-08
8.2198120643362E-08
8.2198120643362E-08
3.90502383762481E-08
3.90502383762481E-08
3.90502383762481E-08
3.90502383762481E-08
3.90502383762481E-08
3.90502383762481E-08
3.90502383762481E-08
3.90502383762481E-08
3.47423929625279E-08
3.47423929625279E-08
3.47423929625279E-08
3.47423929625279E-08
3.47423929625279E-08
3.47423929625279E-08
3.47423929625279E-08
3.47423929625279E-08
1.16801243121856E-08
1.16801243121856E-08
1.16801243121856E-08
1.16801243121856E-08
1.16801243121856E-08
1.16801243121856E-08
1.16801243121856E-08
1.16801243121856E-08
1.16801243121856E-08
1.16801243121856E-08
1.16801243121856E-08
1.16801243121856E-08
1.16801243121856E-08
1.16801243121856E-08
1.16801243121856E-08
1.16801243121856E-08
1.16801243121856E-08
1.16801243121856E-08
1.16801243121856E-08
1.16801243121856E-08
1.16801243121856E-08
1.16801243121856E-08
1.16801243121856E-08
1.16801243121856E-08
1.16801243121856E-08
1.16801243121856E-08
1.16801243121856E-08
1.16801243121856E-08
1.16801243121856E-08
1.16801243121856E-08
1.16801243121856E-08
1.16801243121856E-08
1.16801243121856E-08
1.16801243121856E-08
1.16801243121856E-08
1.16801243121856E-08
1.16801243121856E-08
1.16801243121856E-08
1.16801243121856E-08
1.16801243121856E-08
1.16801243121856E-08
1.16801243121856E-08
9.5755935403119E-09
9.5755935403119E-09
9.5755935403119E-09
9.5755935403119E-09
9.5755935403119E-09
9.5755935403119E-09
9.5755935403119E-09
9.5755935403119E-09
9.5755935403119E-09
9.5755935403119E-09
9.5755935403119E-09
9.5755935403119E-09
9.5755935403119E-09
9.5755935403119E-09
9.5755935403119E-09
9.5755935403119E-09
9.5755935403119E-09
9.5755935403119E-09
9.5755935403119E-09
9.5755935403119E-09
9.5755935403119E-09
8.44605352323669E-09
8.44605352323669E-09
8.44605352323669E-09
6.69857846968824E-09
6.69857846968824E-09
6.69857846968824E-09
6.69857846968824E-09
6.69857846968824E-09
6.69857846968824E-09
6.69857846968824E-09
6.69857846968824E-09
6.69857846968824E-09
6.69857846968824E-09
4.31671931533373E-09
4.31671931533373E-09
4.31671931533373E-09
4.31671931533373E-09
4.31671931533373E-09
4.31671931533373E-09
4.31671931533373E-09
4.31671931533373E-09
2.72579192550637E-09
2.01255467846551E-09
2.01255467846551E-09
2.01255467846551E-09
2.01255467846551E-09
2.01255467846551E-09
2.01255467846551E-09
2.01255467846551E-09
2.01255467846551E-09
1.98515981431058E-09
1.98515981431058E-09
1.60050006581258E-09
1.60050006581258E-09
1.60050006581258E-09
1.21883303449977E-09
1.21883303449977E-09
1.21883303449977E-09
1.21883303449977E-09
1.21883303449977E-09
1.21883303449977E-09
1.21883303449977E-09
1.08197173442903E-09
1.08197173442903E-09
1.08197173442903E-09
1.08197173442903E-09
1.08197173442903E-09
1.08197173442903E-09
1.08197173442903E-09
1.08197173442903E-09
1.08197173442903E-09
1.08197173442903E-09
1.08197173442903E-09
1.08197173442903E-09
1.08197173442903E-09
1.00960750870627E-09
1.00960750870627E-09
1.00960750870627E-09
1.00960750870627E-09
1.00960750870627E-09
1.00960750870627E-09
7.70273844707958E-10
6.81752432285521E-10
6.81752432285521E-10
2.7109015032778E-10
2.7109015032778E-10
2.7109015032778E-10
2.7109015032778E-10
2.7109015032778E-10
2.7109015032778E-10
1.94941396358672E-10
1.94941396358672E-10
1.94941396358672E-10
7.94445620400097E-11
7.94445620400097E-11
7.94445620400097E-11
7.94445620400097E-11
7.94445620400097E-11
7.94445620400097E-11
7.94445620400097E-11
7.94445620400097E-11
1.59114943443228E-11
1.59114943443228E-11
1.59114943443228E-11
1.59114943443228E-11
1.59114943443228E-11
1.59114943443228E-11
1.59114943443228E-11
1.59114943443228E-11
1.59114943443228E-11
1.59114943443228E-11
1.59114943443228E-11
1.59114943443228E-11
1.59114943443228E-11
1.59114943443228E-11
1.59114943443228E-11
1.59114943443228E-11
1.59114943443228E-11
1.59114943443228E-11
1.59114943443228E-11
1.59114943443228E-11
1.59114943443228E-11
1.59114943443228E-11
1.57800439382072E-11
1.57800439382072E-11
1.57800439382072E-11
1.57800439382072E-11
1.57800439382072E-11
1.57800439382072E-11
1.57800439382072E-11
1.57800439382072E-11
1.57800439382072E-11
1.57800439382072E-11
1.57800439382072E-11
1.57800439382072E-11
1.57800439382072E-11
1.57800439382072E-11
1.57800439382072E-11
1.57800439382072E-11
1.57800439382072E-11
1.57800439382072E-11
1.57800439382072E-11
1.57800439382072E-11
1.57800439382072E-11
1.57800439382072E-11
1.57800439382072E-11
1.57800439382072E-11
1.57800439382072E-11
1.57800439382072E-11
1.57800439382072E-11
1.57800439382072E-11
1.57800439382072E-11
1.57800439382072E-11
1.57800439382072E-11
1.57800439382072E-11
1.57800439382072E-11
1.57800439382072E-11
1.57800439382072E-11
1.15218945495599E-11
1.12537756891129E-11
6.27309315603952E-12
6.27309315603952E-12
6.27309315603952E-12
6.27309315603952E-12
6.27309315603952E-12
6.27309315603952E-12
4.12270217964306E-12
4.12270217964306E-12
3.53683748954836E-12
3.53683748954836E-12
3.53683748954836E-12
3.53683748954836E-12
3.53683748954836E-12
3.53683748954836E-12
3.53683748954836E-12
3.53683748954836E-12
3.53683748954836E-12
3.53683748954836E-12
3.53683748954836E-12
3.42115225038242E-12
3.42115225038242E-12
1.98752125868396E-12
1.98752125868396E-12
1.98752125868396E-12
1.98752125868396E-12
1.98752125868396E-12
1.98752125868396E-12
1.98752125868396E-12
1.98752125868396E-12
1.98752125868396E-12
1.98752125868396E-12
1.98752125868396E-12
1.98752125868396E-12
1.98752125868396E-12
9.5412566736286E-13
9.25703957932456E-13
9.25703957932456E-13
9.25703957932456E-13
9.25703957932456E-13
9.25703957932456E-13
5.05151476204446E-13
5.05151476204446E-13
5.05151476204446E-13
5.05151476204446E-13
5.05151476204446E-13
4.71067629348454E-13
4.65072425015478E-13
4.65072425015478E-13
4.65072425015478E-13
4.65072425015478E-13
1.9151347174784E-13
1.9151347174784E-13
1.87849735766576E-13
1.87849735766576E-13
1.33559829862406E-13
9.51461132103759E-14
1.27675647831893E-14
1.27675647831893E-14
1.27675647831893E-14
7.32747196252603E-15
7.32747196252603E-15
7.32747196252603E-15
7.32747196252603E-15
7.32747196252603E-15
7.32747196252603E-15
7.32747196252603E-15
7.32747196252603E-15
7.32747196252603E-15
7.32747196252603E-15
7.32747196252603E-15
7.32747196252603E-15

