0.0329406580923703
0.00355005079115578
0.00262614147041951
0.00221640279364577
0.00167862912136496
0.00167862912136496
0.00167862912136496
0.00165340399698344
0.00165340399698344
0.00117864202782259
0.000688761345225331
0.000436040244587432
0.000172063476048145
0.000163139988494043
0.000136483905841644
0.000135228530116716
0.000128942123570508
0.000128942123570508
0.000128942123570508
0.00011207258946544
9.45873520350471E-05
3.83088185758051E-05
3.83088185758051E-05
3.36869470436429E-05
3.06273623673636E-05
2.7150957992772E-05
2.7150957992772E-05
2.39498835414853E-05
2.39498835414853E-05
1.57062602039737E-05
1.07503657076347E-05
1.07503657076347E-05
1.07503657076347E-05
4.88538237997105E-06
4.64380601306047E-06
4.64380601306047E-06
4.64380601306047E-06
4.59666528285219E-07
4.59666528285219E-07
4.59666528285219E-07
4.59666528285219E-07
4.59666528285219E-07
4.59666528285219E-07
4.59666528285219E-07
4.59666528285219E-07
4.59666528285219E-07
4.59666528285219E-07
4.59666528285219E-07
4.59666528285219E-07
4.59666528285219E-07
4.59666528285219E-07
4.59666528285219E-07
4.59666528285219E-07
4.59666528285219E-07
4.59666528285219E-07
4.13574463009603E-07
4.13574463009603E-07
4.13574463009603E-07
4.13574463009603E-07
4.13574463009603E-07
4.13574463009603E-07
4.13574463009603E-07
4.13574463009603E-07
1.50142432375766E-07
1.50142432375766E-07
1.50142432375766E-07
1.50142432375766E-07
1.50142432375766E-07
1.50142432375766E-07
1.50142432375766E-07
1.50142432375766E-07
1.50142432375766E-07
1.46719938753925E-07
1.46719938753925E-07
1.46719938753925E-07
1.46719938753925E-07
1.46719938753925E-07
1.46719938753925E-07
1.46719938753925E-07
1.46719938753925E-07
1.46719938753925E-07
1.46719938753925E-07
1.46719938753925E-07
1.46719938753925E-07
1.46719938753925E-07
1.46719938753925E-07
1.46719938753925E-07
1.46719938753925E-07
1.46719938753925E-07
1.46719938753925E-07
1.46719938753925E-07
1.46719938753925E-07
1.46719938753925E-07
1.46719938753925E-07
1.46719938753925E-07
1.46719938753925E-07
1.46719938753925E-07
1.46719938753925E-07
1.46719938753925E-07
1.46719938753925E-07
1.46719938753925E-07
1.46719938753925E-07
1.46719938753925E-07
1.46719938753925E-07
1.46719938753925E-07
1.46719938753925E-07
1.46719938753925E-07
1.46719938753925E-07
1.46719938753925E-07
1.46719938753925E-07
1.46719938753925E-07
1.46719938753925E-07
1.46719938753925E-07
1.46719938753925E-07
1.46719938753925E-07
1.41627406247125E-07
1.41627406247125E-07
1.41627406247125E-07
1.41627406247125E-07
1.41627406247125E-07
1.41627406247125E-07
1.41627406247125E-07
1.41627406247125E-07
1.41627406247125E-07
1.41627406247125E-07
1.41627406247125E-07
1.41627406247125E-07
1.41627406247125E-07
1.41627406247125E-07
1.41627406247125E-07
1.41627406247125E-07
1.41627406247125E-07
1.41627406247125E-07
1.41627406247125E-07
1.41627406247125E-07
1.41627406247125E-07
1.17328873172617E-07
1.17328873172617E-07
1.17328873172617E-07
1.17328873172617E-07
1.17328873172617E-07
1.17328873172617E-07
1.17328873172617E-07
1.17328873172617E-07
1.17328873172617E-07
1.17328873172617E-07
1.17328873172617E-07
1.17328873172617E-07
1.17328873172617E-07
1.17328873172617E-07
1.17328873172617E-07
1.17328873172617E-07
1.17328873172617E-07
1.17328873172617E-07
1.17328873172617E-07
1.17328873172617E-07
1.17328873172617E-07
1.17328873172617E-07
1.17328873172617E-07
1.17328873172617E-07
1.17328873172617E-07
1.17328873172617E-07
1.17328873172617E-07
1.17328873172617E-07
1.17328873172617E-07
1.17328873172617E-07
1.17328873172617E-07
1.17328873172617E-07
1.17328873172617E-07
1.17328873172617E-07
1.17328873172617E-07
1.17328873172617E-07
1.17328873172617E-07
1.17328873172617E-07
1.17328873172617E-07
1.17328873172617E-07
1.17328873172617E-07
1.13563763060043E-07
1.13563763060043E-07
1.13563763060043E-07
1.13563763060043E-07
1.13563763060043E-07
1.13563763060043E-07
1.13563763060043E-07
1.13563763060043E-07
1.13563763060043E-07
1.13563763060043E-07
1.13563763060043E-07
1.13563763060043E-07
5.11849446160895E-08
5.11849446160895E-08
5.11849446160895E-08
3.64860166524039E-08
3.64860166524039E-08
3.64860166524039E-08
3.64860166524039E-08
3.64860166524039E-08
3.64860166524039E-08
3.64860166524039E-08
3.64860166524039E-08
3.64860166524039E-08
3.64860166524039E-08
3.64860166524039E-08
3.64860166524039E-08
3.64860166524039E-08
3.64860166524039E-08
3.64860166524039E-08
3.64860166524039E-08
3.64860166524039E-08
3.64860166524039E-08
3.64860166524039E-08
3.64860166524039E-08
3.64860166524039E-08
3.64860166524039E-08
3.64860166524039E-08
3.64860166524039E-08
3.64860166524039E-08
3.64860166524039E-08
3.64860166524039E-08
3.64860166524039E-08
3.64860166524039E-08
3.64860166524039E-08
3.64860166524039E-08
3.64860166524039E-08
3.64860166524039E-08
3.64860166524039E-08
3.64860166524039E-08
3.64860166524039E-08
3.64860166524039E-08
3.64860166524039E-08
3.64860166524039E-08
3.64860166524039E-08
3.64860166524039E-08
3.64860166524039E-08
3.64860166524039E-08
3.64860166524039E-08
3.64860166524039E-08
3.64860166524039E-08
3.64860166524039E-08
3.64860166524039E-08
3.64860166524039E-08
3.64860166524039E-08
3.64860166524039E-08
3.64860166524039E-08
5.94061733139029E-09
5.94061733139029E-09
5.94061733139029E-09
5.94061733139029E-09
5.94061733139029E-09
5.94061733139029E-09
5.94061733139029E-09
5.94061733139029E-09
5.94061733139029E-09
5.94061733139029E-09
5.94061733139029E-09
5.94061733139029E-09
5.94061733139029E-09
5.94061733139029E-09
5.94061733139029E-09
5.94061733139029E-09
5.94061733139029E-09
5.94061733139029E-09
5.94061733139029E-09
5.94061733139029E-09
5.94061733139029E-09
5.94061733139029E-09
5.94061733139029E-09
5.94061733139029E-09
5.94061733139029E-09
5.94061733139029E-09
5.94061733139029E-09
5.94061733139029E-09
5.94061733139029E-09
5.94061733139029E-09
5.94061733139029E-09
5.94061733139029E-09
5.23228349535998E-09
5.23228349535998E-09
5.23228349535998E-09
5.23228349535998E-09
5.23228349535998E-09
5.23228349535998E-09
5.23228349535998E-09
5.23228349535998E-09
5.23228349535998E-09
5.23228349535998E-09
5.23228349535998E-09
5.23228349535998E-09
5.23228349535998E-09
5.23228349535998E-09
5.23228349535998E-09
5.23228349535998E-09
5.23228349535998E-09
2.77861145203673E-09
2.77861145203673E-09
2.77861145203673E-09
2.77861145203673E-09
1.7700650944974E-09
1.7700650944974E-09
1.7700650944974E-09
1.7700650944974E-09
1.7700650944974E-09
1.7700650944974E-09
1.7700650944974E-09
1.7700650944974E-09
1.7700650944974E-09
1.7700650944974E-09
1.7700650944974E-09
1.7700650944974E-09
1.7700650944974E-09
1.7700650944974E-09
1.7700650944974E-09
1.7700650944974E-09
1.7700650944974E-09
1.7700650944974E-09
1.7700650944974E-09
1.7700650944974E-09
1.7700650944974E-09
9.06329455929722E-10
9.06329455929722E-10
9.06329455929722E-10
9.06329455929722E-10
9.06329455929722E-10
9.06329455929722E-10
9.06329455929722E-10
9.06329455929722E-10
9.06329455929722E-10
9.06329455929722E-10
9.06329455929722E-10
9.06329455929722E-10
8.23604517918852E-10
8.23604517918852E-10
8.23604517918852E-10
8.23604517918852E-10
8.23604517918852E-10
8.23604517918852E-10
8.23604517918852E-10
8.23604517918852E-10
8.23604517918852E-10
7.15787984439942E-10
7.15787984439942E-10
6.81049217021723E-10
6.81049217021723E-10
6.81049217021723E-10
6.81049217021723E-10
6.81049217021723E-10
6.81049217021723E-10
4.83716289245706E-10
4.83716289245706E-10
4.83716289245706E-10
4.83716289245706E-10
4.83716289245706E-10
4.83716289245706E-10
4.83716289245706E-10
4.83716289245706E-10
3.03730263162549E-10
3.03730263162549E-10
2.73588818267001E-10
2.73588818267001E-10
2.73588818267001E-10
2.73588818267001E-10
2.92726953787792E-11
2.92726953787792E-11
2.92726953787792E-11
2.92726953787792E-11
2.92726953787792E-11
2.92726953787792E-11
2.92726953787792E-11
2.92726953787792E-11
2.92726953787792E-11
2.92726953787792E-11
2.92726953787792E-11
2.92726953787792E-11
2.92726953787792E-11
2.92726953787792E-11
2.92726953787792E-11
2.92726953787792E-11
2.92726953787792E-11
2.92726953787792E-11
2.92726953787792E-11
2.92726953787792E-11
2.92726953787792E-11
2.92726953787792E-11
2.92726953787792E-11
2.92726953787792E-11
2.92726953787792E-11
2.92726953787792E-11
2.92726953787792E-11
2.89057666691406E-11
2.89057666691406E-11
2.89057666691406E-11
2.89057666691406E-11
2.89057666691406E-11
2.89057666691406E-11
2.89057666691406E-11
2.89057666691406E-11
1.78107528725491E-11
1.07232001056445E-11
1.07232001056445E-11
1.07232001056445E-11
1.07232001056445E-11
1.07232001056445E-11
1.07232001056445E-11
1.07232001056445E-11
1.07232001056445E-11
1.07232001056445E-11
1.07232001056445E-11
1.07232001056445E-11
1.07232001056445E-11
1.07232001056445E-11
1.07232001056445E-11
1.07232001056445E-11
1.07232001056445E-11
1.07232001056445E-11
1.07232001056445E-11
1.07232001056445E-11
1.07232001056445E-11
1.07232001056445E-11
1.07232001056445E-11
1.07232001056445E-11
1.07232001056445E-11
1.07232001056445E-11
1.07232001056445E-11
1.07232001056445E-11
1.04183328630825E-11
1.04183328630825E-11
1.04183328630825E-11
9.73299218998136E-12
9.73299218998136E-12
9.73299218998136E-12
9.73299218998136E-12
9.73299218998136E-12
9.73299218998136E-12
1.13997700168511E-12
1.13997700168511E-12
8.63420446250984E-13
8.63420446250984E-13
5.52780043960865E-13
5.52780043960865E-13
5.52780043960865E-13
5.52780043960865E-13
5.52780043960865E-13
5.52780043960865E-13
5.52780043960865E-13
5.52780043960865E-13
5.52780043960865E-13
4.67181848762266E-13
4.67181848762266E-13
4.67181848762266E-13
4.62740956663765E-13
4.62740956663765E-13
4.62740956663765E-13
4.62740956663765E-13
4.62740956663765E-13
4.62740956663765E-13
4.62740956663765E-13
4.62740956663765E-13
1.6198153929281E-13
1.6198153929281E-13
1.6198153929281E-13
1.6198153929281E-13
1.6198153929281E-13
1.6198153929281E-13
1.6198153929281E-13
1.6198153929281E-13
1.35114142096882E-13
1.35114142096882E-13
1.35114142096882E-13
1.35114142096882E-13
1.35114142096882E-13
1.35114142096882E-13
9.33697563709757E-14
9.33697563709757E-14
9.33697563709757E-14
9.33697563709757E-14
9.33697563709757E-14
7.82707232360735E-14
5.06261699229071E-14
5.06261699229071E-14
5.06261699229071E-14
5.06261699229071E-14
5.06261699229071E-14
5.06261699229071E-14
5.06261699229071E-14
5.06261699229071E-14
5.06261699229071E-14
5.06261699229071E-14
5.06261699229071E-14
3.99680288865056E-14
3.99680288865056E-14
3.81916720471054E-14
3.81916720471054E-14
3.81916720471054E-14
3.35287353436797E-14
3.35287353436797E-14
3.35287353436797E-14
3.35287353436797E-14
3.35287353436797E-14
3.35287353436797E-14
3.35287353436797E-14

