0.0791943327501402
0.0791710129583741
0.0750367326153306
0.0747676249009944
0.0299532749093546
0.00558344020480983
0.00186150446171096
0.0017776679744983
0.00171579189359294
0.00171579189359294
0.00158839504723296
0.00157707279483732
0.00154869485438469
0.00101574942633698
0.000801658096639346
0.000410772188414232
0.000257850999167863
0.000257850999167863
0.000257850999167863
0.000257850999167863
0.000213449869812643
0.000161753242500451
0.00010490108815997
0.000100567135344565
8.23776062099935E-05
5.50008823519965E-05
4.27678887299221E-05
4.27678887299221E-05
2.42264525015523E-05
2.16111056632329E-05
1.8867114285448E-05
1.8867114285448E-05
5.56288485697998E-06
5.56288485697998E-06
5.56288485697998E-06
5.56288485697998E-06
5.56288485697998E-06
5.56288485697998E-06
5.56288485697998E-06
5.56288485697998E-06
4.74627607449651E-06
4.60827817871934E-06
4.60827817871934E-06
1.52708061551543E-06
1.52708061551543E-06
1.52708061551543E-06
1.52708061551543E-06
7.38894632368314E-07
7.38894632368314E-07
6.81176913874815E-07
6.81176913874815E-07
6.81176913874815E-07
6.81176913874815E-07
6.81176913874815E-07
6.81176913874815E-07
6.81176913874815E-07
6.81176913874815E-07
6.79055300434328E-07
6.79055300434328E-07
6.79055300434328E-07
6.79055300434328E-07
6.79055300434328E-07
6.79055300434328E-07
6.79055300434328E-07
6.79055300434328E-07
6.79055300434328E-07
6.79055300434328E-07
6.79055300434328E-07
6.45808672761206E-07
6.45808672761206E-07
6.45808672761206E-07
6.45808672761206E-07
6.45808672761206E-07
6.45808672761206E-07
6.45808672761206E-07
6.45808672761206E-07
5.1047854821018E-07
5.1047854821018E-07
5.1047854821018E-07
5.1047854821018E-07
5.1047854821018E-07
5.1047854821018E-07
1.23457129630467E-07
1.23457129630467E-07
1.23457129630467E-07
1.23457129630467E-07
1.23457129630467E-07
1.23457129630467E-07
1.23457129630467E-07
1.23457129630467E-07
1.23457129630467E-07
1.23457129630467E-07
1.23457129630467E-07
1.23457129630467E-07
1.23457129630467E-07
1.23457129630467E-07
1.23457129630467E-07
1.23457129630467E-07
1.23457129630467E-07
1.23457129630467E-07
1.23457129630467E-07
1.23457129630467E-07
1.23457129630467E-07
1.23457129630467E-07
1.23457129630467E-07
1.23457129630467E-07
1.23457129630467E-07
1.23457129630467E-07
1.23457129630467E-07
1.23457129630467E-07
1.23457129630467E-07
1.23457129630467E-07
1.23457129630467E-07
1.23457129630467E-07
1.23457129630467E-07
1.23457129630467E-07
1.23457129630467E-07
1.23457129630467E-07
1.23457129630467E-07
1.23457129630467E-07
1.23457129630467E-07
1.23457129630467E-07
1.23457129630467E-07
1.23457129630467E-07
1.23457129630467E-07
1.23457129630467E-07
1.23457129630467E-07
1.23457129630467E-07
1.23457129630467E-07
1.23457129630467E-07
1.23457129630467E-07
1.23457129630467E-07
1.23457129630467E-07
1.23457129630467E-07
1.23457129630467E-07
1.23457129630467E-07
1.23457129630467E-07
1.23457129630467E-07
1.23457129630467E-07
1.23457129630467E-07
1.23457129630467E-07
1.23457129630467E-07
1.23457129630467E-07
1.23457129630467E-07
1.23457129630467E-07
1.23457129630467E-07
1.23457129630467E-07
1.23457129630467E-07
1.23457129630467E-07
1.23457129630467E-07
1.23457129630467E-07
1.23457129630467E-07
1.23457129630467E-07
1.23457129630467E-07
1.23457129630467E-07
1.23457129630467E-07
1.23457129630467E-07
1.23457129630467E-07
1.23457129630467E-07
1.23457129630467E-07
1.23457129630467E-07
1.23457129630467E-07
1.23457129630467E-07
9.68449508365055E-08
9.68449508365055E-08
9.68449508365055E-08
9.68449508365055E-08
9.68449508365055E-08
9.68449508365055E-08
9.68449508365055E-08
9.68449508365055E-08
9.68449508365055E-08
9.68449508365055E-08
9.68449508365055E-08
9.68449508365055E-08
9.68449508365055E-08
3.79845063180895E-08
3.79845063180895E-08
3.79845063180895E-08
3.79845063180895E-08
3.79845063180895E-08
3.79845063180895E-08
3.79845063180895E-08
3.79845063180895E-08
3.79845063180895E-08
3.79845063180895E-08
3.79845063180895E-08
3.79845063180895E-08
3.79845063180895E-08
3.79845063180895E-08
3.79845063180895E-08
3.79845063180895E-08
3.79845063180895E-08
3.79845063180895E-08
3.79845063180895E-08
3.79845063180895E-08
3.79845063180895E-08
3.79845063180895E-08
3.79845063180895E-08
3.79845063180895E-08
3.79845063180895E-08
3.79845063180895E-08
3.79845063180895E-08
3.79845063180895E-08
3.79845063180895E-08
3.79845063180895E-08
3.79845063180895E-08
3.79845063180895E-08
3.79845063180895E-08
3.79845063180895E-08
3.26174739440077E-08
3.26174739440077E-08
3.26174739440077E-08
3.26174739440077E-08
3.26174739440077E-08
3.26174739440077E-08
3.26174739440077E-08
3.26174739440077E-08
3.26174739440077E-08
3.26174739440077E-08
3.26174739440077E-08
3.26174739440077E-08
3.26174739440077E-08
3.26174739440077E-08
3.26174739440077E-08
3.26174739440077E-08
3.26174739440077E-08
3.26174739440077E-08
3.26174739440077E-08
3.26174739440077E-08
3.26174739440077E-08
3.26174739440077E-08
3.26174739440077E-08
3.26174739440077E-08
3.26174739440077E-08
3.26174739440077E-08
3.26174739440077E-08
3.26174739440077E-08
3.26174739440077E-08
3.26174739440077E-08
3.26174739440077E-08
3.26174739440077E-08
3.26174739440077E-08
8.12353817547518E-09
8.12353817547518E-09
8.12353817547518E-09
8.12353817547518E-09
8.12353817547518E-09
8.12353817547518E-09
8.12353817547518E-09
8.12353817547518E-09
8.12353817547518E-09
8.12353817547518E-09
8.12353817547518E-09
8.12353817547518E-09
8.12353817547518E-09
8.12353817547518E-09
8.12353817547518E-09
8.12353817547518E-09
8.12353817547518E-09
8.12353817547518E-09
8.12353817547518E-09
8.12353817547518E-09
8.12353817547518E-09
8.12353817547518E-09
8.12353817547518E-09
8.12353817547518E-09
5.72459590841845E-09
5.72459590841845E-09
5.72459590841845E-09
5.72459590841845E-09
5.72459590841845E-09
5.72459590841845E-09
5.72459590841845E-09
5.72459590841845E-09
5.72459590841845E-09
5.72459590841845E-09
5.72459590841845E-09
5.72459590841845E-09
5.72459590841845E-09
5.72459590841845E-09
5.72459590841845E-09
5.72459590841845E-09
5.72459590841845E-09
5.72459590841845E-09
5.72459590841845E-09
5.72459590841845E-09
5.72459590841845E-09
5.38193811738807E-09
5.38193811738807E-09
5.38193811738807E-09
5.38193811738807E-09
5.38193811738807E-09
5.38193811738807E-09
5.38193811738807E-09
5.2113469095616E-09
5.2113469095616E-09
5.2113469095616E-09
5.2113469095616E-09
5.2113469095616E-09
5.2113469095616E-09
5.2113469095616E-09
1.67691704966444E-09
1.67691704966444E-09
1.67691704966444E-09
1.67691704966444E-09
1.66758828967772E-09
1.66758828967772E-09
1.66758828967772E-09
1.66758828967772E-09
1.66758828967772E-09
1.66758828967772E-09
1.66758828967772E-09
1.66758828967772E-09
1.65647673355807E-09
1.65647673355807E-09
1.65647673355807E-09
1.65647673355807E-09
1.65647673355807E-09
1.65647673355807E-09
1.65647673355807E-09
1.65647673355807E-09
1.65647673355807E-09
1.65647673355807E-09
1.65647673355807E-09
1.65647673355807E-09
1.65647673355807E-09
1.65647673355807E-09
1.65647673355807E-09
1.64657132373236E-09
1.64657132373236E-09
1.63042623846366E-09
1.63042623846366E-09
1.63042623846366E-09
1.63042623846366E-09
1.58854762677407E-09
1.58854762677407E-09
7.74216690757612E-10
7.74216690757612E-10
7.74216690757612E-10
7.74216690757612E-10
7.74216690757612E-10
7.74216690757612E-10
7.74216690757612E-10
7.74216690757612E-10
7.74216690757612E-10
7.74216690757612E-10
7.74216690757612E-10
7.74216690757612E-10
7.74216690757612E-10
7.74216690757612E-10
7.74216690757612E-10
7.74216690757612E-10
7.74216690757612E-10
2.24258389636134E-10
2.24258389636134E-10
1.770800173162E-10
1.770800173162E-10
1.770800173162E-10
1.770800173162E-10
1.770800173162E-10
1.770800173162E-10
1.770800173162E-10
1.770800173162E-10
1.770800173162E-10
1.770800173162E-10
1.770800173162E-10
1.770800173162E-10
5.92952353883902E-11
5.92952353883902E-11
5.92952353883902E-11
5.92952353883902E-11
5.92952353883902E-11
5.92952353883902E-11
5.92952353883902E-11
5.92952353883902E-11
5.92952353883902E-11
5.92952353883902E-11
5.72377700791549E-11
5.72377700791549E-11
4.88097340323179E-11
4.88097340323179E-11
4.88097340323179E-11
4.88097340323179E-11
4.88097340323179E-11
4.88097340323179E-11
4.88097340323179E-11
4.88097340323179E-11
4.88097340323179E-11
4.88097340323179E-11
4.88097340323179E-11
4.59591253942904E-11
2.33632002633044E-11
2.33632002633044E-11
2.33632002633044E-11
8.45179481956393E-12
8.45179481956393E-12
8.45179481956393E-12
8.45179481956393E-12
8.45179481956393E-12
8.45179481956393E-12
4.11559675228546E-12
4.11559675228546E-12
4.11559675228546E-12
4.11559675228546E-12
4.11559675228546E-12
2.11231032665182E-12
2.11231032665182E-12
2.11231032665182E-12
2.11231032665182E-12
2.11231032665182E-12
2.11231032665182E-12
2.11231032665182E-12
2.11231032665182E-12
2.11231032665182E-12
2.11231032665182E-12
2.11231032665182E-12
2.74558153989801E-13
2.74558153989801E-13
2.74558153989801E-13
2.74558153989801E-13
2.74558153989801E-13
2.74558153989801E-13
2.74558153989801E-13
2.74558153989801E-13
2.74558153989801E-13
2.74558153989801E-13
2.74558153989801E-13
2.74558153989801E-13
2.74558153989801E-13
2.74558153989801E-13
2.74558153989801E-13
2.74558153989801E-13
2.74558153989801E-13
2.74558153989801E-13
2.74558153989801E-13
2.74558153989801E-13
2.6612045900265E-13
2.6612045900265E-13
2.6612045900265E-13
2.6612045900265E-13
2.6612045900265E-13
2.6612045900265E-13
2.6612045900265E-13
2.6612045900265E-13
2.25486296301369E-13
2.25486296301369E-13
2.25486296301369E-13
2.25486296301369E-13
2.25486296301369E-13
2.25486296301369E-13
2.25486296301369E-13
2.25486296301369E-13
2.25486296301369E-13
2.25486296301369E-13
2.25486296301369E-13
2.25486296301369E-13
2.25486296301369E-13
2.25486296301369E-13
2.25486296301369E-13
2.25486296301369E-13
2.25486296301369E-13
2.25486296301369E-13
2.25486296301369E-13
2.25486296301369E-13
2.25486296301369E-13
2.25486296301369E-13
2.25486296301369E-13
2.25486296301369E-13
2.25486296301369E-13
2.25486296301369E-13
2.08943973234454E-13
2.08943973234454E-13
2.08943973234454E-13
2.08943973234454E-13
1.54987134237672E-13
1.54987134237672E-13
1.34670052887031E-13
1.34670052887031E-13
1.34670052887031E-13
1.34670052887031E-13
1.34670052887031E-13
1.34670052887031E-13
1.34670052887031E-13
8.11573031000989E-14
8.11573031000989E-14
7.52731210695856E-14
7.52731210695856E-14
7.52731210695856E-14
7.52731210695856E-14
7.52731210695856E-14
1.18793863634892E-14
1.18793863634892E-14
1.18793863634892E-14
1.18793863634892E-14
1.18793863634892E-14
1.18793863634892E-14
1.18793863634892E-14
1.18793863634892E-14
1.18793863634892E-14

