6.03057963858021
2.57674014131487
1.48098232326789
1.11614449784842
1.02037135885309
1.02026191059154
1.01184696303645
0.924526120998785
0.924244040007077
0.924244040007077
0.917040329780257
0.815622410953661
0.815622410953661
0.774266375549461
0.773951393659892
0.77112171547326
0.721684916530641
0.721240292284081
0.711471171557081
0.643123298330966
0.587033289910627
0.586984804672152
0.58574772808427
0.558369328920947
0.481577605170841
0.464773929044535
0.458617899676052
0.453602844297313
0.4534150895971
0.446082280260222
0.446045679853875
0.389154225451725
0.374848247371196
0.352941238550685
0.350389328505596
0.329032973358122
0.324955099448545
0.320776888466647
0.300080058272408
0.300080058272408
0.283490355313683
0.270691914885019
0.262928249372765
0.239739102669206
0.239047674024647
0.194393835718089
0.178169540830708
0.175835278521867
0.175200980170165
0.174315218254747
0.151361440523138
0.149175660555479
0.132969008943068
0.132969008943068
0.130935412446573
0.130935412446573
0.122766002994778
0.122766002994778
0.110226444491516
0.101689154494476
0.100131830752127
0.093436974026773
0.0838314777545196
0.0766921471007309
0.0745868788549071
0.0743160671461214
0.0708018704030122
0.0654512337424983
0.0633725012522013
0.0616345622148206
0.0616345622148206
0.0466527548449666
0.0466527548449666
0.04441875438695
0.0379932616425392
0.0379932616425392
0.0373922357530143
0.0372988327703218
0.0368743812309634
0.0268619637813427
0.0268619637813427
0.0268619637813427
0.0268619637813427
0.0268619637813427
0.0268619637813427
0.0268345709868999
0.0268345709868999
0.0225312714939064
0.0225307841065198
0.0225307841065198
0.0225307841065198
0.0208148851714227
0.0208148851714227
0.0167690804251525
0.0167690804251525
0.0165764235473114
0.0165764235473114
0.0165764235473114
0.0164795157743899
0.0164795157743899
0.0164795157743899
0.0157402519843987
0.0157402519843987
0.0152059180762239
0.0152059180762239
0.0152059180762239
0.0152059180762239
0.0152059180762239
0.0152059180762239
0.0141069609210595
0.0140731450293201
0.0132397676001453
0.0132397676001453
0.0132397676001453
0.0132397676001453
0.0119021911122707
0.0119021911122707
0.0119021911122707
0.0119021911122707
0.0116251180060985
0.0116251180060985
0.0109047571895225
0.0109047571895225
0.0109047571895225
0.0107364282892892
0.0107364282892892
0.0107364282892892
0.0107364282892892
0.0104677663174327
0.0104677663174327
0.0104677663174327
0.0104677663174327
0.010411419930015
0.010009756531018
0.010009756531018
0.010009756531018
0.00922715348895101
0.00922715348895101
0.00922715348895101
0.00922715348895101
0.00882680626574801
0.00882680626574801
0.00882680626574801
0.00882680626574801
0.00882680626574801
0.00882680626574801
0.00880764355727155
0.00880764355727155
0.00880764355727155
0.0056174674202649
0.0056174674202649
0.0056174674202649
0.0056174674202649
0.0056174674202649
0.00557684712682244
0.00557684712682244
0.00557684712682244
0.00557684712682244
0.00557684712682244
0.00557684712682244
0.00557684712682244
0.00557684712682244
0.00557684712682244
0.00513119628548876
0.00513119628548876
0.00513119628548876
0.00513119628548876
0.00513119628548876
0.00513119628548876
0.00499245774416585
0.00499245774416585
0.00499245774416585
0.00499245774416585
0.00499245774416585
0.00499245774416585
0.00499245774416585
0.00499245774416585
0.00499245774416585
0.00499245774416585
0.00499245774416585
0.00499245774416585
0.00499245774416585
0.00499245774416585
0.00499245774416585
0.00499245774416585
0.00499245774416585
0.00499245774416585
0.00499245774416585
0.00499245774416585
0.00499245774416585
0.00499245774416585
0.00499245774416585
0.00499245774416585
0.00499245774416585
0.00499245774416585
0.00499245774416585
0.00499245774416585
0.00499245774416585
0.00499245774416585
0.00499245774416585
0.00499245774416585
0.00499245774416585
0.00498970934302595
0.004978658865701
0.004978658865701
0.004978658865701
0.00497729092654843
0.00497551866487873
0.00497551866487873
0.00497551866487873
0.00496997912838247
0.00496997912838247
0.00464150130698945
0.00433310643444729
0.00433243463958519
0.00433243463958519
0.00433243463958519
0.00433243463958519
0.00433243463958519
0.00433243463958519
0.00433084075655136
0.00433084075655136
0.00433084075655136
0.00433084075655136
0.00409548995866363
0.00394984116427455
0.00378216761726146
0.00378216761726146
0.00378216761726146
0.00378216761726146
0.00370544657671316
0.00370544657671316
0.00316268001723484
0.00316268001723484
0.00313807361718888
0.00313807361718888
0.00313793425302825
0.00313793425302825
0.00313793425302825
0.00313793425302825
0.00313793425302825
0.00313793425302825
0.00305499327084684
0.00305499327084684
0.00301647190036857
0.00301647190036857
0.00301647190036857
0.00255382850867038
0.00255382850867038
0.00255382850867038
0.00255382850867038
0.00255382850867038
0.00255382850867038
0.00164068883253009
0.00164068883253009
0.00164068883253009
0.00164068883253009
0.00164068883253009
0.00164068883253009
0.00164068883253009
0.00155542419785316
0.00155542419785316
0.00117504894606911
0.00117504894606911
0.00117504894606911
0.00112830586693351
0.00112830586693351
0.00112830586693351
0.00112830586693351
0.00112607715871392
0.00112585399535614
0.00112585399535614
0.00106624945695375
0.00106624945695375
0.00106328348147776
0.001063279500464
0.001063279500464
0.00105167979620527
0.000886337933189738
0.000861019177073009
0.000706264017989376
0.000706264017989376
0.000645669151799775
0.000643098431544813
0.000570130466910806
0.000570130466910806
0.000558928106989537
0.000558928106989537
0.000558928106989537
0.000557061328299666
0.000557061328299666
0.000557061328299666
0.000537908159193068
0.000508433667548711
0.000496604184137527
0.000484391449981652
0.000295646010436412
0.000288880261174187
0.000288880261174187
0.000288880261174187
0.000288880261174187
0.000287189764041564
0.000287189764041564
0.000272028824694036
0.000272028824694036
0.000271979323987022
0.000262515292468301
0.000261882502269234
0.000261882502269234
0.000238713317399746
0.000202624096957971
0.000202154146233622
0.000201283088626588
0.000146791224033904
0.000146791224033904
0.000123340934298583
0.00012123982801704
0.000121125187540231
0.000106631449347657
0.000103737538620267
0.000103737538620267
9.50395017805856E-05
9.15919035915554E-05
9.15919035915554E-05
9.12941151310623E-05
8.93959522653099E-05
8.87622221545256E-05
8.876159967824E-05
8.83041539557419E-05
8.225874229489E-05
8.22573029243327E-05
8.22573029243327E-05
8.18517960056405E-05
8.13761944141404E-05
7.95617123281718E-05
7.85862905375836E-05
7.32566225862127E-05
7.10026475567294E-05
6.57476628719666E-05
6.47863946730249E-05
6.47862701441893E-05
6.41191271352967E-05
5.81855073876555E-05
5.62560813694793E-05
5.24326566712779E-05
5.13543366219609E-05
4.94075200148234E-05
4.57664235963594E-05
4.5048532954969E-05
4.48312445965488E-05
4.31593504307429E-05
4.14360289316872E-05
4.14360289316872E-05
4.14330381348611E-05
3.98720209174455E-05
3.88882621780144E-05
3.88850902921155E-05
3.88476455568965E-05
3.87837461381721E-05
3.84169753206096E-05
3.82749713515636E-05
3.77971915215593E-05
3.7195556073206E-05
3.68753572192484E-05
3.68753572192484E-05
3.60657626134501E-05
3.46141495520219E-05
3.45769923449178E-05
3.45769923449178E-05
3.45769923449178E-05
3.38600066538809E-05
3.36784456640603E-05
3.34444089475463E-05
3.34274360773165E-05
3.34274360773165E-05
3.27928901873495E-05
3.27928901873495E-05
3.27439896087017E-05
3.24381647180868E-05
3.24259197510113E-05
3.24259197510113E-05
3.17612916799618E-05
3.17039125665739E-05
3.1703861486591E-05
3.14822230198825E-05
3.0955675709456E-05
3.09556611000264E-05
3.08962068232915E-05
3.08287823271376E-05
3.00608121296221E-05
2.9927932422149E-05
2.9927932422149E-05
2.98338241766375E-05
2.98338241766375E-05
2.96793461941099E-05
2.96793461941099E-05
2.96791596128797E-05
2.96615981211563E-05
2.95635703146509E-05
2.95332267248655E-05
2.95327191666347E-05
2.94594888716476E-05
2.93986979003076E-05
2.93799284457516E-05
2.93799284457516E-05
2.92044784558717E-05
2.92044784558717E-05
2.91739666026314E-05
2.90536018619361E-05
2.89850202125974E-05
2.89810740438663E-05
2.87632746457334E-05
2.85873680754248E-05
2.84788747575486E-05
2.83563382083665E-05
2.8224392241863E-05
2.82034682051938E-05
2.82006295487909E-05
2.81258747637607E-05
2.80473601584381E-05
2.79825626342227E-05
2.79783691893888E-05
2.79783691893888E-05
2.79388672820165E-05
2.78762759841776E-05
2.78759673557364E-05
2.78565927425297E-05
2.78131455779306E-05
2.78029004117375E-05
2.77854547320837E-05
2.7771813173918E-05
2.7771813173918E-05
2.7771813173918E-05
2.7771813173918E-05
2.7771813173918E-05
2.77666736908933E-05
2.77434131132438E-05
2.77172613263137E-05
2.77090378487932E-05
2.76562119725915E-05
2.76276101358316E-05
2.76124517279453E-05
2.76053781432897E-05
2.76030231281907E-05
2.76030208476526E-05
2.75911057979507E-05
2.7572319582364E-05
2.75688080923183E-05
2.75549258769522E-05
2.75432265996629E-05
2.75291749198047E-05
2.75286347189808E-05
2.75183423889228E-05
2.75115258668739E-05
2.75115251988732E-05
2.75091088440576E-05
2.75044540683476E-05
2.75044354734311E-05
2.75004641834635E-05
2.74830930017222E-05
2.74814462925571E-05
2.74814065059112E-05
2.74638135230518E-05
2.74506188848503E-05
2.74506027103774E-05
2.74494195996585E-05
2.74430752825021E-05
2.74369134513497E-05
2.74185225696196E-05
2.74185225696196E-05
2.74138288198182E-05
2.74097966550556E-05
2.74097966550556E-05
2.74094057667087E-05
2.74064450691192E-05
2.74062304727675E-05
2.74049706421973E-05
2.74042441279911E-05
2.74031877370654E-05
2.74031875432301E-05
2.73988038789713E-05
2.73902070577045E-05
2.73895605788396E-05
2.73895605788396E-05
2.73890696447264E-05
2.73890204517577E-05
2.73858135579254E-05
2.73848505536771E-05
2.73842420219602E-05
2.73841019919881E-05
2.73835971451006E-05
2.73822741784269E-05
2.73806240032411E-05
2.73791117823231E-05
2.73778298029747E-05
2.73742877585021E-05
2.73742877585021E-05
2.73742877585021E-05
2.73740991448397E-05
2.73740731635301E-05

