7.74848441215579
3.21957736287767
1.06762683906459
1.00240586165366
1.00049106018089
0.994784505981256
0.989766539950743
0.779193027597102
0.779193027597102
0.755099734374067
0.753100221318058
0.74663035555831
0.673746946506016
0.672621125455367
0.655335497248645
0.65457884105837
0.65214855014206
0.651451607912845
0.648800519081779
0.629451106761747
0.627621984056862
0.58479150785728
0.542813496924445
0.542651461204899
0.518666262309043
0.435097309886037
0.43508850023479
0.432262573016745
0.407238640131904
0.396318337274829
0.39616455883206
0.371910606286053
0.361337675091875
0.349967142552809
0.34380644039543
0.325111349549923
0.308164763909448
0.308164763909448
0.266884602889557
0.266069370838842
0.245068064201901
0.196844815281433
0.154494226447393
0.123919470858374
0.123919470858374
0.122208488566117
0.116122707367501
0.110603147438218
0.110593432775607
0.110186871753081
0.109666713158856
0.0895148838542936
0.0895148838542936
0.0895148838542936
0.0830779315386238
0.0767804407649417
0.0748584615356283
0.0748584615356283
0.0747034740534984
0.0697387867619056
0.0656935514975237
0.0656935514975237
0.0656862353468199
0.0656862353468199
0.0655692137690256
0.0567356453475417
0.046778910704536
0.046778910704536
0.046778910704536
0.0467783170072821
0.0467757092024382
0.0366477506118245
0.0366409536130482
0.0366409536130482
0.0353005611738918
0.0347865071587216
0.0340877833514446
0.0339436096351579
0.0339436096351579
0.0278139227560416
0.0274083128845785
0.0274083128845785
0.0230450199653305
0.0230450199653305
0.0206291714551123
0.0206291714551123
0.0153756031400859
0.0153756031400859
0.0153756031400859
0.0153756031400859
0.0147975066903507
0.0147975066903507
0.0147975066903507
0.0117303209904433
0.0117303209904433
0.0117257453937443
0.0108758470257702
0.0108758470257702
0.0108758470257702
0.0108758470257702
0.0108594573798673
0.0105910988254116
0.0105910988254116
0.0105910105586585
0.0105910105586585
0.0105910105586585
0.0105910105586585
0.0105910105586585
0.0105910105586585
0.00948947778008978
0.00948947778008978
0.00948947778008978
0.00948947778008978
0.00781000835787909
0.00781000835787909
0.00781000835787909
0.00781000835787909
0.0077296791694887
0.0077296791694887
0.0077296791694887
0.0077296791694887
0.00772785780857826
0.00772785780857826
0.007711240134867
0.007711240134867
0.007711240134867
0.007711240134867
0.007711240134867
0.007711240134867
0.007711240134867
0.007711240134867
0.007711240134867
0.007711240134867
0.007711240134867
0.007711240134867
0.00605154095595003
0.00605154095595003
0.00605154095595003
0.00605154095595003
0.00605154095595003
0.00605154095595003
0.00605154095595003
0.0058947484198077
0.0058947484198077
0.0058947484198077
0.0058947484198077
0.00589156025018016
0.00589156025018016
0.00589156025018016
0.00589156025018016
0.00589156025018016
0.00582915097281716
0.00582915097281716
0.00582915097281716
0.00582915097281716
0.00582915097281716
0.00582915097281716
0.00582915097281716
0.00582915097281716
0.00582915097281716
0.00582915097281716
0.00582915097281716
0.0057636079033133
0.0057636079033133
0.0057636079033133
0.0057636079033133
0.0057636079033133
0.0057636079033133
0.0057636079033133
0.0057636079033133
0.0057636079033133
0.0057636079033133
0.0057636079033133
0.0057636079033133
0.0057636079033133
0.0057636079033133
0.0057636079033133
0.0057636079033133
0.0057636079033133
0.0057636079033133
0.0057636079033133
0.0057636079033133
0.00543790752895597
0.00543790752895597
0.00496267898801156
0.00496267898801156
0.00496267898801156
0.00496267898801156
0.00496267898801156
0.00496267898801156
0.00496267898801156
0.00496267898801156
0.00496267898801156
0.00496267898801156
0.00496267898801156
0.00496267898801156
0.00496267898801156
0.00496267898801156
0.00496267898801156
0.00496267898801156
0.0040392473815475
0.0040392473815475
0.0040392473815475
0.0040392473815475
0.0040392473815475
0.0040392473815475
0.0040392473815475
0.0040392473815475
0.0040392473815475
0.0040392473815475
0.0040392473815475
0.0040392473815475
0.0040392473815475
0.0040392473815475
0.0040392473815475
0.0040392473815475
0.0040392473815475
0.0040392473815475
0.0040392473815475
0.0040392473815475
0.0040392473815475
0.00403921123059015
0.00403921123059015
0.00403921123059015
0.00403921123059015
0.00383777065908035
0.00313290830334143
0.00313290830334143
0.00313290830334143
0.00313290830334143
0.00313290830334143
0.00313290830334143
0.00313290830334143
0.00313290830334143
0.00313290830334143
0.00303463728763463
0.00303463728763463
0.00303463728763463
0.00303463728763463
0.00301438008056046
0.00301438008056046
0.00301438008056046
0.00301438008056046
0.00301438008056046
0.00301438008056046
0.00301438008056046
0.00301438008056046
0.00301438008056046
0.00301438008056046
0.00301438008056046
0.00301438008056046
0.00301438008056046
0.00283104868798246
0.00283104868798246
0.00282667239609709
0.00282667239609709
0.00282667239609709
0.00256001528817921
0.00231225511320154
0.00231225511320154
0.00231225511320154
0.00227610793082418
0.00203967367084973
0.00203967367084973
0.00202752478864821
0.00202752478864821
0.00202752478864821
0.0020211434603715
0.0020211434603715
0.00178393487720033
0.00178393487720033
0.00134241897202887
0.00134241897202887
0.00105051676640726
0.00105017409447795
0.000919603726427711
0.000908354050146591
0.000891042025739522
0.000891042025739522
0.000890364767679609
0.000890364767679609
0.00086293591708966
0.000862682175291027
0.000862682175291027
0.000862682175291027
0.000862682175291027
0.000862682175291027
0.000862682175291027
0.000862682175291027
0.000853884374341437
0.000742321310976937
0.000742321310976937
0.000724382494338169
0.000724382494338169
0.000724382494338169
0.000632030253404237
0.000592446201498026
0.000592004129226747
0.000588136230325554
0.000494024549207606
0.00048690240104956
0.00048690240104956
0.000480834725509438
0.000479836944165782
0.000468510346667514
0.000455617996421192
0.000455617996421192
0.000441716544822813
0.000412622206878127
0.000395988094384961
0.000395988094384961
0.000389550465886237
0.000369998821566349
0.000348787369003258
0.000323081544461983
0.000323081544461983
0.000323079272543108
0.000307749576603439
0.000301108868752364
0.000295928706701754
0.000268173449068501
0.000249336482921326
0.000247753976279684
0.000234905152824018
0.00023450349138924
0.00023450349138924
0.00023443192314682
0.00023443192314682
0.000234159252593549
0.000232555880438197
0.000214860121757669
0.000207751867392951
0.000207743619038747
0.000189900466366269
0.00018683022305881
0.000186336835701531
0.000184643655131437
0.000184126665167747
0.000181731439096328
0.000176914232305398
0.00017425171827073
0.000174246435852627
0.000166767059717863
0.00016650505734109
0.00016204305049893
0.0001598887246586
0.000159387606817264
0.000154682940078349
0.000151215276999019
0.000151215031261519
0.000150461179579641
0.000145939118489979
0.000134186493604264
0.000121926111420029
0.000121926111420029
0.000114490335573595
0.000114098022964681
0.000114098022964681
0.000113079773313214
0.000106630762056664
0.000105977618523502
0.000103794398604331
0.00010353671876786
0.00010238860317708
0.000102336369817658
0.000102336369817658
0.000101921675550954
9.94113731022079E-05
9.9048587923385E-05
9.86865124160837E-05
9.8515132416528E-05
9.66886101596405E-05
9.60544595232702E-05
9.58256591435927E-05
9.55213169244095E-05
9.48870808962287E-05
9.47487373850884E-05
9.34811528810057E-05
9.30523496359345E-05
9.2207981250648E-05
9.21462585121207E-05
9.15784847427159E-05
9.07983633962507E-05
9.07858523448001E-05
8.86895583364007E-05
8.82842335147161E-05
8.75277158602207E-05
8.73401902388274E-05
8.53034234209463E-05
8.51637855215524E-05
8.51637855215524E-05
8.42940626465837E-05
8.38192453890624E-05
8.37375989396193E-05
8.36388188682718E-05
8.33499985255593E-05
8.30383750617596E-05
8.23715532552388E-05
8.19163423278811E-05
8.18029683059787E-05
8.17117642250317E-05
8.16105626080222E-05
8.13854768406897E-05
8.12797913998919E-05
8.09351127365261E-05
8.08666783604044E-05
8.081283351769E-05
8.0552196206933E-05
8.04126529310883E-05
8.01933395366502E-05
8.00369504812932E-05
7.97671739242755E-05
7.97627250221907E-05
7.97627250221907E-05
7.97064563131554E-05
7.97006886875086E-05
7.96126531994316E-05
7.94757668575681E-05
7.92558855766333E-05
7.91779702142639E-05
7.91515019312738E-05
7.90174104867125E-05
7.89998645737973E-05
7.88468703801784E-05
7.88016246262587E-05
7.8591412690134E-05
7.85559107159197E-05
7.85428089867991E-05
7.85136959225976E-05
7.84664695253673E-05
7.84404568382813E-05
7.83154327931286E-05
7.83154327931286E-05
7.83125249518258E-05
7.82963051468241E-05
7.82962998904961E-05
7.82819718508713E-05
7.82422795289864E-05
7.82407636302339E-05
7.81674543559155E-05
7.81662413584942E-05
7.80871374229728E-05
7.80843179599098E-05
7.80527510163751E-05
7.79979194349387E-05
7.79977100638761E-05
7.79949236402249E-05
7.7974847951007E-05
7.79466746629165E-05
7.79466746629165E-05
7.79390279506444E-05
7.78823242169682E-05
7.78790996166673E-05
7.78756497195455E-05
7.78755294975027E-05
7.78664945815102E-05
7.78433989538037E-05
7.78403514249908E-05
7.78372174155754E-05
7.78361235216786E-05
7.7813438055682E-05
7.7813060530086E-05
7.78009610880233E-05
7.77850566247845E-05
7.77850566247845E-05
7.77609860227747E-05
7.77559515155392E-05
7.77385002857809E-05
7.77382740475495E-05
7.77368962362736E-05
7.77333396055395E-05
7.77207273797035E-05
7.77166318283729E-05
7.77123340504504E-05
7.77056611182106E-05
7.77050704726436E-05
7.77018487378078E-05
7.76921791909012E-05
7.76887842983384E-05
7.76806557575746E-05
7.76719168786564E-05
7.76625534440696E-05
7.76599920969755E-05
7.76593851612969E-05
7.76574877017535E-05
7.76526667978233E-05
7.76486818399558E-05
7.76447466304509E-05
7.76444894263725E-05
7.76444894263725E-05
7.7644462616328E-05
7.76444306768066E-05
7.76444306768066E-05
7.76424554136258E-05
7.76423377479432E-05
7.76420393555695E-05
7.76397967937187E-05
7.76392539689362E-05
7.76369929493342E-05
7.76364890895383E-05

