5.02648077098585
2.62711636778078
2.30184141195137
1.18608581483374
1.10077430243693
0.955670426610183
0.944362238987551
0.926152334061636
0.9151006715715
0.9151006715715
0.911771427983143
0.911771427983143
0.889894237287402
0.839623353755424
0.835750127878462
0.819751042830372
0.812132482485787
0.788593012308604
0.78827199513506
0.781574635530135
0.762658534363033
0.759416657092539
0.754538864805365
0.706041770811975
0.703981034548954
0.703953576109703
0.702231814037965
0.701132577926644
0.648130583430485
0.632019110026872
0.604980777613454
0.604968015869293
0.588844281316765
0.503100550081657
0.459049979873289
0.410424437698103
0.373177545769684
0.35172412847308
0.319190254216013
0.315231703538434
0.302117789185467
0.299323276880853
0.281056711514289
0.267982064575782
0.248118334689037
0.24807880417903
0.205304570012725
0.199339098086118
0.199339098086118
0.176728041817354
0.176660047554919
0.176660047554919
0.173960747381543
0.173960747381543
0.162987611447036
0.150420692580548
0.150420692580548
0.139609918368377
0.134806839195703
0.129160193135978
0.113987692689167
0.110833105636334
0.10953254832523
0.10953254832523
0.10943512721176
0.0976652164670545
0.0975976995806319
0.0975976995806319
0.0975976995806319
0.0946470509879965
0.087223238014626
0.080682855586637
0.080682855586637
0.0764527094200249
0.0750491760867764
0.0750491760867764
0.074588598481846
0.0726103080524155
0.0659802159629596
0.0624604295417362
0.0618440735644469
0.0486746923467497
0.0441999034835612
0.0441999034835612
0.0441999034835612
0.0441999034835612
0.039077936976012
0.0301769523311306
0.0301769523311306
0.0259068268228444
0.0258806331168437
0.0258806331168437
0.0257881724999598
0.0254012999264783
0.0228731005734948
0.0228731005734948
0.0225133342882032
0.0191294584013735
0.0185700031886476
0.0183812874161575
0.0165714604770033
0.0165714604770033
0.0165714604770033
0.0165714604770033
0.0160441651536841
0.0160441651536841
0.0159389114969439
0.0159389114969439
0.0159389114969439
0.0159389114969439
0.014989416734741
0.0142377886749578
0.0142377886749578
0.0137235599624436
0.0137235599624436
0.012766865365461
0.0127616477226023
0.0123819358557512
0.0114522559016917
0.0114522559016917
0.0114522559016917
0.0093523367995948
0.0093523367995948
0.0090915084288601
0.00790225233252725
0.00790225233252725
0.00790225233252725
0.00790225233252725
0.00758586052148911
0.00758586052148911
0.00758586052148911
0.00755277102193845
0.00749467949037586
0.00739004116486381
0.00739004116486381
0.00739004116486381
0.00739004116486381
0.00716265652212586
0.00716265652212586
0.00597614556494868
0.00597614556494868
0.00476606823577579
0.00476606823577579
0.00476606823577579
0.00476606823577579
0.00476606823577579
0.00476606823577579
0.00476606823577579
0.00476606823577579
0.00476606823577579
0.00476606823577579
0.00476606823577579
0.00465225450816906
0.00465225450816906
0.00465225450816906
0.00465225450816906
0.00465225450816906
0.00378163231100529
0.0037489309033112
0.0037489309033112
0.0037489309033112
0.0037489309033112
0.0037489309033112
0.0037489309033112
0.0037489309033112
0.0037489309033112
0.0037489309033112
0.00363892054249569
0.00363892054249569
0.00363892054249569
0.00363892054249569
0.00363892054249569
0.00363892054249569
0.00363892054249569
0.00363892054249569
0.00363892054249569
0.00363892054249569
0.00363892054249569
0.00363892054249569
0.00340115829097215
0.00340115829097215
0.00340115829097215
0.00340115829097215
0.00340115829097215
0.00340115829097215
0.00340115829097215
0.00340115829097215
0.00340115829097215
0.00340115829097215
0.00340115829097215
0.00340115829097215
0.00340115829097215
0.00340115829097215
0.00340115829097215
0.00340115829097215
0.00340115829097215
0.00340115829097215
0.00340115829097215
0.00340115829097215
0.00331193565632031
0.00331193565632031
0.00331193565632031
0.00331193565632031
0.00331193565632031
0.00331193565632031
0.00331193565632031
0.00330587525737828
0.00330587525737828
0.00330587525737828
0.00330587525737828
0.00330587525737828
0.00330587525737828
0.00330587525737828
0.00330587525737828
0.00330587525737828
0.00330587525737828
0.00330587525737828
0.00330587525737828
0.00330587525737828
0.00330587525737828
0.00330587525737828
0.00329878061424269
0.00265735977671798
0.00265735977671798
0.00265735977671798
0.00265735977671798
0.00265735977671798
0.00265735977671798
0.00265735977671798
0.00265735977671798
0.00265735977671798
0.00265735977671798
0.00265735977671798
0.00265735977671798
0.00265735977671798
0.00265735977671798
0.00265735977671798
0.00265735977671798
0.0026415354986906
0.00167360319479791
0.00167360319479791
0.00167360319479791
0.00167360319479791
0.00167360319479791
0.00167360319479791
0.00167360319479791
0.00167360319479791
0.00167360319479791
0.00167360319479791
0.00167360319479791
0.00167360319479791
0.00167360319479791
0.00167360319479791
0.00167354769086044
0.00167354769086044
0.00164808234392942
0.00164808234392942
0.00162503866013319
0.00162485051554793
0.00162485051554793
0.00162485051554793
0.00162485051554793
0.00162449860588021
0.00162449860588021
0.00162449860588021
0.00162225399981044
0.00159342300713806
0.00159342300713806
0.00149053011105347
0.00139915972642516
0.00139915972642516
0.00139915972642516
0.0013991591022959
0.0013991591022959
0.0013991591022959
0.00139760756634791
0.00139760756634791
0.00132851825915153
0.00123456705415169
0.00123456705415169
0.00122734459970685
0.00122358903141439
0.00122358903141439
0.00119985302816718
0.00108564837807055
0.00108564837807055
0.00108564837807055
0.00108564837807055
0.00108564837807055
0.000911202546215887
0.000848542171770135
0.000848542171770135
0.000836081131617847
0.000834503161978875
0.000755166456304129
0.000755166456304129
0.000708822681285735
0.000626512890657307
0.000626512890657307
0.00062649317817748
0.000625298004446274
0.000614747625060268
0.000585001520805586
0.000584419289163179
0.000582953526938523
0.000582953526938523
0.000578796150262845
0.000575831575903766
0.000575802842109868
0.000563289223593326
0.000555040223320891
0.000554131116595496
0.000482567127143347
0.000411215996742411
0.000377122483505253
0.000377121830455043
0.000367609642767069
0.000357563469968858
0.000357563469968858
0.00032222281279856
0.000290858817903865
0.000290650377972495
0.000289785980628942
0.000275602339894273
0.000275572524269517
0.000273233021948252
0.000266413950506048
0.000261126455568055
0.00024860861290028
0.000243596989316811
0.000243596989316811
0.000239092540903224
0.00023703420506495
0.000235090927711722
0.000231894256652987
0.000231867252839126
0.000231860664631046
0.000231299284486276
0.000230794761713932
0.000228995239127905
0.000228764539733173
0.000221649862222846
0.000207474736385531
0.000206086626333914
0.00020605159761957
0.000206045823778161
0.000199406387783503
0.000196575582887107
0.000196502636115243
0.000194614308058058
0.00018717446110136
0.00018717446110136
0.00018717446110136
0.000187085183168005
0.00018523570803835
0.00018436118587187
0.000179857006074414
0.000174176886512204
0.000155533580848758
0.000151025640708333
0.00014733164328294
0.000146425404956921
0.000146366076719279
0.000144461435280814
0.000144003500971425
0.000141193811564431
0.000141164174669085
0.000138254690708202
0.000138057672233149
0.000138035313876736
0.000137382753394103
0.000135620049810707
0.000135618600705426
0.000134557193241365
0.000134332289371657
0.000133253598238637
0.000132972614267297
0.000132972614267297
0.000132587114530986
0.000127741594630256
0.000126993862109082
0.000126929661719192
0.000126929638336644
0.0001268968663251
0.000126134023260206
0.000122568784954368
0.000121256240072948
0.000119700900333168
0.000119699930005936
0.000119642512453371
0.000119642104881334
0.000118951881657961
0.000118566238552461
0.000118497053441297
0.000117260417432549
0.000117207240094737
0.00011693523028754
0.000116891512432834
0.000116755520327379
0.000116755520327379
0.000116420128854204
0.000115809087307679
0.000115604423631723
0.000115550125996005
0.000115445068079054
0.00011543010483827
0.000115428775456789
0.000115428686080595
0.000115358246199413
0.000115227094563466
0.000114645841870938
0.000114599415340921
0.00011451517908664
0.000114365077176442
0.000114328890544317
0.000114178424384277
0.00011417841475256
0.000114074833103185
0.00011399851281838
0.000113935022264013
0.000113915250011502
0.000113705198419501
0.000113623139221116
0.000113623136893564
0.00011361599670583
0.000113614919603815
0.000113497971327266
0.000113464908547245
0.000113294617595114
0.000113242285445798
0.000113220679509844
0.000113102612848432
0.000113101742959041
0.000113101742959041
0.000113037648083513
0.000113037608483385
0.000113017969445682
0.000112961931831589
0.000112921053630307
0.000112869295171755
0.000112865927697124
0.000112834354929989
0.000112826774164221
0.000112826588467995
0.00011281324678512
0.000112811249021151
0.0001128006866377
0.000112797210712972
0.000112794315172793
0.000112775378620594
0.000112770564008342
0.000112770561850758
0.000112770561850758
0.0001127627951342
0.0001127627951342
0.000112749100092248
0.000112726880797382
0.000112725357957672
0.000112721129181047
0.000112714303864566
0.000112711496858106
0.000112692253188372
0.000112685252380859
0.000112678379647562
0.000112671642651605
0.00011266901057063
0.000112663235837536
0.000112662663348304
0.000112662558039696
0.000112661453550872
0.000112656395255959
0.000112614749498832
0.000112611494520583
0.000112610394042818
0.000112609076597685
0.000112594861162763
0.000112594860493683
0.000112585537233111
0.000112585498216289
0.000112583411403103
0.00011258340363928
0.000112581277483447
0.000112579124280419
0.000112577774494396
0.000112572294698266
0.000112572294698266
0.000112572230974041
0.000112571859957488
0.000112567157918016
0.000112567157918016
0.000112563035901837
0.000112561210327432
0.00011255379388735
0.000112553762942264
0.000112547366185577
0.000112544712023604
0.000112542669028913
0.000112542646175904
0.000112542646161799
0.000112537484526803

