6.86891267262716
4.34071311936545
3.02754990990803
2.93668999387453
1.73863329308829
1.43799789673724
0.726700948045476
0.726700948045476
0.726631911562662
0.726631911562662
0.719744982760026
0.683819609476986
0.661373997636317
0.658473568624984
0.643948472481252
0.637229285986181
0.6078994511821
0.537542952051954
0.52810166375971
0.497072352844931
0.461915566362626
0.453642764972361
0.423133058927884
0.419529060645037
0.419529060645037
0.406561034635335
0.380583802275498
0.299566234501082
0.269691344463155
0.25711765119167
0.237875825807854
0.236672170565575
0.210061922326904
0.204719250085205
0.204432434426614
0.181226612900345
0.179996523868434
0.153263922574365
0.153263922574365
0.149503804407527
0.133802206334049
0.132984463834625
0.132346583020425
0.0975995924870756
0.0975995924870756
0.0932145656019885
0.0932145656019885
0.0932145656019885
0.09053327241862
0.0849904565219315
0.0842029131940087
0.0835117228646927
0.0788389774160839
0.0788389774160839
0.0781203556624107
0.0749492512229281
0.0733434966398338
0.0694892573928458
0.0673479555769455
0.0628829038285547
0.0628829038285547
0.0628829038285547
0.049078509023246
0.0479661565519788
0.0456711595033253
0.0456711595033253
0.0417118701730193
0.0376574310917926
0.0376382197663181
0.0376148049067365
0.0370732565582994
0.0358859774885424
0.0358859774885424
0.0293845695183192
0.0261757413653339
0.0261757413653339
0.0261757413653339
0.0237884691874637
0.0237884691874637
0.0237884691874637
0.0231892972249888
0.0231892972249888
0.0231892972249888
0.0231892972249888
0.0192158939396555
0.0192158939396555
0.0148801538068612
0.0148801538068612
0.0148801538068612
0.0148801538068612
0.0144521170553764
0.0137826546590151
0.0106230755004663
0.0106230755004663
0.0106230755004663
0.0106230755004663
0.00971547217615143
0.00791173584320755
0.00791173584320755
0.00791173584320755
0.00791173584320755
0.00786846771852136
0.00786846771852136
0.00786846771852136
0.00782297381526754
0.00782297381526754
0.00662618287462148
0.0060805739369679
0.00604381185269555
0.00604381185269555
0.00604381185269555
0.00604381185269555
0.00604381185269555
0.00604381185269555
0.00604381185269555
0.00604381185269555
0.00604381185269555
0.00604381185269555
0.00604381185269555
0.00604381185269555
0.00604381185269555
0.00603915986625934
0.00603915986625934
0.00603915986625934
0.00603915986625934
0.00603915986625934
0.00603915986625934
0.0057340226454608
0.0057340226454608
0.0057340226454608
0.00541931371972315
0.00541931371972315
0.00512424580312984
0.00512424580312984
0.00512424580312984
0.00512424580312984
0.00512424580312984
0.00512424580312984
0.00512424580312984
0.00512424580312984
0.00512424580312984
0.00512424580312984
0.00511566169449136
0.00511566169449136
0.00511566169449136
0.00511566169449136
0.00511566169449136
0.00511566169449136
0.00511566169449136
0.00511566169449136
0.00511566169449136
0.00511566169449136
0.00511566169449136
0.00511566169449136
0.00511566169449136
0.00511566169449136
0.00511566169449136
0.00511566169449136
0.00511566169449136
0.00511566169449136
0.00511566169449136
0.00511566169449136
0.00511566169449136
0.00511566169449136
0.0051005616820703
0.0051005616820703
0.00454701340377657
0.00431221461469899
0.00431221461469899
0.00431221461469899
0.00431221461469899
0.00431221461469899
0.00431221461469899
0.00431221461469899
0.00431221461469899
0.00431221461469899
0.00431221461469899
0.00431221461469899
0.00431221461469899
0.00431221461469899
0.00431221461469899
0.00431221461469899
0.00431221461469899
0.00431221461469899
0.00431221461469899
0.00431221461469899
0.00431221461469899
0.00431221461469899
0.00384636695585619
0.00384636695585619
0.00384636695585619
0.00384636695585619
0.00384636695585619
0.00384636695585619
0.00384636695585619
0.00384636695585619
0.00384636695585619
0.00384636695585619
0.00384636695585619
0.00384636695585619
0.00384636695585619
0.00382892076610497
0.00382892076610497
0.00382892076610497
0.00382892076610497
0.00382892076610497
0.00382892076610497
0.00373929141780424
0.00373929141780424
0.00373929141780424
0.00373929141780424
0.00372363657712695
0.00372363657712695
0.00372363657712695
0.00372363657712695
0.00372363657712695
0.00372363657712695
0.00372363657712695
0.00372363657712695
0.00372363657712695
0.00355043593895642
0.00355043593895642
0.00355043593895642
0.00348300431967725
0.00348300431967725
0.00348300431967725
0.00348300431967725
0.00348300431967725
0.00257889611418381
0.00257889611418381
0.00257889611418381
0.00257889611418381
0.00257889611418381
0.00257889611418381
0.00257889611418381
0.00250373670787539
0.00250373670787539
0.00250373670787539
0.00250373670787539
0.00250373670787539
0.00217990088725429
0.00217990088725429
0.00217990088725429
0.0019885981622646
0.0019885981622646
0.0019885981622646
0.0019885981622646
0.00198827026198586
0.00198827026198586
0.00198827026198586
0.00198827026198586
0.00198827026198586
0.00190702955167808
0.00189233624127335
0.00189233624127335
0.00172858909884697
0.00172858909884697
0.00172858909884697
0.00137313933092174
0.00137313933092174
0.00137313933092174
0.00137313933092174
0.00136383204905342
0.00136383204905342
0.00136383204905342
0.00136383204905342
0.00136383204905342
0.00136383204905342
0.00136316819674976
0.0011249986403433
0.0011249986403433
0.0011249986403433
0.0011249986403433
0.00112419148192086
0.00106443444468994
0.000964854298778848
0.000964854298778848
0.000896437253996709
0.000896437253996709
0.000896437253996709
0.000896437253996709
0.000833051972130272
0.000833051972130272
0.000833051972130272
0.000833048528738421
0.000832861421604069
0.000787499035499716
0.000729790632232234
0.000725329092120899
0.000721295685946652
0.000590435704998087
0.000565749966722312
0.00055403628436289
0.00055403628436289
0.000504761561465301
0.000496398324707994
0.000401145670560596
0.000397843747936865
0.000397843747936865
0.000394686897562311
0.000357964244026263
0.000357964244026263
0.000357831947279632
0.00035776334332635
0.000342582588348359
0.000325465584828676
0.000325465584828676
0.000325379581401968
0.000303045116574198
0.000299425920121476
0.000295296183526556
0.000290467054690647
0.000274023599785847
0.000252914900047438
0.000252914900047438
0.000175363902716809
0.000175363902716809
0.000175310416220956
0.000171028483556583
0.000166460598666209
0.000153099742192099
0.000152476881510158
0.000134684408247318
0.000128797208750808
0.000118312615284485
0.000113134324609004
0.000107164440514486
0.000106994160123416
0.00010180445464161
0.000101484463277495
9.30183614124448E-05
7.00404807458208E-05
6.77857768034153E-05
5.68270633576931E-05
5.68270633576931E-05
5.68270633576931E-05
5.00045911995077E-05
4.97389886030435E-05
4.97389886030435E-05
4.97195024251737E-05
4.97191631914891E-05
4.69442762130529E-05
4.2013964882834E-05
3.97048174907777E-05
3.79291266368462E-05
3.77011140122806E-05
3.41374221815471E-05
3.41374221815471E-05
3.40802661842891E-05
3.00565091238872E-05
2.88230265299563E-05
2.88230265299563E-05
2.88230265299563E-05
2.87369113734012E-05
2.79603068344509E-05
2.79603068344509E-05
2.79431705610818E-05
2.61397852517499E-05
2.52345121624534E-05
2.52345121624534E-05
2.49596540276544E-05
2.47976191365851E-05
2.47215414993253E-05
2.23127489605965E-05
2.23127489605965E-05
2.21042274431063E-05
2.16345455388924E-05
2.16345455388924E-05
2.12107812302772E-05
2.12107812302772E-05
2.11743492933078E-05
2.05743705317812E-05
2.05177064906154E-05
2.04222767972097E-05
2.01018540473348E-05
1.96006206070221E-05
1.96006206070221E-05
1.95159353532308E-05
1.88696549641251E-05
1.81411006054672E-05
1.81411006054672E-05
1.72932746823249E-05
1.66757142749995E-05
1.66648950309846E-05
1.66462763022346E-05
1.66446291638336E-05
1.65902254575565E-05
1.65173648047003E-05
1.6516746561166E-05
1.62055950277876E-05
1.61697267730505E-05
1.58220032530278E-05
1.57494994643633E-05
1.57494994643633E-05
1.5748561336278E-05
1.5748561336278E-05
1.5748561336278E-05
1.57066894183879E-05
1.57066894183879E-05
1.57066894183879E-05
1.56812823102336E-05
1.56800394469251E-05
1.56800145595714E-05
1.56226412111564E-05
1.55430896821458E-05
1.55430896821458E-05
1.55430829202816E-05
1.55392020858829E-05
1.54774974465332E-05
1.54426730844776E-05
1.5442513787863E-05
1.54331528441817E-05
1.54248617542144E-05
1.53769812342376E-05
1.53769812342376E-05
1.53769812342376E-05
1.53127428670333E-05
1.53058167525521E-05
1.53058167525521E-05
1.5279932415604E-05
1.52570801289534E-05
1.52374500698195E-05
1.52367760020968E-05
1.52367760020968E-05
1.52280459359199E-05
1.52119631021427E-05
1.52119631021427E-05
1.52036442554932E-05
1.51693502931138E-05
1.51425068985768E-05
1.51110435061766E-05
1.51098561112734E-05
1.50744657010171E-05
1.50744657010171E-05
1.50688360758907E-05
1.50612431713273E-05
1.50443216669077E-05
1.50258379675283E-05
1.50213307001749E-05
1.50100079477678E-05
1.49790544260416E-05
1.49789712251801E-05
1.49697870181127E-05
1.49697870181127E-05
1.49645757313532E-05
1.49645757313532E-05
1.49589010861817E-05
1.49551873245534E-05
1.49511409309937E-05
1.49331314840801E-05
1.49299154380551E-05
1.49055758198131E-05
1.48838914829927E-05
1.48838847276453E-05
1.48814540652694E-05
1.48806674056372E-05
1.48798832175399E-05
1.48773225891353E-05
1.48751614799168E-05
1.4875131340905E-05
1.48721815239685E-05
1.48721815239685E-05
1.4869799920715E-05
1.48665973669135E-05
1.48648995421337E-05
1.48619488763798E-05
1.48556410595773E-05
1.48556410595773E-05
1.48556410595773E-05
1.48555528457114E-05
1.48535509785319E-05
1.4852992997898E-05
1.48529451155236E-05
1.48529451155236E-05
1.48529451155236E-05
1.48517975624298E-05
1.48509854823065E-05
1.48470232374573E-05
1.4847014989459E-05
1.4847014989459E-05
1.48468826918891E-05
1.48445836335879E-05
1.48440121025372E-05
1.48439648842052E-05
1.4841762023883E-05
1.48410986207992E-05
1.48374912502404E-05
1.48371413156388E-05
1.48365445754499E-05
1.48364469826758E-05
1.48362290677301E-05
1.48362290677301E-05
1.48356772050811E-05
1.48345462072061E-05
1.48345378166008E-05
1.48343999682075E-05
1.48316921731705E-05
1.48316921731705E-05
1.48316052806463E-05
1.48312345111582E-05

