0.0886277035434229
0.0656028349143707
0.0564019816645966
0.054370487415892
0.0309344506538055
0.0306364632975552
0.0302330545617717
0.0165642555187839
0.00375769942811133
0.00375769942811133
0.00327092572467547
0.00139494626124437
0.00105832682866036
0.00105832682866036
0.00097460507665692
0.000957783893059672
0.000546595006653883
0.000546595006653883
0.000114167802596876
8.84131369067731E-05
8.84131369067731E-05
8.63075978685401E-05
7.86346031632634E-05
7.86346031632634E-05
7.75578299840873E-05
7.75578299840873E-05
7.75578299840873E-05
7.75578299840873E-05
7.75578299840873E-05
7.73294809514047E-05
7.73294809514047E-05
6.72402304007225E-05
5.12406057794346E-05
5.12406057794346E-05
4.00505977282695E-05
4.00505977282695E-05
4.00505977282695E-05
4.00505977282695E-05
2.01498359154728E-05
2.01498359154728E-05
2.01498359154728E-05
2.01498359154728E-05
2.01498359154728E-05
2.01498359154728E-05
2.01498359154728E-05
2.01498359154728E-05
1.93671034806053E-05
1.93671034806053E-05
1.36876454892576E-05
1.36876454892576E-05
1.36876454892576E-05
1.36876454892576E-05
1.27016737514474E-05
8.65350331835657E-06
8.65350331835657E-06
8.65350331835657E-06
8.65350331835657E-06
8.65350331835657E-06
8.65350331835657E-06
8.65350331835657E-06
8.17056723234622E-06
8.17056723234622E-06
8.17056723234622E-06
8.17056723234622E-06
8.17056723234622E-06
8.17056723234622E-06
8.17056723234622E-06
8.17056723234622E-06
8.17056723234622E-06
8.17056723234622E-06
8.17056723234622E-06
8.17056723234622E-06
5.7567710129991E-06
5.7567710129991E-06
5.7567710129991E-06
5.57091507757956E-06
5.57091507757956E-06
5.57091507757956E-06
3.55120901718298E-06
2.18852708788742E-06
2.18852708788742E-06
2.18852708788742E-06
2.18852708788742E-06
2.18852708788742E-06
2.18852708788742E-06
2.18852708788742E-06
2.18852708788742E-06
2.18852708788742E-06
2.18852708788742E-06
2.18852708788742E-06
2.18852708788742E-06
2.18852708788742E-06
2.18852708788742E-06
2.18852708788742E-06
2.18852708788742E-06
2.18852708788742E-06
2.18852708788742E-06
2.18852708788742E-06
2.18852708788742E-06
2.0946078524986E-06
2.0946078524986E-06
2.0946078524986E-06
2.0946078524986E-06
2.0946078524986E-06
1.50110754026933E-06
1.50110754026933E-06
1.50110754026933E-06
1.50110754026933E-06
1.50110754026933E-06
1.50110754026933E-06
1.50110754026933E-06
1.50110754026933E-06
1.50110754026933E-06
1.50110754026933E-06
1.50110754026933E-06
1.50110754026933E-06
1.50110754026933E-06
1.50110754026933E-06
1.50110754026933E-06
1.50110754026933E-06
7.0846314059736E-07
7.0846314059736E-07
4.89376193124613E-07
4.89376193124613E-07
4.89376193124613E-07
4.89376193124613E-07
4.89376193124613E-07
4.89376193124613E-07
4.89160845495995E-07
4.89160845495995E-07
4.89160845495995E-07
4.89160845495995E-07
4.43013973949746E-07
4.34012548233831E-07
4.34012548233831E-07
4.34012548233831E-07
4.34012548233831E-07
2.44745966493376E-07
2.44745966493376E-07
2.44745966493376E-07
2.44745966493376E-07
2.44745966493376E-07
1.68045403925454E-07
1.68045403925454E-07
1.68045403925454E-07
1.68045403925454E-07
1.68045403925454E-07
1.68045403925454E-07
1.68045403925454E-07
1.68045403925454E-07
1.68045403925454E-07
1.68045403925454E-07
1.68045403925454E-07
1.68045403925454E-07
1.68045403925454E-07
1.68045403925454E-07
1.68045403925454E-07
1.68045403925454E-07
1.68045403925454E-07
1.68045403925454E-07
1.68045403925454E-07
1.68045403925454E-07
8.25896357969924E-08
8.25896357969924E-08
8.25896357969924E-08
8.25896357969924E-08
7.22045447876241E-08
7.22045447876241E-08
7.22045447876241E-08
7.22045447876241E-08
7.22045447876241E-08
7.22045447876241E-08
7.22045447876241E-08
7.22045447876241E-08
7.22045447876241E-08
7.22045447876241E-08
7.22045447876241E-08
7.22045447876241E-08
7.22045447876241E-08
7.22045447876241E-08
7.22045447876241E-08
7.22045447876241E-08
7.22045447876241E-08
7.22045447876241E-08
7.22045447876241E-08
7.22045447876241E-08
7.22045447876241E-08
7.22045447876241E-08
7.22045447876241E-08
7.22045447876241E-08
7.22045447876241E-08
7.22045447876241E-08
7.22045447876241E-08
7.22045447876241E-08
7.22045447876241E-08
7.22045447876241E-08
7.22045447876241E-08
7.22045447876241E-08
7.22045447876241E-08
7.22045447876241E-08
7.22045447876241E-08
7.22045447876241E-08
7.22045447876241E-08
7.22045447876241E-08
7.22045447876241E-08
7.22045447876241E-08
7.22045447876241E-08
7.22045447876241E-08
7.22045447876241E-08
7.22045447876241E-08
7.22045447876241E-08
7.22045447876241E-08
7.22045447876241E-08
7.22045447876241E-08
6.52323108862873E-08
6.52323108862873E-08
6.52323108862873E-08
6.52323108862873E-08
6.52323108862873E-08
6.52323108862873E-08
6.52323108862873E-08
6.52323108862873E-08
6.52323108862873E-08
6.52323108862873E-08
6.52323108862873E-08
6.52323108862873E-08
6.52323108862873E-08
6.52323108862873E-08
6.52323108862873E-08
6.52323108862873E-08
6.52323108862873E-08
6.52323108862873E-08
6.52323108862873E-08
5.78439515175333E-08
5.78439515175333E-08
5.78439515175333E-08
5.78439515175333E-08
5.78439515175333E-08
5.78439515175333E-08
5.78439515175333E-08
5.78439515175333E-08
5.78439515175333E-08
2.00992489318708E-08
2.00992489318708E-08
2.00992489318708E-08
2.00992489318708E-08
2.00992489318708E-08
2.00992489318708E-08
2.00992489318708E-08
2.00992489318708E-08
2.00992489318708E-08
2.00992489318708E-08
2.00992489318708E-08
2.00992489318708E-08
2.00992489318708E-08
2.00992489318708E-08
2.00992489318708E-08
1.77044203741872E-08
1.77044203741872E-08
1.77044203741872E-08
1.77044203741872E-08
1.77044203741872E-08
1.77044203741872E-08
1.77044203741872E-08
1.77044203741872E-08
1.77044203741872E-08
1.77044203741872E-08
1.77044203741872E-08
1.77044203741872E-08
1.77044203741872E-08
1.77044203741872E-08
1.77044203741872E-08
1.77044203741872E-08
1.77044203741872E-08
1.77044203741872E-08
1.77044203741872E-08
1.77044203741872E-08
1.77044203741872E-08
1.28153765377448E-08
1.28153765377448E-08
1.28153765377448E-08
1.28153765377448E-08
1.28153765377448E-08
1.28153765377448E-08
1.28153765377448E-08
1.28153765377448E-08
1.28153765377448E-08
1.28153765377448E-08
1.28153765377448E-08
1.28153765377448E-08
1.28153765377448E-08
1.28153765377448E-08
1.19937431097838E-08
1.19937431097838E-08
1.19937431097838E-08
1.19937431097838E-08
2.80228185101095E-09
2.80228185101095E-09
2.80228185101095E-09
2.80228185101095E-09
2.80228185101095E-09
2.80228185101095E-09
2.80228185101095E-09
2.80228185101095E-09
2.80228185101095E-09
2.80228185101095E-09
2.80228185101095E-09
2.80228185101095E-09
2.80228185101095E-09
2.80228185101095E-09
2.80228185101095E-09
2.80228185101095E-09
2.80228185101095E-09
2.80228185101095E-09
2.80228185101095E-09
2.80228185101095E-09
2.80228185101095E-09
2.80228185101095E-09
2.80228185101095E-09
2.80228185101095E-09
2.80228185101095E-09
2.80228185101095E-09
2.80228185101095E-09
2.80228185101095E-09
2.74550393530859E-09
2.74550393530859E-09
2.74550393530859E-09
2.74550393530859E-09
2.74550393530859E-09
2.74550393530859E-09
2.74550393530859E-09
2.74550393530859E-09
2.74550393530859E-09
2.74550393530859E-09
2.58555121757098E-09
2.58555121757098E-09
2.58555121757098E-09
1.80396830806728E-09
1.80396830806728E-09
1.80396830806728E-09
1.80396830806728E-09
1.80396830806728E-09
1.64253011192272E-09
1.64253011192272E-09
1.64253011192272E-09
1.64253011192272E-09
1.64253011192272E-09
1.64253011192272E-09
1.64253011192272E-09
8.12455214216357E-10
8.12455214216357E-10
8.12455214216357E-10
8.12455214216357E-10
3.38157168933151E-10
3.38157168933151E-10
3.38157168933151E-10
3.38157168933151E-10
3.38157168933151E-10
3.14209547269684E-10
3.14209547269684E-10
3.14209547269684E-10
3.14209547269684E-10
3.14209547269684E-10
3.14209547269684E-10
3.14209547269684E-10
3.14209547269684E-10
2.74656630772085E-10
2.74656630772085E-10
2.74656630772085E-10
2.74656630772085E-10
2.74656630772085E-10
2.54418153211589E-10
2.54418153211589E-10
2.54418153211589E-10
2.54418153211589E-10
2.54418153211589E-10
2.54418153211589E-10
2.54418153211589E-10
2.54418153211589E-10
2.54418153211589E-10
2.11557993345934E-10
2.11557993345934E-10
2.11557993345934E-10
2.11557993345934E-10
1.37498346042264E-10
5.51748646770989E-11
5.51748646770989E-11
5.51748646770989E-11
5.51748646770989E-11
5.51748646770989E-11
5.51748646770989E-11
5.51748646770989E-11
5.51748646770989E-11
5.51748646770989E-11
5.51748646770989E-11
5.51748646770989E-11
5.51748646770989E-11
5.51748646770989E-11
5.51748646770989E-11
5.51748646770989E-11
5.51748646770989E-11
5.51748646770989E-11
5.51748646770989E-11
3.91175980496428E-11
3.91175980496428E-11
3.91175980496428E-11
1.47478695922132E-11
1.47478695922132E-11
1.47478695922132E-11
1.47478695922132E-11
1.47478695922132E-11
1.47478695922132E-11
1.47478695922132E-11
1.47478695922132E-11
1.47478695922132E-11
1.47478695922132E-11
4.87376805580197E-12
4.87376805580197E-12
4.87376805580197E-12
4.87376805580197E-12
4.87376805580197E-12
4.87376805580197E-12
4.87376805580197E-12
4.87376805580197E-12
4.87376805580197E-12
4.87376805580197E-12
4.87376805580197E-12
4.87376805580197E-12
4.87376805580197E-12
4.87376805580197E-12
4.87376805580197E-12
4.87376805580197E-12
3.62032626100017E-12
3.62032626100017E-12
3.62032626100017E-12
3.44968498211529E-12
3.44968498211529E-12
3.44968498211529E-12
3.44968498211529E-12
2.08988382155439E-12
2.08988382155439E-12
2.08988382155439E-12
2.08988382155439E-12
2.08988382155439E-12
2.08988382155439E-12
2.08988382155439E-12
2.08988382155439E-12
2.08988382155439E-12
1.65911728799983E-12
1.65911728799983E-12
1.65911728799983E-12
1.65911728799983E-12
1.65911728799983E-12
1.65911728799983E-12
1.54620760639546E-12
1.54620760639546E-12
1.54620760639546E-12
1.54620760639546E-12
1.54620760639546E-12
1.54620760639546E-12
1.54620760639546E-12
1.54620760639546E-12
1.54620760639546E-12
1.54620760639546E-12
1.54620760639546E-12
6.07291994469961E-13
6.07291994469961E-13
6.07291994469961E-13
6.07291994469961E-13
6.07291994469961E-13
6.07291994469961E-13
6.07291994469961E-13
6.07291994469961E-13
6.07291994469961E-13
3.02091685000505E-13
2.54907206453936E-13
2.54907206453936E-13
2.54907206453936E-13
2.54907206453936E-13
2.54907206453936E-13
2.54907206453936E-13
2.54907206453936E-13
2.54907206453936E-13
2.54907206453936E-13
2.54907206453936E-13
2.53130849614536E-13
2.53130849614536E-13
2.53130849614536E-13
2.53130849614536E-13
2.53130849614536E-13
2.53130849614536E-13
2.53130849614536E-13
2.53130849614536E-13
2.53130849614536E-13
2.53130849614536E-13
2.53130849614536E-13
2.53130849614536E-13
2.48356890608648E-13
2.30149233004795E-13
2.30149233004795E-13

