0.169839336603771
0.159061160930103
0.10979554497867
0.034080926189304
0.0209633788378896
0.00438149676978727
0.00390614491601826
0.00390614491601826
0.00390614491601826
0.00390614491601826
0.00375423243871298
0.00298127041498431
0.00298127041498431
0.00298127041498431
0.00298127041498431
0.0029570011894261
0.00289609209126929
0.00289609209126929
0.00269852970625184
0.00258331791202604
0.000384341848139957
0.000333726957569946
0.000310196152324749
0.000307710106144277
0.000280615337974299
0.000280615337974299
0.000193623878879445
0.000141283597284714
0.000141283597284714
0.000141283597284714
0.000141283597284714
0.000141283597284714
0.000106548810011375
0.000106548810011375
0.000106548810011375
5.93077152172272E-05
3.54693289968955E-05
3.54693289968955E-05
3.54693289968955E-05
3.54693289968955E-05
3.54693289968955E-05
3.54693289968955E-05
3.54693289968955E-05
3.54693289968955E-05
3.23846315108955E-06
3.23846315108955E-06
3.23846315108955E-06
3.23846315108955E-06
2.17132498414596E-06
2.17132498414596E-06
2.17132498414596E-06
2.17132498414596E-06
2.17132498414596E-06
2.17132498414596E-06
2.17132498414596E-06
2.17132498414596E-06
2.17132498414596E-06
2.17132498414596E-06
2.17132498414596E-06
2.17132498414596E-06
2.17132498414596E-06
2.17132498414596E-06
2.17132498414596E-06
2.17132498414596E-06
2.17132498414596E-06
2.17132498414596E-06
2.17132498414596E-06
2.17132498414596E-06
2.17132498414596E-06
2.17132498414596E-06
2.17132498414596E-06
2.17132498414596E-06
2.17132498414596E-06
2.17132498414596E-06
2.17132498414596E-06
2.17132498414596E-06
2.17132498414596E-06
2.17132498414596E-06
2.17132498414596E-06
2.17132498414596E-06
2.17132498414596E-06
2.17132498414596E-06
1.55641892218839E-06
1.55641892218839E-06
1.55641892218839E-06
1.37185872550738E-06
1.37185872550738E-06
1.37185872550738E-06
1.37185872550738E-06
1.37185872550738E-06
1.37185872550738E-06
1.37185872550738E-06
1.21266276509324E-06
1.21266276509324E-06
1.21266276509324E-06
1.21266276509324E-06
1.21266276509324E-06
1.21266276509324E-06
1.21266276509324E-06
1.01590644363547E-06
1.01590644363547E-06
1.01590644363547E-06
1.01590644363547E-06
1.01590644363547E-06
1.01590644363547E-06
1.01590644363547E-06
1.01590644363547E-06
1.01590644363547E-06
1.01590644363547E-06
1.01590644363547E-06
1.01590644363547E-06
1.01590644363547E-06
1.01590644363547E-06
1.01590644363547E-06
1.01590644363547E-06
1.01590644363547E-06
1.01590644363547E-06
1.01590644363547E-06
1.01590644363547E-06
1.01590644363547E-06
1.01590644363547E-06
1.01590644363547E-06
1.01590644363547E-06
1.01590644363547E-06
1.01590644363547E-06
1.01590644363547E-06
1.01590644363547E-06
1.01590644363547E-06
1.01590644363547E-06
1.01590644363547E-06
1.01590644363547E-06
1.01590644363547E-06
1.01590644363547E-06
1.01590644363547E-06
8.81865432011963E-07
8.81865432011963E-07
8.81865432011963E-07
8.81865432011963E-07
8.81865432011963E-07
8.81865432011963E-07
8.81865432011963E-07
8.81865432011963E-07
8.81865432011963E-07
8.81865432011963E-07
8.81865432011963E-07
8.81865432011963E-07
8.81865432011963E-07
8.81865432011963E-07
8.81865432011963E-07
8.81865432011963E-07
8.81865432011963E-07
8.81865432011963E-07
8.81865432011963E-07
7.36908471021813E-07
7.36908471021813E-07
7.36908471021813E-07
7.36908471021813E-07
7.36908471021813E-07
7.36908471021813E-07
7.36908471021813E-07
7.36908471021813E-07
7.36908471021813E-07
7.36908471021813E-07
7.36908471021813E-07
7.36908471021813E-07
7.36908471021813E-07
7.36908471021813E-07
7.36908471021813E-07
7.36908471021813E-07
7.36908471021813E-07
7.36908471021813E-07
7.36908471021813E-07
7.36908471021813E-07
7.36908471021813E-07
7.36908471021813E-07
7.36908471021813E-07
4.86713080838364E-07
4.86713080838364E-07
4.86713080838364E-07
4.86713080838364E-07
4.86713080838364E-07
4.86713080838364E-07
4.86713080838364E-07
4.86713080838364E-07
4.86713080838364E-07
4.86713080838364E-07
4.86713080838364E-07
4.86713080838364E-07
4.15124368435826E-07
6.71454608580646E-08
6.71454608580646E-08
6.71454608580646E-08
6.71454608580646E-08
6.71454608580646E-08
6.71454608580646E-08
6.71454608580646E-08
6.71454608580646E-08
6.71454608580646E-08
6.71454608580646E-08
6.71454608580646E-08
6.71454608580646E-08
6.71454608580646E-08
6.71454608580646E-08
6.71454608580646E-08
6.71454608580646E-08
6.71454608580646E-08
6.71454608580646E-08
6.71454608580646E-08
6.71454608580646E-08
6.71454608580646E-08
6.71454608580646E-08
6.71454608580646E-08
6.71454608580646E-08
6.71454608580646E-08
6.71454608580646E-08
6.71454608580646E-08
6.71454608580646E-08
6.71454608580646E-08
6.71454608580646E-08
6.71454608580646E-08
6.71454608580646E-08
6.71454608580646E-08
6.71454608580646E-08
6.71454608580646E-08
6.71454608580646E-08
6.71454608580646E-08
6.71454608580646E-08
6.71454608580646E-08
6.71454608580646E-08
6.71454608580646E-08
4.01415676254402E-08
4.01415676254402E-08
2.68436916028847E-08
2.68436916028847E-08
2.68436916028847E-08
2.68436916028847E-08
2.68436916028847E-08
2.68436916028847E-08
2.68436916028847E-08
2.68436916028847E-08
2.68436916028847E-08
2.68436916028847E-08
2.68436916028847E-08
2.68436916028847E-08
2.68436916028847E-08
2.68436916028847E-08
2.68436916028847E-08
2.68436916028847E-08
2.68436916028847E-08
2.68436916028847E-08
2.68436916028847E-08
2.68436916028847E-08
2.68436916028847E-08
2.68436916028847E-08
2.68436916028847E-08
2.68436916028847E-08
2.68436916028847E-08
2.68436916028847E-08
2.03803020015769E-08
2.03803020015769E-08
2.03803020015769E-08
2.03803020015769E-08
2.03803020015769E-08
2.03803020015769E-08
2.03803020015769E-08
2.03803020015769E-08
2.03803020015769E-08
2.03803020015769E-08
2.03803020015769E-08
2.03803020015769E-08
2.03803020015769E-08
2.03803020015769E-08
2.03803020015769E-08
2.03803020015769E-08
2.03803020015769E-08
2.03803020015769E-08
2.03803020015769E-08
2.03803020015769E-08
2.03803020015769E-08
2.03803020015769E-08
2.03803020015769E-08
2.03803020015769E-08
2.03803020015769E-08
2.03803020015769E-08
2.03803020015769E-08
2.03803020015769E-08
2.03803020015769E-08
2.03803020015769E-08
2.03803020015769E-08
2.03803020015769E-08
1.92400410048421E-08
1.92400410048421E-08
1.92400410048421E-08
1.92400410048421E-08
1.92400410048421E-08
1.92400410048421E-08
1.92400410048421E-08
1.92400410048421E-08
1.92400410048421E-08
1.92400410048421E-08
1.92400410048421E-08
1.92400410048421E-08
1.92400410048421E-08
1.65760987158592E-08
1.65760987158592E-08
1.65760987158592E-08
1.65760987158592E-08
1.65760987158592E-08
1.65760987158592E-08
1.65760987158592E-08
1.65760987158592E-08
1.65760987158592E-08
1.65760987158592E-08
1.65760987158592E-08
1.65760987158592E-08
1.65760987158592E-08
1.65760987158592E-08
1.65760987158592E-08
1.65760987158592E-08
1.65760987158592E-08
1.65760987158592E-08
1.65760987158592E-08
1.65760987158592E-08
1.65760987158592E-08
1.65760987158592E-08
1.65760987158592E-08
1.65760987158592E-08
1.65760987158592E-08
1.61344798632612E-08
1.34984494692958E-08
1.34984494692958E-08
1.34984494692958E-08
1.02981213556674E-08
1.02981213556674E-08
9.21508713780383E-09
9.21508713780383E-09
7.89791432254106E-09
7.89791432254106E-09
7.89791432254106E-09
7.89791432254106E-09
7.89791432254106E-09
7.89791432254106E-09
6.93632229431529E-09
6.93632229431529E-09
6.93632229431529E-09
6.93632229431529E-09
6.05264804942607E-09
6.05264804942607E-09
6.05264804942607E-09
5.4482727218641E-09
4.88793627795303E-09
4.88793627795303E-09
2.91500412696877E-09
5.1411541690527E-10
5.1411541690527E-10
5.1411541690527E-10
5.1411541690527E-10
5.1411541690527E-10
5.1411541690527E-10
5.1411541690527E-10
5.1411541690527E-10
5.1411541690527E-10
5.1411541690527E-10
5.1411541690527E-10
5.1411541690527E-10
1.61843316526245E-10
1.61843316526245E-10
8.2759354924633E-12
8.2759354924633E-12
8.2759354924633E-12
8.2759354924633E-12
8.2759354924633E-12
8.2759354924633E-12
8.2759354924633E-12
8.2759354924633E-12
8.2759354924633E-12
8.2759354924633E-12
8.2759354924633E-12
8.2759354924633E-12
8.2759354924633E-12
8.2759354924633E-12
8.2759354924633E-12
8.2759354924633E-12
8.2759354924633E-12
8.2759354924633E-12
8.2759354924633E-12
8.2759354924633E-12
8.2759354924633E-12
8.2759354924633E-12
8.2759354924633E-12
8.2759354924633E-12
8.2759354924633E-12
8.2759354924633E-12
8.2759354924633E-12
8.2759354924633E-12
8.2759354924633E-12
8.2759354924633E-12
8.2759354924633E-12
8.2759354924633E-12
8.2759354924633E-12
8.2759354924633E-12
8.2759354924633E-12
8.2759354924633E-12
8.2759354924633E-12
8.2759354924633E-12
8.2759354924633E-12
8.2759354924633E-12
8.2759354924633E-12
8.2759354924633E-12
8.2759354924633E-12
8.2759354924633E-12
8.2759354924633E-12
8.2759354924633E-12
8.2759354924633E-12
8.2759354924633E-12
8.2759354924633E-12
8.2759354924633E-12
8.2759354924633E-12
8.2759354924633E-12
8.2759354924633E-12
8.2759354924633E-12
8.2759354924633E-12
8.2759354924633E-12
8.2759354924633E-12
8.2759354924633E-12
8.2759354924633E-12
6.44484465794903E-12
6.44484465794903E-12
6.44484465794903E-12
6.44484465794903E-12
6.44484465794903E-12
6.44484465794903E-12
5.57620616348231E-12
5.57620616348231E-12
5.57620616348231E-12
5.57620616348231E-12
5.57620616348231E-12
4.58100224420832E-12
4.58100224420832E-12
4.58100224420832E-12
4.58100224420832E-12
4.58100224420832E-12
4.58100224420832E-12
4.20918855326136E-12
4.20918855326136E-12
4.20918855326136E-12
4.20918855326136E-12
4.20918855326136E-12
4.20918855326136E-12
4.20918855326136E-12
2.16482387571659E-12
2.16482387571659E-12
1.8846035843012E-12
6.0418337000101E-13
6.0418337000101E-13
6.0418337000101E-13
6.0418337000101E-13
6.0418337000101E-13
6.0418337000101E-13
4.57966997657877E-13
4.57966997657877E-13
4.57966997657877E-13
4.57966997657877E-13
4.57966997657877E-13
4.57966997657877E-13
4.57966997657877E-13
2.77333711551364E-13
2.77333711551364E-13
2.77333711551364E-13
2.77333711551364E-13
2.77333711551364E-13
2.77333711551364E-13
2.77333711551364E-13
2.60125254669674E-13
2.60125254669674E-13
2.60125254669674E-13
2.39364084109184E-13
2.39364084109184E-13
1.28674848554056E-13
1.28674848554056E-13
1.28674848554056E-13
1.28674848554056E-13
1.28674848554056E-13
1.28674848554056E-13
1.28674848554056E-13
1.28674848554056E-13
1.28674848554056E-13
1.28674848554056E-13
1.28674848554056E-13
1.28674848554056E-13
1.28674848554056E-13
1.28674848554056E-13
1.2356782264078E-13
1.2356782264078E-13
5.87307980026708E-14
5.87307980026708E-14
5.87307980026708E-14
5.87307980026708E-14
5.87307980026708E-14
5.87307980026708E-14

