0.168985528189279
0.163736172726658
0.0289737113388618
0.0289737113388618
0.0251849806702452
0.0212580284930355
0.00456218846154982
0.00456218846154982
0.00417384075402116
0.00417384075402116
0.00417384075402116
0.00238513896301329
0.00238513896301329
0.0023803711769016
0.0023803711769016
0.00214213955047937
0.00214213955047937
0.000883092583641332
0.000883092583641332
0.000883092583641332
0.000883092583641332
0.000883092583641332
0.000880737686405453
0.000880737686405453
0.000880737686405453
0.000880737686405453
0.000880737686405453
0.000880737686405453
0.000867150417122098
0.000243127990201042
0.000243127990201042
5.89206739107229E-05
5.89206739107229E-05
4.69054561074156E-05
4.69054561074156E-05
3.63674435641115E-05
1.67037811535931E-05
1.67037811535931E-05
1.67037811535931E-05
8.62235986048843E-06
8.62235986048843E-06
8.62235986048843E-06
8.62235986048843E-06
8.62235986048843E-06
6.99017993349704E-06
6.99017993349704E-06
6.99017993349704E-06
6.99017993349704E-06
6.99017993349704E-06
6.99017993349704E-06
6.99017993349704E-06
6.17689088361351E-06
6.17689088361351E-06
6.17689088361351E-06
2.84925883359266E-06
2.84925883359266E-06
2.84925883359266E-06
2.84925883359266E-06
2.84925883359266E-06
2.84925883359266E-06
2.84925883359266E-06
2.84925883359266E-06
2.84925883359266E-06
2.84925883359266E-06
2.84925883359266E-06
2.84925883359266E-06
2.84925883359266E-06
2.84925883359266E-06
2.84925883359266E-06
2.84925883359266E-06
2.84925883359266E-06
2.84925883359266E-06
2.84925883359266E-06
2.84925883359266E-06
2.84925883359266E-06
2.84925883359266E-06
2.84925883359266E-06
2.84925883359266E-06
2.84925883359266E-06
2.84925883359266E-06
2.84925883359266E-06
2.84925883359266E-06
2.84925883359266E-06
2.84925883359266E-06
2.84925883359266E-06
2.84925883359266E-06
2.84925883359266E-06
2.84925883359266E-06
2.84925883359266E-06
2.84925883359266E-06
2.84925883359266E-06
2.84925883359266E-06
2.84925883359266E-06
1.99354998020596E-06
1.99354998020596E-06
1.99354998020596E-06
1.99354998020596E-06
1.77848304905304E-06
1.77848304905304E-06
1.77848304905304E-06
1.77848304905304E-06
1.77848304905304E-06
1.77848304905304E-06
1.77848304905304E-06
1.77848304905304E-06
1.77848304905304E-06
1.77848304905304E-06
1.77848304905304E-06
1.77848304905304E-06
1.77848304905304E-06
1.77848304905304E-06
1.77848304905304E-06
1.77848304905304E-06
1.77848304905304E-06
1.77848304905304E-06
1.77848304905304E-06
1.77848304905304E-06
1.77848304905304E-06
1.77848304905304E-06
1.77848304905304E-06
1.77848304905304E-06
1.77848304905304E-06
1.77848304905304E-06
1.77848304905304E-06
1.77848304905304E-06
1.77848304905304E-06
1.77848304905304E-06
1.77848304905304E-06
1.77848304905304E-06
1.77848304905304E-06
1.77848304905304E-06
1.77848304905304E-06
1.77848304905304E-06
1.77848304905304E-06
1.77848304905304E-06
1.77848304905304E-06
1.77848304905304E-06
1.76628694920078E-06
1.76628694920078E-06
1.76628694920078E-06
1.76628694920078E-06
1.76628694920078E-06
1.76628694920078E-06
1.76628694920078E-06
1.76628694920078E-06
1.76628694920078E-06
1.76628694920078E-06
1.76628694920078E-06
1.76628694920078E-06
1.67698703945618E-06
1.67698703945618E-06
1.67698703945618E-06
1.67698703945618E-06
1.67698703945618E-06
1.91499236856796E-07
1.91499236856796E-07
1.91499236856796E-07
1.91499236856796E-07
1.91499236856796E-07
1.91499236856796E-07
1.91499236856796E-07
1.91499236856796E-07
1.91499236856796E-07
1.91499236856796E-07
1.91499236856796E-07
1.91499236856796E-07
1.91499236856796E-07
1.91499236856796E-07
1.91499236856796E-07
1.91499236856796E-07
1.91499236856796E-07
1.91499236856796E-07
1.91499236856796E-07
1.91499236856796E-07
1.91499236856796E-07
1.91499236856796E-07
1.91499236856796E-07
1.91499236856796E-07
1.91499236856796E-07
1.91499236856796E-07
1.91499236856796E-07
1.91499236856796E-07
1.91499236856796E-07
1.91499236856796E-07
1.91499236856796E-07
1.91499236856796E-07
1.91499236856796E-07
1.91499236856796E-07
1.91499236856796E-07
1.91499236856796E-07
1.91499236856796E-07
1.91499236856796E-07
1.91499236856796E-07
1.91499236856796E-07
1.91499236856796E-07
1.91499236856796E-07
1.91499236856796E-07
1.91499236856796E-07
1.91499236856796E-07
1.91499236856796E-07
1.91499236856796E-07
1.91499236856796E-07
1.91499236856796E-07
1.91499236856796E-07
1.91499236856796E-07
1.91499236856796E-07
1.91499236856796E-07
1.88130313161228E-07
1.88130313161228E-07
1.88130313161228E-07
1.88130313161228E-07
1.88130313161228E-07
1.88130313161228E-07
1.88130313161228E-07
1.88130313161228E-07
1.88130313161228E-07
1.88130313161228E-07
1.88130313161228E-07
1.88130313161228E-07
1.88130313161228E-07
1.88130313161228E-07
1.88130313161228E-07
1.88130313161228E-07
1.88130313161228E-07
1.88130313161228E-07
1.88130313161228E-07
1.88130313161228E-07
1.88130313161228E-07
1.88130313161228E-07
1.88130313161228E-07
1.88130313161228E-07
1.88130313161228E-07
1.82212882837707E-07
1.82212882837707E-07
1.82212882837707E-07
1.63644013173592E-07
1.63644013173592E-07
1.63644013173592E-07
1.63644013173592E-07
1.63644013173592E-07
7.40731828097196E-08
7.40731828097196E-08
7.40731828097196E-08
7.40731828097196E-08
7.40731828097196E-08
7.40731828097196E-08
7.40731828097196E-08
7.40731828097196E-08
7.40731828097196E-08
7.40731828097196E-08
7.40731828097196E-08
7.40731828097196E-08
7.40731828097196E-08
7.40731828097196E-08
6.27567141586738E-08
6.27567141586738E-08
6.27567141586738E-08
6.27567141586738E-08
6.27567141586738E-08
5.8250697598794E-08
5.45014174346825E-08
5.45014174346825E-08
5.45014174346825E-08
5.45014174346825E-08
5.45014174346825E-08
5.45014174346825E-08
5.45014174346825E-08
5.45014174346825E-08
5.45014174346825E-08
5.45014174346825E-08
5.45014174346825E-08
3.68659567873131E-08
3.68659567873131E-08
3.68659567873131E-08
3.68659567873131E-08
3.68659567873131E-08
3.68659567873131E-08
3.68659567873131E-08
3.68659567873131E-08
3.68659567873131E-08
3.68659567873131E-08
9.41291772305064E-09
9.41291772305064E-09
9.41291772305064E-09
9.41291772305064E-09
9.41291772305064E-09
9.41291772305064E-09
9.41291772305064E-09
9.41291772305064E-09
9.41291772305064E-09
9.41291772305064E-09
9.41291772305064E-09
9.41291772305064E-09
5.71415403882725E-09
5.71415403882725E-09
5.71415403882725E-09
5.71415403882725E-09
5.71415403882725E-09
5.71415403882725E-09
5.71415403882725E-09
5.71415403882725E-09
5.71415403882725E-09
5.71415403882725E-09
5.71415403882725E-09
5.71415403882725E-09
5.71415403882725E-09
5.71415403882725E-09
5.71415403882725E-09
5.71415403882725E-09
5.71415403882725E-09
5.71415403882725E-09
5.71415403882725E-09
5.71415403882725E-09
5.71415403882725E-09
5.71415403882725E-09
5.71415403882725E-09
5.71415403882725E-09
4.41335806788956E-09
4.41335806788956E-09
4.41335806788956E-09
4.41335806788956E-09
4.41335806788956E-09
3.95345733927854E-09
3.95345733927854E-09
3.95345733927854E-09
3.95345733927854E-09
3.95345733927854E-09
3.95345733927854E-09
3.95345733927854E-09
3.95345733927854E-09
3.95345733927854E-09
3.95345733927854E-09
3.95345733927854E-09
3.95345733927854E-09
3.5311586987774E-09
3.5311586987774E-09
3.5311586987774E-09
1.99112409893232E-09
1.99112409893232E-09
1.99112409893232E-09
1.99112409893232E-09
1.85991744228176E-09
1.85991744228176E-09
1.85991744228176E-09
1.85991744228176E-09
1.85991744228176E-09
1.85991744228176E-09
1.85991744228176E-09
1.85991744228176E-09
1.21348125992071E-09
1.21348125992071E-09
1.21348125992071E-09
1.21348125992071E-09
1.21348125992071E-09
1.21348125992071E-09
1.21348125992071E-09
1.21348125992071E-09
1.21348125992071E-09
1.21348125992071E-09
1.21348125992071E-09
1.21348125992071E-09
1.21348125992071E-09
1.21348125992071E-09
1.21348125992071E-09
1.21348125992071E-09
1.21348125992071E-09
1.21348125992071E-09
1.21348125992071E-09
1.18273402183178E-09
1.18273402183178E-09
1.17140930289139E-09
1.17140930289139E-09
1.17140930289139E-09
1.17140930289139E-09
8.91942297798209E-10
8.91942297798209E-10
8.91942297798209E-10
8.91942297798209E-10
8.91942297798209E-10
8.91942297798209E-10
8.91942297798209E-10
8.91942297798209E-10
8.91942297798209E-10
8.91942297798209E-10
8.91942297798209E-10
8.91942297798209E-10
8.91942297798209E-10
8.91942297798209E-10
5.08375563867958E-10
2.84936518823997E-10
2.84936518823997E-10
2.84936518823997E-10
2.32441788039495E-10
2.32441788039495E-10
2.32441788039495E-10
2.32441788039495E-10
2.0966334224326E-10
2.0966334224326E-10
2.0966334224326E-10
2.01335337290942E-10
2.01335337290942E-10
2.01335337290942E-10
1.76972103638207E-10
1.76972103638207E-10
1.76972103638207E-10
1.76972103638207E-10
1.76595849055161E-10
1.76595849055161E-10
1.76595849055161E-10
1.76595849055161E-10
1.76595849055161E-10
1.588656983742E-10
1.58799251526176E-10
1.58799251526176E-10
1.35599587114399E-10
1.35599587114399E-10
1.35599587114399E-10
1.35581323945644E-10
1.35581323945644E-10
1.35581323945644E-10
1.25555954522127E-10
1.25555954522127E-10
1.25555954522127E-10
1.18736576126821E-10
1.18156873174513E-10
3.31669691711056E-11
3.31669691711056E-11
3.31669691711056E-11
3.31669691711056E-11
3.31669691711056E-11
3.31669691711056E-11
3.28371774216407E-11
2.15920059609687E-11
2.15920059609687E-11
2.15920059609687E-11
2.15920059609687E-11
2.15920059609687E-11
2.15920059609687E-11
2.14815387700185E-11
2.14815387700185E-11
2.14815387700185E-11
2.04093963951379E-11
2.04093963951379E-11
2.04093963951379E-11
2.04093963951379E-11
2.04093963951379E-11
1.89447901810524E-11
1.70944924882122E-11
1.70944924882122E-11
1.62229674138814E-11
1.62229674138814E-11
1.6019074955409E-11
1.6019074955409E-11
1.6019074955409E-11
1.6019074955409E-11
1.6019074955409E-11
1.6019074955409E-11
1.3855583347322E-11
1.35616518015524E-11
1.35616518015524E-11
1.21188614699008E-11
5.32296429156531E-12
5.32296429156531E-12
5.32296429156531E-12
5.32296429156531E-12
5.32296429156531E-12
5.32296429156531E-12
5.32296429156531E-12
5.32296429156531E-12
5.32296429156531E-12
5.32296429156531E-12
2.69989586243469E-12
2.69989586243469E-12
2.69989586243469E-12
2.4223401062784E-12
1.07835962381841E-12
1.07835962381841E-12
1.07835962381841E-12
1.07835962381841E-12
2.82607270918334E-13
2.82607270918334E-13
2.82607270918334E-13
2.82607270918334E-13
1.37501121599826E-13
8.6763929374456E-14
8.6763929374456E-14
8.6763929374456E-14
8.6763929374456E-14
8.6763929374456E-14
1.46549439250521E-14
1.46549439250521E-14
1.46549439250521E-14
1.46549439250521E-14
1.46549439250521E-14
1.46549439250521E-14
1.46549439250521E-14
1.46549439250521E-14
1.46549439250521E-14
1.46549439250521E-14
1.46549439250521E-14

