0.0831500857605672
0.0831500857605672
0.0201119511379082
0.0201119511379082
0.00243909834749023
0.00140162528031906
0.00140162528031906
0.00140162528031906
0.00115670663013401
0.00115670663013401
0.00105038994707063
0.00105038994707063
0.00105038994707063
0.000742100232034137
0.000716025485031246
0.000694231113067656
0.000690107897943659
0.000690107897943659
0.000509792327885061
0.000473653816129183
0.000361300057340697
0.000361300057340697
0.000361300057340697
0.000358502237428171
0.000323030371973232
0.000323030371973232
0.000319649323143545
0.000319649323143545
0.000317717585479455
0.000315279122321099
0.000266007739452623
0.000266007739452623
0.000196187708857248
0.000196187708857248
0.000122024045070874
0.000107629711111158
0.000107629711111158
0.000107629711111158
0.000107629711111158
0.000107629711111158
9.00961353535163E-05
9.00961353535163E-05
9.00961353535163E-05
4.66468891964019E-05
4.66468891964019E-05
4.66468891964019E-05
4.66468891964019E-05
4.66468891964019E-05
4.27971908431172E-05
4.27971908431172E-05
4.27971908431172E-05
4.27971908431172E-05
7.44284418171509E-06
7.44284418171509E-06
7.44284418171509E-06
7.44284418171509E-06
7.44284418171509E-06
7.44284418171509E-06
5.27317824083884E-06
5.27317824083884E-06
5.27317824083884E-06
5.27317824083884E-06
7.79534091721601E-07
4.60542375124717E-07
4.60542375124717E-07
4.60542375124717E-07
4.60542375124717E-07
4.60542375124717E-07
4.60542375124717E-07
4.60542375124717E-07
4.60542375124717E-07
4.60542375124717E-07
4.60542375124717E-07
4.60542375124717E-07
4.60542375124717E-07
4.60542375124717E-07
4.60542375124717E-07
4.60542375124717E-07
4.60542375124717E-07
4.60542375124717E-07
4.60542375124717E-07
4.60542375124717E-07
4.60542375124717E-07
4.60542375124717E-07
4.60542375124717E-07
4.60542375124717E-07
4.60542375124717E-07
4.60542375124717E-07
4.60542375124717E-07
4.60542375124717E-07
4.60542375124717E-07
4.60542375124717E-07
4.60542375124717E-07
4.60542375124717E-07
4.60542375124717E-07
4.60542375124717E-07
4.60542375124717E-07
4.60542375124717E-07
4.60542375124717E-07
4.60542375124717E-07
4.60542375124717E-07
4.60542375124717E-07
4.60542375124717E-07
4.60542375124717E-07
4.60542375124717E-07
4.60542375124717E-07
4.60542375124717E-07
4.60542375124717E-07
4.60542375124717E-07
4.60542375124717E-07
4.60542375124717E-07
4.60542375124717E-07
4.60542375124717E-07
4.60542375124717E-07
4.60542375124717E-07
4.60542375124717E-07
4.60542375124717E-07
4.60542375124717E-07
4.60542375124717E-07
4.60542375124717E-07
4.60542375124717E-07
4.60542375124717E-07
4.60542375124717E-07
4.60542375124717E-07
4.60542375124717E-07
2.18444017541231E-07
2.18444017541231E-07
2.18444017541231E-07
2.18444017541231E-07
2.18444017541231E-07
2.18444017541231E-07
2.18444017541231E-07
2.18444017541231E-07
2.18444017541231E-07
2.18444017541231E-07
2.18444017541231E-07
2.18444017541231E-07
2.18444017541231E-07
2.18444017541231E-07
2.18444017541231E-07
2.18444017541231E-07
2.18444017541231E-07
2.18444017541231E-07
2.18444017541231E-07
2.18444017541231E-07
2.18444017541231E-07
2.18444017541231E-07
2.18444017541231E-07
2.18444017541231E-07
2.18444017541231E-07
2.18444017541231E-07
2.18444017541231E-07
2.18444017541231E-07
2.18444017541231E-07
2.18444017541231E-07
1.56974690024292E-07
1.56974690024292E-07
1.56974690024292E-07
1.56974690024292E-07
1.56974690024292E-07
1.56974690024292E-07
1.56974690024292E-07
1.56974690024292E-07
1.56974690024292E-07
1.56974690024292E-07
1.56974690024292E-07
1.56974690024292E-07
1.56974690024292E-07
1.56974690024292E-07
1.56974690024292E-07
1.56974690024292E-07
1.56974690024292E-07
1.56974690024292E-07
1.56974690024292E-07
9.51945837712742E-08
9.51945837712742E-08
9.51945837712742E-08
9.51945837712742E-08
9.51945837712742E-08
9.51945837712742E-08
9.51945837712742E-08
9.51945837712742E-08
9.51945837712742E-08
9.51945837712742E-08
9.51945837712742E-08
9.51945837712742E-08
9.51945837712742E-08
9.51945837712742E-08
9.51945837712742E-08
9.51945837712742E-08
9.51945837712742E-08
9.51945837712742E-08
9.51945837712742E-08
9.51945837712742E-08
9.51945837712742E-08
9.51945837712742E-08
9.51945837712742E-08
9.51945837712742E-08
9.51945837712742E-08
9.51945837712742E-08
9.51945837712742E-08
9.51945837712742E-08
9.51945837712742E-08
9.51945837712742E-08
9.51945837712742E-08
9.51945837712742E-08
9.51945837712742E-08
9.51945837712742E-08
9.51945837712742E-08
9.51945837712742E-08
9.51945837712742E-08
9.51945837712742E-08
9.51945837712742E-08
9.51945837712742E-08
9.51945837712742E-08
9.51945837712742E-08
6.2838884207217E-08
6.2838884207217E-08
6.2838884207217E-08
6.2838884207217E-08
6.2838884207217E-08
6.2838884207217E-08
6.2838884207217E-08
6.2838884207217E-08
6.2838884207217E-08
6.2838884207217E-08
6.2838884207217E-08
6.2838884207217E-08
6.2838884207217E-08
6.2838884207217E-08
6.2838884207217E-08
6.2838884207217E-08
6.2838884207217E-08
6.2838884207217E-08
6.2838884207217E-08
6.2838884207217E-08
6.2838884207217E-08
6.2838884207217E-08
6.2838884207217E-08
6.2838884207217E-08
6.2838884207217E-08
6.2838884207217E-08
6.2838884207217E-08
6.2838884207217E-08
6.2838884207217E-08
6.2838884207217E-08
6.2838884207217E-08
6.2838884207217E-08
6.2838884207217E-08
6.2838884207217E-08
6.2838884207217E-08
6.2838884207217E-08
6.2838884207217E-08
6.2838884207217E-08
6.2838884207217E-08
6.2838884207217E-08
6.2838884207217E-08
6.2838884207217E-08
6.2838884207217E-08
6.2838884207217E-08
6.2838884207217E-08
6.2838884207217E-08
6.2838884207217E-08
6.2838884207217E-08
6.2838884207217E-08
6.2838884207217E-08
6.2838884207217E-08
6.2838884207217E-08
5.42055205166037E-08
5.42055205166037E-08
5.42055205166037E-08
4.9287160130973E-08
4.9287160130973E-08
4.9287160130973E-08
4.9287160130973E-08
4.9287160130973E-08
4.9287160130973E-08
4.9287160130973E-08
4.9287160130973E-08
4.9287160130973E-08
4.08435055776479E-08
4.08435055776479E-08
4.08435055776479E-08
4.08435055776479E-08
4.08435055776479E-08
4.08435055776479E-08
3.77715840826909E-08
3.40970208734248E-08
3.07320718873072E-08
3.07320718873072E-08
3.07320718873072E-08
2.66823295680396E-08
2.66823295680396E-08
2.66823295680396E-08
2.66823295680396E-08
1.0720061172087E-08
1.0720061172087E-08
1.0720061172087E-08
1.0720061172087E-08
1.0720061172087E-08
1.0720061172087E-08
1.0720061172087E-08
1.0720061172087E-08
1.0720061172087E-08
1.0720061172087E-08
1.0720061172087E-08
1.0720061172087E-08
1.0720061172087E-08
1.0720061172087E-08
1.0720061172087E-08
1.0720061172087E-08
1.0720061172087E-08
1.0720061172087E-08
1.0720061172087E-08
6.53107079529036E-09
6.53107079529036E-09
4.69885375053991E-09
4.69885375053991E-09
4.69885375053991E-09
4.69885375053991E-09
4.69885375053991E-09
4.69885375053991E-09
4.69885375053991E-09
4.69885375053991E-09
4.69885375053991E-09
4.69885375053991E-09
4.69885375053991E-09
4.69885375053991E-09
4.69885375053991E-09
4.69885375053991E-09
4.69885375053991E-09
4.69885375053991E-09
4.69885375053991E-09
4.69885375053991E-09
4.69885375053991E-09
4.69885375053991E-09
4.69885375053991E-09
4.69885375053991E-09
4.69885375053991E-09
4.69885375053991E-09
4.69885375053991E-09
4.69885375053991E-09
4.69885375053991E-09
4.65677718608504E-09
4.65677718608504E-09
4.65677718608504E-09
4.65677718608504E-09
4.65677718608504E-09
4.65677718608504E-09
4.65677718608504E-09
4.28507196392758E-09
4.05759525978766E-09
4.05759525978766E-09
4.05759525978766E-09
4.05759525978766E-09
4.05759525978766E-09
4.05759525978766E-09
4.05759525978766E-09
4.05759525978766E-09
4.05759525978766E-09
4.05759525978766E-09
3.96181343287338E-09
3.94857868624143E-09
3.94857868624143E-09
3.94857868624143E-09
3.9177483479591E-09
3.9177483479591E-09
3.32124505675324E-09
3.32124505675324E-09
3.32124505675324E-09
3.32124505675324E-09
3.32124505675324E-09
3.32124505675324E-09
3.32124505675324E-09
3.32124505675324E-09
3.32124505675324E-09
3.32124505675324E-09
2.40154462982645E-09
2.21014084811344E-09
2.21014084811344E-09
2.21014084811344E-09
1.75222936160679E-09
1.75222936160679E-09
1.75222936160679E-09
1.75222936160679E-09
1.75222936160679E-09
1.75222936160679E-09
1.75222936160679E-09
1.75222936160679E-09
1.75222936160679E-09
1.72053649105663E-09
1.72053649105663E-09
1.71972036611123E-09
1.71972036611123E-09
1.61580693269769E-09
1.61580693269769E-09
1.61327817771451E-09
1.00619090837029E-09
1.00619090837029E-09
8.91625551169284E-10
8.91625551169284E-10
2.8581714772713E-10
2.8581714772713E-10
2.8581714772713E-10
1.8595092132756E-10
1.63331792535359E-10
1.63331792535359E-10
1.63331792535359E-10
1.63331792535359E-10
1.63331792535359E-10
1.63331792535359E-10
1.63331792535359E-10
9.86162262961443E-11
9.86162262961443E-11
9.86162262961443E-11
9.86162262961443E-11
9.86162262961443E-11
9.86162262961443E-11
9.86162262961443E-11
9.86162262961443E-11
9.86162262961443E-11
9.86162262961443E-11
9.86162262961443E-11
9.86162262961443E-11
8.07763855803501E-11
8.07763855803501E-11
8.07763855803501E-11
8.07763855803501E-11
8.07763855803501E-11
6.19765350151624E-11
3.23201465590728E-11
3.23201465590728E-11
2.99450464424922E-11
2.99450464424922E-11
2.01784144948647E-11
2.01784144948647E-11
2.01784144948647E-11
2.01784144948647E-11
1.87854176658675E-11
1.87854176658675E-11
1.87854176658675E-11
1.87854176658675E-11
7.82196529769408E-12
7.82196529769408E-12
7.04092339987028E-12
6.17150774928632E-12
6.17150774928632E-12
6.17150774928632E-12
3.63198360275874E-12
3.55859786083101E-12
3.55859786083101E-12
3.55859786083101E-12
3.55859786083101E-12
3.55859786083101E-12
3.55859786083101E-12
3.55859786083101E-12
3.45656836486796E-12
3.32212035658586E-12
3.32212035658586E-12
3.27882165862547E-12
3.27882165862547E-12
3.27882165862547E-12
2.69684274911697E-12
2.66753286126686E-12
2.66753286126686E-12
2.66753286126686E-12
2.66753286126686E-12
2.66753286126686E-12
3.25073301610246E-13
3.25073301610246E-13
3.25073301610246E-13
3.25073301610246E-13
3.25073301610246E-13
3.25073301610246E-13
3.25073301610246E-13
3.25073301610246E-13
3.25073301610246E-13
3.25073301610246E-13
2.98649993624167E-13
2.98649993624167E-13
2.98649993624167E-13
1.03139718987677E-13
1.03139718987677E-13
1.03139718987677E-13
1.03139718987677E-13
1.03139718987677E-13
1.03139718987677E-13
1.03139718987677E-13
1.03139718987677E-13
1.03139718987677E-13
1.03139718987677E-13
1.03139718987677E-13
1.03139718987677E-13
1.03139718987677E-13
1.03139718987677E-13
1.03139718987677E-13
1.03139718987677E-13
1.03139718987677E-13
1.03139718987677E-13
1.03139718987677E-13

