0.184012419435534
0.144246990072123
0.0801939280905219
0.0197517855075873
0.0190937869970408
0.0190937869970408
0.00235270846410873
0.00215974562727839
0.00215974562727839
0.00198175905971865
0.00164044807141128
0.00108997874752526
0.00108997874752526
0.00108898025067128
0.00107886481865627
0.00107824303597881
0.00107824303597881
0.000347336362120143
0.000100684180486699
0.000100684180486699
9.62834880893215E-05
9.62834880893215E-05
9.62834880893215E-05
8.11649679368642E-05
8.11649679368642E-05
6.14016488835745E-05
6.14016488835745E-05
3.83731622821681E-05
1.31025836321852E-05
1.31025836321852E-05
1.31025836321852E-05
1.31025836321852E-05
1.31025836321852E-05
1.31025836321852E-05
1.31025836321852E-05
1.31025836321852E-05
1.08584150352309E-05
8.55493931639639E-06
8.55493931639639E-06
8.55493931639639E-06
8.55493931639639E-06
8.55493931639639E-06
8.55493931639639E-06
6.89226553052258E-06
3.87583964311933E-06
3.87583964311933E-06
3.87583964311933E-06
3.87583964311933E-06
3.87583964311933E-06
3.87583964311933E-06
3.87583964311933E-06
3.87583964311933E-06
3.87583964311933E-06
3.87583964311933E-06
3.87583964311933E-06
3.87583964311933E-06
3.87583964311933E-06
3.58883177842273E-06
3.58883177842273E-06
3.09263846576258E-06
3.09263846576258E-06
1.89105646841714E-06
1.89105646841714E-06
1.89105646841714E-06
1.77312653637518E-06
1.77312653637518E-06
1.77312653637518E-06
1.77312653637518E-06
1.77312653637518E-06
1.77312653637518E-06
1.59422679413268E-06
1.59422679413268E-06
1.59422679413268E-06
1.59422679413268E-06
1.59422679413268E-06
1.59422679413268E-06
8.93457144601761E-07
7.45203080354528E-07
7.45203080354528E-07
7.45203080354528E-07
7.45203080354528E-07
7.45203080354528E-07
7.45203080354528E-07
7.45203080354528E-07
7.45203080354528E-07
7.45203080354528E-07
7.45203080354528E-07
7.45203080354528E-07
7.45203080354528E-07
7.45203080354528E-07
7.45203080354528E-07
7.45203080354528E-07
7.45203080354528E-07
5.59373743547198E-07
5.59373743547198E-07
5.59373743547198E-07
5.59373743547198E-07
5.59373743547198E-07
5.59373743547198E-07
5.59373743547198E-07
5.59373743547198E-07
4.3721839215749E-07
4.3721839215749E-07
4.3721839215749E-07
4.3721839215749E-07
4.3721839215749E-07
2.21283349755019E-07
2.21283349755019E-07
2.21283349755019E-07
2.21283349755019E-07
1.953430855961E-07
1.953430855961E-07
1.953430855961E-07
1.953430855961E-07
1.953430855961E-07
1.953430855961E-07
1.953430855961E-07
1.953430855961E-07
1.953430855961E-07
1.953430855961E-07
1.953430855961E-07
1.44307653937581E-07
1.44307653937581E-07
1.44307653937581E-07
1.44307653937581E-07
1.44307653937581E-07
1.44307653937581E-07
1.44307653937581E-07
1.44307653937581E-07
1.44307653937581E-07
1.44307653937581E-07
1.44307653937581E-07
1.44307653937581E-07
1.44307653937581E-07
1.36207015000167E-07
1.36207015000167E-07
1.36207015000167E-07
1.36207015000167E-07
1.36207015000167E-07
1.36207015000167E-07
1.36207015000167E-07
1.36207015000167E-07
1.36207015000167E-07
1.36207015000167E-07
1.36207015000167E-07
1.36207015000167E-07
1.36207015000167E-07
1.36207015000167E-07
1.36207015000167E-07
1.36207015000167E-07
1.36207015000167E-07
1.36207015000167E-07
1.36207015000167E-07
1.36207015000167E-07
1.36207015000167E-07
1.36207015000167E-07
1.36207015000167E-07
1.36207015000167E-07
1.36207015000167E-07
1.36207015000167E-07
1.36207015000167E-07
1.36207015000167E-07
1.36207015000167E-07
1.36207015000167E-07
1.36207015000167E-07
1.36207015000167E-07
1.36207015000167E-07
1.36207015000167E-07
1.36207015000167E-07
1.36207015000167E-07
1.36207015000167E-07
1.36207015000167E-07
1.36207015000167E-07
1.13863407258386E-07
1.13863407258386E-07
1.13863407258386E-07
1.13863407258386E-07
1.13863407258386E-07
1.13863407258386E-07
1.13863407258386E-07
1.13863407258386E-07
1.13863407258386E-07
1.13863407258386E-07
1.06231513696819E-07
1.06231513696819E-07
1.06231513696819E-07
1.06231513696819E-07
1.06231513696819E-07
1.06231513696819E-07
1.06231513696819E-07
1.06231513696819E-07
1.06231513696819E-07
1.06231513696819E-07
1.06231513696819E-07
1.06231513696819E-07
1.06231513696819E-07
1.06231513696819E-07
1.06231513696819E-07
1.06231513696819E-07
1.06231513696819E-07
1.06231513696819E-07
1.06231513696819E-07
1.06231513696819E-07
1.06231513696819E-07
1.06231513696819E-07
1.06231513696819E-07
1.06231513696819E-07
1.06231513696819E-07
1.06231513696819E-07
1.06231513696819E-07
1.06231513696819E-07
1.06231513696819E-07
1.06231513696819E-07
1.06231513696819E-07
1.06231513696819E-07
1.06231513696819E-07
1.06231513696819E-07
1.06231513696819E-07
1.06231513696819E-07
1.06231513696819E-07
4.65637475244307E-08
4.65637475244307E-08
4.65637475244307E-08
4.65637475244307E-08
4.65637475244307E-08
4.65637475244307E-08
4.65637475244307E-08
4.65637475244307E-08
4.65637475244307E-08
4.65637475244307E-08
4.65637475244307E-08
4.65637475244307E-08
4.65637475244307E-08
4.65637475244307E-08
4.65637475244307E-08
4.65637475244307E-08
4.65637475244307E-08
4.65637475244307E-08
4.65637475244307E-08
4.65637475244307E-08
3.42760370086737E-08
3.42760370086737E-08
3.42760370086737E-08
3.42760370086737E-08
3.42760370086737E-08
3.42760370086737E-08
3.42760370086737E-08
3.42760370086737E-08
2.03442835911005E-08
2.03442835911005E-08
2.03442835911005E-08
2.03442835911005E-08
2.03442835911005E-08
2.03442835911005E-08
2.03442835911005E-08
2.03442835911005E-08
2.03442835911005E-08
2.03442835911005E-08
2.03442835911005E-08
2.03442835911005E-08
2.03442835911005E-08
2.03442835911005E-08
2.03442835911005E-08
2.03442835911005E-08
2.03442835911005E-08
2.03442835911005E-08
2.03442835911005E-08
2.03442835911005E-08
2.03442835911005E-08
2.03442835911005E-08
2.03442835911005E-08
2.03442835911005E-08
3.62587448954343E-09
3.62587448954343E-09
3.62587448954343E-09
3.62587448954343E-09
3.62587448954343E-09
3.62587448954343E-09
3.62587448954343E-09
3.62587448954343E-09
3.62587448954343E-09
3.62587448954343E-09
3.62587448954343E-09
3.62587448954343E-09
3.62587448954343E-09
3.62587448954343E-09
3.62587448954343E-09
3.62587448954343E-09
3.35859828837215E-09
3.35859828837215E-09
3.35859828837215E-09
3.35859828837215E-09
3.35859828837215E-09
3.35859828837215E-09
3.35859828837215E-09
3.35859828837215E-09
3.35859828837215E-09
3.35859828837215E-09
3.35859828837215E-09
3.35859828837215E-09
3.35859828837215E-09
3.35859828837215E-09
3.35859828837215E-09
3.35859828837215E-09
3.35859828837215E-09
3.35859828837215E-09
3.35859828837215E-09
3.35859828837215E-09
3.35859828837215E-09
3.35859828837215E-09
3.35859828837215E-09
3.35859828837215E-09
3.35859828837215E-09
3.35859828837215E-09
3.35859828837215E-09
3.35859828837215E-09
3.35859828837215E-09
3.35859828837215E-09
3.35859828837215E-09
3.35859828837215E-09
3.35859828837215E-09
3.35859828837215E-09
3.35859828837215E-09
3.35859828837215E-09
3.35859828837215E-09
3.35859828837215E-09
3.35859828837215E-09
3.35859828837215E-09
3.25394233779974E-09
3.25394233779974E-09
3.25394233779974E-09
3.25394233779974E-09
3.25394233779974E-09
3.25394233779974E-09
2.77091494194082E-09
2.42776354575369E-10
2.42776354575369E-10
2.42776354575369E-10
2.42776354575369E-10
2.42776354575369E-10
2.42776354575369E-10
2.42776354575369E-10
2.42776354575369E-10
2.42776354575369E-10
2.42776354575369E-10
2.42776354575369E-10
2.42776354575369E-10
2.42776354575369E-10
2.42776354575369E-10
2.42776354575369E-10
2.42776354575369E-10
2.42776354575369E-10
2.42776354575369E-10
2.42776354575369E-10
2.42776354575369E-10
2.42776354575369E-10
2.42776354575369E-10
2.42776354575369E-10
2.42776354575369E-10
2.42776354575369E-10
2.42776354575369E-10
2.42776354575369E-10
2.42776354575369E-10
2.42776354575369E-10
2.42776354575369E-10
2.42776354575369E-10
2.42776354575369E-10
2.42776354575369E-10
1.64560032267502E-10
1.64560032267502E-10
1.64560032267502E-10
1.64560032267502E-10
1.64560032267502E-10
1.64560032267502E-10
1.64560032267502E-10
1.64560032267502E-10
1.64560032267502E-10
1.64560032267502E-10
1.64560032267502E-10
1.36740618827957E-10
1.36740618827957E-10
1.36740618827957E-10
5.89973625508833E-11
5.89973625508833E-11
5.89973625508833E-11
5.89973625508833E-11
5.54887247261604E-11
5.54887247261604E-11
5.54887247261604E-11
5.54887247261604E-11
5.54887247261604E-11
5.54887247261604E-11
5.54887247261604E-11
5.54887247261604E-11
5.54887247261604E-11
5.54887247261604E-11
4.45333769860667E-11
4.45333769860667E-11
4.45333769860667E-11
4.45333769860667E-11
2.54278820221998E-11
2.54278820221998E-11
2.54278820221998E-11
2.54278820221998E-11
2.54278820221998E-11
2.54278820221998E-11
2.54278820221998E-11
2.54278820221998E-11
2.54278820221998E-11
2.54278820221998E-11
1.67407199214153E-11
1.67407199214153E-11
1.48199230665114E-11
1.48199230665114E-11
1.48199230665114E-11
1.48199230665114E-11
1.48199230665114E-11
1.48199230665114E-11
1.48199230665114E-11
1.48199230665114E-11
1.48199230665114E-11
1.48199230665114E-11
1.43527412177491E-11
1.43527412177491E-11
1.43527412177491E-11
1.43527412177491E-11
1.43527412177491E-11
1.43527412177491E-11
1.43527412177491E-11
1.43519640616319E-11
1.43519640616319E-11
1.43519640616319E-11
1.43519640616319E-11
1.43519640616319E-11
1.07157616113795E-11
6.2032601277906E-12
6.2032601277906E-12
6.2032601277906E-12
6.2032601277906E-12
6.2032601277906E-12
6.2032601277906E-12
6.2032601277906E-12
6.2032601277906E-12
6.2032601277906E-12
3.61655150271645E-12
3.61655150271645E-12
3.61655150271645E-12
3.61655150271645E-12
3.61655150271645E-12
2.18602913548693E-12
2.18602913548693E-12
2.18602913548693E-12
2.18602913548693E-12
2.18602913548693E-12
2.18602913548693E-12
2.18602913548693E-12
1.94644300677282E-12
1.94644300677282E-12
1.94644300677282E-12
1.94644300677282E-12
1.94644300677282E-12
1.0680345496894E-12
1.0680345496894E-12
1.0680345496894E-12
1.0680345496894E-12
1.0680345496894E-12
1.0680345496894E-12
1.0680345496894E-12
1.0680345496894E-12
1.0680345496894E-12
6.45816733424454E-13
6.45816733424454E-13
6.45816733424454E-13
6.45816733424454E-13
6.45816733424454E-13
6.45816733424454E-13
6.45816733424454E-13
6.45816733424454E-13
6.45816733424454E-13
6.45816733424454E-13
6.45816733424454E-13
6.45816733424454E-13
3.19300141882195E-13
3.19300141882195E-13
3.19300141882195E-13
3.19300141882195E-13
2.36255459640233E-13
1.38111744263369E-13
1.38111744263369E-13
1.38111744263369E-13
1.38111744263369E-13
1.38111744263369E-13
1.38111744263369E-13
1.38111744263369E-13
1.38111744263369E-13
1.38111744263369E-13
1.38111744263369E-13
1.38111744263369E-13
1.38111744263369E-13
1.38111744263369E-13

