0.0600557900633422
0.0575609901354481
0.0118781992767737
0.00906538330135348
0.00906538330135348
0.00906538330135348
0.00906538330135348
0.00547239605784927
0.0048404942946077
0.0048404942946077
0.00479558095189087
0.00235117709803895
0.0022565153089979
0.0022565153089979
0.00215909370992806
0.00121934484746011
0.000810160383609704
0.000491996755651702
0.000481587738598799
0.000470494137570054
0.000435674813036135
0.000435674813036135
0.000435674813036135
0.000397548567688144
0.000397548567688144
0.000365176990392291
0.000243848923999257
0.000243848923999257
0.000231937016140493
0.000156475356612729
0.00012053502873316
0.00012053502873316
0.00012053502873316
0.00012053502873316
0.00012053502873316
7.89772361871055E-05
7.89772361871055E-05
7.89772361871055E-05
1.79052533934576E-05
1.79052533934576E-05
1.57318704162579E-05
1.57318704162579E-05
1.57318704162579E-05
9.53827356114934E-06
9.53827356114934E-06
9.53827356114934E-06
5.67941781443038E-06
5.67941781443038E-06
5.67941781443038E-06
3.62248279706101E-07
3.62248279706101E-07
3.62248279706101E-07
3.62248279706101E-07
3.62248279706101E-07
2.43767672714057E-07
2.43767672714057E-07
2.43767672714057E-07
2.43767672714057E-07
2.43767672714057E-07
2.43767672714057E-07
2.43767672714057E-07
2.43767672714057E-07
2.43767672714057E-07
2.43767672714057E-07
2.43767672714057E-07
2.43767672714057E-07
2.43767672714057E-07
2.43767672714057E-07
2.43767672714057E-07
2.43767672714057E-07
2.43767672714057E-07
2.43767672714057E-07
2.43767672714057E-07
2.43767672714057E-07
2.43767672714057E-07
2.43767672714057E-07
2.43767672714057E-07
2.43767672714057E-07
2.43767672714057E-07
2.43767672714057E-07
2.43767672714057E-07
2.43767672714057E-07
2.43767672714057E-07
2.43767672714057E-07
2.43767672714057E-07
2.43767672714057E-07
2.43767672714057E-07
2.38121236617594E-07
2.38121236617594E-07
2.38121236617594E-07
2.38121236617594E-07
2.38121236617594E-07
2.38121236617594E-07
2.38121236617594E-07
2.38121236617594E-07
2.38121236617594E-07
2.38121236617594E-07
2.38121236617594E-07
2.38121236617594E-07
2.38121236617594E-07
2.38121236617594E-07
2.38121236617594E-07
2.38121236617594E-07
2.38121236617594E-07
2.38121236617594E-07
2.38121236617594E-07
2.38121236617594E-07
2.38121236617594E-07
2.38121236617594E-07
2.38121236617594E-07
2.38121236617594E-07
2.2405160976513E-07
2.2405160976513E-07
2.2405160976513E-07
2.2405160976513E-07
2.2405160976513E-07
2.2405160976513E-07
2.2405160976513E-07
2.2405160976513E-07
2.2405160976513E-07
2.2405160976513E-07
2.2405160976513E-07
2.2405160976513E-07
2.2405160976513E-07
2.2405160976513E-07
2.2405160976513E-07
2.2405160976513E-07
2.2405160976513E-07
2.12237675600857E-07
2.12237675600857E-07
2.12237675600857E-07
2.12237675600857E-07
2.12237675600857E-07
2.12237675600857E-07
2.12237675600857E-07
2.12237675600857E-07
2.12237675600857E-07
2.12237675600857E-07
2.12237675600857E-07
2.12237675600857E-07
2.12237675600857E-07
2.12237675600857E-07
2.12237675600857E-07
2.12237675600857E-07
2.12237675600857E-07
2.12237675600857E-07
2.12237675600857E-07
2.12237675600857E-07
2.12237675600857E-07
2.12237675600857E-07
2.12237675600857E-07
2.12237675600857E-07
2.12237675600857E-07
2.12237675600857E-07
2.12237675600857E-07
2.12237675600857E-07
2.12237675600857E-07
1.74965338273214E-07
1.74965338273214E-07
1.74965338273214E-07
1.74965338273214E-07
1.74965338273214E-07
1.74965338273214E-07
1.74965338273214E-07
1.74965338273214E-07
1.74965338273214E-07
1.74965338273214E-07
1.74965338273214E-07
1.11754409504172E-07
1.11754409504172E-07
1.11754409504172E-07
1.11754409504172E-07
1.11754409504172E-07
1.11754409504172E-07
1.11754409504172E-07
1.11754409504172E-07
1.11754409504172E-07
6.97312194652966E-08
6.97312194652966E-08
6.97312194652966E-08
6.97312194652966E-08
6.97312194652966E-08
6.97312194652966E-08
6.97312194652966E-08
6.97312194652966E-08
6.97312194652966E-08
6.97312194652966E-08
6.97312194652966E-08
6.97312194652966E-08
6.97312194652966E-08
6.97312194652966E-08
6.97312194652966E-08
6.97312194652966E-08
6.97312194652966E-08
6.97312194652966E-08
6.97312194652966E-08
6.97312194652966E-08
6.97312194652966E-08
6.97312194652966E-08
6.97312194652966E-08
6.97312194652966E-08
6.97312194652966E-08
6.97312194652966E-08
6.97312194652966E-08
6.97312194652966E-08
6.97312194652966E-08
6.97312194652966E-08
6.97312194652966E-08
6.97312194652966E-08
5.06881384643165E-08
5.06881384643165E-08
5.06881384643165E-08
5.06881384643165E-08
5.06881384643165E-08
5.06881384643165E-08
5.06881384643165E-08
5.06881384643165E-08
5.06881384643165E-08
5.06881384643165E-08
2.62147125673629E-08
2.62147125673629E-08
2.62147125673629E-08
2.62147125673629E-08
2.62147125673629E-08
2.62147125673629E-08
2.62147125673629E-08
2.62147125673629E-08
2.62147125673629E-08
2.62147125673629E-08
2.62147125673629E-08
2.62147125673629E-08
2.62147125673629E-08
2.62147125673629E-08
2.62147125673629E-08
2.62147125673629E-08
2.62147125673629E-08
2.62147125673629E-08
1.74395079488576E-08
1.74395079488576E-08
1.74395079488576E-08
1.74395079488576E-08
1.74395079488576E-08
1.74395079488576E-08
1.74395079488576E-08
1.74395079488576E-08
1.74395079488576E-08
1.74395079488576E-08
1.74395079488576E-08
1.74395079488576E-08
1.74395079488576E-08
1.74395079488576E-08
1.74395079488576E-08
1.74395079488576E-08
1.74395079488576E-08
1.74395079488576E-08
1.74395079488576E-08
1.74395079488576E-08
1.74395079488576E-08
1.74395079488576E-08
1.74395079488576E-08
1.39679753319299E-08
1.39679753319299E-08
1.39679753319299E-08
1.39679753319299E-08
1.39679753319299E-08
1.39679753319299E-08
1.39679753319299E-08
1.39679753319299E-08
1.39679753319299E-08
1.39679753319299E-08
1.39679753319299E-08
1.39679753319299E-08
1.39679753319299E-08
1.39679753319299E-08
1.39679753319299E-08
1.39679753319299E-08
7.03391850320756E-09
7.03391850320756E-09
7.03391850320756E-09
7.03391850320756E-09
7.03391850320756E-09
7.03391850320756E-09
7.03391850320756E-09
7.03391850320756E-09
7.03391850320756E-09
7.03391850320756E-09
7.03391850320756E-09
7.03391850320756E-09
7.03391850320756E-09
7.03391850320756E-09
7.03391850320756E-09
2.29973506904457E-09
2.29973506904457E-09
2.29973506904457E-09
2.29973506904457E-09
2.29973506904457E-09
2.29973506904457E-09
2.29973506904457E-09
2.29973506904457E-09
2.29973506904457E-09
2.29973506904457E-09
2.29973506904457E-09
2.29973506904457E-09
2.29973506904457E-09
2.29973506904457E-09
2.29973506904457E-09
2.29973506904457E-09
2.29973506904457E-09
2.29973506904457E-09
2.29973506904457E-09
2.29973506904457E-09
2.29973506904457E-09
2.29973506904457E-09
2.29973506904457E-09
2.29973506904457E-09
2.29973506904457E-09
2.29973506904457E-09
2.29973506904457E-09
2.29973506904457E-09
2.29973506904457E-09
2.29973506904457E-09
2.29973506904457E-09
2.29973506904457E-09
2.29973506904457E-09
2.29701868637022E-10
2.29701868637022E-10
2.29701868637022E-10
2.29701868637022E-10
2.29701868637022E-10
2.29701868637022E-10
2.29701868637022E-10
2.29701868637022E-10
2.29701868637022E-10
2.29701868637022E-10
2.29701868637022E-10
2.29701868637022E-10
2.29701868637022E-10
2.29701868637022E-10
2.29701868637022E-10
2.29701868637022E-10
2.29701868637022E-10
2.29701868637022E-10
2.29701868637022E-10
2.29701868637022E-10
2.29701868637022E-10
2.29701868637022E-10
2.29701868637022E-10
2.29701868637022E-10
2.29701868637022E-10
2.29701868637022E-10
2.29701868637022E-10
2.29701868637022E-10
2.29701868637022E-10
2.29701868637022E-10
2.29701868637022E-10
2.29701868637022E-10
2.29701868637022E-10
2.29701868637022E-10
2.29701868637022E-10
2.29701868637022E-10
2.29701868637022E-10
2.29701868637022E-10
2.29701868637022E-10
2.29701868637022E-10
2.29701868637022E-10
2.29701868637022E-10
2.29701868637022E-10
2.29701868637022E-10
2.29701868637022E-10
2.29701868637022E-10
2.29701868637022E-10
2.29701868637022E-10
2.29701868637022E-10
2.29701868637022E-10
2.29701868637022E-10
2.29701868637022E-10
2.29701868637022E-10
2.29701868637022E-10
2.29701868637022E-10
2.29701868637022E-10
2.29701868637022E-10
2.29701868637022E-10
2.29701868637022E-10
2.29701868637022E-10
2.29701868637022E-10
2.29701868637022E-10
2.29701868637022E-10
2.29701868637022E-10
2.29701868637022E-10
1.60307489505129E-10
1.60307489505129E-10
1.60307489505129E-10
1.57057700178598E-10
1.57057700178598E-10
1.57057700178598E-10
1.57057700178598E-10
1.57057700178598E-10
1.57057700178598E-10
1.57057700178598E-10
1.57057700178598E-10
1.57057700178598E-10
3.29505311924549E-11
2.60105270655231E-11
2.60105270655231E-11
2.60105270655231E-11
2.60105270655231E-11
2.60105270655231E-11
2.60105270655231E-11
2.60105270655231E-11
2.60105270655231E-11
2.60105270655231E-11
2.60105270655231E-11
2.60105270655231E-11
2.60105270655231E-11
2.60105270655231E-11
2.60105270655231E-11
2.09886552582361E-11
2.09886552582361E-11
2.09886552582361E-11
2.09886552582361E-11
2.09886552582361E-11
2.09382511329181E-11
6.53521681215352E-12
6.53521681215352E-12
6.53521681215352E-12
6.53521681215352E-12
6.53521681215352E-12
6.53521681215352E-12
4.70967709276238E-12
4.70967709276238E-12
4.70967709276238E-12
4.70967709276238E-12
4.70967709276238E-12
4.70967709276238E-12
4.70967709276238E-12
4.70967709276238E-12
4.20719015181703E-12
4.20719015181703E-12
4.20719015181703E-12
4.20719015181703E-12
4.20719015181703E-12
4.20719015181703E-12
4.20719015181703E-12
4.20719015181703E-12
4.09483558172496E-12
4.09483558172496E-12
4.09483558172496E-12
4.09483558172496E-12
4.09483558172496E-12
4.09483558172496E-12
1.42952316650735E-12
1.42952316650735E-12
1.42952316650735E-12
1.42952316650735E-12
1.42952316650735E-12
1.42952316650735E-12
1.42952316650735E-12
1.42952316650735E-12
1.36379796344954E-12
1.36379796344954E-12
1.36379796344954E-12
1.36379796344954E-12
7.63389351732258E-13
7.63389351732258E-13
7.63389351732258E-13
7.63389351732258E-13
7.63389351732258E-13
7.63389351732258E-13
7.63389351732258E-13
7.63389351732258E-13
7.63389351732258E-13
7.06767977476375E-13
7.06767977476375E-13
7.06767977476375E-13
7.06767977476375E-13
7.06767977476375E-13
7.06767977476375E-13
7.06767977476375E-13
7.06767977476375E-13
7.06767977476375E-13
3.44169137633799E-13
3.44169137633799E-13
3.44169137633799E-13
3.06199510191618E-13
3.06199510191618E-13
3.06199510191618E-13
3.06199510191618E-13
3.06199510191618E-13
3.06199510191618E-13
3.06199510191618E-13
3.06199510191618E-13
3.06199510191618E-13
3.06199510191618E-13
3.06199510191618E-13
3.06199510191618E-13
2.28039809258007E-13
2.28039809258007E-13
2.28039809258007E-13
2.28039809258007E-13
2.28039809258007E-13

