0.0248861455760029
0.0248044613795794
0.0206423547484452
0.00289034125985754
0.00289034125985754
0.00289034125985754
0.00252980753710852
0.00147757978784663
0.00145494855532213
0.000787840151602437
7.02849116142323E-05
7.02849116142323E-05
7.02849116142323E-05
7.02849116142323E-05
7.02849116142323E-05
7.02849116142323E-05
7.02849116142323E-05
7.02849116142323E-05
7.02849116142323E-05
7.02849116142323E-05
7.02849116142323E-05
6.92014014760794E-05
6.92014014760794E-05
6.92014014760794E-05
6.92014014760794E-05
6.92014014760794E-05
6.92014014760794E-05
6.92014014760794E-05
6.92014014760794E-05
6.92014014760794E-05
6.92014014760794E-05
6.92014014760794E-05
6.92014014760794E-05
6.92014014760794E-05
6.67458170401439E-05
6.67458170401439E-05
6.67458170401439E-05
6.67458170401439E-05
6.67458170401439E-05
1.60831931751426E-05
1.60831931751426E-05
1.60831931751426E-05
1.60831931751426E-05
9.90760814734148E-06
9.90760814734148E-06
9.90760814734148E-06
9.90760814734148E-06
5.15386000105034E-06
5.15386000105034E-06
5.15386000105034E-06
5.15386000105034E-06
5.15386000105034E-06
5.15386000105034E-06
5.15386000105034E-06
5.15386000105034E-06
4.17013561182511E-06
4.17013561182511E-06
4.17013561182511E-06
4.17013561182511E-06
4.17013561182511E-06
4.17013561182511E-06
4.17013561182511E-06
4.17013561182511E-06
7.1172270144082E-07
7.1172270144082E-07
7.1172270144082E-07
7.1172270144082E-07
7.1172270144082E-07
7.1172270144082E-07
7.1172270144082E-07
7.1172270144082E-07
7.1172270144082E-07
7.1172270144082E-07
7.1172270144082E-07
7.1172270144082E-07
7.1172270144082E-07
7.1172270144082E-07
7.1172270144082E-07
7.1172270144082E-07
7.1172270144082E-07
7.1172270144082E-07
7.1172270144082E-07
7.1172270144082E-07
7.1172270144082E-07
7.1172270144082E-07
7.1172270144082E-07
7.1172270144082E-07
7.1172270144082E-07
7.1172270144082E-07
7.1172270144082E-07
7.1172270144082E-07
7.1172270144082E-07
7.1172270144082E-07
7.1172270144082E-07
7.1172270144082E-07
7.1172270144082E-07
7.1172270144082E-07
7.1172270144082E-07
7.1172270144082E-07
7.1172270144082E-07
7.1172270144082E-07
7.1172270144082E-07
7.1172270144082E-07
7.1172270144082E-07
7.1172270144082E-07
7.1172270144082E-07
7.1172270144082E-07
7.1172270144082E-07
7.1172270144082E-07
7.1172270144082E-07
7.1172270144082E-07
7.1172270144082E-07
7.1172270144082E-07
7.1172270144082E-07
7.1172270144082E-07
7.1172270144082E-07
7.1172270144082E-07
7.1172270144082E-07
7.1172270144082E-07
7.1172270144082E-07
7.1172270144082E-07
7.1172270144082E-07
7.1172270144082E-07
7.1172270144082E-07
7.1172270144082E-07
7.1172270144082E-07
7.1172270144082E-07
7.1172270144082E-07
7.1172270144082E-07
7.1172270144082E-07
7.1172270144082E-07
7.1172270144082E-07
7.1172270144082E-07
7.1172270144082E-07
7.1172270144082E-07
7.1172270144082E-07
7.1172270144082E-07
7.1172270144082E-07
7.1172270144082E-07
7.1172270144082E-07
7.1172270144082E-07
7.1172270144082E-07
7.1172270144082E-07
7.1172270144082E-07
7.1172270144082E-07
7.1172270144082E-07
7.1172270144082E-07
7.1172270144082E-07
7.1172270144082E-07
7.1172270144082E-07
7.1172270144082E-07
7.1172270144082E-07
7.1172270144082E-07
7.1172270144082E-07
7.1172270144082E-07
7.1172270144082E-07
7.1172270144082E-07
7.1172270144082E-07
7.1172270144082E-07
7.1172270144082E-07
7.1172270144082E-07
7.1172270144082E-07
3.50798380843731E-07
3.50798380843731E-07
3.50798380843731E-07
3.20282857790843E-07
3.20282857790843E-07
3.20282857790843E-07
3.20282857790843E-07
3.20282857790843E-07
3.20282857790843E-07
3.20282857790843E-07
3.20282857790843E-07
3.20282857790843E-07
3.20282857790843E-07
3.20282857790843E-07
3.20282857790843E-07
3.20282857790843E-07
3.20282857790843E-07
3.20282857790843E-07
3.20282857790843E-07
3.20282857790843E-07
3.20282857790843E-07
3.20282857790843E-07
3.20282857790843E-07
3.20282857790843E-07
3.20282857790843E-07
3.20282857790843E-07
3.20282857790843E-07
3.20282857790843E-07
3.20282857790843E-07
3.20282857790843E-07
3.20282857790843E-07
3.20282857790843E-07
3.20282857790843E-07
3.20282857790843E-07
3.20282857790843E-07
3.20282857790843E-07
3.20282857790843E-07
3.20282857790843E-07
3.20282857790843E-07
3.20282857790843E-07
3.20282857790843E-07
3.20282857790843E-07
3.20282857790843E-07
3.20282857790843E-07
3.20282857790843E-07
3.20282857790843E-07
3.20282857790843E-07
3.20282857790843E-07
3.20282857790843E-07
3.20282857790843E-07
3.20282857790843E-07
3.20282857790843E-07
3.20282857790843E-07
3.20282857790843E-07
3.20282857790843E-07
3.20282857790843E-07
3.20282857790843E-07
3.20282857790843E-07
3.20282857790843E-07
3.20282857790843E-07
3.20282857790843E-07
3.20282857790843E-07
3.20282857790843E-07
3.20282857790843E-07
3.20282857790843E-07
3.20282857790843E-07
3.20282857790843E-07
3.20282857790843E-07
3.20282857790843E-07
3.20282857790843E-07
3.20282857790843E-07
3.20282857790843E-07
3.20282857790843E-07
3.20282857790843E-07
3.20282857790843E-07
3.20282857790843E-07
3.20282857790843E-07
3.20282857790843E-07
3.20282857790843E-07
3.20282857790843E-07
3.20282857790843E-07
3.20282857790843E-07
3.20282857790843E-07
3.20282857790843E-07
3.20282857790843E-07
3.20282857790843E-07
3.20282857790843E-07
3.20282857790843E-07
3.20282857790843E-07
3.20282857790843E-07
3.20282857790843E-07
3.20282857790843E-07
3.20282857790843E-07
3.20282857790843E-07
3.20282857790843E-07
3.20282857790843E-07
5.8834332516966E-08
5.8834332516966E-08
5.8834332516966E-08
5.8834332516966E-08
5.8834332516966E-08
5.8834332516966E-08
5.8834332516966E-08
5.8834332516966E-08
5.8834332516966E-08
5.8834332516966E-08
5.8834332516966E-08
5.8834332516966E-08
5.8834332516966E-08
5.8834332516966E-08
5.8834332516966E-08
5.8834332516966E-08
5.8834332516966E-08
5.8834332516966E-08
5.8834332516966E-08
5.8834332516966E-08
5.8834332516966E-08
5.8834332516966E-08
5.8834332516966E-08
5.8834332516966E-08
5.8834332516966E-08
5.8834332516966E-08
5.8834332516966E-08
5.8834332516966E-08
5.8834332516966E-08
5.8834332516966E-08
5.8834332516966E-08
5.8834332516966E-08
5.8834332516966E-08
5.8834332516966E-08
5.8834332516966E-08
5.8834332516966E-08
4.171794265595E-08
4.171794265595E-08
4.171794265595E-08
2.81555356806962E-09
2.81555356806962E-09
2.81555356806962E-09
2.81555356806962E-09
2.81555356806962E-09
2.81555356806962E-09
2.81555356806962E-09
2.81555356806962E-09
2.81555356806962E-09
2.81555356806962E-09
2.81555356806962E-09
2.81555356806962E-09
2.81555356806962E-09
2.81555356806962E-09
2.81555356806962E-09
2.81555356806962E-09
2.81555356806962E-09
2.81555356806962E-09
2.81555356806962E-09
2.81555356806962E-09
2.81555356806962E-09
2.81555356806962E-09
2.81555356806962E-09
2.81555356806962E-09
2.81555356806962E-09
2.81555356806962E-09
2.81555356806962E-09
2.81555356806962E-09
2.81555356806962E-09
2.81555356806962E-09
2.81555356806962E-09
2.81555356806962E-09
2.81555356806962E-09
2.81555356806962E-09
2.81555356806962E-09
2.81555356806962E-09
2.81555356806962E-09
2.81555356806962E-09
2.81555356806962E-09
2.81555356806962E-09
2.81555356806962E-09
2.81555356806962E-09
2.81555356806962E-09
2.81555356806962E-09
2.81555356806962E-09
2.81555356806962E-09
2.11239969960531E-09
2.11239969960531E-09
2.11239969960531E-09
2.11239969960531E-09
2.11239969960531E-09
2.11239969960531E-09
2.11239969960531E-09
2.11239969960531E-09
2.11239969960531E-09
2.11239969960531E-09
2.11239969960531E-09
2.11239969960531E-09
2.11239969960531E-09
2.11239969960531E-09
2.11239969960531E-09
2.11239969960531E-09
2.11239969960531E-09
2.11239969960531E-09
1.75427072868217E-09
1.75427072868217E-09
1.75427072868217E-09
1.75427072868217E-09
1.75427072868217E-09
1.75427072868217E-09
1.75427072868217E-09
1.75427072868217E-09
1.75427072868217E-09
1.75427072868217E-09
1.75427072868217E-09
1.75427072868217E-09
1.75427072868217E-09
1.75427072868217E-09
1.75427072868217E-09
1.75427072868217E-09
1.75427072868217E-09
1.75427072868217E-09
1.75427072868217E-09
1.75427072868217E-09
1.75427072868217E-09
1.75427072868217E-09
1.75427072868217E-09
1.75427072868217E-09
1.75427072868217E-09
1.50949774901932E-09
1.50949774901932E-09
1.50949774901932E-09
1.50949774901932E-09
1.04259190170097E-09
1.04259190170097E-09
1.04259190170097E-09
1.04259190170097E-09
1.04259190170097E-09
1.04259190170097E-09
1.04259190170097E-09
1.04259190170097E-09
1.04259190170097E-09
1.04259190170097E-09
1.04259190170097E-09
5.07351605172346E-10
5.07351605172346E-10
5.07351605172346E-10
5.07351605172346E-10
5.07351605172346E-10
5.07351605172346E-10
5.07351605172346E-10
5.07351605172346E-10
5.07351605172346E-10
5.07351605172346E-10
4.92787699535313E-10
4.86477413907949E-10
4.86477413907949E-10
4.86477413907949E-10
4.86477413907949E-10
4.44836445456787E-10
4.44836445456787E-10
4.44836445456787E-10
3.81463527432402E-10
2.5803537084812E-10
2.5803537084812E-10
2.5803537084812E-10
2.57113497159622E-10
2.57113497159622E-10
2.57113497159622E-10
2.57113497159622E-10
2.57113497159622E-10
2.57113497159622E-10
2.57113497159622E-10
1.82742543319847E-10
1.82742543319847E-10
1.82742543319847E-10
1.36706868048009E-10
1.36706868048009E-10
1.36706868048009E-10
1.36706868048009E-10
1.36706868048009E-10
1.36706868048009E-10
1.36706868048009E-10
1.36706868048009E-10
9.01430596833563E-11
9.01430596833563E-11
9.01430596833563E-11
9.01430596833563E-11
6.85906886843668E-11
6.85906886843668E-11
5.52276557819198E-11
5.52276557819198E-11
5.52276557819198E-11
5.52276557819198E-11
5.52276557819198E-11
5.52276557819198E-11
5.52276557819198E-11
5.52276557819198E-11
5.52276557819198E-11
5.52276557819198E-11
4.46946923915448E-11
4.46946923915448E-11
4.01561006668771E-11
4.01561006668771E-11
4.01561006668771E-11
4.01561006668771E-11
4.01561006668771E-11
4.01561006668771E-11
4.01561006668771E-11
4.01561006668771E-11
4.01561006668771E-11
4.01561006668771E-11
3.99490995839358E-11
3.99490995839358E-11
3.38932770738154E-11
3.38932770738154E-11
3.38932770738154E-11
3.38932770738154E-11
2.63450372628427E-11
2.63450372628427E-11
1.89364635083678E-11
5.17114129294782E-12
5.17114129294782E-12
5.17114129294782E-12
5.17114129294782E-12
5.17114129294782E-12
5.17114129294782E-12
5.17114129294782E-12
3.07120995302057E-12
3.07120995302057E-12
3.07120995302057E-12
3.07120995302057E-12
3.07120995302057E-12
3.07120995302057E-12
3.07120995302057E-12
3.07120995302057E-12
3.07120995302057E-12
3.07120995302057E-12
3.07120995302057E-12
1.91008320271635E-12
1.91008320271635E-12
1.91008320271635E-12
1.91008320271635E-12

