0.063858326663511
0.0485196886566194
0.0485196886566194
0.0483948041527976
0.0142628448983821
0.0142628448983821
0.0100914599667187
0.0100914599667187
0.00950921932503315
0.0084684091729888
0.00644194685029659
0.00644194685029659
0.00609756327098404
0.00339020678133473
0.00339020678133473
0.00296809665753193
0.00101174966475376
0.00101174966475376
0.000447653673759041
0.000447653673759041
0.000447653673759041
0.000447653673759041
0.000445261070755987
0.000445261070755987
0.000343683991605616
0.000343683991605616
0.000343683991605616
0.000331601380431076
0.000279003066486665
0.000279003066486665
0.000277010974185476
0.000117958304278312
0.000117958304278312
9.9443942072128E-05
9.9443942072128E-05
9.9443942072128E-05
9.9443942072128E-05
9.9443942072128E-05
9.9443942072128E-05
7.71518899821706E-05
7.71518899821706E-05
7.71518899821706E-05
7.71518899821706E-05
7.71518899821706E-05
7.71518899821706E-05
7.71518899821706E-05
7.71518899821706E-05
7.71518899821706E-05
5.35287448850483E-05
5.15396451338714E-05
5.15396451338714E-05
5.15396451338714E-05
5.15396451338714E-05
5.15396451338714E-05
5.15396451338714E-05
5.15396451338714E-05
5.15396451338714E-05
5.15396451338714E-05
5.15396451338714E-05
3.96385782103683E-05
3.96385782103683E-05
3.96385782103683E-05
2.94113052174243E-05
2.94113052174243E-05
2.94113052174243E-05
2.94113052174243E-05
2.94113052174243E-05
2.94113052174243E-05
2.94113052174243E-05
2.94113052174243E-05
2.94113052174243E-05
2.44029892133343E-05
2.44029892133343E-05
2.44029892133343E-05
2.44029892133343E-05
1.86999881475747E-05
1.63175856285041E-05
1.63175856285041E-05
1.63175856285041E-05
1.63175856285041E-05
1.63175856285041E-05
1.36468059633785E-05
1.36468059633785E-05
1.36468059633785E-05
1.36468059633785E-05
1.36468059633785E-05
1.36468059633785E-05
1.36468059633785E-05
1.36468059633785E-05
1.24238506719106E-05
1.24238506719106E-05
1.24238506719106E-05
1.24238506719106E-05
7.66380741823794E-06
7.66380741823794E-06
7.66380741823794E-06
7.66380741823794E-06
7.66380741823794E-06
7.66380741823794E-06
7.66380741823794E-06
7.66380741823794E-06
7.66380741823794E-06
7.66380741823794E-06
7.66380741823794E-06
7.66380741823794E-06
7.66380741823794E-06
7.66380741823794E-06
7.66380741823794E-06
7.66380741823794E-06
6.41987969414969E-06
6.41987969414969E-06
6.34242256574054E-06
6.34242256574054E-06
6.34242256574054E-06
5.50998198575389E-06
5.50998198575389E-06
5.50998198575389E-06
5.50998198575389E-06
5.50998198575389E-06
5.50998198575389E-06
5.50998198575389E-06
5.50998198575389E-06
5.32585166318489E-06
5.32585166318489E-06
5.32585166318489E-06
5.32585166318489E-06
5.32585166318489E-06
5.32585166318489E-06
1.84772571546268E-06
1.84772571546268E-06
1.84772571546268E-06
1.84772571546268E-06
1.84772571546268E-06
1.84772571546268E-06
1.84772571546268E-06
1.84772571546268E-06
1.84772571546268E-06
1.84772571546268E-06
1.84772571546268E-06
1.84772571546268E-06
1.84772571546268E-06
1.84772571546268E-06
1.84772571546268E-06
1.84772571546268E-06
1.84772571546268E-06
1.84772571546268E-06
1.84772571546268E-06
1.84772571546268E-06
1.84772571546268E-06
6.91936890744385E-07
6.91936890744385E-07
6.91936890744385E-07
6.91936890744385E-07
6.91936890744385E-07
6.91936890744385E-07
6.91936890744385E-07
6.91936890744385E-07
6.91936890744385E-07
6.91936890744385E-07
6.91936890744385E-07
6.91936890744385E-07
6.91936890744385E-07
6.91936890744385E-07
6.91936890744385E-07
6.91936890744385E-07
6.91936890744385E-07
6.91936890744385E-07
6.91936890744385E-07
6.91936890744385E-07
6.91936890744385E-07
6.91936890744385E-07
6.91936890744385E-07
6.91936890744385E-07
6.91936890744385E-07
6.91936890744385E-07
6.91936890744385E-07
6.91936890744385E-07
6.91936890744385E-07
6.91936890744385E-07
6.91936890744385E-07
6.91936890744385E-07
6.91936890744385E-07
6.91936890744385E-07
6.47470543214956E-07
6.47470543214956E-07
6.47470543214956E-07
6.47470543214956E-07
6.47470543214956E-07
6.47470543214956E-07
6.47470543214956E-07
3.70036819796749E-07
3.70036819796749E-07
3.70036819796749E-07
3.70036819796749E-07
3.70036819796749E-07
3.70036819796749E-07
3.70036819796749E-07
3.70036819796749E-07
3.70036819796749E-07
3.70036819796749E-07
3.70036819796749E-07
3.70036819796749E-07
3.70036819796749E-07
3.70036819796749E-07
3.70036819796749E-07
3.70036819796749E-07
3.70036819796749E-07
3.70036819796749E-07
3.70036819796749E-07
3.70036819796749E-07
3.70036819796749E-07
3.70036819796749E-07
3.70036819796749E-07
3.70036819796749E-07
3.70036819796749E-07
3.70036819796749E-07
3.70036819796749E-07
3.70036819796749E-07
3.70036819796749E-07
3.66520615580068E-07
3.66520615580068E-07
3.66520615580068E-07
3.66520615580068E-07
3.66520615580068E-07
3.66520615580068E-07
3.66520615580068E-07
3.66520615580068E-07
3.66520615580068E-07
3.66520615580068E-07
3.66520615580068E-07
3.66520615580068E-07
3.66520615580068E-07
2.28123069490049E-07
2.28123069490049E-07
2.28123069490049E-07
2.28123069490049E-07
2.28123069490049E-07
2.28123069490049E-07
2.28123069490049E-07
2.28123069490049E-07
2.28123069490049E-07
2.28123069490049E-07
2.28123069490049E-07
2.28123069490049E-07
2.28123069490049E-07
2.28123069490049E-07
2.28123069490049E-07
2.28123069490049E-07
2.28123069490049E-07
2.28123069490049E-07
2.28123069490049E-07
1.71206427257431E-07
1.71206427257431E-07
1.71206427257431E-07
1.71206427257431E-07
1.71206427257431E-07
1.71206427257431E-07
1.71206427257431E-07
1.71206427257431E-07
1.71206427257431E-07
1.71206427257431E-07
1.71206427257431E-07
1.71206427257431E-07
1.71206427257431E-07
1.71206427257431E-07
1.71206427257431E-07
1.71206427257431E-07
1.71206427257431E-07
1.71206427257431E-07
1.71206427257431E-07
1.71206427257431E-07
1.71206427257431E-07
1.71206427257431E-07
1.71206427257431E-07
1.71206427257431E-07
1.71206427257431E-07
1.6265742253975E-07
1.6265742253975E-07
1.6265742253975E-07
1.6265742253975E-07
1.6265742253975E-07
9.85605077379048E-08
9.85605077379048E-08
9.85605077379048E-08
9.85605077379048E-08
9.85605077379048E-08
9.85605077379048E-08
9.85605077379048E-08
9.85605077379048E-08
9.85605077379048E-08
9.85605077379048E-08
9.85605077379048E-08
9.85605077379048E-08
9.85605077379048E-08
9.85605077379048E-08
9.85605077379048E-08
9.85605077379048E-08
9.85605077379048E-08
9.85605077379048E-08
9.85605077379048E-08
9.58613332133901E-08
9.58613332133901E-08
9.58613332133901E-08
9.58613332133901E-08
9.11592428903818E-08
5.68450174709412E-08
5.68450174709412E-08
5.68450174709412E-08
5.68450174709412E-08
5.68450174709412E-08
5.68450174709412E-08
5.68450174709412E-08
5.68450174709412E-08
5.68450174709412E-08
5.68450174709412E-08
5.68450174709412E-08
5.68450174709412E-08
5.68450174709412E-08
5.68450174709412E-08
5.68450174709412E-08
4.70878304681399E-08
4.70878304681399E-08
4.70878304681399E-08
4.54022133448279E-08
4.54022133448279E-08
4.54022133448279E-08
4.54022133448279E-08
4.54022133448279E-08
3.39869897225675E-08
3.39869897225675E-08
3.39869897225675E-08
3.39869897225675E-08
3.39869897225675E-08
3.39869897225675E-08
3.39869897225675E-08
3.39869897225675E-08
3.39869897225675E-08
3.39869897225675E-08
3.39869897225675E-08
3.39869897225675E-08
3.39869897225675E-08
3.39869897225675E-08
3.39869897225675E-08
3.39869897225675E-08
3.39869897225675E-08
3.39869897225675E-08
3.30894964206685E-08
3.30894964206685E-08
3.20775431217335E-08
3.20775431217335E-08
3.20775431217335E-08
3.20775431217335E-08
3.20775431217335E-08
1.30982415608161E-08
1.30982415608161E-08
1.30982415608161E-08
1.30982415608161E-08
1.30982415608161E-08
1.30982415608161E-08
1.30982415608161E-08
1.30982415608161E-08
1.30982415608161E-08
1.30982415608161E-08
1.30982415608161E-08
1.30982415608161E-08
1.30982415608161E-08
1.23705559598036E-08
1.23705559598036E-08
1.23705559598036E-08
1.23705559598036E-08
1.23705559598036E-08
1.23705559598036E-08
9.96567553132599E-09
9.96567553132599E-09
9.96567553132599E-09
9.96567553132599E-09
9.96567553132599E-09
9.96567553132599E-09
9.96567553132599E-09
9.96567553132599E-09
9.96567553132599E-09
9.96567553132599E-09
9.96567553132599E-09
9.96567553132599E-09
9.85075023288151E-09
9.85075023288151E-09
9.85075023288151E-09
9.85075023288151E-09
9.85075023288151E-09
9.85075023288151E-09
9.85075023288151E-09
9.85075023288151E-09
5.17520705282937E-09
5.17520705282937E-09
5.17520705282937E-09
5.13543418900753E-09
5.13543418900753E-09
5.05333893306703E-09
4.15392776773049E-09
4.15392776773049E-09
4.15392776773049E-09
4.15392776773049E-09
4.15392776773049E-09
4.02223120088419E-09
4.02223120088419E-09
4.02223120088419E-09
4.02223120088419E-09
3.96177768195727E-09
3.93249983965394E-09
3.93249983965394E-09
3.93249983965394E-09
3.93249983965394E-09
3.93249983965394E-09
3.93249983965394E-09
3.93249983965394E-09
3.93249983965394E-09
3.93249983965394E-09
3.93249983965394E-09
3.93249983965394E-09
3.93249983965394E-09
2.42069547740087E-09
2.42069547740087E-09
2.42069547740087E-09
2.42069547740087E-09
2.42069547740087E-09
2.42069547740087E-09
2.15818574123006E-09
2.15818574123006E-09
2.15818574123006E-09
1.70149888623072E-09
1.70149888623072E-09
1.70149888623072E-09
1.70149888623072E-09
9.26545673518575E-10
9.26545673518575E-10
5.87837056809093E-10
5.87837056809093E-10
5.87837056809093E-10
5.87837056809093E-10
5.87837056809093E-10
5.87837056809093E-10
5.87837056809093E-10
5.87375814653512E-10
5.87375814653512E-10
5.87375814653512E-10
5.87375814653512E-10
5.8720661666456E-10
5.8720661666456E-10
5.8720661666456E-10
5.8720661666456E-10
5.87047910283189E-10
5.87047910283189E-10
5.87047910283189E-10
5.87047910283189E-10
5.87047910283189E-10
5.87047910283189E-10
5.87047910283189E-10
5.87047910283189E-10
5.86788062584276E-10
5.01903463234754E-10
4.82565931658741E-10
4.77354433758848E-10
4.77354433758848E-10
4.77354433758848E-10
4.77354433758848E-10
4.77354433758848E-10
4.77354433758848E-10
2.8633967419367E-10
2.8633967419367E-10
2.8633967419367E-10
2.8633967419367E-10
2.38371988814379E-10
1.29829369477363E-10
1.29829369477363E-10
1.29829369477363E-10
1.29829369477363E-10
1.29829369477363E-10
1.29829369477363E-10
1.29829369477363E-10
1.29829369477363E-10
1.29829369477363E-10
1.29829369477363E-10
1.29829369477363E-10
1.29829369477363E-10
1.25591648192369E-10
1.18006882043886E-10
1.18006882043886E-10
1.18006882043886E-10
1.18006882043886E-10
1.18006882043886E-10
1.15349896301353E-10
1.15349896301353E-10
1.15312814852331E-10
1.15312814852331E-10
1.15312814852331E-10
1.15312814852331E-10
1.14372455950473E-10
1.14372455950473E-10
1.27627353130322E-11
1.27627353130322E-11

