0.140267040394217
0.0582854215031373
0.0572940682406823
0.0408134487365615
0.0244258122767769
0.0192276064101549
0.0107206384216849
0.00653792660092556
0.00126240084599316
0.00126240084599316
0.00126240084599316
0.00126240084599316
0.000693435411474541
0.000693435411474541
0.000319458225264968
0.000306933018032862
0.000293675467621601
0.000225675948149984
0.000225675948149984
0.000223206524380237
0.000223206524380237
0.000184403805963129
0.000169447845346671
8.48705650933756E-05
8.48705650933756E-05
8.48705650933756E-05
8.48705650933756E-05
8.48705650933756E-05
8.48705650933756E-05
8.48705650933756E-05
8.48705650933756E-05
7.9012557069158E-05
7.9012557069158E-05
7.9012557069158E-05
4.27430725415401E-05
4.27430725415401E-05
4.27430725415401E-05
4.27430725415401E-05
3.69267155421182E-05
3.69267155421182E-05
3.69267155421182E-05
1.04845510324192E-05
1.04845510324192E-05
1.04845510324192E-05
1.04845510324192E-05
1.04845510324192E-05
1.04845510324192E-05
1.04845510324192E-05
1.04845510324192E-05
1.04845510324192E-05
1.04845510324192E-05
1.04845510324192E-05
1.04845510324192E-05
1.04845510324192E-05
4.09521315497541E-06
4.09521315497541E-06
4.09521315497541E-06
4.09521315497541E-06
4.09521315497541E-06
4.09521315497541E-06
4.09521315497541E-06
4.09521315497541E-06
4.09521315497541E-06
4.09521315497541E-06
4.09521315497541E-06
4.09521315497541E-06
4.09521315497541E-06
4.09521315497541E-06
4.09521315497541E-06
4.09521315497541E-06
4.09521315497541E-06
4.09521315497541E-06
4.09521315497541E-06
4.09521315497541E-06
4.09521315497541E-06
4.09521315497541E-06
4.09521315497541E-06
4.09521315497541E-06
4.09521315497541E-06
4.09521315497541E-06
4.09521315497541E-06
4.09521315497541E-06
4.09521315497541E-06
4.09521315497541E-06
4.09521315497541E-06
2.22894242796201E-06
2.22894242796201E-06
2.22894242796201E-06
2.22894242796201E-06
2.22894242796201E-06
2.22894242796201E-06
2.22894242796201E-06
2.22894242796201E-06
2.22894242796201E-06
2.22894242796201E-06
2.22894242796201E-06
2.22894242796201E-06
2.22894242796201E-06
2.22894242796201E-06
2.22894242796201E-06
2.22894242796201E-06
2.22894242796201E-06
2.22894242796201E-06
2.22894242796201E-06
2.22894242796201E-06
2.22894242796201E-06
2.22894242796201E-06
2.22894242796201E-06
2.22894242796201E-06
2.22894242796201E-06
2.22894242796201E-06
2.22894242796201E-06
2.22894242796201E-06
2.22894242796201E-06
2.22894242796201E-06
2.22894242796201E-06
2.08533689510793E-06
2.08533689510793E-06
2.08533689510793E-06
2.08533689510793E-06
2.08533689510793E-06
2.08533689510793E-06
2.08533689510793E-06
2.08533689510793E-06
2.08533689510793E-06
2.08533689510793E-06
2.08533689510793E-06
2.08533689510793E-06
2.08533689510793E-06
2.08533689510793E-06
2.08533689510793E-06
2.08533689510793E-06
2.08533689510793E-06
2.08533689510793E-06
2.08533689510793E-06
2.08533689510793E-06
2.08533689510793E-06
2.08533689510793E-06
2.08533689510793E-06
2.08533689510793E-06
2.08533689510793E-06
2.08533689510793E-06
2.08533689510793E-06
2.08533689510793E-06
2.08533689510793E-06
2.08533689510793E-06
2.08533689510793E-06
2.08533689510793E-06
2.08533689510793E-06
2.08533689510793E-06
2.08533689510793E-06
1.72288951438837E-06
1.72288951438837E-06
1.72288951438837E-06
1.28380462796618E-06
1.28380462796618E-06
1.28380462796618E-06
1.28380462796618E-06
1.28380462796618E-06
1.28380462796618E-06
1.28380462796618E-06
1.28380462796618E-06
1.28380462796618E-06
1.28380462796618E-06
1.28380462796618E-06
1.28380462796618E-06
1.28380462796618E-06
1.28380462796618E-06
1.28380462796618E-06
1.28380462796618E-06
1.28380462796618E-06
1.28380462796618E-06
1.28380462796618E-06
1.28380462796618E-06
1.28380462796618E-06
1.28380462796618E-06
1.22796378061729E-06
6.9016047737902E-07
6.48520796397989E-07
6.48520796397989E-07
6.48520796397989E-07
6.48520796397989E-07
6.48520796397989E-07
6.48520796397989E-07
6.48520796397989E-07
6.48520796397989E-07
6.48520796397989E-07
6.48520796397989E-07
6.48520796397989E-07
6.48520796397989E-07
6.48520796397989E-07
6.48520796397989E-07
6.48520796397989E-07
6.48520796397989E-07
6.48520796397989E-07
6.48520796397989E-07
6.48520796397989E-07
6.48520796397989E-07
6.48520796397989E-07
6.48520796397989E-07
6.48520796397989E-07
6.48520796397989E-07
6.48520796397989E-07
6.48520796397989E-07
6.48520796397989E-07
6.48520796397989E-07
6.48520796397989E-07
6.48520796397989E-07
6.48520796397989E-07
6.48520796397989E-07
6.48520796397989E-07
6.48520796397989E-07
6.48520796397989E-07
6.48520796397989E-07
6.48520796397989E-07
6.48520796397989E-07
6.48520796397989E-07
6.48520796397989E-07
6.48520796397989E-07
6.48520796397989E-07
6.48520796397989E-07
5.44067182535468E-07
5.44067182535468E-07
5.44067182535468E-07
5.44067182535468E-07
4.8080353465263E-07
4.8080353465263E-07
4.8080353465263E-07
4.8080353465263E-07
4.8080353465263E-07
4.8080353465263E-07
4.8080353465263E-07
4.8080353465263E-07
4.8080353465263E-07
4.8080353465263E-07
4.8080353465263E-07
4.8080353465263E-07
4.8080353465263E-07
4.8080353465263E-07
4.8080353465263E-07
4.8080353465263E-07
4.8080353465263E-07
3.85673400438158E-07
3.85673400438158E-07
3.85673400438158E-07
3.85673400438158E-07
3.85673400438158E-07
3.85673400438158E-07
3.85673400438158E-07
3.85673400438158E-07
3.85673400438158E-07
3.85673400438158E-07
3.85673400438158E-07
3.85673400438158E-07
3.85673400438158E-07
3.85673400438158E-07
3.85673400438158E-07
3.85673400438158E-07
3.85673400438158E-07
3.85673400438158E-07
3.85673400438158E-07
3.85673400438158E-07
3.85673400438158E-07
3.85673400438158E-07
3.85673400438158E-07
3.85673400438158E-07
3.85673400438158E-07
3.85673400438158E-07
3.85673400438158E-07
3.85673400438158E-07
3.85673400438158E-07
3.85673400438158E-07
3.85673400438158E-07
3.85673400438158E-07
3.85673400438158E-07
3.85673400438158E-07
3.85673400438158E-07
3.85673400438158E-07
3.85673400438158E-07
3.85673400438158E-07
3.85673400438158E-07
3.85673400438158E-07
3.85673400438158E-07
3.85673400438158E-07
3.75679341635404E-07
3.75679341635404E-07
3.75679341635404E-07
3.75679341635404E-07
2.10098580144535E-07
2.10098580144535E-07
2.10098580144535E-07
2.10098580144535E-07
2.10098580144535E-07
2.10098580144535E-07
2.10098580144535E-07
2.10098580144535E-07
2.10098580144535E-07
2.10098580144535E-07
2.10098580144535E-07
2.01372416741563E-07
2.01372416741563E-07
2.01372416741563E-07
2.01372416741563E-07
2.01372416741563E-07
2.01372416741563E-07
2.01372416741563E-07
2.01372416741563E-07
2.01372416741563E-07
1.58928733839936E-07
1.58928733839936E-07
1.58928733839936E-07
1.49884779143683E-07
1.49884779143683E-07
1.49884779143683E-07
1.49884779143683E-07
1.49884779143683E-07
1.49884779143683E-07
1.49884779143683E-07
1.49884779143683E-07
1.49884779143683E-07
1.49884779143683E-07
1.49884779143683E-07
1.49884779143683E-07
1.49884779143683E-07
1.49884779143683E-07
1.28528323123378E-07
1.28528323123378E-07
1.28528323123378E-07
4.61287210096195E-08
1.70229326745819E-08
1.70229326745819E-08
1.70229326745819E-08
1.70229326745819E-08
1.70229326745819E-08
1.70229326745819E-08
1.70229326745819E-08
1.70229326745819E-08
1.70229326745819E-08
1.37325396609711E-08
1.37325396609711E-08
1.37325396609711E-08
1.37325396609711E-08
1.37325396609711E-08
1.37325396609711E-08
1.37325396609711E-08
3.21366117050914E-09
3.21366117050914E-09
3.21366117050914E-09
3.21366117050914E-09
3.21366117050914E-09
3.21366117050914E-09
3.21366117050914E-09
3.21366117050914E-09
3.21366117050914E-09
3.21366117050914E-09
3.21366117050914E-09
3.21366117050914E-09
3.21366117050914E-09
3.21366117050914E-09
3.21366117050914E-09
3.21366117050914E-09
3.21366117050914E-09
3.21366117050914E-09
3.21366117050914E-09
3.21366117050914E-09
3.21366117050914E-09
3.21366117050914E-09
3.21366117050914E-09
2.68579952722448E-09
2.68579952722448E-09
2.68579952722448E-09
2.68579952722448E-09
2.68579952722448E-09
1.92953758526571E-09
1.92953758526571E-09
1.92953758526571E-09
1.92953758526571E-09
1.92953758526571E-09
1.92953758526571E-09
1.92953758526571E-09
1.92953758526571E-09
1.92953758526571E-09
1.92953758526571E-09
1.92953758526571E-09
1.92953758526571E-09
1.92953758526571E-09
1.92953758526571E-09
1.92953758526571E-09
1.92953758526571E-09
1.92953758526571E-09
8.95412688439734E-10
8.95412688439734E-10
8.95412688439734E-10
8.95412688439734E-10
8.95412688439734E-10
8.95412688439734E-10
8.95412688439734E-10
8.95412688439734E-10
8.95412688439734E-10
8.95412688439734E-10
5.06034381064779E-10
4.79184802948396E-10
4.79184802948396E-10
4.79184802948396E-10
4.79184802948396E-10
4.79184802948396E-10
4.79184802948396E-10
6.26977914031102E-11
6.26977914031102E-11
6.26977914031102E-11
6.26977914031102E-11
6.26977914031102E-11
6.18485818115744E-11
6.18485818115744E-11
6.18485818115744E-11
6.18485818115744E-11
6.18485818115744E-11
6.18485818115744E-11
6.18485818115744E-11
6.18485818115744E-11
6.06190653229532E-11
6.06190653229532E-11
6.06190653229532E-11
6.06190653229532E-11
6.06190653229532E-11
6.06190653229532E-11
6.06190653229532E-11
6.06190653229532E-11
6.06190653229532E-11
3.09901548867231E-11
3.09901548867231E-11
3.09901548867231E-11
3.09901548867231E-11
3.09901548867231E-11
3.09901548867231E-11
3.09901548867231E-11
3.09901548867231E-11
3.09901548867231E-11
3.09901548867231E-11
2.10498840580442E-11
1.91753835032671E-11
1.91753835032671E-11
1.91753835032671E-11
1.91753835032671E-11
1.91753835032671E-11
1.91753835032671E-11
1.91753835032671E-11
1.91753835032671E-11
1.91753835032671E-11
1.55229717968552E-11
1.55229717968552E-11
1.55229717968552E-11
1.55229717968552E-11
1.55229717968552E-11
1.38330458199221E-11
1.38330458199221E-11
1.3407441823432E-11
1.3407441823432E-11
1.3407441823432E-11
3.32162075622477E-12
3.32162075622477E-12
3.32162075622477E-12
3.32162075622477E-12
3.32162075622477E-12
3.32162075622477E-12
1.43518530393294E-12
1.18982601549078E-12
1.18982601549078E-12
1.18982601549078E-12
1.18982601549078E-12
1.18982601549078E-12
1.18982601549078E-12
1.18982601549078E-12
1.18982601549078E-12
1.18982601549078E-12
1.18982601549078E-12
1.18982601549078E-12
1.18982601549078E-12
1.18982601549078E-12
1.18982601549078E-12
1.18982601549078E-12
1.18982601549078E-12
1.18982601549078E-12
1.18982601549078E-12
1.18982601549078E-12
1.18982601549078E-12
1.18982601549078E-12
1.18982601549078E-12
1.18982601549078E-12
2.82662782069565E-13
2.82662782069565E-13
2.82662782069565E-13
2.82662782069565E-13
2.82662782069565E-13
2.82662782069565E-13
2.82662782069565E-13
2.82662782069565E-13
2.82662782069565E-13
2.82662782069565E-13
2.82662782069565E-13

