0.613785481762562
0.501269883955091
0.4254384812893
0.319474406941427
0.292914263354569
0.27160730367811
0.250488838085914
0.189179710840336
0.106754280409967
0.106754280409967
0.0754773223422524
0.0518152401940109
0.0480946746378482
0.0477546231583001
0.0477546231583001
0.0257584153331237
0.0222053725831804
0.0199213038566479
0.00652139959490768
0.00652139959490768
0.00429459751149667
0.00429459751149667
0.00429459751149667
0.00321805732335069
0.00321805732335069
0.00321805732335069
0.00321805732335069
0.00321805732335069
0.00321805732335069
0.00321805732335069
0.00321805732335069
0.00290211856469365
0.00290211856469365
0.00290211856469365
0.00290211856469365
0.00266254832286741
0.00266254832286741
0.00266254832286741
0.00266254832286741
0.00266254832286741
0.00266254832286741
0.00266254832286741
0.00266254832286741
0.00266254832286741
0.00266254832286741
0.00266254832286741
0.00266254832286741
0.00266254832286741
0.00266254832286741
0.00266254832286741
0.0024205637423151
0.00238919745445196
0.00238919745445196
0.0014348283021742
0.0014348283021742
0.0014348283021742
0.0014348283021742
0.00104337234266385
0.00104337234266385
0.00104337234266385
0.00104337234266385
0.00104337234266385
0.00104337234266385
0.00104337234266385
0.00104337234266385
0.00104337234266385
0.00104337234266385
0.00104337234266385
0.00104337234266385
0.00104337234266385
0.00104337234266385
0.00104337234266385
0.00104337234266385
0.00104337234266385
0.000868320973161691
0.000868320973161691
0.000868320973161691
0.000868320973161691
0.000868320973161691
0.000868320973161691
0.000868320973161691
0.000868320973161691
0.000868320973161691
0.000868320973161691
0.000868320973161691
0.000868320973161691
0.000868320973161691
0.000868320973161691
0.000868320973161691
0.000809321717624048
0.000809321717624048
0.000809321717624048
0.000809321717624048
0.000809321717624048
0.000795780768046316
0.000795780768046316
0.000795780768046316
0.000795780768046316
0.000795780768046316
0.000795780768046316
0.000795780768046316
0.000795780768046316
0.000795780768046316
0.000795780768046316
0.000795780768046316
0.000795780768046316
0.000795780768046316
0.000795780768046316
0.000795780768046316
0.000795780768046316
0.000629957199560524
0.000629957199560524
0.000629957199560524
0.000629957199560524
0.000629957199560524
0.000629957199560524
0.000629957199560524
0.000629957199560524
0.000629957199560524
0.000629957199560524
0.000629957199560524
0.000629957199560524
0.000629957199560524
0.000629957199560524
0.000629957199560524
0.000629957199560524
0.000544465973747926
0.000544465973747926
0.000544465973747926
0.000544465973747926
0.000544465973747926
0.000544465973747926
0.000544465973747926
0.000544465973747926
0.000544465973747926
0.000544465973747926
0.000544465973747926
0.000544465973747926
0.000544465973747926
0.000544465973747926
0.000544465973747926
0.000544465973747926
0.000544465973747926
0.000544465973747926
0.000544465973747926
0.000544465973747926
0.000544465973747926
0.000544465973747926
0.000544465973747926
0.000544465973747926
0.000544465973747926
0.000544465973747926
0.000544465973747926
0.000544465973747926
0.000544465973747926
0.000544465973747926
0.000544465973747926
0.000544465973747926
0.000544465973747926
0.000544465973747926
0.000544465973747926
0.000544465973747926
0.000544465973747926
0.000440202089758176
0.000409456034343771
0.000409456034343771
0.000409456034343771
0.000409456034343771
0.000406758686906992
0.000406758686906992
0.000406758686906992
0.000406758686906992
0.000406758686906992
0.00038800217027574
0.00038800217027574
0.00038800217027574
0.00038800217027574
0.00038800217027574
0.00038800217027574
0.000336991633312025
0.000336991633312025
0.000336991633312025
0.000336991633312025
0.000336991633312025
0.000336991633312025
0.000336991633312025
0.000336991633312025
0.000336991633312025
0.000336991633312025
0.000336991633312025
0.000336991633312025
0.000336991633312025
0.000336991633312025
0.000336991633312025
0.000336991633312025
0.000275643301092964
0.000275643301092964
0.000275643301092964
0.000275643301092964
0.000275643301092964
0.000275643301092964
0.000275643301092964
0.000275643301092964
0.000271581137357709
0.000190635848423888
0.000190635848423888
0.000190635848423888
0.000190635848423888
0.000190635848423888
0.000190635848423888
0.000190635848423888
0.000190635848423888
0.000190635848423888
0.000150384797225842
0.000150384797225842
0.000150384797225842
0.000150384797225842
0.000150384797225842
0.000150384797225842
0.000150384797225842
0.000150384797225842
0.000150384797225842
0.000150384797225842
0.000150384797225842
0.000150384797225842
0.000150384797225842
0.000150384797225842
0.000150384797225842
0.000150384797225842
0.000150384797225842
0.000150384797225842
0.000150384797225842
0.000150384797225842
0.000150384797225842
0.000150384797225842
8.93744713596735E-05
8.93744713596735E-05
8.93744713596735E-05
8.93744713596735E-05
8.93744713596735E-05
8.93744713596735E-05
8.93744713596735E-05
8.93744713596735E-05
8.93744713596735E-05
8.93744713596735E-05
8.93744713596735E-05
8.93744713596735E-05
8.93744713596735E-05
8.93744713596735E-05
8.93744713596735E-05
8.93744713596735E-05
8.93744713596735E-05
8.93744713596735E-05
8.93744713596735E-05
8.93744713596735E-05
8.93744713596735E-05
8.93744713596735E-05
8.93744713596735E-05
8.93744713596735E-05
8.93744713596735E-05
8.93744713596735E-05
8.93744713596735E-05
8.93744713596735E-05
8.93744713596735E-05
6.40436441487389E-05
6.40436441487389E-05
6.40436441487389E-05
6.40436441487389E-05
6.40436441487389E-05
6.40436441487389E-05
6.40436441487389E-05
6.40436441487389E-05
5.13091943255888E-05
5.13091943255888E-05
5.13091943255888E-05
5.13091943255888E-05
5.13091943255888E-05
5.13091943255888E-05
5.13091943255888E-05
5.13091943255888E-05
5.13091943255888E-05
5.13091943255888E-05
5.13091943255888E-05
5.13091943255888E-05
5.13091943255888E-05
5.13091943255888E-05
4.20553999060375E-05
4.20553999060375E-05
4.20553999060375E-05
4.20553999060375E-05
4.20553999060375E-05
3.07789307970094E-05
3.07789307970094E-05
2.7964427196429E-05
2.7964427196429E-05
2.7964427196429E-05
2.7964427196429E-05
2.7964427196429E-05
2.7964427196429E-05
2.7964427196429E-05
2.33808408017436E-05
2.33808408017436E-05
2.33808408017436E-05
2.33808408017436E-05
2.33808408017436E-05
2.33808408017436E-05
2.20643301173928E-05
2.20643301173928E-05
2.20643301173928E-05
2.20643301173928E-05
2.20643301173928E-05
2.20643301173928E-05
2.20643301173928E-05
2.20643301173928E-05
2.20643301173928E-05
2.20643301173928E-05
2.20643301173928E-05
2.20643301173928E-05
2.20643301173928E-05
2.20643301173928E-05
2.20643301173928E-05
2.20643301173928E-05
2.20643301173928E-05
2.20643301173928E-05
2.20643301173928E-05
2.18321272700674E-05
2.18321272700674E-05
2.18321272700674E-05
2.18321272700674E-05
2.18321272700674E-05
2.08056153411234E-05
1.52861156219166E-05
1.52861156219166E-05
1.45883020034609E-05
1.45883020034609E-05
1.45883020034609E-05
8.29505817513049E-06
8.29505817513049E-06
8.29505817513049E-06
8.29505817513049E-06
8.29505817513049E-06
8.29505817513049E-06
8.29505817513049E-06
8.29505817513049E-06
7.32233004233063E-06
6.48880542435387E-06
6.48880542435387E-06
6.48880542435387E-06
6.22014477053887E-06
6.22014477053887E-06
6.22014477053887E-06
6.22014477053887E-06
6.22014477053887E-06
6.22014477053887E-06
6.22014477053887E-06
6.22014477053887E-06
6.22014477053887E-06
6.15367907065425E-06
5.00453236006827E-06
5.00453236006827E-06
4.96162197900817E-06
4.96162197900817E-06
3.09990762891336E-06
3.09990762891336E-06
3.09990762891336E-06
3.09990762891336E-06
3.09990762891336E-06
3.09990762891336E-06
3.09990762891336E-06
2.65317092491332E-06
2.65317092491332E-06
2.65317092491332E-06
1.66973215183916E-06
1.66973215183916E-06
1.66973215183916E-06
1.66973215183916E-06
1.66973215183916E-06
1.66973215183916E-06
1.66973215183916E-06
1.33133503826438E-06
1.33133503826438E-06
1.33133503826438E-06
1.33133503826438E-06
1.33133503826438E-06
1.33133503826438E-06
1.25362640557956E-06
1.25362640557956E-06
1.25362640557956E-06
1.25362640557956E-06
1.25362640557956E-06
1.25362640557956E-06
1.25362640557956E-06
1.25362640557956E-06
1.25362640557956E-06
1.25362640557956E-06
1.25362640557956E-06
1.25362640557956E-06
1.20523094301073E-06
1.20523094301073E-06
1.12695798048048E-06
9.20380500772262E-07
9.20380500772262E-07
7.82129725911483E-07
7.82129725911483E-07
7.82129725911483E-07
7.82129725911483E-07
7.82129725911483E-07
7.82129725911483E-07
7.82129725911483E-07
7.82129725911483E-07
7.78512332205533E-07
7.47379056390893E-07
7.47379056390893E-07
7.30195371745049E-07
7.30195371745049E-07
7.30195371745049E-07
5.77616742193611E-07
5.77616742193611E-07
5.77616742193611E-07
5.77616742193611E-07
5.27300728249813E-07
5.27300728249813E-07
4.86078182956071E-07
4.86078182956071E-07
4.64039808813623E-07
4.64039808813623E-07
4.64039808813623E-07
3.7108567867146E-07
3.51593736737335E-07
3.51593736737335E-07
2.87977802361811E-07
2.87977802361811E-07
2.203055675395E-07
2.203055675395E-07
2.203055675395E-07
2.203055675395E-07
2.203055675395E-07
2.203055675395E-07
1.75617038697063E-07
9.49541938060049E-08
9.49541938060049E-08
9.49541938060049E-08
9.49541938060049E-08
5.352009316235E-08
5.352009316235E-08
4.9794498413811E-08
4.9794498413811E-08
4.9794498413811E-08
4.9794498413811E-08
4.67316243475789E-08
4.67316243475789E-08
4.64639216529495E-08
4.64639216529495E-08
4.64639216529495E-08
4.64639216529495E-08
4.64639216529495E-08
4.64639216529495E-08
4.64639216529495E-08
4.64639216529495E-08
4.03724876448613E-08
4.03724876448613E-08
3.87292166443982E-08
2.91616548084812E-08
2.63085370195193E-08
2.63085370195193E-08
2.63085370195193E-08
2.63085370195193E-08
2.63085370195193E-08
2.63085370195193E-08
2.63085370195193E-08
2.63085370195193E-08
2.48086233516874E-08
2.48086233516874E-08
2.48086233516874E-08
2.48086233516874E-08
2.48086233516874E-08
2.48086233516874E-08
2.48086233516874E-08
2.48086233516874E-08
2.48086233516874E-08
2.48086233516874E-08
2.48086233516874E-08
2.47330467398761E-08
2.47330467398761E-08
2.47330467398761E-08
2.47330467398761E-08
2.47330467398761E-08
2.47330467398761E-08
2.47330467398761E-08
2.47330467398761E-08
2.05851851322052E-08
2.05851851322052E-08
1.98947158696533E-08
1.29945117815666E-08
1.29614061379776E-08
1.29614061379776E-08
1.29614061379776E-08
1.26673364779148E-08
1.26673364779148E-08
1.21328655067536E-08

