0.432026501350429
0.425212065601476
0.417761837224968
0.350870488718779
0.350870488718779
0.323406480561189
0.281210431704908
0.278187850844032
0.190858562844557
0.149076717555545
0.134004047616275
0.11120953298091
0.0945164794517668
0.0695951407402268
0.0667341592266826
0.0401789066284272
0.0363420204087118
0.0363420204087118
0.0359743283842358
0.0266098705936356
0.0265752640029938
0.0231453114314532
0.0231453114314532
0.0150572818400917
0.0122648753551798
0.0122648753551798
0.0122648753551798
0.0121947306469195
0.0121947306469195
0.0109143571024841
0.00478617463372115
0.00478617463372115
0.0041343541586404
0.0041343541586404
0.00372323878166956
0.00372323878166956
0.00372323878166956
0.00372323878166956
0.00372323878166956
0.00372323878166956
0.00372323878166956
0.00370840987519397
0.00296444252107116
0.00296444252107116
0.00296444252107116
0.00266230756879239
0.00266230756879239
0.00256484352638174
0.00256484352638174
0.00256484352638174
0.00256484352638174
0.00256484352638174
0.00161807300765071
0.00161807300765071
0.00150055828577524
0.00150055828577524
0.00110694890488431
0.00110694890488431
0.00110694890488431
0.00110694890488431
0.00110694890488431
0.00110694890488431
0.00110694890488431
0.00110694890488431
0.00110694890488431
0.00110694890488431
0.00110694890488431
0.00110694890488431
0.00110694890488431
0.00110694890488431
0.00110694890488431
0.00110694890488431
0.00110694890488431
0.00110694890488431
0.00110694890488431
0.00110694890488431
0.00105753681608364
0.00105753681608364
0.00105753681608364
0.00105753681608364
0.00105753681608364
0.00105753681608364
0.00105753681608364
0.00105753681608364
0.00105753681608364
0.00105753681608364
0.00105753681608364
0.00105753681608364
0.00105753681608364
0.00105753681608364
0.00105753681608364
0.00105753681608364
0.00105753681608364
0.00105753681608364
0.00105753681608364
0.00105753681608364
0.000985458445931964
0.000985458445931964
0.000985458445931964
0.000985458445931964
0.000985458445931964
0.000985458445931964
0.000704566403754501
0.000704566403754501
0.000704566403754501
0.000704566403754501
0.000704566403754501
0.000704566403754501
0.000704566403754501
0.000704566403754501
0.000704566403754501
0.000704566403754501
0.000704566403754501
0.000594118587117014
0.000594118587117014
0.000400169539445212
0.000400169539445212
0.000400169539445212
0.000400169539445212
0.00039986352753352
0.00039986352753352
0.00039986352753352
0.00039986352753352
0.00039986352753352
0.00039986352753352
0.00039986352753352
0.00039986352753352
0.00039986352753352
0.00039986352753352
0.00039986352753352
0.00039986352753352
0.00039986352753352
0.000386260086708105
0.000386260086708105
0.000386260086708105
0.000386260086708105
0.000386260086708105
0.000386260086708105
0.000386260086708105
0.000386260086708105
0.000386260086708105
0.000386260086708105
0.000386260086708105
0.000386260086708105
0.000386260086708105
0.000386260086708105
0.000386260086708105
0.000386260086708105
0.000386260086708105
0.000386260086708105
0.00038404064719107
0.00038404064719107
0.00038404064719107
0.00038404064719107
0.00038404064719107
0.00038404064719107
0.00038404064719107
0.00038404064719107
0.00038404064719107
0.00038404064719107
0.00038404064719107
0.00038404064719107
0.00038404064719107
0.00038404064719107
0.00038404064719107
0.00038404064719107
0.00038404064719107
0.00038404064719107
0.000376040634200917
0.000376040634200917
0.000376040634200917
0.000376040634200917
0.000376040634200917
0.000376040634200917
0.000376040634200917
0.000376040634200917
0.000376040634200917
0.000376040634200917
0.000376040634200917
0.000376011003973222
0.000376011003973222
0.000376011003973222
0.000376011003973222
0.000376011003973222
0.000376011003973222
0.000376011003973222
0.000376011003973222
0.000376011003973222
0.000376011003973222
0.000376011003973222
0.000376011003973222
0.000376011003973222
0.000376011003973222
0.000361653077321825
0.000361653077321825
0.000361653077321825
0.000361653077321825
0.000274367699540495
0.000274367699540495
0.000274367699540495
0.000274367699540495
0.000274367699540495
0.000274367699540495
0.000274367699540495
0.000274367699540495
0.000274367699540495
0.000274367699540495
0.000274367699540495
0.000274367699540495
0.000274367699540495
0.000274367699540495
0.000274367699540495
0.000274367699540495
0.000274367699540495
0.000274367699540495
0.000274367699540495
0.000274367699540495
0.000274367699540495
0.000274367699540495
0.000274367699540495
0.000274367699540495
0.000274367699540495
0.000274367699540495
0.000274367699540495
0.000274367699540495
0.000274367699540495
0.000255414529609309
0.000255414529609309
0.000255414529609309
0.000255414529609309
0.000255414529609309
0.000212483124981775
0.000212483124981775
0.000212483124981775
0.000212483124981775
0.000212483124981775
0.000212483124981775
0.000212483124981775
0.000212483124981775
0.000212483124981775
0.000212483124981775
0.000212483124981775
0.000212483124981775
0.000212483124981775
0.000212483124981775
0.000212483124981775
0.000212483124981775
0.000212483124981775
0.000212483124981775
0.000212483124981775
0.000212483124981775
0.000212483124981775
0.000136335563525229
0.000136335563525229
0.000122609292352149
0.000122609292352149
0.000122609292352149
0.000122609292352149
0.000122609292352149
0.000122609292352149
0.000122609292352149
0.000122609292352149
0.000122609292352149
0.000122609292352149
0.000122609292352149
0.000122609292352149
0.000122609292352149
0.000122609292352149
0.000122609292352149
0.000122609292352149
0.000122609292352149
0.000122609292352149
0.000122609292352149
0.000122609292352149
0.000122609292352149
0.000122609292352149
0.000122609292352149
0.000122609292352149
0.000122609292352149
0.000122609292352149
0.000122609292352149
0.000122609292352149
0.00010971673716811
0.00010971673716811
0.00010971673716811
0.00010971673716811
0.00010971673716811
0.00010971673716811
0.00010971673716811
0.00010971673716811
0.00010971673716811
0.00010971673716811
0.00010971673716811
0.00010971673716811
0.00010971673716811
0.00010971673716811
0.00010971673716811
0.00010971673716811
9.25042176255363E-05
8.06623076836237E-05
8.06623076836237E-05
6.58776132433081E-05
6.58776132433081E-05
6.58776132433081E-05
6.58776132433081E-05
6.58776132433081E-05
6.58776132433081E-05
6.58776132433081E-05
6.58776132433081E-05
6.58776132433081E-05
5.93537647756801E-05
5.93537647756801E-05
5.93537647756801E-05
4.31988668165092E-05
4.31988668165092E-05
4.31988668165092E-05
4.31988668165092E-05
4.31988668165092E-05
4.17318978569818E-05
3.93319032441177E-05
3.93319032441177E-05
3.93319032441177E-05
3.93319032441177E-05
3.93319032441177E-05
3.93319032441177E-05
3.93280345498586E-05
3.93280345498586E-05
3.93280345498586E-05
3.93280345498586E-05
3.93280345498586E-05
3.93280345498586E-05
3.93280345498586E-05
3.93280345498586E-05
3.93280345498586E-05
3.93280345498586E-05
3.00836865078032E-05
3.00836865078032E-05
3.00836865078032E-05
3.00836865078032E-05
3.00836865078032E-05
3.00836865078032E-05
3.00836865078032E-05
3.00836865078032E-05
3.00836865078032E-05
3.00836865078032E-05
3.00836865078032E-05
3.00836865078032E-05
3.00836865078032E-05
2.77098504246467E-05
2.77098504246467E-05
2.77098504246467E-05
2.64713095107687E-05
2.62308775829672E-05
1.65432231539164E-05
1.65432231539164E-05
1.65432231539164E-05
1.62192238253788E-05
1.62192238253788E-05
1.62192238253788E-05
1.62192238253788E-05
1.45153390679072E-05
1.10527925146263E-05
1.10527925146263E-05
1.10527925146263E-05
1.10527925146263E-05
1.10527925146263E-05
1.10527925146263E-05
1.06087423833845E-05
9.64239169196936E-06
8.6759180939774E-06
8.6759180939774E-06
8.26532596453339E-06
6.00123424272081E-06
5.4692567677838E-06
5.4692567677838E-06
5.30445009142226E-06
5.1674881158132E-06
5.16100738012957E-06
5.0623880895851E-06
5.0623880895851E-06
5.0623880895851E-06
4.86302748809468E-06
4.86302748809468E-06
4.69870392688618E-06
4.67729169834883E-06
4.67729169834883E-06
4.60631568597132E-06
4.5532924186576E-06
4.5532924186576E-06
4.01664271354223E-06
4.01664271354223E-06
3.95616008262409E-06
3.95616008262409E-06
3.95616008262409E-06
3.27049955801882E-06
3.27049955801882E-06
3.27049955801882E-06
3.27049955801882E-06
3.27049955801882E-06
1.57899396045548E-06
1.4939314481528E-06
1.4939314481528E-06
1.4939314481528E-06
6.41241199133901E-07
6.41241199133901E-07
6.41241199133901E-07
6.3264284400029E-07
6.3264284400029E-07
6.3264284400029E-07
4.42891945713904E-07
4.42891945713904E-07
4.42891945713904E-07
4.16909782852691E-07
4.16909782852691E-07
4.16909782852691E-07
4.16909782852691E-07
3.85933162942325E-07
3.31183676387202E-07
3.22835066471757E-07
3.22835066471757E-07
3.22835066471757E-07
3.22835066471757E-07
3.22835066471757E-07
2.38576977790088E-07
2.38576977790088E-07
2.38576977790088E-07
2.33812905976808E-07
1.52188419856404E-07
1.52188419856404E-07
1.0727641699943E-07
1.0727641699943E-07
1.0727641699943E-07
1.0727641699943E-07
1.0727641699943E-07
1.0727641699943E-07
1.0727641699943E-07
9.64639700221659E-08
8.31707787435713E-08
8.31707787435713E-08
8.31707787435713E-08
8.31707787435713E-08
8.31707787435713E-08
6.00213781646401E-08
5.30370072432015E-08
5.30370072432015E-08
5.30370072432015E-08
5.30370072432015E-08
5.30370072432015E-08
5.30370072432015E-08
5.30370072432015E-08
5.12372095297962E-08
5.12372095297962E-08
5.02242611159944E-08
5.02242611159944E-08
5.02242611159944E-08
4.36473743104057E-08
4.15920823185737E-08
4.15920823185737E-08
4.15920823185737E-08
4.15920823185737E-08
4.15920823185737E-08
4.09239859094394E-08
4.09239859094394E-08
4.09239859094394E-08
3.8760397578666E-08
3.8760397578666E-08
3.8760397578666E-08
3.8760397578666E-08
3.8760397578666E-08
3.10206835197345E-08
2.85257107526991E-08
2.85257107526991E-08
2.07677545047025E-08
2.07677545047025E-08
2.07677545047025E-08
2.07677545047025E-08
2.07677545047025E-08
2.07677545047025E-08
2.07677545047025E-08
2.01382662057546E-08
2.01382662057546E-08
1.31076596333093E-08
9.96470392601705E-09
9.95174049261127E-09
9.95174049261127E-09
9.95174049261127E-09
9.95174049261127E-09
5.37978258600733E-09
5.37978258600733E-09
5.20425777702485E-09
5.20425777702485E-09
3.59830311982816E-09
3.59830311982816E-09
3.59830311982816E-09
3.59830311982816E-09
3.59830311982816E-09
3.59830311982816E-09
3.59830311982816E-09
3.44961477397648E-09
3.44961477397648E-09

