0.586031679442128
0.586031679442128
0.389198656085753
0.359672663055343
0.275035497029581
0.226563162354636
0.223499135905296
0.209814104202046
0.1497249763708
0.127684739462095
0.0547622795741074
0.0415932944435762
0.0393374789362906
0.0393374789362906
0.0393374789362906
0.0211185068993592
0.0211185068993592
0.01500724691312
0.01500724691312
0.01500724691312
0.0144979096785265
0.0144979096785265
0.00816181186803551
0.00816181186803551
0.00692831578386611
0.00577562214536192
0.00546953720148465
0.00546953720148465
0.00437935062606538
0.00437935062606538
0.00437935062606538
0.00437935062606538
0.00437935062606538
0.00428274052489226
0.00428274052489226
0.00428274052489226
0.00428274052489226
0.00428274052489226
0.0036511303477285
0.0036511303477285
0.0036511303477285
0.0036511303477285
0.00326824098313078
0.00326824098313078
0.00326824098313078
0.00275838541560672
0.00275838541560672
0.00275838541560672
0.00275838541560672
0.00275838541560672
0.00275838541560672
0.00275838541560672
0.00264147176254202
0.00264147176254202
0.00264147176254202
0.00264147176254202
0.00262614765691777
0.00262614765691777
0.00262614765691777
0.00262614765691777
0.00142146875795043
0.00142146875795043
0.00142146875795043
0.00142146875795043
0.00142146875795043
0.00142146875795043
0.00142146875795043
0.00142146875795043
0.00142146875795043
0.00135904259044875
0.00135904259044875
0.00135904259044875
0.00135904259044875
0.00135904259044875
0.00135904259044875
0.00135904259044875
0.00135904259044875
0.000888700421821581
0.000888700421821581
0.000888700421821581
0.000888700421821581
0.00066066465070042
0.00066066465070042
0.00066066465070042
0.00066066465070042
0.00066066465070042
0.00066066465070042
0.00066066465070042
0.00066066465070042
0.00066066465070042
0.00066066465070042
0.00066066465070042
0.00066066465070042
0.00066066465070042
0.00066066465070042
0.00066066465070042
0.00066066465070042
0.000652953545208923
0.000652953545208923
0.000652953545208923
0.000652953545208923
0.000652953545208923
0.000652953545208923
0.000652953545208923
0.000652953545208923
0.000652953545208923
0.000652953545208923
0.000652953545208923
0.000652953545208923
0.000652953545208923
0.000652953545208923
0.000652953545208923
0.000652953545208923
0.000652953545208923
0.000652953545208923
0.000652953545208923
0.000652953545208923
0.000652953545208923
0.000652953545208923
0.000652953545208923
0.000652953545208923
0.000652953545208923
0.000652953545208923
0.000652953545208923
0.000652953545208923
0.000652953545208923
0.000652953545208923
0.000652953545208923
0.000652953545208923
0.000652953545208923
0.000652953545208923
0.000652953545208923
0.000652953545208923
0.000652953545208923
0.000652953545208923
0.000652953545208923
0.000652953545208923
0.000652953545208923
0.000652953545208923
0.000652953545208923
0.000652953545208923
0.000652953545208923
0.000344769702894145
0.000344769702894145
0.000344769702894145
0.000344769702894145
0.000344769702894145
0.000344769702894145
0.000344769702894145
0.000344769702894145
0.000344769702894145
0.000344769702894145
0.000344769702894145
0.000116385520414334
0.000116385520414334
0.000116385520414334
0.000116385520414334
0.000116385520414334
0.000116385520414334
0.000116385520414334
0.000116385520414334
0.000116385520414334
0.000116385520414334
0.000116385520414334
0.000116385520414334
0.00011141892388606
0.00011141892388606
0.00011141892388606
0.00011141892388606
0.00011141892388606
0.00011141892388606
0.00011141892388606
0.00011141892388606
0.00011141892388606
0.00011141892388606
0.00011141892388606
0.00011141892388606
0.00011141892388606
0.00011141892388606
0.00011141892388606
0.00011141892388606
0.00011141892388606
0.00011141892388606
0.00011141892388606
0.00011141892388606
8.54446078953829E-05
8.54446078953829E-05
8.54446078953829E-05
8.54446078953829E-05
8.54446078953829E-05
8.54446078953829E-05
8.54446078953829E-05
8.54446078953829E-05
8.54446078953829E-05
8.54446078953829E-05
8.54446078953829E-05
8.54446078953829E-05
8.54446078953829E-05
8.54446078953829E-05
8.54446078953829E-05
8.54446078953829E-05
8.54446078953829E-05
8.54446078953829E-05
8.54446078953829E-05
8.54446078953829E-05
8.54446078953829E-05
8.54446078953829E-05
8.54446078953829E-05
8.54446078953829E-05
8.54446078953829E-05
8.54446078953829E-05
8.54446078953829E-05
8.54446078953829E-05
8.54446078953829E-05
7.31123364172057E-05
7.31123364172057E-05
7.31123364172057E-05
7.31123364172057E-05
7.31123364172057E-05
7.31123364172057E-05
7.31123364172057E-05
7.31123364172057E-05
7.31123364172057E-05
7.31123364172057E-05
7.31123364172057E-05
7.31123364172057E-05
7.31123364172057E-05
7.31123364172057E-05
7.31123364172057E-05
7.31123364172057E-05
7.31123364172057E-05
6.66949389663981E-05
6.66949389663981E-05
6.66949389663981E-05
6.66949389663981E-05
6.66949389663981E-05
6.66949389663981E-05
6.66949389663981E-05
6.66949389663981E-05
6.66949389663981E-05
6.66949389663981E-05
6.66949389663981E-05
6.66949389663981E-05
6.66949389663981E-05
5.74136650565172E-05
5.74136650565172E-05
5.74136650565172E-05
5.74136650565172E-05
5.74136650565172E-05
5.74136650565172E-05
5.74136650565172E-05
5.74136650565172E-05
5.74136650565172E-05
5.74136650565172E-05
5.74136650565172E-05
5.74136650565172E-05
5.74136650565172E-05
5.74136650565172E-05
5.74136650565172E-05
5.74136650565172E-05
5.01702082969643E-05
5.01702082969643E-05
5.01702082969643E-05
5.01702082969643E-05
4.91995887802773E-05
4.91995887802773E-05
4.91995887802773E-05
4.91995887802773E-05
4.91995887802773E-05
4.91995887802773E-05
4.91995887802773E-05
4.91995887802773E-05
4.91995887802773E-05
4.91995887802773E-05
4.91995887802773E-05
4.91995887802773E-05
4.91995887802773E-05
4.91995887802773E-05
4.91995887802773E-05
4.91995887802773E-05
4.91995887802773E-05
4.91995887802773E-05
4.91995887802773E-05
4.91995887802773E-05
4.91995887802773E-05
4.91995887802773E-05
4.91995887802773E-05
4.91995887802773E-05
4.91995887802773E-05
4.12877249517991E-05
4.12877249517991E-05
3.84255138970296E-05
3.84255138970296E-05
3.84255138970296E-05
3.84255138970296E-05
3.84255138970296E-05
3.84255138970296E-05
3.84255138970296E-05
3.84255138970296E-05
3.84255138970296E-05
3.84255138970296E-05
3.84255138970296E-05
3.84255138970296E-05
3.84255138970296E-05
3.84255138970296E-05
3.84255138970296E-05
3.84255138970296E-05
2.20179382835671E-05
2.20179382835671E-05
2.20179382835671E-05
9.35214115640595E-06
9.35214115640595E-06
9.35214115640595E-06
9.35214115640595E-06
9.35214115640595E-06
9.35214115640595E-06
9.35214115640595E-06
9.35214115640595E-06
9.35214115640595E-06
9.35214115640595E-06
9.35214115640595E-06
9.35214115640595E-06
9.35214115640595E-06
9.35214115640595E-06
9.35214115640595E-06
9.35214115640595E-06
9.35214115640595E-06
7.68759451158927E-06
7.68759451158927E-06
7.68759451158927E-06
7.68759451158927E-06
3.99384238791236E-06
3.99384238791236E-06
3.99384238791236E-06
2.8754044324136E-06
2.8754044324136E-06
2.8754044324136E-06
2.8754044324136E-06
2.8754044324136E-06
2.8754044324136E-06
2.8754044324136E-06
2.8754044324136E-06
2.8754044324136E-06
2.8754044324136E-06
2.8754044324136E-06
2.3948832556572E-06
2.3948832556572E-06
2.3948832556572E-06
2.1387056226211E-06
2.1387056226211E-06
2.1387056226211E-06
2.1387056226211E-06
2.1387056226211E-06
2.1387056226211E-06
2.1387056226211E-06
2.1387056226211E-06
2.1387056226211E-06
2.1387056226211E-06
1.46323293626525E-06
1.46323293626525E-06
1.46323293626525E-06
1.46323293626525E-06
1.35366288524457E-06
1.29299784753868E-06
1.29299784753868E-06
1.29299784753868E-06
1.29299784753868E-06
1.29299784753868E-06
1.29299784753868E-06
1.27888638765933E-06
7.53834562458222E-07
7.53834562458222E-07
7.53834562458222E-07
7.53834562458222E-07
4.84170356854045E-07
4.84170356854045E-07
4.84170356854045E-07
2.40359847901994E-07
2.40359847901994E-07
2.40359847901994E-07
2.40359847901994E-07
2.40359847901994E-07
2.40359847901994E-07
2.40359847901994E-07
2.40359847901994E-07
2.40359847901994E-07
2.40359847901994E-07
2.40359847901994E-07
2.40359847901994E-07
2.40359847901994E-07
2.40359847901994E-07
2.40359847901994E-07
2.40359847901994E-07
2.40359847901994E-07
2.40359847901994E-07
2.40359847901994E-07
2.40359847901994E-07
2.40359847901994E-07
2.40359847901994E-07
2.40359847901994E-07
2.40359847901994E-07
2.40359847901994E-07
2.40359847901994E-07
2.40359847901994E-07
2.40359847901994E-07
2.40359847901994E-07
2.40359847901994E-07
2.37474384375285E-07
2.06717081969529E-07
2.06717081969529E-07
2.06717081969529E-07
2.03526224345303E-07
2.03526224345303E-07
2.03526224345303E-07
2.03526224345303E-07
1.83163876051979E-07
1.83163876051979E-07
1.55030542532862E-07
1.44502857524144E-07
1.44502857524144E-07
1.44502857524144E-07
1.44502857524144E-07
1.44502857524144E-07
1.44502857524144E-07
1.44502857524144E-07
1.44502857524144E-07
1.44502857524144E-07
1.44502857524144E-07
1.44502857524144E-07
1.44383006153405E-07
1.44383006153405E-07
1.04247726924355E-07
1.04247726924355E-07
1.04247726924355E-07
1.04247726924355E-07
1.04247726924355E-07
1.03953197077269E-07
1.03953197077269E-07
1.03953197077269E-07
1.02205619399449E-07
7.54197506617338E-08
7.54197506617338E-08
7.54197506617338E-08
7.54197506617338E-08
7.54197506617338E-08
7.54197506617338E-08
7.54197506617338E-08
7.54197506617338E-08
7.54197506617338E-08
7.37033107625398E-08
7.37033107625398E-08
5.13328127658296E-08
4.83600737697356E-08
4.83600737697356E-08
4.83600737697356E-08
4.82512105784658E-08
4.82512105784658E-08
4.82512105784658E-08
4.82512105784658E-08
4.40956880516965E-08
2.42682870433835E-08
2.42682870433835E-08
2.35350709159739E-08
2.35350709159739E-08
2.35350709159739E-08
1.60216854985639E-08
1.60216854985639E-08
1.60216854985639E-08
1.60216854985639E-08
9.92076215364532E-09
9.92076215364532E-09
9.92076215364532E-09
9.92076215364532E-09
9.92076215364532E-09
9.92076215364532E-09
9.92076215364532E-09
9.92076215364532E-09
9.92076215364532E-09
9.92076215364532E-09
9.92076215364532E-09
9.83789530952686E-09
8.22216612662256E-09
8.22216612662256E-09
8.22216612662256E-09
5.80326804711603E-09
4.51493408510905E-09
4.51493408510905E-09
4.51493408510905E-09
4.51493408510905E-09
4.51493408510905E-09
3.68893238712238E-09
3.68893238712238E-09
1.85681450556358E-09
1.85681450556358E-09
1.85681450556358E-09
1.85681450556358E-09
1.85681450556358E-09
1.85681450556358E-09
1.41878320893675E-09
1.41878320893675E-09

