0.323195967001632
0.208699384671816
0.155107756524132
0.119721251283108
0.115827371074398
0.0988879812895297
0.0958525623664263
0.0877198799545011
0.0642230843147641
0.0587862302977642
0.038996696214098
0.0356178737187487
0.0179464595686022
0.0179464595686022
0.0127861789664894
0.0127861789664894
0.0127861789664894
0.0127861789664894
0.0127861789664894
0.0103868010762432
0.0103868010762432
0.0103868010762432
0.0103868010762432
0.0103868010762432
0.00629742272987556
0.00611895053083451
0.00611895053083451
0.00611895053083451
0.00580284931200337
0.00580284931200337
0.00430378329032091
0.00325898187210652
0.00166994357175947
0.00166994357175947
0.00166994357175947
0.00166994357175947
0.00166994357175947
0.00166994357175947
0.00166994357175947
0.00166994357175947
0.00166994357175947
0.00166994357175947
0.00166994357175947
0.00166994357175947
0.00123348169062674
0.00123348169062674
0.00123348169062674
0.00123348169062674
0.00123348169062674
0.00123348169062674
0.00118999386346056
0.00118999386346056
0.00118999386346056
0.00118999386346056
0.00118999386346056
0.00118999386346056
0.00118999386346056
0.00118999386346056
0.00118999386346056
0.00118999386346056
0.00118999386346056
0.00118999386346056
0.00118999386346056
0.00116760605619111
0.00116760605619111
0.00116760605619111
0.00116760605619111
0.00116760605619111
0.00116760605619111
0.00115401071964721
0.00115401071964721
0.00115401071964721
0.00115401071964721
0.00115401071964721
0.00115401071964721
0.00115401071964721
0.00115401071964721
0.00115401071964721
0.00115401071964721
0.00115401071964721
0.00115401071964721
0.00115401071964721
0.00115401071964721
0.00115401071964721
0.00115401071964721
0.00115401071964721
0.000884733774853683
0.000884733774853683
0.00071047511659253
0.00071047511659253
0.00071047511659253
0.00071047511659253
0.00071047511659253
0.00071047511659253
0.00071047511659253
0.00071047511659253
0.000686945182883418
0.000686945182883418
0.000686945182883418
0.000686945182883418
0.000686945182883418
0.000686945182883418
0.000686945182883418
0.000686945182883418
0.000686945182883418
0.000686945182883418
0.000686945182883418
0.000686945182883418
0.000686945182883418
0.000686945182883418
0.000686945182883418
0.000686945182883418
0.000686945182883418
0.000686945182883418
0.000686945182883418
0.000686945182883418
0.000585312232995428
0.000585312232995428
0.000585312232995428
0.000585312232995428
0.000583459042155164
0.000583459042155164
0.000583459042155164
0.000583459042155164
0.000583459042155164
0.000503257723157144
0.000503257723157144
0.000503257723157144
0.000503257723157144
0.000503257723157144
0.000503257723157144
0.000503257723157144
0.000503257723157144
0.000503257723157144
0.000503257723157144
0.000503257723157144
0.000503257723157144
0.000503257723157144
0.00044148080003091
0.000341440335195824
0.000341440335195824
0.000341440335195824
0.000341440335195824
0.000341440335195824
0.000341440335195824
0.000341440335195824
0.000341440335195824
0.000341440335195824
0.000341440335195824
0.000341440335195824
0.000292422938429908
0.000292422938429908
0.000292422938429908
0.000292422938429908
0.000292422938429908
0.000292422938429908
0.000292422938429908
0.000292422938429908
0.000292422938429908
0.000292422938429908
0.000292422938429908
0.000292422938429908
0.000292422938429908
0.000292422938429908
0.000292422938429908
0.000292422938429908
0.000292422938429908
0.000292422938429908
0.000292422938429908
0.000292422938429908
0.000292422938429908
0.000292422938429908
0.000292422938429908
0.000292422938429908
0.000292422938429908
0.000292422938429908
0.000292422938429908
0.000172731724271038
0.000172731724271038
0.000172731724271038
0.000172731724271038
0.000172731724271038
0.000172731724271038
0.000172731724271038
0.000172731724271038
0.000172731724271038
0.000172731724271038
0.000172731724271038
0.000172731724271038
0.000172731724271038
0.000172731724271038
0.000172731724271038
0.000172731724271038
0.000172731724271038
0.000172731724271038
0.000172731724271038
0.000172731724271038
0.000172731724271038
0.000172731724271038
0.000172731724271038
0.000172731724271038
0.000172731724271038
0.000172731724271038
0.000172731724271038
0.000172731724271038
0.000172731724271038
0.000172731724271038
0.000172731724271038
0.000172731724271038
0.000172731724271038
0.000172731724271038
0.000172731724271038
0.000172731724271038
0.000172731724271038
0.000172731724271038
0.000172731724271038
0.000172731724271038
0.000172731724271038
0.000172731724271038
0.000172731724271038
0.000172731724271038
0.000172731724271038
0.000172731724271038
0.000172731724271038
0.000172731724271038
0.000172731724271038
0.000172731724271038
0.000172731724271038
0.000172731724271038
0.000172731724271038
0.000172731724271038
0.000172731724271038
0.000172731724271038
0.000172731724271038
0.000172731724271038
0.000172731724271038
0.000172731724271038
0.000172731724271038
0.000172731724271038
0.000172731724271038
0.000172731724271038
0.000172731724271038
0.000172731724271038
0.000172731724271038
0.000172731724271038
0.000172731724271038
0.000172731724271038
0.000172731724271038
0.000172731724271038
0.000172731724271038
0.000172731724271038
0.000171439431245913
0.000171439431245913
0.000171439431245913
0.000171439431245913
0.000169502122139174
0.000169502122139174
0.000169502122139174
0.000169502122139174
0.000169502122139174
0.000169502122139174
0.000169502122139174
0.000169502122139174
0.000169502122139174
0.000169502122139174
0.000169502122139174
0.000169502122139174
0.000169502122139174
0.000169502122139174
0.000169502122139174
0.000169502122139174
0.000169502122139174
0.000169502122139174
0.000169502122139174
0.000165330535925782
0.00016385510105657
0.00014154372369811
0.00014154372369811
0.000114300413376171
0.000114300413376171
0.000114300413376171
0.000114300413376171
0.000114300413376171
0.000114300413376171
0.000114300413376171
0.000114300413376171
0.000105240726781379
0.000105240726781379
0.000105240726781379
0.000105240726781379
0.000105240726781379
0.000105240726781379
8.5829717753845E-05
8.5829717753845E-05
8.5829717753845E-05
8.5829717753845E-05
8.5829717753845E-05
8.5829717753845E-05
7.85046264535731E-05
7.85046264535731E-05
7.85046264535731E-05
7.713977966518E-05
7.713977966518E-05
7.5538848901594E-05
7.5538848901594E-05
7.5538848901594E-05
7.5538848901594E-05
7.5538848901594E-05
7.5538848901594E-05
7.5538848901594E-05
7.5538848901594E-05
7.5538848901594E-05
7.5538848901594E-05
7.5538848901594E-05
7.5538848901594E-05
7.5538848901594E-05
7.5538848901594E-05
7.55195194005968E-05
5.66770982022369E-05
5.32645633060805E-05
5.32645633060805E-05
5.27074485124658E-05
5.19424916586133E-05
5.19424916586133E-05
3.21157943521701E-05
1.11030701153399E-05
1.11030701153399E-05
1.11030701153399E-05
1.11030701153399E-05
1.11030701153399E-05
1.11030701153399E-05
1.11030701153399E-05
1.11030701153399E-05
1.11030701153399E-05
1.11030701153399E-05
1.11030701153399E-05
1.11030701153399E-05
1.11030701153399E-05
1.11030701153399E-05
6.04996993395363E-06
4.09527251230436E-06
4.09527251230436E-06
4.09527251230436E-06
4.09527251230436E-06
3.21126944790098E-06
3.21126944790098E-06
3.21126944790098E-06
3.16969278265234E-06
3.16969278265234E-06
3.10916571458555E-06
3.10916571458555E-06
3.10916571458555E-06
3.10916571458555E-06
3.10916571458555E-06
3.10916571458555E-06
3.10916571458555E-06
3.10916571458555E-06
1.4866905555487E-06
1.4866905555487E-06
1.4866905555487E-06
9.52605129074698E-07
9.52605129074698E-07
8.96561047115246E-07
8.96561047115246E-07
8.96561047115246E-07
8.96561047115246E-07
8.96561047115246E-07
8.96561047115246E-07
8.96561047115246E-07
8.96561047115246E-07
8.96561047115246E-07
8.96561047115246E-07
8.80992886957525E-07
8.80992886957525E-07
7.19388316781228E-07
5.95937393565484E-07
5.95937393565484E-07
5.95937393565484E-07
5.95937393565484E-07
5.95937393565484E-07
5.95937393565484E-07
5.95937393565484E-07
5.95937393565484E-07
5.95937393565484E-07
5.95937393565484E-07
5.34526327570888E-07
5.34526327570888E-07
5.34526327570888E-07
5.34526327570888E-07
5.34526327570888E-07
5.34526327570888E-07
5.34526327570888E-07
5.34526327570888E-07
5.34526327570888E-07
5.34526327570888E-07
5.34526327570888E-07
5.34526327570888E-07
5.34526327570888E-07
5.34526327570888E-07
5.34526327570888E-07
5.34526327570888E-07
5.34526327570888E-07
4.89263459301469E-07
4.69847803770233E-07
4.69847803770233E-07
4.69847803770233E-07
4.34696095751898E-07
3.49758106963673E-07
3.49758106963673E-07
2.34239554627869E-07
2.34239554627869E-07
2.34239554627869E-07
2.34239554627869E-07
2.34239554627869E-07
2.34239554627869E-07
2.34239554627869E-07
2.26616836920823E-07
2.26616836920823E-07
2.24910257984497E-07
2.24910257984497E-07
2.24910257984497E-07
2.19897250974994E-07
2.19897250974994E-07
2.19897250974994E-07
2.12755419263903E-07
1.63302271184718E-07
1.49632181901949E-07
1.49632181901949E-07
1.49632181901949E-07
1.41304393927975E-07
1.41304393927975E-07
1.41304393927975E-07
1.41304393927975E-07
1.41304393927975E-07
1.22344208743942E-07
1.22344208743942E-07
1.22344208743942E-07
1.22068270647785E-07
1.22068270647785E-07
1.22068270647785E-07
1.22068270647785E-07
1.19658684421056E-07
9.38735000670377E-08
5.91594624503589E-08
4.90217706228605E-08
4.90217706228605E-08
4.90217706228605E-08
4.90217706228605E-08
4.84402445351598E-08
4.84402445351598E-08
4.84402445351598E-08
3.78490561626574E-08
3.78490561626574E-08
3.78490561626574E-08
3.78490561626574E-08
3.78490561626574E-08
3.78490561626574E-08
3.66015026819974E-08
3.66015026819974E-08
3.66015026819974E-08
2.50652368053925E-08
2.50652368053925E-08
2.50652368053925E-08
2.50652368053925E-08
2.50652368053925E-08
2.50652368053925E-08
2.50652368053925E-08
1.43270957406877E-08
1.43270957406877E-08
1.42264045873558E-08
1.17083204399099E-08
1.17083204399099E-08
1.17083204399099E-08
1.17083204399099E-08
1.17083204399099E-08
1.17083204399099E-08
1.17083204399099E-08
1.17083204399099E-08
1.17083204399099E-08
1.04063386493006E-08
1.04063386493006E-08
1.04063386493006E-08
5.40784732792898E-09
5.40784732792898E-09
5.40784732792898E-09
5.40784732792898E-09
5.40784732792898E-09
5.23422613151608E-09
5.23422613151608E-09
5.1477795984245E-09
5.1477795984245E-09
5.1477795984245E-09
4.76274276874772E-09
4.73233831115027E-09
4.73233831115027E-09
4.69830317186004E-09
4.69830317186004E-09
4.29971460692846E-09
3.46231304043654E-09
3.46231304043654E-09

