0.607716756482713
0.514228353393222
0.35822699570499
0.355143715963845
0.338123796809193
0.337614019231053
0.287260277866503
0.233453959946611
0.233453959946611
0.0479500336634846
0.0456057242095821
0.0429140688199168
0.0359653497902239
0.0142727852476321
0.0142727852476321
0.0142727852476321
0.00801212973051003
0.00801212973051003
0.00801212973051003
0.00779454978990124
0.00662599665628822
0.00658530357017897
0.00658530357017897
0.00512815284281205
0.00441315413269283
0.00441315413269283
0.00441315413269283
0.00441315413269283
0.00321013184890394
0.00321013184890394
0.00286780169584916
0.00250961274214678
0.00250961274214678
0.00250961274214678
0.00250961274214678
0.00250961274214678
0.00250961274214678
0.00250961274214678
0.00250961274214678
0.00215199168983626
0.00215199168983626
0.00149602059534684
0.00149602059534684
0.00149602059534684
0.00149602059534684
0.00149602059534684
0.0010865909572575
0.0010865909572575
0.0010865909572575
0.0010865909572575
0.0010865909572575
0.0010865909572575
0.0010865909572575
0.0010865909572575
0.0010865909572575
0.0010865909572575
0.0010865909572575
0.0010865909572575
0.0010865909572575
0.0010865909572575
0.0010865909572575
0.0010865909572575
0.0010865909572575
0.0010865909572575
0.0010865909572575
0.0010865909572575
0.000932764506334206
0.000932764506334206
0.000932764506334206
0.000932764506334206
0.000932764506334206
0.000932764506334206
0.000932764506334206
0.000932764506334206
0.000932764506334206
0.000932764506334206
0.000932764506334206
0.000932764506334206
0.000932764506334206
0.000932764506334206
0.000932764506334206
0.000932764506334206
0.000932764506334206
0.000924959021418564
0.000924959021418564
0.000924959021418564
0.000924959021418564
0.000924959021418564
0.000924959021418564
0.000924959021418564
0.000924959021418564
0.000924959021418564
0.000924959021418564
0.000924959021418564
0.000924959021418564
0.000924959021418564
0.000924959021418564
0.000924959021418564
0.000924959021418564
0.000924959021418564
0.000924959021418564
0.000924959021418564
0.000895788900732275
0.000850570845972076
0.000850570845972076
0.000850570845972076
0.000850570845972076
0.000850570845972076
0.000850570845972076
0.000850570845972076
0.000850570845972076
0.000850570845972076
0.000850570845972076
0.000850570845972076
0.000850570845972076
0.000850570845972076
0.00056814225803678
0.00056814225803678
0.00056814225803678
0.00056814225803678
0.00056814225803678
0.00056814225803678
0.00056814225803678
0.00056814225803678
0.00056814225803678
0.00056814225803678
0.00056814225803678
0.00056814225803678
0.00056814225803678
0.00056814225803678
0.00056814225803678
0.00056814225803678
0.00056814225803678
0.00056814225803678
0.00056814225803678
0.00056814225803678
0.00056814225803678
0.000539834169624324
0.000539834169624324
0.000539834169624324
0.000539834169624324
0.000539834169624324
0.000539834169624324
0.000539834169624324
0.000539834169624324
0.000539834169624324
0.000539834169624324
0.000539834169624324
0.000539834169624324
0.000539834169624324
0.000539834169624324
0.000539834169624324
0.000539834169624324
0.000539834169624324
0.000539834169624324
0.000539834169624324
0.000539834169624324
0.000536531789387933
0.000536531789387933
0.000536531789387933
0.000536531789387933
0.000536531789387933
0.000536531789387933
0.000536531789387933
0.000536531789387933
0.000536531789387933
0.000536531789387933
0.000536531789387933
0.000536531789387933
0.000536531789387933
0.000536531789387933
0.000536531789387933
0.000526534652299647
0.000526534652299647
0.000526534652299647
0.000526534652299647
0.000526534652299647
0.000526534652299647
0.000526534652299647
0.000526534652299647
0.000526534652299647
0.000526534652299647
0.000501131459088013
0.000501131459088013
0.000501131459088013
0.00048590227743614
0.00048590227743614
0.00048590227743614
0.00048590227743614
0.00048590227743614
0.00048590227743614
0.00048590227743614
0.00048590227743614
0.00048590227743614
0.00048590227743614
0.00048590227743614
0.00048590227743614
0.00048590227743614
0.00048590227743614
0.00048529515142394
0.00048529515142394
0.00048529515142394
0.00048529515142394
0.00048529515142394
0.00048529515142394
0.00048529515142394
0.00048529515142394
0.00048529515142394
0.00048529515142394
0.00048529515142394
0.00048529515142394
0.00048529515142394
0.00048529515142394
0.00048529515142394
0.00048529515142394
0.00048529515142394
0.00048529515142394
0.00048529515142394
0.00048529515142394
0.00048529515142394
0.00048529515142394
0.00048529515142394
0.00048529515142394
0.00041684193589472
0.00041684193589472
0.00041684193589472
0.00041684193589472
0.00041684193589472
0.00041684193589472
0.00041684193589472
0.00041684193589472
0.00041684193589472
0.00041684193589472
0.00041684193589472
0.00041684193589472
0.00041684193589472
0.00041684193589472
0.00041684193589472
0.00041684193589472
0.00041684193589472
0.00041684193589472
0.00041684193589472
0.00041684193589472
0.00041684193589472
0.00041684193589472
0.00041684193589472
0.000353500972373463
0.000353500972373463
0.000353500972373463
0.000353500972373463
0.000353500972373463
0.000353500972373463
0.000353500972373463
0.000353500972373463
0.000353500972373463
0.000353500972373463
0.000353500972373463
0.000353500972373463
0.000353500972373463
0.000353500972373463
0.000337414298861565
0.000337414298861565
0.000337414298861565
0.000337414298861565
0.000337414298861565
0.000337414298861565
0.000337414298861565
0.000337414298861565
0.000337414298861565
0.000337414298861565
0.000337414298861565
0.000337414298861565
0.000337414298861565
0.000337414298861565
0.000329265981098271
0.000329265981098271
0.000329265981098271
0.000329265981098271
0.000329265981098271
0.000329265981098271
0.000329265981098271
0.000329265981098271
0.000329265981098271
0.000329048357785192
0.000329048357785192
0.000329048357785192
0.000329048357785192
0.000329048357785192
0.000329048357785192
0.000329048357785192
0.000329048357785192
0.000329048357785192
0.000329048357785192
0.000329048357785192
0.000329048357785192
0.000329048357785192
0.000329048357785192
0.000329048357785192
0.000329048357785192
0.000329048357785192
0.000329048357785192
0.000329048357785192
0.000329048357785192
0.000328778981787081
0.000328778981787081
0.000328778981787081
0.000328778981787081
0.000328453962542618
0.000328453962542618
0.000328453962542618
0.000328453962542618
0.000328453962542618
0.000328453962542618
0.000328453962542618
0.000328453962542618
0.000328453962542618
0.000328453962542618
0.000328453962542618
0.000325553843075751
0.000325553843075751
0.000325553843075751
0.00032417215490798
0.00032417215490798
0.00032417215490798
0.00032417215490798
0.00032417215490798
0.00032417215490798
0.00032417215490798
0.00032417215490798
0.000316467160041432
0.00028128995930719
0.000243510869067532
0.000243510869067532
0.000173090969128639
0.000156621586398866
0.000113182159207675
9.89264851711039E-05
9.84738449691484E-05
8.91674938797611E-05
8.91674938797611E-05
8.91674938797611E-05
7.54812740640133E-05
5.02392275250792E-05
5.02392275250792E-05
5.02392275250792E-05
4.01444165861395E-05
3.62696550450965E-05
3.33067256632069E-05
3.33067256632069E-05
3.04866624787382E-05
3.04866624787382E-05
2.96506945443101E-05
2.92918060879402E-05
2.92918060879402E-05
5.51743558939444E-06
5.51743558939444E-06
5.51743558939444E-06
5.38174488599885E-06
3.92603051948409E-06
3.92603051948409E-06
3.92603051948409E-06
3.92603051948409E-06
3.92603051948409E-06
3.92603051948409E-06
3.92603051948409E-06
3.92603051948409E-06
3.88719711309424E-06
3.88719711309424E-06
3.513620153512E-06
3.513620153512E-06
2.94635080101344E-06
2.94635080101344E-06
2.94635080101344E-06
2.91311039166825E-06
2.45323996182767E-06
2.45323996182767E-06
2.42052931829009E-06
2.42052931829009E-06
2.42052931829009E-06
2.42052931829009E-06
2.03823919285584E-06
2.03823919285584E-06
2.03823919285584E-06
2.03823919285584E-06
2.03823919285584E-06
2.03823919285584E-06
2.03823919285584E-06
1.90384578444003E-06
1.90384578444003E-06
1.62794003984862E-06
1.62794003984862E-06
1.62794003984862E-06
1.62794003984862E-06
1.62794003984862E-06
1.62794003984862E-06
1.47072589681135E-06
1.47072589681135E-06
1.19855761052806E-06
1.19855761052806E-06
1.19855761052806E-06
1.1674945405056E-06
1.14725830470397E-06
1.14725830470397E-06
1.14725830470397E-06
1.14725830470397E-06
1.14725830470397E-06
1.14725830470397E-06
1.14725830470397E-06
1.14725830470397E-06
1.14725830470397E-06
1.14725830470397E-06
1.14725830470397E-06
1.14725830470397E-06
1.13519516618116E-06
1.13249535978188E-06
1.13249535978188E-06
8.21672522393485E-07
8.21672522393485E-07
8.21672522393485E-07
8.12816782862907E-07
4.65704173606418E-07
4.65704173606418E-07
4.31841721496712E-07
4.31841721496712E-07
4.31841721496712E-07
4.31744356158698E-07
4.31744356158698E-07
4.31744356158698E-07
4.31744356158698E-07
4.3154705774498E-07
4.3154705774498E-07
4.3154705774498E-07
4.3154705774498E-07
4.3154705774498E-07
4.3154705774498E-07
4.3154705774498E-07
4.04475087541212E-07
4.04475087541212E-07
3.49042514582315E-07
3.49042514582315E-07
3.36548771760758E-07
3.36548771760758E-07
3.36548771760758E-07
3.36548771760758E-07
3.17149397542627E-07
3.14999667645061E-07
3.14999667645061E-07
3.14999667645061E-07
3.14999667645061E-07
3.07281805670551E-07
2.97878001924434E-07
2.97878001924434E-07
2.97878001924434E-07
2.97878001924434E-07
2.97878001924434E-07
2.96337692023974E-07
2.96337692023974E-07
2.7500774032671E-07
2.7500774032671E-07
2.66877827635736E-07
2.6684648598424E-07
2.66481864821116E-07
2.66481864821116E-07
2.66481864821116E-07
2.66481864821116E-07
2.63282601695863E-07
2.63282601695863E-07
2.63282601695863E-07
2.63282601695863E-07
2.54907445370461E-07
2.54902324650641E-07
2.54902324650641E-07
2.54902324650641E-07
2.54902324650641E-07
2.54902324650641E-07
2.54760821133404E-07
2.54760821133404E-07
2.51598974269213E-07
2.51598974269213E-07
2.46197051669006E-07
2.46197051669006E-07
2.46197051669006E-07
2.46197051669006E-07
2.38675153464013E-07
2.38675153464013E-07
2.38675153464013E-07
2.38675153464013E-07
2.38675153464013E-07
5.58969862514414E-08
3.92431748277855E-08
3.92431748277855E-08
3.92431748277855E-08
2.32271951464136E-08
2.17337170448084E-08
2.16016645612771E-08
2.16016645612771E-08
2.16016645612771E-08
2.10709533224329E-08
2.07592991269268E-08
2.02724190039028E-08

