0.659717761057769
0.659717761057769
0.63148801765322
0.63148801765322
0.574072403486331
0.560576924476188
0.532748337371388
0.231969660616708
0.231969660616708
0.184510462113587
0.181431466701588
0.160167847264555
0.159416158647658
0.130752331115509
0.119905073927815
0.101696293723471
0.0598185360582306
0.0598185360582306
0.0598185360582306
0.0315911341443703
0.0239978165135737
0.0171177730415825
0.0134813558927171
0.01244569778253
0.0106540314498707
0.0106540314498707
0.0106540314498707
0.00945684376301006
0.00945684376301006
0.00710278601574972
0.00709175453065215
0.00709175453065215
0.00609040172763816
0.00609040172763816
0.00609040172763816
0.00609040172763816
0.00590305940015933
0.00447961641058918
0.00176982041695338
0.00176982041695338
0.00176982041695338
0.00176982041695338
0.00176982041695338
0.00176982041695338
0.00176982041695338
0.00176982041695338
0.00176982041695338
0.00176982041695338
0.00176982041695338
0.00176982041695338
0.00176982041695338
0.00176982041695338
0.00176982041695338
0.00176982041695338
0.00176982041695338
0.00176982041695338
0.00176982041695338
0.00176982041695338
0.00176982041695338
0.00176982041695338
0.00176982041695338
0.00176982041695338
0.00176982041695338
0.00176982041695338
0.00172608335211614
0.00172608335211614
0.00172608335211614
0.00172608335211614
0.00172608335211614
0.00172336854244824
0.00172336854244824
0.00172336854244824
0.00172336854244824
0.00172336854244824
0.00172336854244824
0.00172336854244824
0.00172336854244824
0.00172336854244824
0.00172336854244824
0.00172336854244824
0.00172336854244824
0.00172336854244824
0.00172336854244824
0.00172336854244824
0.00172336854244824
0.00172336854244824
0.00172336854244824
0.00172336854244824
0.00172336854244824
0.00172336854244824
0.00172336854244824
0.00172336854244824
0.00172336854244824
0.00172336854244824
0.00172336854244824
0.00172336854244824
0.00172336854244824
0.00172336854244824
0.00172336854244824
0.00172336854244824
0.00172336854244824
0.00172336854244824
0.00172336854244824
0.00172336854244824
0.00172336854244824
0.00172336854244824
0.0013514193129642
0.0013514193129642
0.000880773940394144
0.000880773940394144
0.000880773940394144
0.000880773940394144
0.000880773940394144
0.000880773940394144
0.000880773940394144
0.000880773940394144
0.000880773940394144
0.000880773940394144
0.000880773940394144
0.000880773940394144
0.000880773940394144
0.000880773940394144
0.000880773940394144
0.000880773940394144
0.000880773940394144
0.000658095237329231
0.000658095237329231
0.000658095237329231
0.000658095237329231
0.000658095237329231
0.000658095237329231
0.000658095237329231
0.000658095237329231
0.000658095237329231
0.000658095237329231
0.000658095237329231
0.000658095237329231
0.000658095237329231
0.000658095237329231
0.000658095237329231
0.000658095237329231
0.000658095237329231
0.000658095237329231
0.000658095237329231
0.000658095237329231
0.000658095237329231
0.000658095237329231
0.000658095237329231
0.000658095237329231
0.000256886062999489
0.000256886062999489
0.000256886062999489
0.000256886062999489
0.000256886062999489
0.000256886062999489
0.000256886062999489
0.000256886062999489
0.000256886062999489
0.000256886062999489
0.000256886062999489
0.000256886062999489
0.000256886062999489
0.000256886062999489
0.000256886062999489
0.000256886062999489
0.000256886062999489
0.000256886062999489
0.000256886062999489
0.000256886062999489
0.000256886062999489
0.000256886062999489
0.000256886062999489
0.000256886062999489
0.000256188314522085
0.000256188314522085
0.000256188314522085
0.000256188314522085
0.000256188314522085
0.000256188314522085
0.000256188314522085
0.000256188314522085
0.000256188314522085
0.000256188314522085
0.000256188314522085
0.000256188314522085
0.000256188314522085
0.000256188314522085
0.000256188314522085
0.000256188314522085
0.000256188314522085
0.000256188314522085
0.000256188314522085
0.000256188314522085
0.000256188314522085
0.000256188314522085
0.000256188314522085
0.000256188314522085
0.000256188314522085
0.000256188314522085
0.000256188314522085
0.000256188314522085
0.000256188314522085
0.000256188314522085
0.000256188314522085
0.000256188314522085
0.000256188314522085
0.000256188314522085
0.000256188314522085
0.000256188314522085
0.000256188314522085
0.000256188314522085
0.000256188314522085
0.000256188314522085
0.000256188314522085
0.000256188314522085
0.000256188314522085
0.000256188314522085
0.000256188314522085
0.000256188314522085
0.000256188314522085
0.000256188314522085
0.000256188314522085
0.000256188314522085
0.000256188314522085
0.000256188314522085
0.000256188314522085
0.000256188314522085
0.000246102870148617
0.000246102870148617
0.000246102870148617
0.000246102870148617
0.000246102870148617
0.000232151264058736
0.000232151264058736
0.000232151264058736
0.000232151264058736
0.000232151264058736
0.000232151264058736
0.000232151264058736
0.000232151264058736
0.000228856757779104
0.000228856757779104
0.000228856757779104
0.000228856757779104
0.000228856757779104
0.000228856757779104
0.000228856757779104
0.000228856757779104
0.000228856757779104
0.000228856757779104
0.000228856757779104
0.000228856757779104
0.000228856757779104
0.000228856757779104
0.000228856757779104
0.000205535966802951
0.000188011337900022
0.000188011337900022
0.000188011337900022
0.000186812222261357
0.000186812222261357
0.000186812222261357
0.000186812222261357
0.000144780540890837
0.000144780540890837
0.000144780540890837
0.000144780540890837
0.000144780540890837
0.000144780540890837
0.000144780540890837
0.000144780540890837
0.000144780540890837
0.000131459932587347
0.000131459932587347
0.000131459932587347
0.000131459932587347
0.000131459932587347
0.000131459932587347
0.000131459932587347
0.000131459932587347
0.000131459932587347
0.000131459932587347
0.000131459932587347
0.000131459932587347
0.000131459932587347
0.000131459932587347
0.000131459932587347
0.000131459932587347
0.000131459932587347
0.000130632655706253
0.000128561730142577
0.000128561730142577
0.000128561730142577
0.000128561730142577
0.000128561730142577
0.000128561730142577
0.000122344208736176
0.000122344208736176
0.000116598582397992
0.000116598582397992
0.000116598582397992
0.000116598582397992
8.06515939291536E-05
8.06515939291536E-05
8.06515939291536E-05
8.06515939291536E-05
8.06515939291536E-05
6.60507828315019E-05
6.60507828315019E-05
6.60507828315019E-05
6.25791240013655E-05
6.25791240013655E-05
6.25791240013655E-05
6.25791240013655E-05
6.20842886250345E-05
6.20842886250345E-05
6.20842886250345E-05
4.34575105191521E-05
4.34575105191521E-05
3.87322297336478E-05
3.87322297336478E-05
2.06675297769272E-05
2.06675297769272E-05
2.06675297769272E-05
2.06675297769272E-05
2.06675297769272E-05
2.06675297769272E-05
2.06675297769272E-05
2.06675297769272E-05
2.06675297769272E-05
2.06675297769272E-05
2.06675297769272E-05
2.06675297769272E-05
2.06675297769272E-05
2.06675297769272E-05
1.96018694042478E-05
1.96018694042478E-05
1.96018694042478E-05
1.96018694042478E-05
1.91865572127165E-05
1.91865572127165E-05
1.91865572127165E-05
1.91865572127165E-05
1.91865572127165E-05
1.91865572127165E-05
1.91865572127165E-05
1.91865572127165E-05
1.91865572127165E-05
1.91865572127165E-05
1.78888986349297E-05
1.78888986349297E-05
1.78888986349297E-05
1.55162191454769E-05
1.55162191454769E-05
1.55162191454769E-05
1.55162191454769E-05
1.55162191454769E-05
1.55162191454769E-05
1.55162191454769E-05
1.51494563469948E-05
1.51494563469948E-05
1.51494563469948E-05
1.51494563469948E-05
1.51494563469948E-05
1.44926083257774E-05
1.44926083257774E-05
1.44926083257774E-05
4.13852634198312E-06
4.13852634198312E-06
4.13852634198312E-06
4.13852634198312E-06
4.13852634198312E-06
4.13852634198312E-06
4.13852634198312E-06
4.13852634198312E-06
4.13852634198312E-06
4.00737314880275E-06
4.00737314880275E-06
4.00737314880275E-06
3.4378478576231E-06
3.09438920373514E-06
3.09438920373514E-06
3.09438920373514E-06
7.28758494007806E-07
7.28758494007806E-07
7.28758494007806E-07
7.28758494007806E-07
7.28758494007806E-07
7.27963681139941E-07
5.12266433087653E-07
5.12266433087653E-07
5.12266433087653E-07
5.12266433087653E-07
5.12266433087653E-07
5.12266433087653E-07
5.12266433087653E-07
5.12266433087653E-07
5.12266433087653E-07
5.12266433087653E-07
5.12266433087653E-07
5.12266433087653E-07
4.90395077362444E-07
4.90395077362444E-07
4.57170469271226E-07
4.57170469271226E-07
4.57170469271226E-07
4.57170469271226E-07
4.57170469271226E-07
4.57170469271226E-07
4.57170469271226E-07
4.57170469271226E-07
4.57170469271226E-07
4.57170469271226E-07
4.57170469271226E-07
4.57170469271226E-07
4.08961303287325E-07
4.08961303287325E-07
2.60133488983729E-07
1.75372619199863E-07
1.75372619199863E-07
1.75372619199863E-07
1.75372619199863E-07
1.75372619199863E-07
1.52821362645657E-07
1.52821362645657E-07
1.52821362645657E-07
1.52821362645657E-07
1.52821362645657E-07
1.52821362645657E-07
1.52821362645657E-07
1.52821362645657E-07
1.52821362645657E-07
1.52821362645657E-07
1.52821362645657E-07
8.83738703689931E-08
8.83738703689931E-08
8.83738703689931E-08
8.83738703689931E-08
8.83738703689931E-08
8.83738703689931E-08
8.83738703689931E-08
8.83738703689931E-08
7.04217402254428E-08
7.04217402254428E-08
7.04217402254428E-08
7.04217402254428E-08
7.04217402254428E-08
7.04217402254428E-08
7.04217402254428E-08
7.04217402254428E-08
7.04217402254428E-08
7.04217402254428E-08
7.04217402254428E-08
7.04217402254428E-08
7.04217402254428E-08
7.04217402254428E-08
7.04217402254428E-08
7.04217402254428E-08
7.04217402254428E-08
7.04217402254428E-08
7.04217402254428E-08
7.04217402254428E-08
7.04217402254428E-08
6.46231668199361E-08
6.46231668199361E-08
6.46231668199361E-08
6.46231668199361E-08
5.63136431095453E-08
5.63136431095453E-08
5.63136431095453E-08
5.63136431095453E-08
4.60433775919568E-08
2.74924956832241E-08
2.74924956832241E-08
2.74924956832241E-08
2.00987717692905E-08
2.00987717692905E-08
2.00987717692905E-08
2.00987717692905E-08
1.8669048985117E-08
1.8669048985117E-08
1.58599143301914E-08
1.5030878428848E-08
1.5030878428848E-08
1.5030878428848E-08
1.5030878428848E-08
1.5030878428848E-08
1.39167830809708E-08
1.30073203499347E-08
1.30073203499347E-08
1.30073203499347E-08
8.86672504732747E-09
8.86672504732747E-09
8.86672504732747E-09
8.86672504732747E-09
8.86672504732747E-09
8.80574182733455E-09
8.10662628171477E-09
8.10662628171477E-09
7.41690628250184E-09

