1.3062870336609
0.582696895825331
0.325343561124982
0.183024615381762
0.0298567748491796
0.0298567748491796
0.0298567748491796
0.0197352289436097
0.0197352289436097
0.0184179767791208
0.0184179767791208
0.00312512850157975
0.00312512850157975
0.00312512850157975
0.00312512850157975
0.00312512850157975
0.00312512850157975
0.00312512850157975
0.00312512850157975
0.00312512850157975
0.00312512850157975
0.00112800677659176
0.00112800677659176
0.00112800677659176
0.00112800677659176
0.00112800677659176
0.00112800677659176
0.00112800677659176
0.00112800677659176
0.00112800677659176
0.00112800677659176
0.00112800677659176
0.00112800677659176
0.00112800677659176
0.00112800677659176
0.00112800677659176
0.00112800677659176
0.00112800677659176
0.00112800677659176
0.00112800677659176
0.00112800677659176
0.00112800677659176
0.00112800677659176
0.00112800677659176
0.00112800677659176
0.00112800677659176
0.00112800677659176
0.00112800677659176
0.00112800677659176
0.00112800677659176
0.00112800677659176
0.00112800677659176
0.00112800677659176
0.00112800677659176
0.00112800677659176
0.00112800677659176
0.00112800677659176
0.00112800677659176
0.00112800677659176
0.00112800677659176
0.00112800677659176
0.00112800677659176
0.000154551471054054
0.000154551471054054
0.000154551471054054
0.000154551471054054
0.000154551471054054
0.000154551471054054
0.000154551471054054
0.000154551471054054
0.000154551471054054
0.000154551471054054
0.000154551471054054
0.000154551471054054
0.000154551471054054
0.000154551471054054
0.000154551471054054
0.000154551471054054
0.000154551471054054
0.000154551471054054
0.000154551471054054
0.000154551471054054
0.000154551471054054
0.000154551471054054
0.000154551471054054
0.000154551471054054
0.000154551471054054
0.000154551471054054
0.000154551471054054
0.000154551471054054
0.000154551471054054
0.000154551471054054
0.000154551471054054
0.000154551471054054
0.000154551471054054
0.000154551471054054
0.000154551471054054
0.000154551471054054
0.000154551471054054
0.000154551471054054
0.000154551471054054
0.000154551471054054
0.000154551471054054
0.000154551471054054
0.000154551471054054
0.000154551471054054
0.000154551471054054
0.000154551471054054
0.000154551471054054
0.000154551471054054
0.000154551471054054
0.000154551471054054
0.000154551471054054
0.000154551471054054
0.000154551471054054
0.000154551471054054
0.000154551471054054
0.000154551471054054
0.000154551471054054
0.000154551471054054
0.000154551471054054
0.000154551471054054
0.000154551471054054
0.000154551471054054
0.000154551471054054
0.000154551471054054
0.000154551471054054
0.000154551471054054
0.000154551471054054
0.000154551471054054
0.000154551471054054
0.000154551471054054
0.000154551471054054
0.000154551471054054
0.000154551471054054
0.000154551471054054
0.000154551471054054
0.000154551471054054
0.000154551471054054
0.000154551471054054
0.000154551471054054
0.000154551471054054
0.000154551471054054
0.000154551471054054
0.000154551471054054
0.000154551471054054
0.000154551471054054
0.000154551471054054
0.000154551471054054
0.000154551471054054
0.000154551471054054
0.000154551471054054
0.000154551471054054
0.000154551471054054
0.000154551471054054
0.000154551471054054
0.000154551471054054
0.000154551471054054
0.000154551471054054
0.000154551471054054
0.000154551471054054
0.000154551471054054
0.000154551471054054
0.000154551471054054
0.000154551471054054
0.000154551471054054
0.000137764282663446
0.000137764282663446
0.000137764282663446
0.000137764282663446
0.000137764282663446
0.000137764282663446
0.000137764282663446
0.000137764282663446
0.000137764282663446
0.000137764282663446
0.000137764282663446
0.000137764282663446
0.000137764282663446
0.000137764282663446
0.000137764282663446
0.000137764282663446
0.000137764282663446
0.000124145466104056
0.000124145466104056
0.000124145466104056
0.000124145466104056
0.000124145466104056
0.000124145466104056
0.000124145466104056
0.000124145466104056
0.000124145466104056
0.000124145466104056
0.000124145466104056
0.000124145466104056
0.000124145466104056
0.000124145466104056
0.000124145466104056
0.000124145466104056
0.000124145466104056
0.000124145466104056
0.000124145466104056
0.000124145466104056
0.000124145466104056
0.000124145466104056
0.000124145466104056
0.000124145466104056
0.000124145466104056
0.000124145466104056
0.000124145466104056
0.000124145466104056
0.000124145466104056
0.000124145466104056
0.000124145466104056
0.000124145466104056
0.000124145466104056
0.000124145466104056
0.000124145466104056
0.000124145466104056
0.000124145466104056
0.000124145466104056
0.000124145466104056
0.000124145466104056
0.000124145466104056
0.000124145466104056
0.000124145466104056
0.000124145466104056
0.000124145466104056
0.000124145466104056
0.000124145466104056
0.000124145466104056
0.000124145466104056
0.000124145466104056
0.000124145466104056
0.000124145466104056
0.000124145466104056
0.000124145466104056
0.000124145466104056
0.000124145466104056
0.000124145466104056
0.000124145466104056
0.000124145466104056
0.000124145466104056
0.000124145466104056
0.000124145466104056
0.000124145466104056
0.000124145466104056
0.000124145466104056
0.000124145466104056
0.000124145466104056
0.000124145466104056
0.000124145466104056
0.000124145466104056
0.000124145466104056
0.000124145466104056
0.000124145466104056
0.000124145466104056
0.000124145466104056
0.000124145466104056
0.000124145466104056
0.000124145466104056
0.000124145466104056
0.000124145466104056
0.000124145466104056
3.24258700168643E-05
3.24258700168643E-05
3.24258700168643E-05
3.24258700168643E-05
3.24258700168643E-05
3.24258700168643E-05
3.24258700168643E-05
3.24258700168643E-05
3.24258700168643E-05
3.24258700168643E-05
3.24258700168643E-05
3.24258700168643E-05
3.24258700168643E-05
3.24258700168643E-05
3.24258700168643E-05
3.24258700168643E-05
3.24258700168643E-05
3.24258700168643E-05
3.24258700168643E-05
3.24258700168643E-05
3.24258700168643E-05
3.24258700168643E-05
3.24258700168643E-05
3.24258700168643E-05
3.24258700168643E-05
3.24258700168643E-05
3.24258700168643E-05
3.24258700168643E-05
3.24258700168643E-05
3.24258700168643E-05
3.24258700168643E-05
3.24258700168643E-05
3.24258700168643E-05
3.24258700168643E-05
3.24258700168643E-05
3.24258700168643E-05
3.24258700168643E-05
3.24258700168643E-05
3.24258700168643E-05
3.24258700168643E-05
3.24258700168643E-05
3.24258700168643E-05
3.24258700168643E-05
3.24258700168643E-05
3.24258700168643E-05
3.24258700168643E-05
3.24258700168643E-05
3.24258700168643E-05
3.24258700168643E-05
3.24258700168643E-05
3.24258700168643E-05
3.24258700168643E-05
3.24258700168643E-05
3.24258700168643E-05
3.24258700168643E-05
3.24258700168643E-05
3.24258700168643E-05
1.49577364154727E-06
1.49577364154727E-06
1.49577364154727E-06
1.49577364154727E-06
1.49577364154727E-06
1.49577364154727E-06
1.49577364154727E-06
1.49577364154727E-06
1.49577364154727E-06
1.49577364154727E-06
1.49577364154727E-06
1.49577364154727E-06
1.49577364154727E-06
1.49577364154727E-06
1.49577364154727E-06
1.49577364154727E-06
1.49577364154727E-06
1.49577364154727E-06
1.49577364154727E-06
1.49577364154727E-06
1.49577364154727E-06
1.49577364154727E-06
1.49577364154727E-06
1.49577364154727E-06
1.49577364154727E-06
1.49577364154727E-06
1.49577364154727E-06
1.49577364154727E-06
1.49577364154727E-06
1.49577364154727E-06
1.49577364154727E-06
1.49577364154727E-06
1.49577364154727E-06
1.49577364154727E-06
1.49577364154727E-06
1.49577364154727E-06
1.49577364154727E-06
1.49577364154727E-06
1.49577364154727E-06
1.49577364154727E-06
1.49577364154727E-06
1.49577364154727E-06
1.49577364154727E-06
1.49577364154727E-06
1.49577364154727E-06
1.49577364154727E-06
1.49577364154727E-06
1.49577364154727E-06
1.49577364154727E-06
1.49577364154727E-06
1.49577364154727E-06
1.49577364154727E-06
1.49577364154727E-06
1.49577364154727E-06
1.49577364154727E-06
1.49577364154727E-06
1.49577364154727E-06
1.49577364154727E-06
1.49577364154727E-06
1.49577364154727E-06
1.49577364154727E-06
1.49577364154727E-06
1.49577364154727E-06
1.49577364154727E-06
1.33378589832635E-06
1.33378589832635E-06
1.33378589832635E-06
1.33378589832635E-06
1.33378589832635E-06
1.33378589832635E-06
1.33378589832635E-06
1.33378589832635E-06
1.33378589832635E-06
1.33378589832635E-06
1.33378589832635E-06
8.79455247447889E-07
8.79455247447889E-07
8.79455247447889E-07
8.79455247447889E-07
8.79455247447889E-07
8.79455247447889E-07
8.79455247447889E-07
5.59767861215386E-07
5.59767861215386E-07
5.59767861215386E-07
2.6919193439863E-07
2.6919193439863E-07
2.6919193439863E-07
2.6919193439863E-07
2.6919193439863E-07
2.6919193439863E-07
2.32689265089901E-07
2.32689265089901E-07
2.00701695999201E-07
2.00701695999201E-07
2.00701695999201E-07
2.00701695999201E-07
1.70702648302862E-07
1.70702648302862E-07
1.70702648302862E-07
1.70702648302862E-07
1.70702648302862E-07
1.70702648302862E-07
1.70702648302862E-07
1.70702648302862E-07
1.70702648302862E-07
1.70702648302862E-07
1.70702648302862E-07
8.33205530984935E-08
8.33205530984935E-08
8.33205530984935E-08
8.33205530984935E-08
8.33205530984935E-08
8.33205530984935E-08
6.5146396745346E-08
6.5146396745346E-08
6.5146396745346E-08
6.5146396745346E-08
5.70674831488216E-08
5.70674831488216E-08
5.70674831488216E-08
5.70674831488216E-08
5.70674831488216E-08
5.70674831488216E-08
5.70674831488216E-08
5.70674831488216E-08
5.70674831488216E-08
5.70674831488216E-08
5.70674831488216E-08
5.70674831488216E-08
5.70674831488216E-08
5.70674831488216E-08
5.70674831488216E-08
5.70674831488216E-08
5.70674831488216E-08
5.70674831488216E-08
5.70674831488216E-08
5.70674831488216E-08
5.70674831488216E-08
5.70674831488216E-08
5.70674831488216E-08
5.70674831488216E-08
5.70674831488216E-08
5.70674831488216E-08
5.70674831488216E-08
5.70674831488216E-08
5.70674831488216E-08
9.51802869363974E-09
9.51802869363974E-09
9.51802869363974E-09
9.51802869363974E-09
8.71992537194511E-09
8.71992537194511E-09
8.71992537194511E-09
8.71992537194511E-09
8.71992537194511E-09
8.71992537194511E-09
8.71992537194511E-09
8.71992537194511E-09
8.71992537194511E-09
8.71992537194511E-09
8.71992537194511E-09
8.71992537194511E-09
8.71992537194511E-09
2.56477974084012E-09
2.56477974084012E-09
2.56477974084012E-09
2.56477974084012E-09
2.56477974084012E-09
2.56477974084012E-09
2.56477974084012E-09
2.56477974084012E-09
2.56477974084012E-09
2.56477974084012E-09
2.56477974084012E-09
2.56477974084012E-09
2.56477974084012E-09
2.56477974084012E-09
2.56477974084012E-09

