0.85310743555014
0.160304511571036
0.14181080067917
0.100614620470302
0.0530656612617329
0.0530656612617329
0.0335931738390979
0.0335931738390979
0.00566762428392895
0.00566762428392895
0.00566762428392895
0.00566762428392895
0.00566762428392895
0.0055704037278809
0.0055704037278809
0.0039874381998919
0.0039874381998919
0.00276378713517316
0.00276378713517316
0.00276378713517316
0.00276378713517316
0.00276378713517316
0.00276378713517316
0.00276378713517316
0.00276378713517316
0.00276378713517316
0.00276378713517316
0.00276378713517316
0.00276378713517316
0.00276378713517316
0.00276378713517316
0.00276378713517316
0.00276378713517316
0.00276378713517316
0.00276378713517316
0.00276378713517316
0.00276378713517316
0.00276378713517316
0.00276378713517316
0.00276378713517316
0.00276378713517316
0.00276378713517316
0.00156335894470928
0.00156335894470928
0.00156335894470928
0.00129476124184755
0.00129476124184755
0.00129476124184755
0.00129476124184755
0.00129476124184755
0.00129476124184755
0.00129476124184755
0.00129476124184755
0.000845821534855847
0.000845821534855847
0.000369134476618787
0.000369134476618787
0.000369134476618787
0.000369134476618787
0.000369134476618787
0.000369134476618787
0.000369134476618787
0.000369134476618787
0.000369134476618787
0.000369134476618787
0.000369134476618787
0.000369134476618787
0.000369134476618787
0.000369134476618787
0.000369134476618787
0.000369134476618787
0.000369134476618787
0.000369134476618787
0.000369134476618787
0.000369134476618787
0.000369134476618787
0.000369134476618787
0.000369134476618787
0.000369134476618787
0.000369134476618787
0.000369134476618787
0.000362197993410328
0.000362197993410328
0.000362197993410328
0.000362197993410328
0.000362197993410328
0.000362197993410328
0.000362197993410328
0.000362197993410328
0.000362197993410328
0.000112154047064899
0.000112154047064899
0.000112154047064899
0.000112154047064899
0.000112154047064899
0.000112154047064899
0.000112154047064899
0.000112154047064899
0.000112154047064899
0.000112154047064899
0.000112154047064899
0.000112154047064899
0.000112154047064899
0.000112154047064899
0.000112154047064899
0.000112154047064899
0.000112154047064899
0.000112154047064899
0.000112154047064899
0.000112154047064899
0.000112154047064899
0.000112154047064899
0.000112154047064899
0.000112154047064899
0.000112154047064899
0.000112154047064899
0.000112154047064899
0.000112154047064899
0.000112154047064899
0.000112154047064899
0.000112154047064899
0.000112154047064899
0.000112154047064899
0.000112154047064899
0.000112154047064899
0.000112154047064899
0.000112154047064899
0.000112154047064899
0.000112154047064899
0.000112154047064899
0.000112154047064899
0.000112154047064899
0.000112154047064899
0.000112154047064899
0.000112154047064899
0.000112154047064899
0.000112154047064899
0.000112154047064899
0.000112154047064899
0.000112154047064899
0.000112154047064899
0.000112154047064899
0.000112154047064899
0.000112154047064899
0.000112154047064899
0.000112154047064899
0.000112154047064899
0.000112154047064899
0.000112154047064899
0.000112154047064899
0.000112154047064899
0.000112154047064899
0.000112154047064899
0.000112154047064899
0.000112154047064899
0.000112154047064899
0.000112154047064899
0.000112154047064899
0.000112154047064899
0.000112154047064899
0.000112154047064899
0.000112154047064899
0.000112154047064899
0.000112154047064899
0.000112154047064899
0.000112154047064899
0.000112154047064899
0.000112154047064899
0.000112154047064899
0.000112154047064899
0.000112154047064899
0.000112154047064899
0.000112154047064899
0.000112154047064899
0.000112154047064899
0.000112154047064899
0.000112154047064899
0.000112154047064899
7.9699212609311E-05
7.9699212609311E-05
7.9699212609311E-05
7.9699212609311E-05
7.9699212609311E-05
7.9699212609311E-05
7.9699212609311E-05
7.9699212609311E-05
7.9699212609311E-05
7.9699212609311E-05
7.9699212609311E-05
7.9699212609311E-05
7.9699212609311E-05
7.9699212609311E-05
7.9699212609311E-05
7.9699212609311E-05
7.9699212609311E-05
7.9699212609311E-05
7.9699212609311E-05
7.9699212609311E-05
7.9699212609311E-05
7.9699212609311E-05
7.9699212609311E-05
7.9699212609311E-05
7.9699212609311E-05
7.9699212609311E-05
7.9699212609311E-05
7.9699212609311E-05
7.9699212609311E-05
7.9699212609311E-05
7.9699212609311E-05
7.9699212609311E-05
7.9699212609311E-05
7.9699212609311E-05
7.9699212609311E-05
7.9699212609311E-05
7.9699212609311E-05
7.9699212609311E-05
7.9699212609311E-05
7.9699212609311E-05
7.9699212609311E-05
7.9699212609311E-05
7.9699212609311E-05
7.9699212609311E-05
7.9699212609311E-05
7.9699212609311E-05
7.9699212609311E-05
7.9699212609311E-05
7.9699212609311E-05
7.9699212609311E-05
7.9699212609311E-05
7.9699212609311E-05
7.9699212609311E-05
7.9699212609311E-05
7.9699212609311E-05
7.9699212609311E-05
7.9699212609311E-05
7.9699212609311E-05
7.9699212609311E-05
7.9699212609311E-05
7.9699212609311E-05
7.9699212609311E-05
7.9699212609311E-05
7.9699212609311E-05
7.9699212609311E-05
7.9699212609311E-05
7.9699212609311E-05
7.9699212609311E-05
7.9699212609311E-05
7.9699212609311E-05
7.9699212609311E-05
7.9699212609311E-05
7.9699212609311E-05
7.9699212609311E-05
7.9699212609311E-05
7.9699212609311E-05
7.9699212609311E-05
7.9699212609311E-05
7.9699212609311E-05
7.9699212609311E-05
7.9699212609311E-05
7.9699212609311E-05
7.9699212609311E-05
7.9699212609311E-05
7.9699212609311E-05
7.9699212609311E-05
7.9699212609311E-05
7.9699212609311E-05
7.9699212609311E-05
7.9699212609311E-05
7.9699212609311E-05
4.91436589392498E-05
4.91436589392498E-05
4.91436589392498E-05
4.91436589392498E-05
4.91436589392498E-05
4.91436589392498E-05
4.91436589392498E-05
4.91436589392498E-05
4.91436589392498E-05
4.91436589392498E-05
4.91436589392498E-05
4.91436589392498E-05
4.91436589392498E-05
4.91436589392498E-05
4.91436589392498E-05
4.91436589392498E-05
4.91436589392498E-05
4.91436589392498E-05
4.91436589392498E-05
4.91436589392498E-05
4.91436589392498E-05
4.91436589392498E-05
4.91436589392498E-05
4.91436589392498E-05
4.91436589392498E-05
4.91436589392498E-05
4.91436589392498E-05
4.91436589392498E-05
4.91436589392498E-05
4.91436589392498E-05
4.91436589392498E-05
4.91436589392498E-05
4.91436589392498E-05
4.91436589392498E-05
4.91436589392498E-05
4.91436589392498E-05
4.91436589392498E-05
4.91436589392498E-05
4.91436589392498E-05
4.91436589392498E-05
4.91436589392498E-05
4.91436589392498E-05
4.91436589392498E-05
4.91436589392498E-05
4.91436589392498E-05
4.91436589392498E-05
4.91436589392498E-05
4.91436589392498E-05
4.91436589392498E-05
4.91436589392498E-05
4.91436589392498E-05
4.91436589392498E-05
3.26540613178418E-05
3.26540613178418E-05
3.26540613178418E-05
1.0712320789699E-05
1.0712320789699E-05
1.0712320789699E-05
1.0712320789699E-05
1.0712320789699E-05
1.0712320789699E-05
1.0712320789699E-05
1.0712320789699E-05
1.0712320789699E-05
1.0712320789699E-05
1.0712320789699E-05
1.0712320789699E-05
1.0712320789699E-05
1.0712320789699E-05
1.0712320789699E-05
1.0712320789699E-05
1.0712320789699E-05
1.0712320789699E-05
1.0712320789699E-05
1.0712320789699E-05
1.0712320789699E-05
1.0712320789699E-05
1.0712320789699E-05
1.0712320789699E-05
1.0712320789699E-05
1.0712320789699E-05
1.0712320789699E-05
8.79213134079092E-06
8.39070425674808E-06
8.39070425674808E-06
8.39070425674808E-06
5.56389309598738E-06
5.56389309598738E-06
5.56389309598738E-06
5.56389309598738E-06
5.56389309598738E-06
5.56389309598738E-06
5.56389309598738E-06
5.56389309598738E-06
5.56389309598738E-06
5.56389309598738E-06
3.98445041492889E-06
3.98445041492889E-06
3.30777991465405E-06
3.30777991465405E-06
3.30777991465405E-06
2.65633548712407E-06
2.65633548712407E-06
2.65633548712407E-06
2.65633548712407E-06
2.65633548712407E-06
2.65633548712407E-06
2.65633548712407E-06
2.65633548712407E-06
2.65633548712407E-06
2.65633548712407E-06
2.65633548712407E-06
2.65633548712407E-06
2.65633548712407E-06
2.65633548712407E-06
1.94283874450756E-06
1.94283874450756E-06
1.94283874450756E-06
1.94283874450756E-06
1.94283874450756E-06
1.94283874450756E-06
1.55495355128914E-06
1.55495355128914E-06
1.55495355128914E-06
1.55495355128914E-06
1.55495355128914E-06
1.55495355128914E-06
1.25741562579797E-06
1.25741562579797E-06
1.25741562579797E-06
1.25741562579797E-06
1.25741562579797E-06
1.25741562579797E-06
1.25741562579797E-06
1.25741562579797E-06
3.80009788837728E-07
3.80009788837728E-07
3.80009788837728E-07
3.80009788837728E-07
3.80009788837728E-07
3.80009788837728E-07
3.80009788837728E-07
3.80009788837728E-07
3.62837151955159E-07
3.62837151955159E-07
3.62837151955159E-07
3.62837151955159E-07
3.62837151955159E-07
3.62837151955159E-07
3.62837151955159E-07
3.11924435949954E-07
3.11924435949954E-07
3.11924435949954E-07
7.72540782861899E-08
7.72540782861899E-08
7.72540782861899E-08
7.72540782861899E-08
7.72540782861899E-08
7.72540782861899E-08
7.72540782861899E-08
7.72540782861899E-08
7.72540782861899E-08
7.72540782861899E-08
7.72540782861899E-08
7.72540782861899E-08
7.72540782861899E-08
7.72540782861899E-08
7.72540782861899E-08
7.72540782861899E-08
7.72540782861899E-08
7.72540782861899E-08
7.72540782861899E-08
7.72540782861899E-08
7.72540782861899E-08
7.72540782861899E-08
4.65957383681576E-08
4.65957383681576E-08
4.65957383681576E-08
4.65957383681576E-08
4.65957383681576E-08
4.65957383681576E-08
4.65957383681576E-08
4.65957383681576E-08
4.65957383681576E-08
4.65957383681576E-08
4.65957383681576E-08
4.65957383681576E-08
4.65957383681576E-08
4.65957383681576E-08
4.65957383681576E-08
4.65957383681576E-08
4.65957383681576E-08
4.65957383681576E-08
3.68161831806422E-08
3.68161831806422E-08
3.13989129059381E-08
3.13989129059381E-08
3.13989129059381E-08
3.13989129059381E-08
3.13989129059381E-08
1.47199818357185E-08
5.66213723630112E-09
5.66213723630112E-09
5.66213723630112E-09
5.66213723630112E-09
5.66213723630112E-09
5.66213723630112E-09
5.66213723630112E-09
5.66213723630112E-09
5.66213723630112E-09
5.66213723630112E-09
5.66213723630112E-09
5.66213723630112E-09
5.66213723630112E-09
5.66213723630112E-09
5.66213723630112E-09
5.66213723630112E-09
5.66213723630112E-09
5.66213723630112E-09
5.66213723630112E-09
5.66213723630112E-09
2.85206190764362E-09
2.85206190764362E-09
2.85206190764362E-09
2.23809847296369E-09
2.23809847296369E-09
2.23809847296369E-09
2.23809847296369E-09
2.23809847296369E-09
2.23809847296369E-09
2.23809847296369E-09

