0.779704808717828
0.768466021451259
0.190182587232983
0.0975943046400664
0.0865403809323067
0.0416203661041257
0.0416203661041257
0.0280398558881679
0.0203209806051694
0.0203209806051694
0.0203209806051694
0.0203209806051694
0.0203209806051694
0.0203209806051694
0.0114637582929028
0.00644112483680694
0.00644112483680694
0.00644112483680694
0.00644112483680694
0.00644112483680694
0.00644112483680694
0.00644112483680694
0.00644112483680694
0.00644112483680694
0.00644112483680694
0.00644112483680694
0.00240976520707374
0.00240976520707374
0.00240976520707374
0.00240976520707374
0.00240976520707374
0.00240976520707374
0.00240976520707374
0.00240976520707374
0.00240976520707374
0.00240976520707374
0.00240976520707374
0.00240976520707374
0.00240976520707374
0.00240976520707374
0.00240976520707374
0.00193853757492798
0.000617520200493006
0.000617520200493006
0.000617520200493006
0.000617520200493006
0.000617520200493006
0.000507184570434519
0.000507184570434519
0.000507184570434519
0.000507184570434519
0.000507184570434519
0.000507184570434519
0.000507184570434519
0.000507184570434519
0.000507184570434519
0.000507184570434519
0.000507184570434519
0.000507184570434519
0.000507184570434519
0.000507184570434519
0.000507184570434519
0.000507184570434519
0.000507184570434519
0.000507184570434519
0.000507184570434519
0.000507184570434519
0.000507184570434519
0.000507184570434519
0.000507184570434519
0.000507184570434519
0.000507184570434519
0.000507184570434519
0.000507184570434519
0.000507184570434519
0.000507184570434519
0.000507184570434519
0.000507184570434519
0.000507184570434519
0.000507184570434519
0.000507184570434519
0.000507184570434519
0.000507184570434519
0.000507184570434519
0.000507184570434519
0.000507184570434519
0.000507184570434519
0.000507184570434519
0.000507184570434519
0.000507184570434519
0.000507184570434519
0.000507184570434519
0.000295622448998765
0.000295622448998765
0.000295622448998765
0.000295622448998765
0.000295622448998765
0.000295622448998765
0.000295622448998765
0.000295622448998765
0.000295622448998765
0.000295622448998765
0.000295622448998765
0.000295622448998765
0.000295622448998765
0.000295622448998765
0.000295622448998765
0.000295622448998765
0.000295622448998765
0.000295622448998765
0.000295622448998765
0.000295622448998765
0.000295622448998765
0.000295622448998765
0.000295622448998765
0.000295622448998765
0.000295622448998765
0.000295622448998765
0.000295622448998765
0.000295622448998765
0.000295622448998765
0.000295622448998765
0.000295622448998765
0.000295622448998765
0.000295622448998765
0.000295622448998765
0.000295622448998765
0.000295622448998765
0.000295622448998765
0.000295622448998765
0.000295622448998765
0.000295622448998765
0.000295622448998765
0.000295622448998765
0.000223423801382127
0.000184467340860124
0.000184467340860124
0.000184467340860124
0.000184467340860124
0.000184467340860124
0.000184467340860124
0.000184467340860124
0.000168807745284754
0.000168807745284754
0.000168807745284754
0.000168807745284754
0.000168807745284754
0.000168807745284754
0.000168807745284754
0.000168807745284754
0.000168807745284754
0.000168807745284754
0.000168807745284754
0.000168807745284754
0.000168807745284754
0.000168807745284754
0.000168807745284754
0.000168807745284754
0.000168807745284754
0.000168807745284754
0.000168807745284754
0.000168807745284754
0.000168807745284754
0.000168807745284754
0.000168807745284754
0.000168807745284754
0.000168807745284754
0.000168807745284754
0.000168807745284754
0.000168807745284754
0.000168807745284754
0.000168807745284754
0.000168807745284754
0.000168807745284754
0.000168807745284754
0.000168807745284754
0.000168807745284754
0.000168807745284754
0.000168807745284754
0.000168807745284754
0.000168807745284754
0.000168807745284754
0.000168807745284754
0.000168807745284754
0.000168807745284754
0.000168807745284754
0.000168807745284754
0.000168807745284754
0.000168807745284754
0.000168807745284754
0.000168807745284754
0.000168807745284754
0.000168807745284754
0.000168807745284754
0.000168807745284754
0.000168807745284754
0.000168807745284754
0.000168807745284754
0.000168807745284754
0.000168807745284754
0.000168807745284754
0.000168807745284754
0.000168807745284754
0.000168807745284754
0.000168807745284754
0.000168807745284754
0.000168807745284754
0.000168807745284754
0.000168807745284754
0.000168807745284754
0.000168807745284754
0.000168807745284754
0.000168807745284754
0.000168807745284754
0.000168807745284754
0.000168807745284754
0.000168807745284754
0.000168807745284754
0.000168807745284754
0.000168807745284754
0.000168807745284754
0.000168807745284754
0.000168807745284754
0.000168807745284754
0.000168807745284754
0.000168807745284754
0.000168807745284754
0.000168807745284754
0.000168807745284754
0.000168807745284754
0.000168807745284754
0.000168807745284754
0.000168807745284754
0.000168807745284754
0.000168807745284754
0.000168807745284754
0.000168807745284754
0.000168807745284754
0.000168807745284754
0.000168807745284754
0.000114220688960106
0.000114220688960106
0.000114220688960106
0.000114220688960106
0.000114220688960106
0.000114220688960106
0.000114220688960106
8.91396918789345E-05
8.91396918789345E-05
8.91396918789345E-05
8.91396918789345E-05
8.91396918789345E-05
8.91396918789345E-05
8.91396918789345E-05
8.91396918789345E-05
8.91396918789345E-05
8.91396918789345E-05
8.91396918789345E-05
8.91396918789345E-05
8.91396918789345E-05
8.91396918789345E-05
8.91396918789345E-05
8.91396918789345E-05
8.91396918789345E-05
8.91396918789345E-05
8.91396918789345E-05
8.91396918789345E-05
8.91396918789345E-05
8.91396918789345E-05
8.91396918789345E-05
8.91396918789345E-05
8.91396918789345E-05
8.91396918789345E-05
8.91396918789345E-05
8.91396918789345E-05
8.91396918789345E-05
8.91396918789345E-05
8.91396918789345E-05
8.91396918789345E-05
8.91396918789345E-05
8.91396918789345E-05
8.91396918789345E-05
8.91396918789345E-05
8.91396918789345E-05
8.91396918789345E-05
8.91396918789345E-05
8.91396918789345E-05
8.91396918789345E-05
8.91396918789345E-05
8.91396918789345E-05
8.91396918789345E-05
8.91396918789345E-05
8.91396918789345E-05
8.91396918789345E-05
8.91396918789345E-05
8.91396918789345E-05
8.91396918789345E-05
8.91396918789345E-05
8.91396918789345E-05
8.91396918789345E-05
8.91396918789345E-05
8.91396918789345E-05
8.91396918789345E-05
8.91396918789345E-05
8.91396918789345E-05
8.91396918789345E-05
8.90737240618202E-05
8.90737240618202E-05
8.90737240618202E-05
8.90737240618202E-05
8.90737240618202E-05
8.90737240618202E-05
8.06484194499442E-05
8.06484194499442E-05
8.06484194499442E-05
8.06484194499442E-05
8.06484194499442E-05
8.06484194499442E-05
8.06484194499442E-05
8.06484194499442E-05
8.06484194499442E-05
8.06484194499442E-05
8.06484194499442E-05
8.06484194499442E-05
8.06484194499442E-05
8.06484194499442E-05
8.06484194499442E-05
8.06484194499442E-05
8.06484194499442E-05
8.06484194499442E-05
8.06484194499442E-05
8.01063174734777E-05
8.01063174734777E-05
4.73767179503512E-05
4.73767179503512E-05
3.20662832206734E-05
3.20662832206734E-05
2.68969888359925E-05
2.68969888359925E-05
2.68969888359925E-05
2.68969888359925E-05
2.68969888359925E-05
2.68969888359925E-05
2.68969888359925E-05
2.68969888359925E-05
2.68969888359925E-05
2.68969888359925E-05
2.68969888359925E-05
2.6872696035947E-05
2.6872696035947E-05
2.6872696035947E-05
1.56029377204542E-05
8.99211278975888E-06
8.99211278975888E-06
8.99211278975888E-06
8.99211278975888E-06
8.99211278975888E-06
8.99211278975888E-06
8.99211278975888E-06
8.99211278975888E-06
8.99211278975888E-06
8.99211278975888E-06
8.99211278975888E-06
7.85400259618349E-06
4.50370572684717E-06
4.50370572684717E-06
4.50370572684717E-06
4.50370572684717E-06
4.50370572684717E-06
4.50370572684717E-06
4.50370572684717E-06
4.50370572684717E-06
4.50370572684717E-06
4.50370572684717E-06
4.46460375749114E-06
3.84219214087797E-06
8.32460400395112E-07
8.32460400395112E-07
8.32460400395112E-07
8.32460400395112E-07
8.32460400395112E-07
8.32460400395112E-07
8.32460400395112E-07
8.32460400395112E-07
8.32460400395112E-07
8.32460400395112E-07
8.32460400395112E-07
8.32460400395112E-07
8.32460400395112E-07
8.32460400395112E-07
8.32460400395112E-07
8.32460400395112E-07
8.32460400395112E-07
8.32460400395112E-07
8.32460400395112E-07
8.32460400395112E-07
8.32460400395112E-07
8.32460400395112E-07
8.32460400395112E-07
8.32460400395112E-07
8.32460400395112E-07
8.32460400395112E-07
8.32460400395112E-07
7.29797159098559E-07
7.29797159098559E-07
7.29797159098559E-07
7.29797159098559E-07
7.29797159098559E-07
7.29797159098559E-07
7.29797159098559E-07
7.29797159098559E-07
7.29797159098559E-07
7.29797159098559E-07
7.29797159098559E-07
7.29797159098559E-07
5.79569997887826E-07
5.79569997887826E-07
5.79569997887826E-07
5.79569997887826E-07
5.79569997887826E-07
5.79569997887826E-07
5.79569997887826E-07
5.79569997887826E-07
1.97389479175808E-07
1.97389479175808E-07
1.97389479175808E-07
1.97389479175808E-07
1.97389479175808E-07
1.97389479175808E-07
1.97389479175808E-07
1.97389479175808E-07
6.49958125634612E-08
6.49958125634612E-08
6.49958125634612E-08
6.49958125634612E-08
6.49958125634612E-08
2.87837543874807E-08
2.87837543874807E-08
2.87837543874807E-08
2.87837543874807E-08
2.87837543874807E-08
2.87837543874807E-08
2.87837543874807E-08
2.87837543874807E-08
2.87837543874807E-08
2.87837543874807E-08
2.87837543874807E-08
2.87837543874807E-08
2.87837543874807E-08
2.87837543874807E-08
2.87837543874807E-08
2.87837543874807E-08
2.87837543874807E-08
2.87837543874807E-08
2.87837543874807E-08
2.87837543874807E-08
2.87837543874807E-08
2.87837543874807E-08
2.87837543874807E-08
2.87837543874807E-08
2.87837543874807E-08
2.87837543874807E-08
2.87837543874807E-08
2.87837543874807E-08
2.87837543874807E-08
2.87837543874807E-08
2.87837543874807E-08
2.87837543874807E-08
2.87837543874807E-08
2.87837543874807E-08
2.87837543874807E-08
2.87837543874807E-08
2.87837543874807E-08
2.87837543874807E-08
2.87837543874807E-08
2.87837543874807E-08
2.87837543874807E-08
2.73685360836573E-08
2.73685360836573E-08
2.73685360836573E-08
2.45719762938897E-08
2.45719762938897E-08
2.45719762938897E-08
2.45719762938897E-08
2.45719762938897E-08
2.45719762938897E-08
1.52472727911823E-08
1.52472727911823E-08
1.52472727911823E-08
1.52472727911823E-08
6.48194786980187E-09
6.48194786980187E-09
6.48194786980187E-09
6.48194786980187E-09
6.48194786980187E-09
6.48194786980187E-09
6.48194786980187E-09
2.21641247429293E-09
2.21641247429293E-09
2.21641247429293E-09

