1.33417065754901
0.875750415855192
0.685397193991525
0.483316760612549
0.389194308764455
0.318155563964529
0.207401196707923
0.0762700983219859
0.0253065539452556
0.0173233094026671
0.0173233094026671
0.0141985233749016
0.00781125131100319
0.00781125131100319
0.00781125131100319
0.00781125131100319
0.00781125131100319
0.00781125131100319
0.00644889696206324
0.000986262637470184
0.000986262637470184
0.000986262637470184
0.000320200935057672
0.000320200935057672
0.000320200935057672
0.000320200935057672
0.000320200935057672
0.000320200935057672
0.000320200935057672
0.000320200935057672
0.000320200935057672
0.000320200935057672
0.000320200935057672
0.000320200935057672
0.000320200935057672
0.000320200935057672
0.000320200935057672
0.000320200935057672
0.000320200935057672
0.000320200935057672
0.000320200935057672
0.000320200935057672
0.000320200935057672
0.000320200935057672
0.000320200935057672
0.000320200935057672
0.000320200935057672
0.000320200935057672
0.000320200935057672
0.000320200935057672
0.000320200935057672
0.000320200935057672
0.000320200935057672
0.000320200935057672
0.000320200935057672
0.000320200935057672
0.000320200935057672
0.000320200935057672
0.000320200935057672
0.000320200935057672
0.000320200935057672
0.000320200935057672
0.000320200935057672
0.000320200935057672
0.000320200935057672
0.000320200935057672
0.000320200935057672
0.000320200935057672
0.000320200935057672
0.000320200935057672
0.000320200935057672
0.000320200935057672
0.000320200935057672
0.000320200935057672
0.000320200935057672
0.000320200935057672
0.000320200935057672
0.000320200935057672
0.000320200935057672
0.000320200935057672
0.000320200935057672
0.000320200935057672
0.000320200935057672
0.000320200935057672
0.000320200935057672
0.000320200935057672
0.000320200935057672
0.000262508026978634
0.000262508026978634
0.000262508026978634
0.000262508026978634
0.000262508026978634
0.000262508026978634
0.000262508026978634
0.000262508026978634
0.000262508026978634
0.000262508026978634
0.000262508026978634
0.000262508026978634
0.000262508026978634
0.000262508026978634
0.000262508026978634
0.000262508026978634
0.000262508026978634
0.000262508026978634
0.000262508026978634
0.000262508026978634
0.000262508026978634
0.000262508026978634
0.000262508026978634
0.000262508026978634
0.000262508026978634
0.000262508026978634
0.000262508026978634
0.000262508026978634
0.000262508026978634
0.000262508026978634
0.000262508026978634
0.000262508026978634
0.000262508026978634
0.000262508026978634
0.000262508026978634
0.000176833018450483
0.000176833018450483
0.000176833018450483
0.000176833018450483
0.000176833018450483
0.000176833018450483
0.000176833018450483
0.000176833018450483
0.000176833018450483
0.000176833018450483
0.000176833018450483
0.000176833018450483
0.000176833018450483
0.000176833018450483
0.000176833018450483
0.000176833018450483
0.000176833018450483
0.000176833018450483
0.000176833018450483
0.000176833018450483
0.000176833018450483
0.000176833018450483
0.000176833018450483
0.000176833018450483
0.000176833018450483
0.000176833018450483
0.000176833018450483
0.000176833018450483
0.000176833018450483
0.000176833018450483
0.000176833018450483
0.000176833018450483
0.000176833018450483
0.000176833018450483
0.000176833018450483
0.000176833018450483
0.000176833018450483
0.000176833018450483
0.000176833018450483
0.000176833018450483
0.000176833018450483
0.000176833018450483
0.000176833018450483
0.000176833018450483
0.000176833018450483
0.000176833018450483
0.000176833018450483
0.000176833018450483
0.000176833018450483
0.000176833018450483
0.000176833018450483
0.000176833018450483
0.000176833018450483
0.000176833018450483
0.000176833018450483
0.000176833018450483
0.000176833018450483
0.000176833018450483
0.000176833018450483
0.000176833018450483
0.000176833018450483
0.000176833018450483
0.000176833018450483
0.000176833018450483
0.000176833018450483
0.000176833018450483
0.000176833018450483
0.000176833018450483
0.000176833018450483
0.000176833018450483
0.000176833018450483
0.000176833018450483
0.000176833018450483
0.000176833018450483
0.000176833018450483
0.000176833018450483
0.000176833018450483
0.000176833018450483
0.000176833018450483
0.000176833018450483
0.000176833018450483
0.000176833018450483
0.000176833018450483
0.000176833018450483
0.000176833018450483
0.000176833018450483
0.000176833018450483
0.000176833018450483
0.000176833018450483
0.000176833018450483
0.000176833018450483
0.000176833018450483
0.000176833018450483
0.000176833018450483
0.000176833018450483
0.000176833018450483
0.000176833018450483
0.000176833018450483
0.000176833018450483
0.000176833018450483
0.000176833018450483
0.000176833018450483
0.000176833018450483
0.000176833018450483
0.000176833018450483
0.000176833018450483
0.000176833018450483
0.000176833018450483
0.000176833018450483
0.000176833018450483
0.000176833018450483
0.000176833018450483
0.000176833018450483
0.000176833018450483
0.000176833018450483
0.000176833018450483
0.000176833018450483
0.000176833018450483
0.000176833018450483
0.000176833018450483
0.000176833018450483
0.000176833018450483
0.000176833018450483
0.000176833018450483
0.000176833018450483
0.000176833018450483
0.000176833018450483
0.000176833018450483
0.000176833018450483
0.000176833018450483
0.000176833018450483
0.000176833018450483
0.000176833018450483
0.000176833018450483
0.000176833018450483
0.000176833018450483
0.000176833018450483
0.000176833018450483
0.000176833018450483
0.000176833018450483
0.000176833018450483
0.000176833018450483
0.000176833018450483
0.000176833018450483
0.000176833018450483
0.00015362742136747
0.00015362742136747
0.00015362742136747
0.00015362742136747
0.00015362742136747
0.00015362742136747
0.00015362742136747
0.00015362742136747
0.00015362742136747
0.00015362742136747
0.00015362742136747
0.00015362742136747
0.00015362742136747
0.00015362742136747
0.00015362742136747
0.00015362742136747
0.00015362742136747
0.00015362742136747
0.00015362742136747
0.00015362742136747
0.00015362742136747
0.00015362742136747
0.00015362742136747
0.000122089015093512
0.000122089015093512
0.000122089015093512
0.000122089015093512
0.000108990360598352
0.000108990360598352
3.87651501575416E-05
3.87651501575416E-05
3.87651501575416E-05
3.87651501575416E-05
3.87651501575416E-05
3.87651501575416E-05
3.87651501575416E-05
3.87651501575416E-05
3.87651501575416E-05
3.87651501575416E-05
3.87651501575416E-05
3.87651501575416E-05
3.87651501575416E-05
3.87651501575416E-05
3.87651501575416E-05
3.02942145038396E-05
3.02942145038396E-05
3.02942145038396E-05
3.02942145038396E-05
3.02942145038396E-05
3.02942145038396E-05
3.02942145038396E-05
3.02942145038396E-05
3.02942145038396E-05
1.36733286668997E-05
1.36733286668997E-05
1.36733286668997E-05
1.36733286668997E-05
1.36733286668997E-05
1.36733286668997E-05
1.36733286668997E-05
1.36733286668997E-05
1.36733286668997E-05
1.36733286668997E-05
1.36733286668997E-05
1.36733286668997E-05
1.36733286668997E-05
1.36733286668997E-05
1.36733286668997E-05
1.36733286668997E-05
1.19716569756688E-05
1.19716569756688E-05
1.19716569756688E-05
1.19716569756688E-05
1.19716569756688E-05
1.19716569756688E-05
1.19716569756688E-05
1.19716569756688E-05
5.76804891365094E-06
5.76804891365094E-06
5.76804891365094E-06
5.76804891365094E-06
2.65222441437313E-06
2.65222441437313E-06
2.65222441437313E-06
2.65222441437313E-06
2.65222441437313E-06
2.65222441437313E-06
2.65222441437313E-06
2.65222441437313E-06
2.65222441437313E-06
2.65222441437313E-06
2.65222441437313E-06
2.65222441437313E-06
2.65222441437313E-06
2.65222441437313E-06
2.65222441437313E-06
2.65222441437313E-06
2.65222441437313E-06
2.65222441437313E-06
2.65222441437313E-06
2.65222441437313E-06
2.65222441437313E-06
2.65222441437313E-06
2.65222441437313E-06
2.65222441437313E-06
2.65222441437313E-06
2.65222441437313E-06
2.65222441437313E-06
2.65222441437313E-06
2.65222441437313E-06
2.65222441437313E-06
2.65222441437313E-06
2.65222441437313E-06
2.65222441437313E-06
1.87929962066697E-06
1.10382577786874E-06
1.10382577786874E-06
1.10382577786874E-06
1.10382577786874E-06
1.10382577786874E-06
1.10382577786874E-06
1.10382577786874E-06
1.10382577786874E-06
1.10382577786874E-06
1.10382577786874E-06
1.10382577786874E-06
1.10382577786874E-06
1.10382577786874E-06
1.10382577786874E-06
1.10382577786874E-06
1.10382577786874E-06
1.10382577786874E-06
1.10382577786874E-06
1.10382577786874E-06
1.10382577786874E-06
1.10382577786874E-06
1.10382577786874E-06
1.10382577786874E-06
1.10382577786874E-06
1.10382577786874E-06
1.10382577786874E-06
1.10382577786874E-06
1.10382577786874E-06
1.10382577786874E-06
1.10382577786874E-06
6.25698524960679E-07
6.25698524960679E-07
6.25698524960679E-07
2.0678737956124E-07
2.0678737956124E-07
2.0678737956124E-07
2.0678737956124E-07
2.0678737956124E-07
2.0678737956124E-07
2.0678737956124E-07
2.0678737956124E-07
2.0678737956124E-07
2.0678737956124E-07
1.30889207769311E-07
1.30889207769311E-07
1.30889207769311E-07
1.30889207769311E-07
1.30889207769311E-07
1.0075798959909E-07
1.0075798959909E-07
1.0075798959909E-07
1.0075798959909E-07
1.0075798959909E-07
1.0075798959909E-07
1.0075798959909E-07
1.0075798959909E-07
1.92758491563782E-08
1.92758491563782E-08
1.92758491563782E-08
1.92758491563782E-08
1.92758491563782E-08
1.92758491563782E-08
1.8821046788245E-08
1.8821046788245E-08
1.8821046788245E-08
1.8821046788245E-08
1.8821046788245E-08
1.8821046788245E-08
1.8821046788245E-08
1.21189299751867E-08
1.21189299751867E-08
1.21189299751867E-08
1.21189299751867E-08
1.21189299751867E-08
1.21189299751867E-08
1.21189299751867E-08
1.21189299751867E-08
1.21189299751867E-08
1.21189299751867E-08
1.21189299751867E-08
1.21189299751867E-08
1.21189299751867E-08
1.21189299751867E-08
1.21189299751867E-08
1.18954808476839E-08
1.18954808476839E-08
1.18954808476839E-08
1.18954808476839E-08
5.60750100405997E-09
5.60750100405997E-09
5.60750100405997E-09
5.60750100405997E-09
5.60750100405997E-09
5.60750100405997E-09
5.60750100405997E-09
5.60750100405997E-09
5.60750100405997E-09
5.60750100405997E-09
5.60750100405997E-09
5.60750100405997E-09
5.60750100405997E-09
5.24743621998063E-09
5.24743621998063E-09
5.24743621998063E-09
5.24743621998063E-09
5.24743621998063E-09
5.24743621998063E-09
5.24743621998063E-09
5.24743621998063E-09
5.24743621998063E-09
5.24743621998063E-09
5.24743621998063E-09
1.01562209884263E-09
1.01562209884263E-09
1.01562209884263E-09
1.01562209884263E-09
1.01562209884263E-09
1.01562209884263E-09

