0.733968904258491
0.494899473824529
0.478528068724127
0.0861573956387636
0.0861573956387636
0.0861573956387636
0.0486673727527911
0.0213214989358021
0.0181683852922909
0.0046968811560344
0.0035062073636287
0.0035062073636287
0.0035062073636287
0.0035062073636287
0.0035062073636287
0.0035062073636287
0.0035062073636287
0.0035062073636287
0.00327136409694398
0.00327136409694398
0.00295653076958372
0.00295653076958372
0.00295653076958372
0.00295653076958372
0.00282018529394533
0.00193460292212985
0.00193460292212985
0.00193460292212985
0.00193460292212985
0.00193460292212985
0.00193460292212985
0.00193460292212985
0.00193460292212985
0.000779837024472654
0.000779837024472654
0.000779837024472654
0.000779837024472654
0.000779837024472654
0.000779837024472654
0.000779837024472654
0.000779837024472654
0.000779837024472654
0.000779837024472654
0.000779837024472654
0.000779837024472654
0.000779837024472654
0.000779837024472654
0.000779837024472654
0.000779837024472654
0.000779837024472654
0.000779837024472654
0.000779837024472654
0.000779837024472654
0.000779837024472654
0.000779837024472654
0.000779837024472654
0.000779837024472654
0.000779837024472654
0.000779837024472654
0.000779837024472654
0.000779837024472654
0.000779837024472654
0.000779837024472654
0.000779837024472654
0.000779837024472654
0.000779837024472654
0.000779837024472654
0.000779837024472654
0.000779837024472654
0.000779837024472654
0.000779837024472654
0.000779837024472654
0.000779837024472654
0.000779837024472654
0.000779837024472654
0.000779837024472654
0.000779837024472654
0.000779837024472654
0.000779837024472654
0.000779837024472654
0.000779837024472654
0.000779837024472654
0.000779837024472654
0.000779837024472654
0.000779837024472654
0.000779837024472654
0.000473045710198616
0.000473045710198616
0.000473045710198616
0.000473045710198616
0.000473045710198616
0.000473045710198616
0.000473045710198616
0.000473045710198616
0.000473045710198616
0.000473045710198616
0.000473045710198616
0.000473045710198616
0.000473045710198616
0.000473045710198616
0.000473045710198616
0.000473045710198616
0.000473045710198616
0.000473045710198616
0.000473045710198616
0.000473045710198616
0.000473045710198616
0.000473045710198616
0.000473045710198616
0.000473045710198616
0.000473045710198616
0.000473045710198616
0.000473045710198616
0.000473045710198616
0.000473045710198616
0.000473045710198616
0.000473045710198616
0.000473045710198616
0.000473045710198616
0.000473045710198616
0.000473045710198616
0.000473045710198616
0.000473045710198616
0.000473045710198616
0.000473045710198616
0.000473045710198616
0.000473045710198616
0.000473045710198616
0.000473045710198616
0.000473045710198616
0.000473045710198616
0.000473045710198616
0.000473045710198616
0.000473045710198616
0.000473045710198616
0.000473045710198616
0.000473045710198616
0.000473045710198616
0.000473045710198616
0.000473045710198616
0.000473045710198616
0.000473045710198616
0.000473045710198616
0.000473045710198616
0.000473045710198616
0.000473045710198616
0.000473045710198616
0.000473045710198616
0.000473045710198616
0.000473045710198616
0.000473045710198616
0.000473045710198616
0.000473045710198616
0.000304871267090336
0.000304871267090336
0.000304871267090336
0.000304871267090336
0.000304871267090336
0.000304871267090336
0.000304871267090336
0.000304871267090336
0.000304871267090336
0.000304871267090336
0.000304871267090336
0.000304871267090336
0.000304871267090336
0.000304871267090336
0.000304871267090336
0.000304871267090336
0.000304871267090336
0.000304871267090336
0.000304871267090336
0.000304871267090336
0.000304871267090336
0.000304871267090336
0.000304871267090336
0.000304871267090336
0.000304871267090336
0.000304871267090336
0.000304871267090336
0.000304871267090336
0.000304871267090336
0.000304871267090336
0.000304871267090336
0.000304871267090336
0.000304871267090336
0.000304871267090336
0.000304871267090336
0.000304871267090336
0.000304871267090336
0.000304871267090336
0.000304871267090336
0.000304871267090336
0.000304871267090336
0.000304871267090336
0.000304871267090336
0.000304871267090336
0.000304871267090336
0.000304871267090336
0.000304871267090336
0.000304871267090336
0.000304871267090336
0.000304871267090336
0.000304871267090336
0.000304871267090336
0.000304871267090336
0.000304871267090336
0.000304871267090336
0.000304871267090336
0.000304871267090336
0.000304871267090336
0.000304871267090336
0.000304871267090336
0.000304871267090336
0.000304871267090336
0.000304871267090336
0.000304871267090336
0.000304871267090336
0.000304871267090336
0.000304871267090336
0.000304871267090336
0.000304871267090336
0.000304871267090336
0.000304871267090336
0.000304871267090336
0.000304871267090336
0.000304871267090336
0.000304871267090336
0.000304871267090336
0.000304871267090336
0.000304871267090336
0.000304871267090336
0.000304871267090336
0.000304871267090336
0.000304871267090336
0.000304871267090336
0.000304871267090336
0.000304871267090336
0.000304871267090336
0.000304871267090336
0.000304871267090336
0.000304871267090336
0.000304871267090336
0.000304871267090336
0.000304871267090336
0.000304871267090336
0.000304871267090336
0.000304871267090336
0.000304871267090336
0.000304871267090336
0.000304871267090336
0.000304871267090336
0.000304871267090336
0.000304871267090336
0.000304871267090336
0.000304871267090336
0.000304871267090336
0.000304871267090336
0.000304871267090336
0.000304871267090336
0.000304871267090336
0.000304871267090336
0.000304871267090336
0.000304871267090336
0.000304871267090336
0.000304871267090336
0.000304871267090336
0.000304871267090336
0.000304871267090336
0.000304871267090336
0.000304871267090336
0.00029149828964781
0.00029149828964781
0.00029149828964781
0.00029149828964781
0.00029149828964781
0.00029149828964781
0.00029149828964781
0.00029149828964781
0.00029149828964781
0.00029149828964781
0.00029149828964781
0.000245208035662127
8.93023821332357E-05
8.93023821332357E-05
8.93023821332357E-05
8.93023821332357E-05
8.93023821332357E-05
8.93023821332357E-05
8.93023821332357E-05
8.93023821332357E-05
8.93023821332357E-05
8.93023821332357E-05
8.93023821332357E-05
8.93023821332357E-05
8.93023821332357E-05
8.93023821332357E-05
8.93023821332357E-05
8.93023821332357E-05
8.93023821332357E-05
8.93023821332357E-05
3.65347753996662E-05
3.65347753996662E-05
3.65347753996662E-05
3.65347753996662E-05
3.65347753996662E-05
3.65347753996662E-05
3.65347753996662E-05
3.65347753996662E-05
3.65347753996662E-05
3.65347753996662E-05
3.65347753996662E-05
3.65347753996662E-05
3.65347753996662E-05
3.65347753996662E-05
3.65347753996662E-05
3.65347753996662E-05
3.65347753996662E-05
3.65347753996662E-05
3.65347753996662E-05
3.65347753996662E-05
3.65347753996662E-05
3.65347753996662E-05
3.65347753996662E-05
3.65347753996662E-05
3.65347753996662E-05
3.65347753996662E-05
3.65347753996662E-05
3.65347753996662E-05
3.65347753996662E-05
3.65347753996662E-05
3.65347753996662E-05
3.65347753996662E-05
6.60531422992016E-06
6.60531422992016E-06
6.60531422992016E-06
6.60531422992016E-06
6.60531422992016E-06
6.60531422992016E-06
6.60531422992016E-06
6.60531422992016E-06
6.60531422992016E-06
6.60531422992016E-06
6.60531422992016E-06
6.60531422992016E-06
6.60531422992016E-06
6.60531422992016E-06
6.60531422992016E-06
6.60531422992016E-06
6.60531422992016E-06
6.60531422992016E-06
6.60531422992016E-06
6.60531422992016E-06
6.60531422992016E-06
6.60531422992016E-06
6.60531422992016E-06
6.60531422992016E-06
6.60531422992016E-06
6.60531422992016E-06
6.60531422992016E-06
6.60531422992016E-06
6.60531422992016E-06
6.60531422992016E-06
6.60531422992016E-06
6.60531422992016E-06
5.40050365875763E-06
5.40050365875763E-06
5.40050365875763E-06
5.40050365875763E-06
3.4231993426859E-06
3.4231993426859E-06
1.65672513025332E-06
1.65672513025332E-06
1.65672513025332E-06
1.65672513025332E-06
1.65672513025332E-06
1.65672513025332E-06
1.65672513025332E-06
1.65672513025332E-06
1.65672513025332E-06
1.65672513025332E-06
1.65672513025332E-06
1.65672513025332E-06
1.65672513025332E-06
1.65672513025332E-06
1.65672513025332E-06
1.65672513025332E-06
1.65672513025332E-06
1.65672513025332E-06
1.65672513025332E-06
1.65672513025332E-06
1.65672513025332E-06
1.40887761941121E-06
1.40887761941121E-06
1.40887761941121E-06
1.40887761941121E-06
1.40887761941121E-06
1.40887761941121E-06
1.40887761941121E-06
1.07113629411725E-06
1.07113629411725E-06
1.07113629411725E-06
1.07113629411725E-06
1.07113629411725E-06
7.01394334815403E-07
7.01394334815403E-07
7.01394334815403E-07
7.01394334815403E-07
7.01394334815403E-07
7.01394334815403E-07
7.01394334815403E-07
7.01394334815403E-07
2.92322591009506E-07
2.92322591009506E-07
2.92322591009506E-07
2.92322591009506E-07
2.92322591009506E-07
2.92322591009506E-07
2.92322591009506E-07
2.92322591009506E-07
2.92322591009506E-07
2.92322591009506E-07
2.92322591009506E-07
2.7328764736424E-07
2.7328764736424E-07
2.7328764736424E-07
2.7328764736424E-07
2.7328764736424E-07
5.93121976306367E-08
5.93121976306367E-08
5.93121976306367E-08
5.93121976306367E-08
5.93121976306367E-08
5.93121976306367E-08
5.93121976306367E-08
5.93121976306367E-08
5.93121976306367E-08
5.93121976306367E-08
5.93121976306367E-08
5.93121976306367E-08
5.93121976306367E-08
5.93121976306367E-08
5.93121976306367E-08
5.93121976306367E-08
5.93121976306367E-08
5.93121976306367E-08
1.15623963335501E-08
1.15623963335501E-08
1.15623963335501E-08
1.15623963335501E-08
1.15623963335501E-08
1.15623963335501E-08
1.15623963335501E-08
1.15623963335501E-08
1.15623963335501E-08
1.15623963335501E-08
1.15623963335501E-08
1.15623963335501E-08
1.15623963335501E-08
1.15623963335501E-08
1.15623963335501E-08
2.96273798731484E-09
2.96273798731484E-09
2.96273798731484E-09
2.96273798731484E-09
2.96273798731484E-09
2.96273798731484E-09
2.96273798731484E-09
2.96273798731484E-09
2.96273798731484E-09
2.96273798731484E-09
2.96273798731484E-09
2.96273798731484E-09
2.96273798731484E-09
2.96273798731484E-09
2.96273798731484E-09
2.96273798731484E-09
2.96273798731484E-09
2.96273798731484E-09
2.96273798731484E-09
2.96273798731484E-09
2.96273798731484E-09
2.96273798731484E-09
2.96273798731484E-09
2.96273798731484E-09
2.96273798731484E-09
2.96273798731484E-09
2.96273798731484E-09
2.96273798731484E-09
2.96273798731484E-09
2.96273798731484E-09
2.96273798731484E-09
2.96273798731484E-09
2.96273798731484E-09
2.96273798731484E-09
2.96273798731484E-09
2.96273798731484E-09
2.96273798731484E-09
2.96273798731484E-09
2.96273798731484E-09

