0.408757778805585
0.0847088178973934
0.0847088178973934
0.0847088178973934
0.0847088178973934
0.0470038200401398
0.0470038200401398
0.0160491883791745
0.00156913977767047
0.00156913977767047
0.00156913977767047
0.00156913977767047
0.00156913977767047
0.00156913977767047
0.00156913977767047
0.00156913977767047
0.00156913977767047
0.00156913977767047
0.00156913977767047
0.00156913977767047
0.00156913977767047
0.00156913977767047
0.00156913977767047
0.00156913977767047
0.00156913977767047
0.00156913977767047
0.00156913977767047
0.00156913977767047
0.00156913977767047
0.00156913977767047
0.00156913977767047
0.00156913977767047
0.00156913977767047
0.00156913977767047
0.00156913977767047
0.00156913977767047
0.00156913977767047
0.00156913977767047
0.00156913977767047
0.00156913977767047
0.00156913977767047
0.00156913977767047
0.00156913977767047
0.00156913977767047
0.00156913977767047
0.00156913977767047
0.00156913977767047
0.00156913977767047
0.00156913977767047
0.00156913977767047
0.00156913977767047
0.00156913977767047
0.00156913977767047
0.00156913977767047
0.00156913977767047
0.00156913977767047
0.00156913977767047
0.00156913977767047
0.00156913977767047
0.00114266974877998
0.00114266974877998
0.00114266974877998
0.00114266974877998
0.00114266974877998
0.00114266974877998
0.00114266974877998
0.00114266974877998
0.00114266974877998
0.00108672501348174
0.00108672501348174
0.00108672501348174
0.00108672501348174
0.00108672501348174
0.00108672501348174
0.00108672501348174
0.00108672501348174
0.00108672501348174
0.00108414108669198
0.00108414108669198
0.00108414108669198
0.00108414108669198
0.00108414108669198
0.00108414108669198
0.00108414108669198
0.00108414108669198
0.00108414108669198
0.00108414108669198
0.00108414108669198
0.000859389851514464
0.000859389851514464
0.000131086024267512
0.000131086024267512
0.000131086024267512
0.000131086024267512
0.000131086024267512
0.000131086024267512
0.000131086024267512
0.000131086024267512
0.000131086024267512
0.000131086024267512
0.000131086024267512
0.000131086024267512
0.000131086024267512
0.000131086024267512
0.000131086024267512
0.000131086024267512
0.000131086024267512
0.000131086024267512
0.000131086024267512
0.000131086024267512
0.000131086024267512
0.000131086024267512
0.000131086024267512
0.000131086024267512
0.000131086024267512
0.000131086024267512
0.000131086024267512
0.000131086024267512
0.000131086024267512
0.000131086024267512
0.000131086024267512
0.000131086024267512
0.000131086024267512
0.000131086024267512
0.000131086024267512
0.000131086024267512
0.000131086024267512
0.000131086024267512
0.000131086024267512
0.000131086024267512
0.000131086024267512
0.000131086024267512
0.000131086024267512
0.000131086024267512
0.000131086024267512
0.000131086024267512
0.000131086024267512
0.000131086024267512
0.000131086024267512
0.000131086024267512
0.000131086024267512
0.000131086024267512
0.000131086024267512
0.000131086024267512
0.000131086024267512
0.000131086024267512
0.000131086024267512
0.000131086024267512
0.000131086024267512
0.000131086024267512
0.000131086024267512
0.000131086024267512
0.000131086024267512
0.000131086024267512
0.000131086024267512
0.000131086024267512
0.000131086024267512
0.000131086024267512
0.000131086024267512
0.000131086024267512
0.000131086024267512
0.000131086024267512
0.000131086024267512
0.000131086024267512
0.000131086024267512
0.000131086024267512
0.000131086024267512
0.000131086024267512
0.000131086024267512
0.000131086024267512
0.000131086024267512
0.000131086024267512
0.000131086024267512
0.000131086024267512
0.000131086024267512
0.000131086024267512
0.000131086024267512
0.000131086024267512
0.000131086024267512
0.000131086024267512
0.000131086024267512
0.000131086024267512
0.000131086024267512
0.000131086024267512
0.000131086024267512
0.000131086024267512
0.000131086024267512
0.000131086024267512
0.000131086024267512
0.000131086024267512
0.000131086024267512
0.000131086024267512
0.000131086024267512
0.000131086024267512
0.000131086024267512
0.000131086024267512
0.000131086024267512
0.000131086024267512
0.000131086024267512
0.000131086024267512
0.000131086024267512
0.000131086024267512
0.000131086024267512
0.000131086024267512
0.000131086024267512
0.000131086024267512
0.000131086024267512
0.000131086024267512
0.000131086024267512
0.000131086024267512
0.000131086024267512
0.000131086024267512
0.000131086024267512
0.000131086024267512
0.000131086024267512
0.000131086024267512
0.000131086024267512
0.000131086024267512
0.000131086024267512
0.000131086024267512
0.000131086024267512
0.000131086024267512
0.000131086024267512
0.000131086024267512
0.000131086024267512
0.000131086024267512
0.000131086024267512
0.000131086024267512
0.000131086024267512
0.000131086024267512
0.000131086024267512
0.000131086024267512
0.000131086024267512
0.000131086024267512
0.000131086024267512
0.000131086024267512
0.000131086024267512
0.000131086024267512
0.000131086024267512
0.000131086024267512
0.000131086024267512
0.000131086024267512
0.000131086024267512
0.000131086024267512
0.000131086024267512
0.000131086024267512
0.000131086024267512
0.000131086024267512
0.000131086024267512
0.000131086024267512
0.000131086024267512
0.000131086024267512
0.000131086024267512
0.000131086024267512
0.000131086024267512
0.000131086024267512
0.000131086024267512
0.000131086024267512
0.000131086024267512
0.000131086024267512
0.000131086024267512
0.000131086024267512
0.000131086024267512
0.000131086024267512
0.000131086024267512
0.000131086024267512
0.000131086024267512
0.000131086024267512
0.000131086024267512
0.000131086024267512
0.000131086024267512
0.000131086024267512
0.000131086024267512
0.000131086024267512
0.000131086024267512
0.000131086024267512
0.000131086024267512
0.000131086024267512
0.000131086024267512
0.000131086024267512
0.000131086024267512
0.000131086024267512
0.000131086024267512
0.000102346849330962
0.000102346849330962
0.000102346849330962
0.000102346849330962
6.19646901490044E-05
6.19646901490044E-05
6.19646901490044E-05
6.19646901490044E-05
6.19646901490044E-05
6.19646901490044E-05
6.19646901490044E-05
6.19646901490044E-05
6.19646901490044E-05
6.19646901490044E-05
6.19646901490044E-05
6.19646901490044E-05
6.19646901490044E-05
6.19646901490044E-05
6.19646901490044E-05
6.19646901490044E-05
6.19646901490044E-05
6.19646901490044E-05
6.19646901490044E-05
6.19646901490044E-05
6.19646901490044E-05
6.19646901490044E-05
6.19646901490044E-05
6.19646901490044E-05
6.19646901490044E-05
6.19646901490044E-05
6.19646901490044E-05
6.19646901490044E-05
6.19646901490044E-05
6.19646901490044E-05
6.19646901490044E-05
6.19646901490044E-05
5.68437326353396E-05
5.68437326353396E-05
5.68437326353396E-05
5.68437326353396E-05
5.68437326353396E-05
5.68437326353396E-05
5.68437326353396E-05
5.68437326353396E-05
5.68437326353396E-05
5.68437326353396E-05
5.26852163943793E-05
5.26852163943793E-05
2.66395613470608E-05
2.66395613470608E-05
2.66395613470608E-05
2.66395613470608E-05
2.66395613470608E-05
2.66395613470608E-05
2.66395613470608E-05
2.66395613470608E-05
2.66395613470608E-05
2.66395613470608E-05
2.66395613470608E-05
2.66395613470608E-05
2.66395613470608E-05
2.66395613470608E-05
2.66395613470608E-05
2.66395613470608E-05
2.66395613470608E-05
1.96072837088011E-05
1.96072837088011E-05
1.96072837088011E-05
1.96072837088011E-05
1.96072837088011E-05
1.0735952833812E-05
1.0735952833812E-05
1.0735952833812E-05
1.0735952833812E-05
2.64646433990589E-06
2.64646433990589E-06
2.64646433990589E-06
2.64646433990589E-06
2.64646433990589E-06
2.64646433990589E-06
1.40268201493055E-06
1.40268201493055E-06
1.40268201493055E-06
1.40268201493055E-06
1.40268201493055E-06
1.40268201493055E-06
1.40268201493055E-06
1.40268201493055E-06
9.22882754082481E-07
9.22882754082481E-07
9.22882754082481E-07
9.22882754082481E-07
9.22882754082481E-07
9.22882754082481E-07
9.22882754082481E-07
5.62234593053898E-07
5.62234593053898E-07
5.62234593053898E-07
5.62234593053898E-07
5.62234593053898E-07
5.62234593053898E-07
5.62234593053898E-07
5.62234593053898E-07
5.62234593053898E-07
5.62234593053898E-07
5.62234593053898E-07
5.62234593053898E-07
5.62234593053898E-07
5.62234593053898E-07
5.62234593053898E-07
5.62234593053898E-07
5.62234593053898E-07
5.62234593053898E-07
5.62234593053898E-07
5.62234593053898E-07
5.62234593053898E-07
4.84671811757769E-07
4.84671811757769E-07
4.84671811757769E-07
4.84671811757769E-07
4.84671811757769E-07
4.84671811757769E-07
4.84671811757769E-07
4.84671811757769E-07
4.84671811757769E-07
4.84671811757769E-07
4.84671811757769E-07
4.84671811757769E-07
2.6155143285222E-07
2.6155143285222E-07
2.6155143285222E-07
2.6155143285222E-07
2.6155143285222E-07
2.6155143285222E-07
2.6155143285222E-07
2.6155143285222E-07
2.6155143285222E-07
2.24667197564268E-07
2.24667197564268E-07
2.24667197564268E-07
2.24667197564268E-07
2.24667197564268E-07
2.24667197564268E-07
2.24667197564268E-07
2.24667197564268E-07
2.24667197564268E-07
2.24667197564268E-07
2.24667197564268E-07
2.24667197564268E-07
2.24667197564268E-07
2.24667197564268E-07
2.24667197564268E-07
2.24667197564268E-07
2.24667197564268E-07
7.46540146858781E-08
7.46540146858781E-08
7.46540146858781E-08
7.46540146858781E-08
7.46540146858781E-08
7.46540146858781E-08
7.46540146858781E-08
6.28583832143082E-08
4.669643650677E-08
4.669643650677E-08
4.669643650677E-08
4.669643650677E-08
4.669643650677E-08
4.669643650677E-08
3.28962864186825E-08
3.28962864186825E-08
3.28962864186825E-08
3.28962864186825E-08
9.11464203961089E-09
9.11464203961089E-09
9.11464203961089E-09
9.11464203961089E-09
9.11464203961089E-09
9.11464203961089E-09
9.11464203961089E-09
9.11464203961089E-09
9.11464203961089E-09
9.11464203961089E-09
9.11464203961089E-09
9.11464203961089E-09
8.50606354466158E-09
8.50606354466158E-09
8.50606354466158E-09
8.50606354466158E-09
8.50606354466158E-09
8.50606354466158E-09
7.42722959004258E-09
7.42722959004258E-09
7.42722959004258E-09
7.42722959004258E-09
7.42722959004258E-09
7.42722959004258E-09
7.42722959004258E-09
7.42722959004258E-09
7.42722959004258E-09
7.42722959004258E-09
1.81266901011723E-09
1.81266901011723E-09
1.81266901011723E-09
1.81266901011723E-09
1.81266901011723E-09
1.81266901011723E-09
1.81266901011723E-09
1.81266901011723E-09
1.81266901011723E-09
1.81266901011723E-09
1.81266901011723E-09
1.81266901011723E-09
1.81266901011723E-09
1.81266901011723E-09
1.81266901011723E-09
1.81266901011723E-09
1.81266901011723E-09

