0.668962808447885
0.484232771667723
0.142231880828252
0.0469048365184535
0.0469048365184535
0.0469048365184535
0.00619382566503732
0.00619382566503732
0.00554173565266288
0.00554173565266288
0.00554173565266288
0.00554173565266288
0.00554173565266288
0.00554173565266288
0.00554173565266288
0.00554173565266288
0.00554173565266288
0.00554173565266288
0.00554173565266288
0.00554173565266288
0.00365476006118425
0.00365476006118425
0.00145652772702145
0.00145652772702145
0.00145652772702145
0.00145652772702145
0.00145652772702145
0.00145652772702145
0.00145652772702145
0.00145652772702145
0.00145652772702145
0.00145652772702145
0.00145652772702145
0.00145652772702145
0.00145652772702145
0.00145652772702145
0.00145652772702145
0.00145652772702145
0.00145652772702145
0.00145652772702145
0.00145652772702145
0.00145652772702145
0.00145652772702145
0.00145652772702145
0.00145652772702145
0.00145652772702145
0.00145652772702145
0.00145652772702145
0.00145652772702145
0.00145652772702145
0.000276999084820467
0.000276999084820467
0.000276999084820467
0.000276999084820467
0.000276999084820467
0.000276999084820467
0.000276999084820467
0.000276999084820467
0.000276999084820467
0.000276999084820467
0.000276999084820467
0.000276999084820467
0.000276999084820467
0.000276999084820467
0.000276999084820467
0.000276999084820467
0.000276999084820467
0.000276999084820467
0.000276999084820467
0.000276999084820467
0.000276999084820467
0.000276999084820467
0.000276999084820467
0.000276999084820467
0.000276999084820467
0.000276999084820467
0.000276999084820467
0.000276999084820467
0.000276999084820467
0.000276999084820467
0.000276999084820467
0.000276999084820467
0.000276999084820467
0.000276999084820467
0.000276999084820467
0.000276999084820467
0.000276999084820467
0.000276999084820467
0.000276999084820467
0.000276999084820467
0.000276999084820467
0.000276999084820467
0.000276999084820467
0.000276999084820467
0.000276999084820467
0.000276999084820467
0.000276999084820467
0.000276999084820467
0.000276999084820467
0.000276999084820467
0.000276999084820467
0.000276999084820467
0.000276999084820467
0.000276999084820467
0.000276999084820467
0.000276999084820467
0.000276999084820467
0.000276999084820467
0.000276999084820467
0.000276999084820467
0.000276999084820467
0.000276999084820467
0.000276999084820467
0.000276999084820467
0.000276999084820467
0.000276999084820467
0.000276999084820467
0.000276999084820467
0.000276999084820467
0.000276999084820467
0.000276999084820467
0.000276999084820467
0.000276999084820467
0.000276999084820467
0.000276999084820467
0.000276999084820467
0.000276999084820467
0.000276999084820467
0.000276999084820467
0.000276999084820467
0.000276999084820467
0.000276999084820467
0.000276999084820467
0.000276999084820467
0.000276999084820467
0.000276999084820467
0.000276999084820467
0.000276999084820467
0.000276999084820467
0.000276999084820467
0.000276999084820467
0.000276999084820467
0.000276999084820467
0.000276999084820467
0.000276999084820467
0.000276999084820467
0.000276999084820467
0.000276999084820467
0.000276999084820467
0.000276999084820467
0.000276999084820467
0.000276999084820467
0.000276999084820467
0.000276999084820467
0.000276999084820467
0.000276999084820467
0.000276999084820467
0.000276999084820467
0.000276999084820467
0.000276999084820467
0.000276999084820467
0.000276999084820467
0.000276999084820467
0.000276999084820467
0.000276999084820467
0.000276999084820467
0.000276999084820467
0.000276999084820467
0.000276999084820467
0.000276999084820467
0.000276999084820467
0.000276999084820467
0.000276999084820467
0.000276999084820467
0.000276999084820467
0.000276999084820467
0.000276999084820467
0.000276999084820467
0.000276999084820467
0.000213362329479197
0.000213362329479197
0.000213362329479197
0.000213362329479197
0.000213362329479197
0.000213362329479197
0.000213362329479197
0.000213362329479197
0.000213362329479197
0.000213362329479197
0.000213362329479197
0.000213362329479197
0.000213362329479197
0.000213362329479197
0.000213362329479197
0.000213362329479197
0.000213362329479197
0.000213362329479197
0.000213362329479197
0.000213362329479197
0.000213362329479197
0.000213362329479197
0.000213362329479197
0.000213362329479197
0.000213362329479197
0.000213362329479197
0.000213362329479197
0.000213362329479197
0.000213362329479197
0.000213362329479197
0.000213362329479197
0.000213362329479197
0.000213362329479197
0.000213362329479197
0.000213362329479197
0.000213362329479197
0.000213362329479197
0.000213362329479197
0.000213362329479197
0.000213362329479197
0.000213362329479197
0.000211562746727519
0.000211562746727519
0.000211562746727519
0.000211562746727519
0.000211562746727519
0.000211562746727519
0.000211562746727519
0.000211562746727519
0.000211562746727519
0.000139934929216016
0.000139934929216016
0.000139934929216016
0.000139934929216016
0.000139934929216016
0.000139934929216016
0.000139934929216016
0.000139934929216016
0.000139934929216016
0.000139934929216016
0.000139934929216016
0.000139934929216016
0.000139934929216016
0.000139934929216016
0.000139934929216016
0.000139934929216016
0.000139934929216016
0.000137799294437006
0.000137799294437006
0.000137799294437006
0.000137799294437006
0.000137799294437006
0.000137799294437006
0.000137799294437006
0.000137799294437006
0.000137799294437006
0.000137799294437006
0.000137799294437006
0.000137799294437006
0.000137799294437006
0.000121769680493671
0.000121769680493671
0.000121769680493671
0.000121769680493671
0.000121769680493671
0.000121769680493671
0.000121769680493671
0.000121769680493671
0.000121769680493671
0.000121769680493671
0.000121769680493671
0.000121769680493671
0.000121769680493671
0.000121769680493671
0.000121769680493671
0.000121769680493671
0.000121769680493671
0.000121769680493671
0.000121769680493671
0.000121769680493671
0.000121769680493671
0.000121769680493671
0.000121769680493671
0.000121769680493671
0.000121769680493671
0.000121769680493671
0.000121769680493671
0.000121769680493671
0.000121769680493671
0.000121769680493671
0.000121769680493671
0.000121769680493671
0.000121769680493671
0.000121769680493671
0.000121769680493671
0.000118828081570106
0.000118828081570106
0.000118828081570106
0.000118828081570106
0.000118828081570106
0.000118828081570106
0.000118828081570106
0.000118828081570106
0.000103810415853179
9.14365071460208E-05
4.49331095773208E-05
4.49331095773208E-05
4.49331095773208E-05
9.03831430745279E-06
9.03831430745279E-06
9.03831430745279E-06
9.03831430745279E-06
9.03831430745279E-06
9.03831430745279E-06
9.03831430745279E-06
9.03831430745279E-06
9.03831430745279E-06
9.03831430745279E-06
9.03831430745279E-06
9.03831430745279E-06
9.03831430745279E-06
9.03831430745279E-06
9.03831430745279E-06
9.03831430745279E-06
9.03831430745279E-06
9.03831430745279E-06
9.03831430745279E-06
9.03831430745279E-06
9.03831430745279E-06
9.03831430745279E-06
9.03831430745279E-06
3.23131400388518E-06
3.23131400388518E-06
3.23131400388518E-06
3.23131400388518E-06
3.23131400388518E-06
3.23131400388518E-06
3.23131400388518E-06
3.23131400388518E-06
3.23131400388518E-06
3.23131400388518E-06
3.23131400388518E-06
3.23131400388518E-06
3.23131400388518E-06
3.23131400388518E-06
3.23131400388518E-06
3.23131400388518E-06
3.23131400388518E-06
3.23131400388518E-06
3.23131400388518E-06
3.23131400388518E-06
3.23131400388518E-06
3.23131400388518E-06
3.23131400388518E-06
3.23131400388518E-06
3.23131400388518E-06
3.23131400388518E-06
3.23131400388518E-06
3.23131400388518E-06
3.23131400388518E-06
3.23131400388518E-06
3.23131400388518E-06
3.23131400388518E-06
3.23131400388518E-06
3.23131400388518E-06
3.23131400388518E-06
3.23131400388518E-06
3.23131400388518E-06
3.23131400388518E-06
3.23131400388518E-06
3.23131400388518E-06
3.23131400388518E-06
3.23131400388518E-06
3.23131400388518E-06
3.23131400388518E-06
3.23131400388518E-06
3.23131400388518E-06
3.23131400388518E-06
2.15431524975707E-06
2.15431524975707E-06
2.15431524975707E-06
2.15431524975707E-06
2.15431524975707E-06
2.15431524975707E-06
2.15431524975707E-06
2.15431524975707E-06
2.15431524975707E-06
2.15431524975707E-06
2.15431524975707E-06
2.15431524975707E-06
2.15431524975707E-06
2.15431524975707E-06
2.15431524975707E-06
2.15431524975707E-06
1.22334360191142E-06
1.22334360191142E-06
1.22334360191142E-06
1.22334360191142E-06
1.22334360191142E-06
1.22334360191142E-06
6.53218260745011E-07
6.53218260745011E-07
6.53218260745011E-07
6.53218260745011E-07
6.53218260745011E-07
6.53218260745011E-07
6.53218260745011E-07
6.53218260745011E-07
6.53218260745011E-07
6.53218260745011E-07
6.53218260745011E-07
6.53218260745011E-07
6.53218260745011E-07
6.53218260745011E-07
6.53218260745011E-07
6.53218260745011E-07
6.53218260745011E-07
6.53218260745011E-07
6.53218260745011E-07
3.24072613340826E-07
3.24072613340826E-07
3.24072613340826E-07
3.24072613340826E-07
2.40178405269353E-07
2.40178405269353E-07
2.40178405269353E-07
2.40178405269353E-07
2.40178405269353E-07
2.40178405269353E-07
2.40178405269353E-07
2.40178405269353E-07
2.40178405269353E-07
2.40178405269353E-07
2.40178405269353E-07
2.40178405269353E-07
2.40178405269353E-07
2.40178405269353E-07
2.40178405269353E-07
2.40178405269353E-07
2.40178405269353E-07
2.40178405269353E-07
1.15544825984945E-07
1.15544825984945E-07
1.15544825984945E-07
6.28706477506013E-08
6.28706477506013E-08
6.28706477506013E-08
6.28706477506013E-08
6.28706477506013E-08
6.28706477506013E-08
6.28706477506013E-08
6.28706477506013E-08
6.28706477506013E-08
6.28706477506013E-08
6.28706477506013E-08
6.28706477506013E-08
6.28706477506013E-08
6.28706477506013E-08
6.28706477506013E-08
6.28706477506013E-08
6.28706477506013E-08
6.28706477506013E-08
6.28706477506013E-08
6.28706477506013E-08
6.28706477506013E-08
6.28706477506013E-08
6.28706477506013E-08
6.28706477506013E-08
6.28706477506013E-08
6.28706477506013E-08
3.79161220487199E-08
3.79161220487199E-08
3.79161220487199E-08
3.79161220487199E-08
3.79161220487199E-08
2.43734894025497E-08
2.43734894025497E-08
2.43734894025497E-08
2.43734894025497E-08
2.43734894025497E-08
2.43734894025497E-08
2.43734894025497E-08
2.43734894025497E-08
2.43734894025497E-08
2.39269647273468E-08
2.39269647273468E-08
2.39269647273468E-08
2.39269647273468E-08
2.39269647273468E-08
8.38323260772899E-09
8.38323260772899E-09
8.38323260772899E-09
8.38323260772899E-09
8.38323260772899E-09
8.38323260772899E-09
8.38323260772899E-09
8.38323260772899E-09
8.38323260772899E-09
8.38323260772899E-09
8.38323260772899E-09
8.38323260772899E-09

