0.105202241926058
0.105191663611374
0.0490501157361068
0.0439842041583642
0.0386592807155236
0.00886640930356342
0.00792888997770513
0.00649652580904481
0.00587909036153755
0.00584497263999262
0.00425060805944455
0.00290220695332299
0.00290220695332299
0.00290220695332299
0.00134805232690516
0.00134805232690516
0.00129321753335099
0.00129321753335099
0.000497473463407561
0.000204636010107673
0.000204636010107673
0.000159192715514678
0.000152564440947578
0.000144486127337751
5.13099552084118E-05
5.13099552084118E-05
4.46650311881625E-05
4.46650311881625E-05
2.98964653857592E-05
2.98964653857592E-05
2.98964653857592E-05
2.7262676375206E-05
2.68209114812068E-05
2.68209114812068E-05
2.68209114812068E-05
2.68209114812068E-05
2.68209114812068E-05
2.68209114812068E-05
2.64084444472346E-05
2.64084444472346E-05
2.01948464477741E-05
1.62470302321749E-05
1.62470302321749E-05
1.02441299633105E-05
5.95474840159316E-06
5.95474840159316E-06
5.03565981802012E-06
3.14508800969282E-06
3.14508800969282E-06
3.14508800969282E-06
3.14508800969282E-06
3.14508800969282E-06
2.1557479439327E-06
2.1557479439327E-06
2.1557479439327E-06
2.1557479439327E-06
2.08696202497194E-06
2.08696202497194E-06
2.08696202497194E-06
2.08696202497194E-06
2.08696202497194E-06
8.85714364406986E-07
8.85714364406986E-07
8.85714364406986E-07
8.85714364406986E-07
8.85714364406986E-07
8.85714364406986E-07
8.85714364406986E-07
8.85714364406986E-07
8.85714364406986E-07
8.85714364406986E-07
4.57049782798258E-07
4.57049782798258E-07
4.57049782798258E-07
4.57049782798258E-07
4.57049782798258E-07
4.57049782798258E-07
3.09493516259529E-07
3.09493516259529E-07
3.09493516259529E-07
3.09493516259529E-07
3.09493516259529E-07
3.09493516259529E-07
3.09493516259529E-07
3.09493516259529E-07
3.09493516259529E-07
3.09493516259529E-07
3.09493516259529E-07
3.09493516259529E-07
3.09493516259529E-07
3.09493516259529E-07
3.09493516259529E-07
3.09493516259529E-07
3.09493516259529E-07
2.34208300975425E-07
2.34208300975425E-07
2.34208300975425E-07
2.34208300975425E-07
2.34208300975425E-07
2.34208300975425E-07
2.34208300975425E-07
2.34208300975425E-07
2.34208300975425E-07
2.34208300975425E-07
2.34208300975425E-07
2.34208300975425E-07
2.34208300975425E-07
2.34208300975425E-07
2.34208300975425E-07
2.34208300975425E-07
2.34208300975425E-07
2.34208300975425E-07
2.34208300975425E-07
2.34208300975425E-07
2.34208300975425E-07
2.34208300975425E-07
2.34208300975425E-07
2.34208300975425E-07
2.34208300975425E-07
2.34208300975425E-07
2.34208300975425E-07
2.34208300975425E-07
2.34208300975425E-07
2.34208300975425E-07
2.34208300975425E-07
2.34208300975425E-07
1.50309340640753E-07
1.50309340640753E-07
1.50309340640753E-07
1.50309340640753E-07
1.50309340640753E-07
1.50309340640753E-07
1.50309340640753E-07
1.50309340640753E-07
1.50309340640753E-07
1.50309340640753E-07
1.50309340640753E-07
1.50309340640753E-07
1.50309340640753E-07
1.50309340640753E-07
1.50309340640753E-07
1.50309340640753E-07
1.50309340640753E-07
1.50309340640753E-07
1.50309340640753E-07
1.50309340640753E-07
1.50309340640753E-07
1.50309340640753E-07
1.50309340640753E-07
1.50309340640753E-07
1.50309340640753E-07
8.94492315772766E-08
8.94492315772766E-08
8.94492315772766E-08
8.94492315772766E-08
8.94492315772766E-08
8.94492315772766E-08
8.94492315772766E-08
8.94492315772766E-08
8.28604046487769E-08
8.28604046487769E-08
8.28604046487769E-08
8.28604046487769E-08
8.28604046487769E-08
8.28604046487769E-08
8.28604046487769E-08
8.28604046487769E-08
8.28604046487769E-08
8.08009550379296E-08
8.08009550379296E-08
8.08009550379296E-08
8.08009550379296E-08
8.08009550379296E-08
1.48928105403456E-08
1.48928105403456E-08
1.48928105403456E-08
1.48928105403456E-08
1.48928105403456E-08
1.48928105403456E-08
1.48928105403456E-08
1.48928105403456E-08
1.48928105403456E-08
1.48928105403456E-08
1.48928105403456E-08
1.48928105403456E-08
1.48928105403456E-08
1.48928105403456E-08
1.48928105403456E-08
1.48928105403456E-08
1.48928105403456E-08
1.48928105403456E-08
1.48928105403456E-08
1.48928105403456E-08
1.48928105403456E-08
1.48928105403456E-08
1.48928105403456E-08
1.48928105403456E-08
1.48928105403456E-08
1.48928105403456E-08
1.48928105403456E-08
1.48928105403456E-08
1.48928105403456E-08
1.48928105403456E-08
1.48928105403456E-08
1.48928105403456E-08
1.48928105403456E-08
1.48928105403456E-08
1.48928105403456E-08
1.48928105403456E-08
1.48928105403456E-08
1.48928105403456E-08
1.48928105403456E-08
1.48928105403456E-08
1.48928105403456E-08
1.48928105403456E-08
1.48928105403456E-08
1.48928105403456E-08
1.48928105403456E-08
1.48928105403456E-08
1.48928105403456E-08
1.48928105403456E-08
1.48928105403456E-08
1.48928105403456E-08
1.48928105403456E-08
1.48928105403456E-08
1.48928105403456E-08
1.48928105403456E-08
1.48928105403456E-08
1.48928105403456E-08
1.48928105403456E-08
1.48928105403456E-08
1.48928105403456E-08
1.48928105403456E-08
1.48928105403456E-08
1.48928105403456E-08
1.48928105403456E-08
1.48928105403456E-08
1.48928105403456E-08
1.48928105403456E-08
1.42341497477716E-08
1.42341497477716E-08
1.42341497477716E-08
1.42341497477716E-08
1.42341497477716E-08
1.42341497477716E-08
1.42341497477716E-08
1.42341497477716E-08
1.42341497477716E-08
1.42341497477716E-08
1.42341497477716E-08
1.42341497477716E-08
1.42341497477716E-08
1.42341497477716E-08
1.42341497477716E-08
1.42341497477716E-08
1.42341497477716E-08
1.42341497477716E-08
1.42341497477716E-08
1.42341497477716E-08
1.42341497477716E-08
1.09929515490492E-08
1.09929515490492E-08
1.09929515490492E-08
1.09929515490492E-08
1.09929515490492E-08
1.09929515490492E-08
1.09929515490492E-08
1.09929515490492E-08
1.09929515490492E-08
1.09929515490492E-08
1.09929515490492E-08
1.09929515490492E-08
1.09929515490492E-08
1.09929515490492E-08
1.09929515490492E-08
1.09929515490492E-08
1.09929515490492E-08
1.09929515490492E-08
1.09929515490492E-08
1.09929515490492E-08
1.09929515490492E-08
1.09929515490492E-08
1.09929515490492E-08
1.09929515490492E-08
1.09929515490492E-08
1.02492501152796E-08
9.21812992604742E-09
9.21812992604742E-09
9.21812992604742E-09
9.21812992604742E-09
9.21812992604742E-09
9.21812992604742E-09
9.21812992604742E-09
9.21812992604742E-09
8.18243606204305E-09
8.18243606204305E-09
8.18243606204305E-09
8.18243606204305E-09
8.18243606204305E-09
8.18243606204305E-09
8.18243606204305E-09
1.77775993925877E-09
1.77775993925877E-09
1.77775993925877E-09
1.77775993925877E-09
1.77775993925877E-09
1.77775993925877E-09
1.77775993925877E-09
1.77775993925877E-09
1.77775993925877E-09
1.77775993925877E-09
1.77775993925877E-09
1.77775993925877E-09
1.77775993925877E-09
1.77775993925877E-09
1.77775993925877E-09
1.77775993925877E-09
1.77775993925877E-09
1.77775993925877E-09
1.77775993925877E-09
1.77775993925877E-09
1.77775993925877E-09
1.77775993925877E-09
1.77775993925877E-09
1.77775993925877E-09
1.77775993925877E-09
1.77775993925877E-09
1.77775993925877E-09
1.77775993925877E-09
8.74713523835169E-10
8.74713523835169E-10
8.74713523835169E-10
8.74713523835169E-10
8.74713523835169E-10
8.74713523835169E-10
8.74713523835169E-10
8.74713523835169E-10
8.74713523835169E-10
8.74713523835169E-10
8.74713523835169E-10
8.74713523835169E-10
8.74713523835169E-10
8.74713523835169E-10
8.74713523835169E-10
8.74713523835169E-10
8.74713523835169E-10
8.74713523835169E-10
8.74713523835169E-10
8.74713523835169E-10
8.74713523835169E-10
8.74713523835169E-10
8.74713523835169E-10
8.74713523835169E-10
8.74713523835169E-10
8.74713523835169E-10
8.74713523835169E-10
8.74713523835169E-10
8.74713523835169E-10
8.74713523835169E-10
8.74713523835169E-10
8.74713523835169E-10
8.74713523835169E-10
8.74713523835169E-10
8.74713523835169E-10
8.74713523835169E-10
8.74713523835169E-10
8.74713523835169E-10
8.74713523835169E-10
8.74713523835169E-10
8.74713523835169E-10
8.74713523835169E-10
8.74713523835169E-10
8.74713523835169E-10
8.74713523835169E-10
8.74713523835169E-10
8.74713523835169E-10
8.74713523835169E-10
8.74713523835169E-10
8.74713523835169E-10
8.74713523835169E-10
8.74713523835169E-10
8.74713523835169E-10
8.74713523835169E-10
8.74713523835169E-10
8.74713523835169E-10
8.74713523835169E-10
8.74713523835169E-10
8.74713523835169E-10
8.74713523835169E-10
8.74713523835169E-10
8.74713523835169E-10
8.74713523835169E-10
8.74713523835169E-10
8.74713523835169E-10
8.74713523835169E-10
8.74713523835169E-10
8.74713523835169E-10
8.74713523835169E-10
8.74713523835169E-10
8.74713523835169E-10
8.74713523835169E-10
8.45114977998662E-10
8.45114977998662E-10
8.45114977998662E-10
8.45114977998662E-10
8.45114977998662E-10
8.45114977998662E-10
8.45114977998662E-10
8.45114977998662E-10
8.45114977998662E-10
8.45114977998662E-10
8.45114977998662E-10
8.45114977998662E-10
8.45114977998662E-10
4.82905715415427E-10
4.82905715415427E-10
4.82905715415427E-10
4.82905715415427E-10
4.82905715415427E-10
4.82905715415427E-10
4.82905715415427E-10
4.82905715415427E-10
4.82905715415427E-10
4.82905715415427E-10
4.82905715415427E-10
4.82905715415427E-10
4.82905715415427E-10
4.82905715415427E-10
4.82905715415427E-10
4.82905715415427E-10
4.82905715415427E-10
4.82905715415427E-10
4.82905715415427E-10
4.82905715415427E-10
4.82905715415427E-10
2.44035014418387E-10
2.44035014418387E-10
2.44035014418387E-10
2.44035014418387E-10
2.44035014418387E-10
2.44035014418387E-10
2.44035014418387E-10
2.44035014418387E-10
2.44035014418387E-10
2.44035014418387E-10
2.44035014418387E-10
2.44035014418387E-10
2.44035014418387E-10
2.44035014418387E-10
2.44035014418387E-10
2.44035014418387E-10
2.44035014418387E-10
2.44035014418387E-10
2.44035014418387E-10
2.44035014418387E-10
2.44035014418387E-10
2.44035014418387E-10
2.44035014418387E-10
2.44035014418387E-10
2.44035014418387E-10
2.44035014418387E-10
2.44035014418387E-10
2.44035014418387E-10
2.44035014418387E-10
2.44035014418387E-10
2.44035014418387E-10
2.44035014418387E-10
2.44035014418387E-10
2.44035014418387E-10
2.44035014418387E-10
2.44035014418387E-10
2.44035014418387E-10
2.44035014418387E-10
2.44035014418387E-10
2.44035014418387E-10
2.44035014418387E-10
2.44035014418387E-10
2.44035014418387E-10
2.44035014418387E-10
2.44035014418387E-10
2.44035014418387E-10
2.44035014418387E-10
2.44035014418387E-10
2.44035014418387E-10
2.44035014418387E-10
2.44035014418387E-10
1.60360946743765E-10
1.60360946743765E-10
1.60360946743765E-10
1.60360946743765E-10
1.60360946743765E-10
1.60360946743765E-10
1.60360946743765E-10
1.60360946743765E-10
1.60360946743765E-10
1.60360946743765E-10
1.60360946743765E-10
1.60360946743765E-10
1.60360946743765E-10
1.60360946743765E-10

