0.294962690616449
0.0610115818950119
0.0608866040295175
0.0380518943099415
0.0331548031677427
0.0222960564595577
0.00661746744122038
0.0042135749360519
0.0042135749360519
0.00298277165499716
0.00129228736488396
0.0011961573804008
0.000592119397595625
0.000592119397595625
0.000592119397595625
0.000571594794329222
0.000545434505168862
0.000545434505168862
0.000545434505168862
0.000539166989847351
0.000530577794104925
0.000327929712615971
0.000299542132250807
0.000299542132250807
0.000299542132250807
0.000206353779947821
0.000165289861834839
0.000129194880066796
0.000105111219492304
0.000105111219492304
8.60314377441052E-05
8.60314377441052E-05
8.60314377441052E-05
8.60314377441052E-05
8.60314377441052E-05
8.60314377441052E-05
8.35881830040242E-05
8.35881830040242E-05
8.29530232938636E-05
8.29530232938636E-05
8.29530232938636E-05
8.29530232938636E-05
8.14175528051075E-05
6.2895994350165E-05
6.2895994350165E-05
6.2895994350165E-05
5.2728417891057E-05
5.2728417891057E-05
5.2728417891057E-05
5.2728417891057E-05
5.08844144282428E-05
4.94950367163627E-05
2.94837796664948E-05
2.80169969147925E-05
2.80169969147925E-05
2.80169969147925E-05
2.80169969147925E-05
2.80169969147925E-05
2.80169969147925E-05
2.69073845700074E-05
2.69073845700074E-05
2.69073845700074E-05
2.69073845700074E-05
2.44988471787E-05
2.44988471787E-05
2.39255867072741E-05
2.39255867072741E-05
2.3749522223282E-05
2.3749522223282E-05
2.3749522223282E-05
2.3749522223282E-05
1.80458322249777E-05
1.80458322249777E-05
1.8007443026713E-05
1.8007443026713E-05
1.8007443026713E-05
1.8007443026713E-05
1.63516742618386E-05
1.63516742618386E-05
9.21358141714457E-06
9.21358141714457E-06
9.21358141714457E-06
8.92841362931662E-06
8.92841362931662E-06
8.92841362931662E-06
8.71205511099316E-06
5.42136817482941E-06
5.42136817482941E-06
5.42136817482941E-06
5.42136817482941E-06
5.42136817482941E-06
5.42136817482941E-06
5.42136817482941E-06
5.42136817482941E-06
5.42136817482941E-06
5.42136817482941E-06
5.42136817482941E-06
5.42136817482941E-06
5.42136817482941E-06
5.42136817482941E-06
1.98222297265183E-06
1.98222297265183E-06
1.98222297265183E-06
1.98222297265183E-06
1.98222297265183E-06
1.98222297265183E-06
1.98222297265183E-06
1.7340319928838E-06
1.7340319928838E-06
1.7340319928838E-06
1.70456698844745E-06
1.70456698844745E-06
1.70456698844745E-06
1.70456698844745E-06
7.51793981956794E-07
7.51793981956794E-07
7.51793981956794E-07
7.51793981956794E-07
7.51793981956794E-07
7.51793981956794E-07
7.51793981956794E-07
7.51793981956794E-07
7.51793981956794E-07
7.51793981956794E-07
7.51793981956794E-07
7.51793981956794E-07
7.51793981956794E-07
7.51793981956794E-07
7.51793981956794E-07
3.89165632275201E-07
3.89165632275201E-07
3.89165632275201E-07
3.89165632275201E-07
3.89165632275201E-07
3.89165632275201E-07
3.89165632275201E-07
3.89165632275201E-07
3.89165632275201E-07
8.13983761505099E-08
8.13983761505099E-08
8.13983761505099E-08
8.13983761505099E-08
8.13983761505099E-08
8.13983761505099E-08
8.13983761505099E-08
8.13983761505099E-08
8.13983761505099E-08
8.13983761505099E-08
8.13983761505099E-08
8.13983761505099E-08
8.13983761505099E-08
8.13983761505099E-08
8.13983761505099E-08
8.13983761505099E-08
8.13983761505099E-08
8.13983761505099E-08
8.13983761505099E-08
8.13983761505099E-08
8.13983761505099E-08
8.13983761505099E-08
8.13983761505099E-08
8.13983761505099E-08
8.13983761505099E-08
8.13983761505099E-08
8.13983761505099E-08
8.13983761505099E-08
8.13983761505099E-08
8.13983761505099E-08
8.13983761505099E-08
8.13983761505099E-08
8.13983761505099E-08
8.13983761505099E-08
8.13983761505099E-08
8.13983761505099E-08
7.57711826615548E-08
7.57711826615548E-08
7.57711826615548E-08
7.57711826615548E-08
7.57711826615548E-08
7.57711826615548E-08
7.57711826615548E-08
6.79850674645266E-08
6.79850674645266E-08
6.79850674645266E-08
6.79850674645266E-08
6.79850674645266E-08
6.79850674645266E-08
6.79850674645266E-08
6.79850674645266E-08
6.79850674645266E-08
6.79850674645266E-08
6.79850674645266E-08
6.79850674645266E-08
6.79850674645266E-08
6.79850674645266E-08
6.79850674645266E-08
6.79850674645266E-08
6.79850674645266E-08
6.79850674645266E-08
5.33936839186566E-08
5.33936839186566E-08
5.33936839186566E-08
5.33936839186566E-08
5.33936839186566E-08
5.33936839186566E-08
5.33936839186566E-08
5.33936839186566E-08
5.33936839186566E-08
5.33936839186566E-08
5.33936839186566E-08
5.33936839186566E-08
5.33936839186566E-08
4.76067414378889E-08
4.76067414378889E-08
4.76067414378889E-08
4.76067414378889E-08
4.76067414378889E-08
4.76067414378889E-08
4.76067414378889E-08
4.76067414378889E-08
4.76067414378889E-08
4.76067414378889E-08
4.76067414378889E-08
4.76067414378889E-08
4.76067414378889E-08
4.76067414378889E-08
4.76067414378889E-08
4.76067414378889E-08
2.64868117438866E-08
2.64868117438866E-08
2.64868117438866E-08
2.64868117438866E-08
2.64868117438866E-08
2.64868117438866E-08
2.64868117438866E-08
1.66798167500204E-08
1.66798167500204E-08
1.66798167500204E-08
1.66798167500204E-08
1.66798167500204E-08
1.66798167500204E-08
1.66798167500204E-08
1.66798167500204E-08
7.41316752428389E-09
7.41316752428389E-09
7.41316752428389E-09
7.41316752428389E-09
7.41316752428389E-09
7.41316752428389E-09
7.41316752428389E-09
7.41316752428389E-09
7.41316752428389E-09
7.41316752428389E-09
7.41316752428389E-09
7.41316752428389E-09
7.41316752428389E-09
7.41316752428389E-09
7.41316752428389E-09
7.41316752428389E-09
7.41316752428389E-09
7.41316752428389E-09
7.41316752428389E-09
7.41316752428389E-09
7.41316752428389E-09
7.41316752428389E-09
7.41316752428389E-09
7.41316752428389E-09
7.41316752428389E-09
7.41316752428389E-09
7.41316752428389E-09
7.41316752428389E-09
7.41316752428389E-09
7.41316752428389E-09
7.41316752428389E-09
7.41316752428389E-09
7.41316752428389E-09
7.41316752428389E-09
7.41316752428389E-09
7.41316752428389E-09
7.41316752428389E-09
7.41316752428389E-09
7.41316752428389E-09
7.41316752428389E-09
7.41316752428389E-09
7.41316752428389E-09
7.41316752428389E-09
7.41316752428389E-09
7.41316752428389E-09
7.41316752428389E-09
7.41316752428389E-09
7.41316752428389E-09
7.41316752428389E-09
7.41316752428389E-09
7.41316752428389E-09
7.41316752428389E-09
7.41316752428389E-09
7.41316752428389E-09
7.41316752428389E-09
7.41316752428389E-09
7.41316752428389E-09
2.60914700955794E-09
2.60914700955794E-09
2.60914700955794E-09
2.60914700955794E-09
2.60914700955794E-09
2.60914700955794E-09
2.60914700955794E-09
2.60914700955794E-09
2.60914700955794E-09
2.60914700955794E-09
2.60914700955794E-09
2.60914700955794E-09
2.60914700955794E-09
2.60914700955794E-09
2.60914700955794E-09
2.60914700955794E-09
2.60914700955794E-09
2.60914700955794E-09
2.60914700955794E-09
2.60914700955794E-09
2.60914700955794E-09
2.60914700955794E-09
2.60914700955794E-09
2.60914700955794E-09
2.60914700955794E-09
2.60914700955794E-09
2.60914700955794E-09
2.60914700955794E-09
2.60914700955794E-09
2.60914700955794E-09
2.60914700955794E-09
2.60914700955794E-09
2.60914700955794E-09
2.60914700955794E-09
2.60914700955794E-09
2.60914700955794E-09
2.60914700955794E-09
2.60914700955794E-09
2.60914700955794E-09
2.60914700955794E-09
2.60914700955794E-09
2.60914700955794E-09
2.60914700955794E-09
2.60914700955794E-09
2.60914700955794E-09
2.60914700955794E-09
2.60914700955794E-09
2.60914700955794E-09
2.60914700955794E-09
2.60914700955794E-09
2.60914700955794E-09
2.60914700955794E-09
2.60914700955794E-09
2.60914700955794E-09
2.60914700955794E-09
2.60914700955794E-09
2.60914700955794E-09
2.60914700955794E-09
2.60914700955794E-09
2.60914700955794E-09
2.60914700955794E-09
2.60914700955794E-09
2.60914700955794E-09
2.60914700955794E-09
2.60914700955794E-09
2.60914700955794E-09
2.60914700955794E-09
2.60914700955794E-09
2.60914700955794E-09
2.60914700955794E-09
2.60914700955794E-09
2.60914700955794E-09
2.60914700955794E-09
2.60914700955794E-09
2.60914700955794E-09
2.60914700955794E-09
2.60914700955794E-09
2.60914700955794E-09
2.60914700955794E-09
1.95147309423049E-09
1.95147309423049E-09
1.95147309423049E-09
1.95147309423049E-09
1.95147309423049E-09
1.95147309423049E-09
1.95147309423049E-09
1.95147309423049E-09
1.95147309423049E-09
1.95147309423049E-09
1.95147309423049E-09
1.95147309423049E-09
1.95147309423049E-09
1.95147309423049E-09
1.95147309423049E-09
1.95147309423049E-09
1.95147309423049E-09
1.95147309423049E-09
1.95147309423049E-09
1.95147309423049E-09
1.95147309423049E-09
1.95147309423049E-09
4.64155713864045E-10
4.64155713864045E-10
4.64155713864045E-10
4.64155713864045E-10
4.64155713864045E-10
4.64155713864045E-10
4.64155713864045E-10
4.64155713864045E-10
4.64155713864045E-10
4.64155713864045E-10
4.64155713864045E-10
4.64155713864045E-10
3.19819171146207E-10
3.19819171146207E-10
3.19819171146207E-10
3.19819171146207E-10
3.19819171146207E-10
3.19819171146207E-10
3.19819171146207E-10
3.19819171146207E-10
3.19819171146207E-10
3.19819171146207E-10
3.19819171146207E-10
3.19819171146207E-10
3.19819171146207E-10
3.19819171146207E-10
3.19819171146207E-10
3.19819171146207E-10
2.36284103394269E-10
2.36284103394269E-10
6.04782890434308E-11
6.04782890434308E-11
6.04782890434308E-11
6.04782890434308E-11
6.04782890434308E-11
6.04782890434308E-11
6.04782890434308E-11
6.04782890434308E-11
6.04782890434308E-11
6.04782890434308E-11
6.04782890434308E-11
6.04782890434308E-11
6.04782890434308E-11
6.04782890434308E-11
6.04782890434308E-11
6.04782890434308E-11
6.04782890434308E-11
6.04782890434308E-11
6.04782890434308E-11
6.04782890434308E-11
6.04782890434308E-11
6.04782890434308E-11
6.04782890434308E-11
6.04782890434308E-11
6.04782890434308E-11
6.04782890434308E-11
6.04782890434308E-11
6.04782890434308E-11
6.04782890434308E-11
6.04782890434308E-11
6.04782890434308E-11
6.04782890434308E-11
6.04782890434308E-11
6.04782890434308E-11
6.04782890434308E-11
6.04782890434308E-11
6.04782890434308E-11
6.04782890434308E-11
6.04782890434308E-11
6.04782890434308E-11
6.04782890434308E-11
6.04782890434308E-11
6.04782890434308E-11
6.04782890434308E-11
6.04782890434308E-11
6.04782890434308E-11
6.04782890434308E-11
6.04782890434308E-11
6.04782890434308E-11
6.04782890434308E-11
6.04782890434308E-11
6.04782890434308E-11
6.04782890434308E-11
6.04782890434308E-11
6.04782890434308E-11
6.04782890434308E-11
6.04782890434308E-11
6.04782890434308E-11
6.04782890434308E-11
6.04782890434308E-11
6.04782890434308E-11
6.04782890434308E-11
6.04782890434308E-11
6.04782890434308E-11
6.04782890434308E-11
6.04782890434308E-11
3.34767769061273E-11
3.34767769061273E-11
3.34767769061273E-11

