0.301281794752728
0.283486023993107
0.179345035012668
0.109653445682819
0.0657661829788933
0.0591442927336048
0.0283586286754142
0.027738929571278
0.0256383928505595
0.0215317018648433
0.0137255647497256
0.0115375937109988
0.00584567104070377
0.00384031091924264
0.0030706727225045
0.0030706727225045
0.00148701717476318
0.00148701717476318
0.00125088538343487
0.000933754013218713
0.000930997400239275
0.000616228520810447
0.000616228520810447
0.000616228520810447
0.000595844960200709
0.000595844960200709
0.000545765835642698
0.000184328983726889
1.01508778106441E-05
1.01508778106441E-05
1.01508778106441E-05
1.01508778106441E-05
1.01508778106441E-05
8.22222599405897E-06
1.93078382493272E-06
1.93078382493272E-06
1.93078382493272E-06
1.93078382493272E-06
1.93078382493272E-06
1.93078382493272E-06
1.93078382493272E-06
1.93078382493272E-06
1.93078382493272E-06
1.93078382493272E-06
1.91754858747117E-06
1.91754858747117E-06
1.91754858747117E-06
1.63959861609886E-06
1.63959861609886E-06
1.63959861609886E-06
1.63959861609886E-06
1.63959861609886E-06
1.45733977741092E-06
1.45733977741092E-06
1.45733977741092E-06
1.45733977741092E-06
1.45733977741092E-06
1.45733977741092E-06
1.45733977741092E-06
1.45733977741092E-06
1.45733977741092E-06
1.45733977741092E-06
1.45733977741092E-06
1.45733977741092E-06
1.45733977741092E-06
1.45733977741092E-06
1.45733977741092E-06
1.45733977741092E-06
1.45733977741092E-06
1.45733977741092E-06
1.45733977741092E-06
1.45733977741092E-06
1.33507413369038E-06
1.33507413369038E-06
1.33507413369038E-06
1.33507413369038E-06
1.33507413369038E-06
1.33507413369038E-06
1.33507413369038E-06
1.33507413369038E-06
6.27389603491402E-07
6.27389603491402E-07
6.27389603491402E-07
6.27389603491402E-07
6.27389603491402E-07
6.27389603491402E-07
4.51961587599747E-07
4.51961587599747E-07
3.87197203521872E-07
2.52917785492635E-07
2.52917785492635E-07
2.52917785492635E-07
2.52917785492635E-07
2.52917785492635E-07
2.52917785492635E-07
2.52917785492635E-07
2.52917785492635E-07
2.52917785492635E-07
2.52917785492635E-07
2.52917785492635E-07
1.89400068739687E-07
1.89400068739687E-07
1.89400068739687E-07
1.89400068739687E-07
1.89400068739687E-07
1.68488198393213E-07
1.68488198393213E-07
1.68488198393213E-07
1.68488198393213E-07
1.68488198393213E-07
1.68488198393213E-07
1.68488198393213E-07
1.68488198393213E-07
1.68488198393213E-07
1.68488198393213E-07
1.68488198393213E-07
1.68488198393213E-07
1.68488198393213E-07
1.68488198393213E-07
1.68488198393213E-07
1.68488198393213E-07
1.68488198393213E-07
1.68488198393213E-07
1.68488198393213E-07
1.68488198393213E-07
1.68488198393213E-07
1.68488198393213E-07
1.68488198393213E-07
1.68488198393213E-07
1.68488198393213E-07
1.68488198393213E-07
1.68488198393213E-07
1.68488198393213E-07
1.68488198393213E-07
1.68488198393213E-07
1.68488198393213E-07
1.68488198393213E-07
1.68488198393213E-07
1.68488198393213E-07
1.68488198393213E-07
1.68488198393213E-07
1.68488198393213E-07
1.68488198393213E-07
1.68488198393213E-07
1.68488198393213E-07
1.68488198393213E-07
1.68488198393213E-07
1.68488198393213E-07
1.68488198393213E-07
1.68488198393213E-07
1.68488198393213E-07
1.68488198393213E-07
1.68488198393213E-07
1.68488198393213E-07
1.68488198393213E-07
1.68488198393213E-07
1.68488198393213E-07
1.34683475372377E-07
1.34683475372377E-07
1.34683475372377E-07
1.34683475372377E-07
1.34683475372377E-07
1.34683475372377E-07
1.34683475372377E-07
1.34683475372377E-07
1.17491958717686E-07
1.17491958717686E-07
1.17491958717686E-07
7.30430383955039E-08
7.30430383955039E-08
7.30430383955039E-08
7.30430383955039E-08
7.30430383955039E-08
7.30430383955039E-08
7.30430383955039E-08
7.30430383955039E-08
6.88537556969848E-08
6.88537556969848E-08
6.88537556969848E-08
6.88537556969848E-08
6.88537556969848E-08
6.88537556969848E-08
6.88537556969848E-08
6.88537556969848E-08
6.88537556969848E-08
6.88537556969848E-08
6.88537556969848E-08
6.88537556969848E-08
6.88537556969848E-08
6.88537556969848E-08
6.88537556969848E-08
6.88537556969848E-08
6.88537556969848E-08
6.88537556969848E-08
6.88537556969848E-08
6.88537556969848E-08
6.88537556969848E-08
6.88537556969848E-08
6.41356565633799E-08
6.41356565633799E-08
6.41356565633799E-08
6.41356565633799E-08
6.41356565633799E-08
6.41356565633799E-08
6.04492085276576E-08
2.29612613367181E-08
2.29612613367181E-08
2.29612613367181E-08
2.29612613367181E-08
2.29612613367181E-08
2.29612613367181E-08
2.29612613367181E-08
2.29612613367181E-08
2.29612613367181E-08
2.29612613367181E-08
2.29612613367181E-08
2.29612613367181E-08
2.29612613367181E-08
2.29612613367181E-08
2.29612613367181E-08
2.29612613367181E-08
2.29612613367181E-08
2.29612613367181E-08
2.29612613367181E-08
2.29612613367181E-08
1.87715084587481E-08
1.87715084587481E-08
1.87715084587481E-08
1.87715084587481E-08
1.87715084587481E-08
1.87715084587481E-08
1.87715084587481E-08
1.87715084587481E-08
1.87715084587481E-08
1.87715084587481E-08
1.87715084587481E-08
1.87715084587481E-08
1.87715084587481E-08
1.87715084587481E-08
1.87715084587481E-08
1.87715084587481E-08
1.87715084587481E-08
1.87715084587481E-08
1.87715084587481E-08
1.87715084587481E-08
1.87715084587481E-08
1.87715084587481E-08
1.87715084587481E-08
1.87715084587481E-08
1.87715084587481E-08
1.87715084587481E-08
1.87715084587481E-08
1.87715084587481E-08
1.87715084587481E-08
1.87715084587481E-08
1.87715084587481E-08
1.87715084587481E-08
1.87715084587481E-08
1.87715084587481E-08
1.87715084587481E-08
1.38451019537911E-08
1.38451019537911E-08
1.38451019537911E-08
1.38451019537911E-08
1.38451019537911E-08
1.38451019537911E-08
1.38451019537911E-08
1.38451019537911E-08
1.38451019537911E-08
1.38451019537911E-08
1.38451019537911E-08
1.38451019537911E-08
1.38451019537911E-08
1.38451019537911E-08
1.38451019537911E-08
1.38451019537911E-08
1.38451019537911E-08
1.38451019537911E-08
1.38451019537911E-08
1.38451019537911E-08
1.38451019537911E-08
1.38451019537911E-08
1.38451019537911E-08
1.28157274792429E-08
1.28157274792429E-08
1.23388985695527E-08
1.23388985695527E-08
1.23388985695527E-08
1.23388985695527E-08
1.23388985695527E-08
1.23388985695527E-08
9.62296808904028E-09
9.62296808904028E-09
9.62296808904028E-09
5.95101556921662E-09
5.95101556921662E-09
5.95101556921662E-09
5.95101556921662E-09
5.95101556921662E-09
5.95101556921662E-09
5.95101556921662E-09
5.95101556921662E-09
5.95101556921662E-09
5.95101556921662E-09
5.95101556921662E-09
5.95101556921662E-09
5.95101556921662E-09
5.95101556921662E-09
5.95101556921662E-09
5.95101556921662E-09
5.95101556921662E-09
4.43613312750557E-09
4.43613312750557E-09
4.43613312750557E-09
4.43613312750557E-09
4.43613312750557E-09
4.43613312750557E-09
4.43613312750557E-09
4.43613312750557E-09
4.43613312750557E-09
1.04903064013229E-09
1.04903064013229E-09
1.04903064013229E-09
1.04903064013229E-09
1.04903064013229E-09
1.04903064013229E-09
1.04903064013229E-09
1.04903064013229E-09
1.04903064013229E-09
1.04903064013229E-09
1.04903064013229E-09
1.04903064013229E-09
1.04903064013229E-09
1.04903064013229E-09
1.04903064013229E-09
1.04903064013229E-09
1.04903064013229E-09
1.04903064013229E-09
1.04903064013229E-09
1.04903064013229E-09
1.04903064013229E-09
1.04903064013229E-09
1.04903064013229E-09
1.04903064013229E-09
1.04903064013229E-09
1.04903064013229E-09
1.04903064013229E-09
1.04903064013229E-09
1.04903064013229E-09
9.91282722573317E-10
9.91282722573317E-10
9.91282722573317E-10
9.91282722573317E-10
9.91282722573317E-10
9.91282722573317E-10
9.91282722573317E-10
9.91282722573317E-10
9.91282722573317E-10
9.91282722573317E-10
9.91282722573317E-10
9.91282722573317E-10
9.91282722573317E-10
9.91282722573317E-10
9.91282722573317E-10
9.91282722573317E-10
9.91282722573317E-10
9.91282722573317E-10
9.91282722573317E-10
9.91282722573317E-10
9.91282722573317E-10
9.91282722573317E-10
9.91282722573317E-10
9.91282722573317E-10
9.91282722573317E-10
9.91282722573317E-10
9.91282722573317E-10
9.91282722573317E-10
9.91282722573317E-10
9.91282722573317E-10
9.91282722573317E-10
9.91282722573317E-10
9.91282722573317E-10
9.91282722573317E-10
9.91282722573317E-10
9.91282722573317E-10
9.91282722573317E-10
9.91282722573317E-10
9.91282722573317E-10
9.91282722573317E-10
9.2060281620121E-10
9.2060281620121E-10
9.2060281620121E-10
9.2060281620121E-10
9.2060281620121E-10
9.2060281620121E-10
9.2060281620121E-10
9.2060281620121E-10
9.2060281620121E-10
9.2060281620121E-10
9.2060281620121E-10
9.2060281620121E-10
9.2060281620121E-10
9.2060281620121E-10
9.2060281620121E-10
9.2060281620121E-10
9.2060281620121E-10
9.2060281620121E-10
9.2060281620121E-10
5.88367354836805E-10
5.88367354836805E-10
5.88367354836805E-10
5.88367354836805E-10
5.88367354836805E-10
5.88367354836805E-10
5.88367354836805E-10
5.88367354836805E-10
5.88367354836805E-10
5.88367354836805E-10
5.88367354836805E-10
5.88367354836805E-10
5.88367354836805E-10
5.88367354836805E-10
5.67252578242972E-10
5.67252578242972E-10
5.67252578242972E-10
5.67252578242972E-10
5.67252578242972E-10
5.67252578242972E-10
5.67252578242972E-10
5.67252578242972E-10
5.67252578242972E-10
5.67252578242972E-10
5.67252578242972E-10
5.67252578242972E-10
3.01475622244141E-10
3.01475622244141E-10
3.01475622244141E-10
3.01475622244141E-10
3.01475622244141E-10
3.01475622244141E-10
3.01475622244141E-10
3.01475622244141E-10
3.01475622244141E-10
3.01475622244141E-10
3.01475622244141E-10
3.01475622244141E-10
3.01475622244141E-10
2.49529286122652E-10
2.49529286122652E-10
2.49529286122652E-10
2.49529286122652E-10
2.49529286122652E-10
2.49529286122652E-10
2.49529286122652E-10
2.49529286122652E-10
2.49529286122652E-10
2.49529286122652E-10
2.49529286122652E-10
2.49529286122652E-10
2.49529286122652E-10
2.49529286122652E-10
2.49529286122652E-10
2.49529286122652E-10
2.49529286122652E-10
2.49529286122652E-10
2.49529286122652E-10
2.49529286122652E-10
2.49529286122652E-10
2.49529286122652E-10
2.49529286122652E-10
2.49529286122652E-10
2.49529286122652E-10
2.49529286122652E-10
2.49529286122652E-10
2.49529286122652E-10
2.49529286122652E-10
2.49529286122652E-10
2.49529286122652E-10
2.49529286122652E-10
2.49529286122652E-10
2.49529286122652E-10
2.49529286122652E-10
2.49529286122652E-10
2.49529286122652E-10
2.49529286122652E-10
2.49529286122652E-10
2.49529286122652E-10
2.49529286122652E-10
2.49529286122652E-10
2.49529286122652E-10
2.49529286122652E-10
2.49529286122652E-10
2.49529286122652E-10
2.29529062423239E-10
2.29529062423239E-10
2.29529062423239E-10
2.29529062423239E-10
2.29529062423239E-10
2.29529062423239E-10
2.29529062423239E-10

