0.43920589201304
0.217126548101773
0.129735482660436
0.126061783609199
0.0662543145276455
0.0285045115633386
0.0193432492638347
0.0161902225090932
0.0114817985098958
0.0103901177287522
0.00730151929522094
0.00612879979721004
0.00493883971511511
0.00336134139841282
0.00309577651743864
0.0017428161646782
0.0016499340688203
0.00159387348423756
0.00159387348423756
0.00156373247187847
0.00151667721701765
0.000770401842371649
0.00076086494478711
0.000467100400772247
0.000335997765984475
0.000334676205525741
0.000156549451893029
0.000156549451893029
0.000117994205013461
5.55060023860188E-05
5.55060023860188E-05
2.29230999208019E-05
2.29230999208019E-05
2.29230999208019E-05
2.29230999208019E-05
2.29230999208019E-05
2.29230999208019E-05
2.28885983970528E-05
2.28885983970528E-05
2.28885983970528E-05
2.28885983970528E-05
2.28885983970528E-05
2.28885983970528E-05
2.28885983970528E-05
2.28885983970528E-05
2.28885983970528E-05
2.28885983970528E-05
2.28885983970528E-05
2.28885983970528E-05
2.28885983970528E-05
2.28885983970528E-05
2.28885983970528E-05
2.28885983970528E-05
2.28885983970528E-05
1.77084239589842E-05
1.77084239589842E-05
1.60202754216909E-05
1.60202754216909E-05
1.60202754216909E-05
1.60202754216909E-05
1.07736731554953E-05
1.07736731554953E-05
1.07736731554953E-05
1.07736731554953E-05
6.25869802584056E-06
6.25869802584056E-06
5.83435643097818E-06
5.83435643097818E-06
4.62198393780255E-06
4.62198393780255E-06
4.38782281331207E-06
2.27573206812437E-06
2.27573206812437E-06
2.27573206812437E-06
2.27573206812437E-06
2.27573206812437E-06
2.27573206812437E-06
2.27573206812437E-06
2.27573206812437E-06
2.27573206812437E-06
2.27573206812437E-06
2.27573206812437E-06
2.27573206812437E-06
2.27573206812437E-06
2.27573206812437E-06
2.27573206812437E-06
2.27573206812437E-06
2.27573206812437E-06
2.27573206812437E-06
2.27573206812437E-06
2.27573206812437E-06
2.18269667706661E-06
6.67599789783146E-07
6.67599789783146E-07
6.67599789783146E-07
6.67599789783146E-07
6.67599789783146E-07
6.67599789783146E-07
6.67599789783146E-07
6.67599789783146E-07
6.67599789783146E-07
6.67599789783146E-07
4.26237818151876E-07
4.26237818151876E-07
4.26237818151876E-07
4.26237818151876E-07
4.26237818151876E-07
4.26237818151876E-07
4.26237818151876E-07
4.26237818151876E-07
4.26237818151876E-07
4.26237818151876E-07
4.26237818151876E-07
4.26237818151876E-07
4.26237818151876E-07
4.26237818151876E-07
4.26237818151876E-07
4.26237818151876E-07
4.26237818151876E-07
4.26237818151876E-07
4.26237818151876E-07
4.26237818151876E-07
4.26237818151876E-07
4.26237818151876E-07
4.26237818151876E-07
4.26237818151876E-07
4.26237818151876E-07
4.26237818151876E-07
4.26237818151876E-07
4.26237818151876E-07
4.26237818151876E-07
4.26237818151876E-07
4.26237818151876E-07
4.26237818151876E-07
4.26237818151876E-07
3.37407854100746E-07
3.37407854100746E-07
3.37407854100746E-07
3.37407854100746E-07
3.37407854100746E-07
3.37407854100746E-07
3.37407854100746E-07
3.37407854100746E-07
3.37407854100746E-07
3.37407854100746E-07
1.5362659433471E-07
1.5362659433471E-07
1.5362659433471E-07
1.5362659433471E-07
1.5362659433471E-07
1.5362659433471E-07
1.5362659433471E-07
1.5362659433471E-07
1.5362659433471E-07
1.5362659433471E-07
1.5362659433471E-07
1.5362659433471E-07
1.5362659433471E-07
1.5362659433471E-07
1.5362659433471E-07
1.5362659433471E-07
1.5362659433471E-07
1.5362659433471E-07
1.5362659433471E-07
1.5362659433471E-07
1.5362659433471E-07
1.5362659433471E-07
1.5362659433471E-07
1.5362659433471E-07
1.43435112454071E-07
1.43435112454071E-07
1.43435112454071E-07
1.43435112454071E-07
1.43435112454071E-07
1.43435112454071E-07
1.05469554312343E-07
1.05469554312343E-07
1.05469554312343E-07
6.86764960455832E-08
6.86764960455832E-08
6.86764960455832E-08
6.86764960455832E-08
6.86764960455832E-08
6.86764960455832E-08
6.86764960455832E-08
6.86764960455832E-08
6.86764960455832E-08
6.86764960455832E-08
6.86764960455832E-08
6.86764960455832E-08
6.86764960455832E-08
6.86764960455832E-08
6.86764960455832E-08
6.86764960455832E-08
6.86764960455832E-08
6.86764960455832E-08
6.86764960455832E-08
6.86764960455832E-08
6.86764960455832E-08
6.86764960455832E-08
6.86764960455832E-08
6.86764960455832E-08
6.86764960455832E-08
6.86764960455832E-08
6.86764960455832E-08
6.86764960455832E-08
6.86764960455832E-08
6.86764960455832E-08
6.86764960455832E-08
5.32333839231569E-08
5.32333839231569E-08
5.32333839231569E-08
5.32333839231569E-08
5.32333839231569E-08
5.32333839231569E-08
5.32333839231569E-08
5.32333839231569E-08
5.32333839231569E-08
5.32333839231569E-08
5.32333839231569E-08
5.32333839231569E-08
5.32333839231569E-08
5.32333839231569E-08
5.32333839231569E-08
5.32333839231569E-08
5.32333839231569E-08
5.32333839231569E-08
5.32333839231569E-08
5.32333839231569E-08
5.32333839231569E-08
5.32333839231569E-08
5.32333839231569E-08
5.32333839231569E-08
5.32333839231569E-08
5.32333839231569E-08
5.32333839231569E-08
5.32333839231569E-08
5.32333839231569E-08
5.32333839231569E-08
4.72459815714643E-08
4.72459815714643E-08
4.72459815714643E-08
4.72459815714643E-08
4.72459815714643E-08
4.72459815714643E-08
4.72459815714643E-08
4.72459815714643E-08
4.72459815714643E-08
4.72459815714643E-08
4.72459815714643E-08
4.72459815714643E-08
4.72459815714643E-08
4.72459815714643E-08
4.72459815714643E-08
4.72459815714643E-08
4.72459815714643E-08
4.72459815714643E-08
4.72459815714643E-08
4.72459815714643E-08
4.72459815714643E-08
2.13494533163328E-09
2.13494533163328E-09
2.13494533163328E-09
2.13494533163328E-09
2.13494533163328E-09
2.13494533163328E-09
2.13494533163328E-09
2.13494533163328E-09
2.13494533163328E-09
2.13494533163328E-09
2.13494533163328E-09
2.13494533163328E-09
2.13494533163328E-09
2.13494533163328E-09
2.13494533163328E-09
2.13494533163328E-09
2.13494533163328E-09
2.13494533163328E-09
2.13494533163328E-09
2.13494533163328E-09
2.13494533163328E-09
2.13494533163328E-09
1.25066779155247E-09
1.25066779155247E-09
1.25066779155247E-09
1.25066779155247E-09
1.25066779155247E-09
1.25066779155247E-09
1.25066779155247E-09
1.25066779155247E-09
1.25066779155247E-09
1.25066779155247E-09
1.25066779155247E-09
1.25066779155247E-09
1.25066779155247E-09
1.25066779155247E-09
1.25066779155247E-09
1.25066779155247E-09
1.25066779155247E-09
1.25066779155247E-09
1.25066779155247E-09
1.25066779155247E-09
1.25066779155247E-09
1.25066779155247E-09
1.25066779155247E-09
1.25066779155247E-09
1.25066779155247E-09
1.25066779155247E-09
1.25066779155247E-09
1.25066779155247E-09
1.25066779155247E-09
1.25066779155247E-09
1.25066779155247E-09
1.25066779155247E-09
1.25066779155247E-09
1.25066779155247E-09
1.25066779155247E-09
1.25066779155247E-09
1.25066779155247E-09
1.25066779155247E-09
1.25066779155247E-09
1.25066779155247E-09
1.25066779155247E-09
1.25066779155247E-09
1.25066779155247E-09
1.25066779155247E-09
1.25066779155247E-09
1.25066779155247E-09
1.25066779155247E-09
1.25066779155247E-09
1.25066779155247E-09
1.25066779155247E-09
1.25066779155247E-09
1.25066779155247E-09
1.25066779155247E-09
1.25066779155247E-09
1.25066779155247E-09
1.25066779155247E-09
1.25066779155247E-09
1.25066779155247E-09
1.25066779155247E-09
1.25066779155247E-09
1.25066779155247E-09
1.25066779155247E-09
1.25066779155247E-09
1.25066779155247E-09
1.25066779155247E-09
1.25066779155247E-09
1.25066779155247E-09
1.25066779155247E-09
1.25066779155247E-09
1.25066779155247E-09
1.25066779155247E-09
1.25066779155247E-09
1.25066779155247E-09
1.25066779155247E-09
1.25066779155247E-09
1.25066779155247E-09
1.2243798197531E-09
1.2243798197531E-09
1.2243798197531E-09
1.2243798197531E-09
1.2243798197531E-09
1.2243798197531E-09
1.2243798197531E-09
1.2243798197531E-09
1.2243798197531E-09
1.2243798197531E-09
1.2243798197531E-09
1.2243798197531E-09
1.2243798197531E-09
1.2243798197531E-09
1.2243798197531E-09
1.2243798197531E-09
1.2243798197531E-09
1.2243798197531E-09
5.84650550194965E-10
5.84650550194965E-10
5.84650550194965E-10
5.84650550194965E-10
5.84650550194965E-10
5.84650550194965E-10
5.84650550194965E-10
5.84650550194965E-10
5.84650550194965E-10
5.84650550194965E-10
5.84650550194965E-10
5.84650550194965E-10
5.84650550194965E-10
5.84650550194965E-10
5.84650550194965E-10
5.84650550194965E-10
5.84650550194965E-10
5.24458587669585E-10
5.24458587669585E-10
5.24458587669585E-10
5.24458587669585E-10
5.24458587669585E-10
5.24458587669585E-10
5.24458587669585E-10
5.24458587669585E-10
5.24458587669585E-10
5.24458587669585E-10
5.24458587669585E-10
5.24458587669585E-10
5.24458587669585E-10
5.24458587669585E-10
5.24458587669585E-10
4.29275170965582E-10
4.29275170965582E-10
4.29275170965582E-10
4.29275170965582E-10
4.29275170965582E-10
4.29275170965582E-10
4.29275170965582E-10
4.29275170965582E-10
4.29275170965582E-10
4.29275170965582E-10
4.29275170965582E-10
4.29275170965582E-10
4.29275170965582E-10
4.29275170965582E-10
4.29275170965582E-10
4.29275170965582E-10
4.29275170965582E-10
4.29275170965582E-10
4.29275170965582E-10
4.29275170965582E-10
4.29275170965582E-10
4.29275170965582E-10
1.54204093938404E-10
1.54204093938404E-10
1.54204093938404E-10
1.54204093938404E-10
1.54204093938404E-10
1.54204093938404E-10
1.54204093938404E-10
1.54204093938404E-10
1.54204093938404E-10
1.54204093938404E-10
1.54204093938404E-10
1.54204093938404E-10
1.54204093938404E-10
1.54204093938404E-10
1.54204093938404E-10
1.54204093938404E-10
1.54204093938404E-10
1.54204093938404E-10
1.54204093938404E-10
1.54204093938404E-10
1.54204093938404E-10
1.54204093938404E-10
1.54204093938404E-10
1.54204093938404E-10
1.54204093938404E-10
1.54204093938404E-10
1.54204093938404E-10
1.54204093938404E-10
1.54204093938404E-10
1.54204093938404E-10
1.54204093938404E-10
1.54204093938404E-10
1.54204093938404E-10
1.54204093938404E-10
1.54204093938404E-10
1.54204093938404E-10
1.54204093938404E-10
1.54204093938404E-10
1.54204093938404E-10
1.54204093938404E-10
1.54204093938404E-10
1.54204093938404E-10
1.54204093938404E-10
1.54204093938404E-10
1.54204093938404E-10
1.54204093938404E-10
1.54204093938404E-10
1.54204093938404E-10
1.54204093938404E-10
1.54204093938404E-10
1.54204093938404E-10
1.54204093938404E-10
1.54204093938404E-10
1.54204093938404E-10
1.54204093938404E-10
1.54204093938404E-10
1.54204093938404E-10
1.54204093938404E-10
1.54204093938404E-10
1.54204093938404E-10
1.54204093938404E-10
1.54204093938404E-10
1.54204093938404E-10
1.54204093938404E-10
1.54204093938404E-10
1.54204093938404E-10
1.54204093938404E-10
1.54204093938404E-10
1.54204093938404E-10
1.54204093938404E-10

