0.0924613771994454
0.0887953687130663
0.0424674928369501
0.0421532129885629
0.00574000406456598
0.00187195409537289
0.00172402348909395
0.00151422745409713
0.00111212413269479
0.00104093318657916
0.000882592720548914
0.000528908449248355
0.000448007380187909
0.000432257756932786
0.000418729097891979
0.000299950003118554
0.000188204906624412
0.000187516651516284
0.000187516651516284
0.000141578333997971
0.000141578333997971
0.000141578333997971
0.000141578333997971
0.000141578333997971
0.000141578333997971
0.000141578333997971
0.0001398228002224
0.0001398228002224
0.000139522523841307
0.000139522523841307
0.000139522523841307
0.000139522523841307
6.99139081588029E-05
6.99139081588029E-05
6.99139081588029E-05
6.99139081588029E-05
6.45552017422002E-05
6.45552017422002E-05
4.70027479444468E-05
2.05692843144867E-05
1.45097449105736E-05
1.31633782177731E-05
1.31633782177731E-05
1.31633782177731E-05
1.31633782177731E-05
1.31633782177731E-05
9.5895047336203E-06
9.5895047336203E-06
9.5895047336203E-06
9.57252142730347E-06
9.57252142730347E-06
9.89402027196107E-07
9.89402027196107E-07
9.89402027196107E-07
9.89402027196107E-07
9.89402027196107E-07
9.89402027196107E-07
9.89402027196107E-07
9.89402027196107E-07
9.89402027196107E-07
9.89402027196107E-07
9.89402027196107E-07
9.89402027196107E-07
9.89402027196107E-07
9.89402027196107E-07
9.89402027196107E-07
9.89402027196107E-07
9.89402027196107E-07
9.89402027196107E-07
9.89402027196107E-07
9.89402027196107E-07
9.89402027196107E-07
9.89402027196107E-07
9.89402027196107E-07
9.89402027196107E-07
9.89402027196107E-07
9.89402027196107E-07
9.6957351958249E-07
9.6957351958249E-07
9.6957351958249E-07
9.38400814498586E-07
3.53682994003179E-07
3.53682994003179E-07
3.29629880946314E-07
3.29629880946314E-07
3.29629880946314E-07
3.29629880946314E-07
3.29629880946314E-07
3.29629880946314E-07
3.29629880946314E-07
3.21891902355098E-07
3.15274262363552E-07
3.15274262363552E-07
3.15274262363552E-07
3.15274262363552E-07
3.15274262363552E-07
3.15274262363552E-07
3.15274262363552E-07
3.15274262363552E-07
3.15274262363552E-07
3.07612039951444E-07
3.07612039951444E-07
3.07612039951444E-07
3.07612039951444E-07
3.07612039951444E-07
3.07612039951444E-07
3.07612039951444E-07
3.07612039951444E-07
3.07612039951444E-07
3.07612039951444E-07
3.07612039951444E-07
3.07612039951444E-07
3.07612039951444E-07
3.07612039951444E-07
3.07612039951444E-07
3.07612039951444E-07
2.97831611040245E-07
2.97831611040245E-07
2.97831611040245E-07
2.97831611040245E-07
2.97831611040245E-07
2.97831611040245E-07
2.97831611040245E-07
2.97831611040245E-07
2.97831611040245E-07
2.97831611040245E-07
2.97831611040245E-07
2.60456389455932E-07
2.60456389455932E-07
2.60456389455932E-07
2.60456389455932E-07
2.60456389455932E-07
2.60456389455932E-07
2.60456389455932E-07
2.60456389455932E-07
2.60456389455932E-07
2.2112194364432E-07
7.80875606398723E-08
7.80875606398723E-08
7.80875606398723E-08
7.80875606398723E-08
7.80875606398723E-08
7.80875606398723E-08
7.80875606398723E-08
7.80875606398723E-08
7.80875606398723E-08
7.80875606398723E-08
7.80875606398723E-08
7.80875606398723E-08
7.80875606398723E-08
7.80875606398723E-08
7.80875606398723E-08
7.80875606398723E-08
4.72894267078416E-08
4.72894267078416E-08
4.72894267078416E-08
4.72894267078416E-08
4.72894267078416E-08
4.72894267078416E-08
4.72894267078416E-08
4.72894267078416E-08
4.72894267078416E-08
4.72894267078416E-08
4.72894267078416E-08
4.72894267078416E-08
1.89653828197578E-08
1.89653828197578E-08
1.89653828197578E-08
1.89653828197578E-08
1.89653828197578E-08
1.89653828197578E-08
1.89653828197578E-08
1.89653828197578E-08
1.89653828197578E-08
1.77975432169575E-08
1.77975432169575E-08
1.77975432169575E-08
1.77975432169575E-08
1.77975432169575E-08
1.77975432169575E-08
1.77975432169575E-08
1.77975432169575E-08
1.77975432169575E-08
1.77975432169575E-08
1.77975432169575E-08
1.77975432169575E-08
1.77975432169575E-08
1.77975432169575E-08
1.77975432169575E-08
1.27552983730794E-08
1.27552983730794E-08
1.27552983730794E-08
1.27552983730794E-08
1.27552983730794E-08
1.27552983730794E-08
1.27552983730794E-08
1.27552983730794E-08
1.27552983730794E-08
1.27552983730794E-08
1.27552983730794E-08
1.27552983730794E-08
1.27552983730794E-08
1.27552983730794E-08
1.27552983730794E-08
1.27552983730794E-08
1.27552983730794E-08
1.27552983730794E-08
1.27552983730794E-08
1.27552983730794E-08
1.27552983730794E-08
1.27552983730794E-08
1.27552983730794E-08
1.27552983730794E-08
1.27552983730794E-08
1.27552983730794E-08
1.27552983730794E-08
1.27552983730794E-08
1.27552983730794E-08
1.27552983730794E-08
1.27552983730794E-08
1.27552983730794E-08
1.27552983730794E-08
1.27552983730794E-08
1.27552983730794E-08
1.27552983730794E-08
1.27552983730794E-08
1.27552983730794E-08
1.27552983730794E-08
1.27552983730794E-08
1.27552983730794E-08
1.27552983730794E-08
1.27552983730794E-08
1.27552983730794E-08
1.27552983730794E-08
1.27552983730794E-08
1.27552983730794E-08
1.27552983730794E-08
1.27552983730794E-08
1.27552983730794E-08
1.27552983730794E-08
1.27552983730794E-08
1.27552983730794E-08
1.27552983730794E-08
1.27552983730794E-08
1.27552983730794E-08
1.27552983730794E-08
1.27552983730794E-08
1.27552983730794E-08
1.27552983730794E-08
1.27552983730794E-08
1.27552983730794E-08
1.27552983730794E-08
1.27552983730794E-08
1.27552983730794E-08
1.27552983730794E-08
1.27552983730794E-08
1.27552983730794E-08
1.27552983730794E-08
1.27552983730794E-08
1.27552983730794E-08
1.27552983730794E-08
1.27552983730794E-08
1.27552983730794E-08
1.27552983730794E-08
1.27552983730794E-08
1.27552983730794E-08
1.27552983730794E-08
1.27552983730794E-08
1.13158176162642E-08
1.13158176162642E-08
1.13158176162642E-08
1.13158176162642E-08
1.13158176162642E-08
1.13158176162642E-08
1.13158176162642E-08
1.13158176162642E-08
1.13158176162642E-08
1.13158176162642E-08
1.13158176162642E-08
1.13158176162642E-08
1.13158176162642E-08
1.13158176162642E-08
1.13158176162642E-08
1.13158176162642E-08
1.13158176162642E-08
8.24936863264014E-09
2.58984111933813E-09
2.58984111933813E-09
2.58984111933813E-09
2.58984111933813E-09
2.58984111933813E-09
2.58984111933813E-09
2.58984111933813E-09
2.58984111933813E-09
2.58984111933813E-09
2.58984111933813E-09
2.58984111933813E-09
2.58984111933813E-09
2.58984111933813E-09
2.58984111933813E-09
2.58984111933813E-09
2.58984111933813E-09
2.58984111933813E-09
2.58984111933813E-09
2.58984111933813E-09
2.58984111933813E-09
2.58984111933813E-09
2.58984111933813E-09
2.58984111933813E-09
2.58984111933813E-09
2.58984111933813E-09
2.58984111933813E-09
2.58984111933813E-09
2.58984111933813E-09
2.07756967185446E-09
2.07756967185446E-09
2.07756967185446E-09
2.07756967185446E-09
2.07756967185446E-09
2.07756967185446E-09
2.07756967185446E-09
2.07756967185446E-09
1.86651705202934E-09
1.86651705202934E-09
1.86651705202934E-09
1.86651705202934E-09
1.86651705202934E-09
1.86651705202934E-09
1.86651705202934E-09
1.86651705202934E-09
1.86651705202934E-09
1.86651705202934E-09
1.86651705202934E-09
1.86651705202934E-09
1.86651705202934E-09
1.73551151227969E-09
1.73551151227969E-09
1.73551151227969E-09
1.73551151227969E-09
1.73551151227969E-09
1.73551151227969E-09
1.73551151227969E-09
1.73551151227969E-09
1.73551151227969E-09
1.73551151227969E-09
1.73551151227969E-09
1.73551151227969E-09
1.73551151227969E-09
1.73551151227969E-09
1.73551151227969E-09
1.73551151227969E-09
1.73551151227969E-09
1.73551151227969E-09
1.50273993249073E-09
1.50273993249073E-09
1.50273993249073E-09
1.50273993249073E-09
1.50273993249073E-09
1.50273993249073E-09
1.50273993249073E-09
1.50273993249073E-09
1.50273993249073E-09
1.50273993249073E-09
1.50273993249073E-09
1.50273993249073E-09
1.50273993249073E-09
1.50273993249073E-09
1.50273993249073E-09
1.50273993249073E-09
1.50273993249073E-09
1.50273993249073E-09
1.50273993249073E-09
1.50273993249073E-09
1.50273993249073E-09
1.30185451308051E-09
1.30185451308051E-09
1.30185451308051E-09
1.30185451308051E-09
1.30185451308051E-09
1.30185451308051E-09
1.30185451308051E-09
1.30185451308051E-09
1.30185451308051E-09
1.30185451308051E-09
1.30185451308051E-09
1.30185451308051E-09
6.95001278749885E-10
6.95001278749885E-10
6.95001278749885E-10
3.02052605150038E-10
3.02052605150038E-10
3.00721558765815E-10
3.00721558765815E-10
3.00721558765815E-10
3.00721558765815E-10
3.00721558765815E-10
3.00721558765815E-10
3.00721558765815E-10
3.00721558765815E-10
3.00721558765815E-10
3.00721558765815E-10
3.00721558765815E-10
3.00721558765815E-10
3.00721558765815E-10
3.00721558765815E-10
3.00721558765815E-10
3.00721558765815E-10
3.00721558765815E-10
3.00721558765815E-10
3.00721558765815E-10
3.00721558765815E-10
3.00721558765815E-10
3.00721558765815E-10
3.00721558765815E-10
3.00721558765815E-10
3.00721558765815E-10
3.00721558765815E-10
3.00721558765815E-10
3.00721558765815E-10
3.00721558765815E-10
3.00721558765815E-10
3.00721558765815E-10
3.00721558765815E-10
3.00721558765815E-10
3.00721558765815E-10
3.00721558765815E-10
3.00721558765815E-10
3.00721558765815E-10
3.00721558765815E-10
3.00721558765815E-10
3.00721558765815E-10
3.00721558765815E-10
3.00721558765815E-10
3.00721558765815E-10
3.00721558765815E-10
3.00721558765815E-10
3.00721558765815E-10
3.00721558765815E-10
3.00721558765815E-10
3.00721558765815E-10
3.00721558765815E-10
3.00721558765815E-10
3.00721558765815E-10
3.00721558765815E-10
3.00721558765815E-10
3.00721558765815E-10
1.89179227838565E-10
1.89179227838565E-10
1.89179227838565E-10
1.89179227838565E-10
1.89179227838565E-10
1.89179227838565E-10
1.89179227838565E-10
1.89179227838565E-10
1.89179227838565E-10
1.89179227838565E-10
1.89179227838565E-10
1.89179227838565E-10
1.89179227838565E-10
1.89179227838565E-10
1.89179227838565E-10
1.89179227838565E-10
1.89179227838565E-10
1.89179227838565E-10
6.56451559777338E-11
6.56451559777338E-11
6.56451559777338E-11
6.56451559777338E-11
6.56451559777338E-11
6.56451559777338E-11
6.56451559777338E-11
6.56451559777338E-11
6.56451559777338E-11
6.56451559777338E-11
6.56451559777338E-11
6.56451559777338E-11
6.56451559777338E-11
6.56451559777338E-11
6.56451559777338E-11
6.56451559777338E-11
6.56451559777338E-11
6.56451559777338E-11
6.56451559777338E-11
6.56451559777338E-11
6.56451559777338E-11
6.56451559777338E-11
6.56451559777338E-11
6.56451559777338E-11
6.56451559777338E-11
6.56451559777338E-11
6.56451559777338E-11
6.56451559777338E-11
6.56451559777338E-11
6.56451559777338E-11
6.56451559777338E-11
6.56451559777338E-11
6.56451559777338E-11
6.56451559777338E-11
6.56451559777338E-11
6.56451559777338E-11

