0.102757028367659
0.0890640435888651
0.0775842671024697
0.0523139225711425
0.00697584198714696
0.00517923457994418
0.00302787498678325
0.00105016696270499
0.000479168650799555
0.000477720929673242
0.000472596122668256
0.000216999778801408
0.000216999778801408
0.00020498781266598
0.00020498781266598
0.00013564713331482
0.000119736378302537
0.000119736378302537
0.000119028386349807
0.000114409267804039
0.00011128105231939
5.03180042115137E-05
4.64194329330425E-05
4.64194329330425E-05
4.13774257014277E-05
4.06958002592273E-05
4.06958002592273E-05
4.06958002592273E-05
4.02510118179267E-05
4.02510118179267E-05
4.02510118179267E-05
4.02510118179267E-05
4.02510118179267E-05
3.98857759219551E-05
3.78090879824544E-05
3.76801449529784E-05
2.74234900442538E-05
2.74234900442538E-05
2.65519906947898E-05
2.61399776392279E-05
2.61399776392279E-05
1.08659914472842E-05
1.08659914472842E-05
1.08659914472842E-05
1.08659914472842E-05
1.08659914472842E-05
8.84510898868651E-06
8.84510898868651E-06
8.84510898868651E-06
8.84510898868651E-06
8.84510898868651E-06
7.65509852784785E-06
7.65509852784785E-06
7.52023363337351E-06
7.52023363337351E-06
7.52023363337351E-06
7.52023363337351E-06
7.52023363337351E-06
7.52023363337351E-06
7.52023363337351E-06
7.52023363337351E-06
7.52023363337351E-06
7.52023363337351E-06
7.35106840832334E-06
7.35106840832334E-06
7.35106840832334E-06
5.21867843339408E-06
5.21867843339408E-06
5.21867843339408E-06
5.21867843339408E-06
5.21867843339408E-06
5.21867843339408E-06
4.1037019162804E-06
4.1037019162804E-06
6.32621398377609E-07
6.32621398377609E-07
6.32621398377609E-07
6.32621398377609E-07
6.32621398377609E-07
6.32621398377609E-07
6.32621398377609E-07
6.32621398377609E-07
6.32621398377609E-07
6.32621398377609E-07
6.32621398377609E-07
6.32621398377609E-07
3.91005541167111E-07
3.91005541167111E-07
3.91005541167111E-07
2.60294716780685E-07
2.60294716780685E-07
2.60294716780685E-07
2.60294716780685E-07
2.60294716780685E-07
2.60294716780685E-07
2.60294716780685E-07
2.60294716780685E-07
2.60294716780685E-07
1.28240550623104E-07
1.28240550623104E-07
1.28240550623104E-07
1.28240550623104E-07
1.28240550623104E-07
1.28240550623104E-07
1.28240550623104E-07
1.28240550623104E-07
1.28240550623104E-07
1.28240550623104E-07
1.28240550623104E-07
1.28240550623104E-07
1.28240550623104E-07
1.28240550623104E-07
1.28240550623104E-07
1.28240550623104E-07
8.04619195715617E-08
8.04619195715617E-08
8.04619195715617E-08
8.04619195715617E-08
8.04619195715617E-08
8.04619195715617E-08
8.04619195715617E-08
8.04619195715617E-08
8.04619195715617E-08
8.04619195715617E-08
8.04619195715617E-08
8.04619195715617E-08
8.04619195715617E-08
8.04619195715617E-08
8.04619195715617E-08
8.04619195715617E-08
8.04619195715617E-08
8.04619195715617E-08
8.04619195715617E-08
8.04619195715617E-08
8.04619195715617E-08
8.04619195715617E-08
8.04619195715617E-08
8.04619195715617E-08
8.04619195715617E-08
8.04619195715617E-08
8.04619195715617E-08
8.04619195715617E-08
8.04619195715617E-08
8.04619195715617E-08
8.04619195715617E-08
8.04619195715617E-08
8.04619195715617E-08
8.04619195715617E-08
8.04619195715617E-08
8.04619195715617E-08
5.94138793719168E-08
5.94138793719168E-08
5.94138793719168E-08
5.94138793719168E-08
5.94138793719168E-08
5.94138793719168E-08
4.39927622108982E-08
4.39927622108982E-08
4.39927622108982E-08
4.39927622108982E-08
4.39927622108982E-08
4.39927622108982E-08
4.39927622108982E-08
4.39927622108982E-08
4.39927622108982E-08
4.39927622108982E-08
4.39927622108982E-08
4.39927622108982E-08
4.39927622108982E-08
4.39927622108982E-08
4.39927622108982E-08
4.39927622108982E-08
4.39927622108982E-08
2.05249621743064E-08
2.05249621743064E-08
2.05249621743064E-08
2.05249621743064E-08
2.05249621743064E-08
2.05249621743064E-08
2.05249621743064E-08
2.05249621743064E-08
2.05249621743064E-08
2.05249621743064E-08
2.05249621743064E-08
2.05249621743064E-08
1.69952890649583E-08
1.69952890649583E-08
1.69952890649583E-08
1.69952890649583E-08
1.69952890649583E-08
1.69952890649583E-08
1.69952890649583E-08
1.69952890649583E-08
1.69952890649583E-08
9.04423247405362E-09
9.04423247405362E-09
9.04423247405362E-09
9.04423247405362E-09
9.04423247405362E-09
9.04423247405362E-09
9.04423247405362E-09
9.04423247405362E-09
9.04423247405362E-09
9.04423247405362E-09
9.04423247405362E-09
9.04423247405362E-09
9.04423247405362E-09
9.04423247405362E-09
9.04423247405362E-09
9.04423247405362E-09
9.04423247405362E-09
9.04423247405362E-09
9.04423247405362E-09
9.04423247405362E-09
9.04423247405362E-09
9.04423247405362E-09
9.04423247405362E-09
9.04423247405362E-09
9.04423247405362E-09
9.04423247405362E-09
9.04423247405362E-09
9.04423247405362E-09
9.04423247405362E-09
9.04423247405362E-09
9.04423247405362E-09
9.04423247405362E-09
9.04423247405362E-09
9.04423247405362E-09
9.04423247405362E-09
9.04423247405362E-09
9.04423247405362E-09
9.04423247405362E-09
9.04423247405362E-09
9.04423247405362E-09
9.04423247405362E-09
9.04423247405362E-09
9.04423247405362E-09
9.04423247405362E-09
9.04423247405362E-09
9.04423247405362E-09
9.04423247405362E-09
9.04423247405362E-09
9.04423247405362E-09
9.04423247405362E-09
5.33112309852868E-09
5.33112309852868E-09
5.33112309852868E-09
5.33112309852868E-09
5.33112309852868E-09
5.33112309852868E-09
5.33112309852868E-09
5.33112309852868E-09
5.33112309852868E-09
5.33112309852868E-09
5.33112309852868E-09
5.33112309852868E-09
5.33112309852868E-09
5.33112309852868E-09
5.33112309852868E-09
5.33112309852868E-09
5.33112309852868E-09
5.33112309852868E-09
5.33112309852868E-09
5.33112309852868E-09
5.33112309852868E-09
5.33112309852868E-09
5.33112309852868E-09
5.33112309852868E-09
5.33112309852868E-09
5.33112309852868E-09
5.33112309852868E-09
5.33112309852868E-09
5.33112309852868E-09
5.33112309852868E-09
5.33112309852868E-09
5.33112309852868E-09
5.33112309852868E-09
5.33112309852868E-09
5.33112309852868E-09
5.33112309852868E-09
5.33112309852868E-09
5.33112309852868E-09
5.33112309852868E-09
5.33112309852868E-09
5.33112309852868E-09
5.33112309852868E-09
5.33112309852868E-09
5.33112309852868E-09
5.33112309852868E-09
5.33112309852868E-09
5.33112309852868E-09
3.9748933033934E-09
3.9748933033934E-09
3.9748933033934E-09
3.9748933033934E-09
3.9748933033934E-09
3.9748933033934E-09
3.9748933033934E-09
3.9748933033934E-09
3.9748933033934E-09
3.18021020628834E-09
3.18021020628834E-09
3.18021020628834E-09
3.18021020628834E-09
3.18021020628834E-09
3.18021020628834E-09
3.18021020628834E-09
3.18021020628834E-09
3.18021020628834E-09
2.2034573055052E-09
2.2034573055052E-09
1.61021829203634E-09
1.61021829203634E-09
1.61021829203634E-09
1.61021829203634E-09
1.61021829203634E-09
1.61021829203634E-09
1.61021829203634E-09
1.61021829203634E-09
1.61021829203634E-09
1.61021829203634E-09
1.61021829203634E-09
1.61021829203634E-09
1.61021829203634E-09
1.61021829203634E-09
1.61021829203634E-09
1.61021829203634E-09
1.61021829203634E-09
1.61021829203634E-09
1.61021829203634E-09
1.61021829203634E-09
1.61021829203634E-09
1.61021829203634E-09
1.61021829203634E-09
1.61021829203634E-09
1.61021829203634E-09
1.61021829203634E-09
1.61021829203634E-09
1.61021829203634E-09
1.61021829203634E-09
1.61021829203634E-09
1.61021829203634E-09
1.61021829203634E-09
1.61021829203634E-09
1.61021829203634E-09
1.61021829203634E-09
1.61021829203634E-09
1.61021829203634E-09
1.61021829203634E-09
1.61021829203634E-09
1.61021829203634E-09
1.61021829203634E-09
1.61021829203634E-09
1.61021829203634E-09
1.61021829203634E-09
1.61021829203634E-09
1.61021829203634E-09
1.61021829203634E-09
1.61021829203634E-09
1.61021829203634E-09
1.59623780859874E-09
1.59623780859874E-09
1.59623780859874E-09
1.59623780859874E-09
1.59623780859874E-09
1.59623780859874E-09
1.59623780859874E-09
1.59623780859874E-09
1.59623780859874E-09
1.59623780859874E-09
1.59623780859874E-09
1.59623780859874E-09
1.06403441613168E-09
7.05086322660975E-10
7.05086322660975E-10
7.05086322660975E-10
7.05086322660975E-10
7.05086322660975E-10
7.05086322660975E-10
7.05086322660975E-10
7.05086322660975E-10
7.05086322660975E-10
7.05086322660975E-10
7.05086322660975E-10
7.05086322660975E-10
7.05086322660975E-10
7.05086322660975E-10
7.05086322660975E-10
7.05086322660975E-10
7.05086322660975E-10
7.05086322660975E-10
7.05086322660975E-10
7.05086322660975E-10
7.05086322660975E-10
7.05086322660975E-10
7.05086322660975E-10
7.05086322660975E-10
7.05086322660975E-10
7.05086322660975E-10
7.05086322660975E-10
7.05086322660975E-10
7.05086322660975E-10
7.05086322660975E-10
7.05086322660975E-10
7.05086322660975E-10
7.05086322660975E-10
7.05086322660975E-10
6.2552385493575E-10
6.2552385493575E-10
6.2552385493575E-10
6.2552385493575E-10
6.2552385493575E-10
6.2552385493575E-10
6.2552385493575E-10
6.2552385493575E-10
6.2552385493575E-10
6.2552385493575E-10
6.2552385493575E-10
6.2552385493575E-10
6.2552385493575E-10
6.2552385493575E-10
6.2552385493575E-10
6.2552385493575E-10
6.2552385493575E-10
4.99386532126778E-10
4.99386532126778E-10
4.99386532126778E-10
4.99386532126778E-10
4.99386532126778E-10
4.99386532126778E-10
4.99386532126778E-10
4.99386532126778E-10
4.99386532126778E-10
4.99386532126778E-10
4.99386532126778E-10
4.99386532126778E-10
4.99386532126778E-10
4.99386532126778E-10
4.99386532126778E-10
4.99386532126778E-10
4.99386532126778E-10
4.99386532126778E-10
4.99386532126778E-10
4.99386532126778E-10
4.99386532126778E-10
1.49535051008343E-10
1.49535051008343E-10
1.49535051008343E-10
1.49535051008343E-10
1.49535051008343E-10
1.49535051008343E-10
1.49535051008343E-10
1.49535051008343E-10
1.49535051008343E-10
1.49535051008343E-10
1.49535051008343E-10
1.49535051008343E-10
1.49535051008343E-10
1.49535051008343E-10
1.49535051008343E-10
1.49535051008343E-10
1.49535051008343E-10
1.49535051008343E-10
1.49535051008343E-10
1.49535051008343E-10
1.49535051008343E-10
1.49535051008343E-10
1.49535051008343E-10
1.49535051008343E-10
1.49535051008343E-10
1.49535051008343E-10
1.49535051008343E-10
1.49535051008343E-10
1.49535051008343E-10
1.49535051008343E-10
1.49535051008343E-10
1.49535051008343E-10
1.49535051008343E-10
1.49535051008343E-10
1.49535051008343E-10
1.49535051008343E-10
1.49535051008343E-10
1.49535051008343E-10
1.49535051008343E-10
1.49535051008343E-10
1.49535051008343E-10
1.49535051008343E-10
1.43507761229955E-10
1.43507761229955E-10
1.43507761229955E-10
1.43507761229955E-10
1.43507761229955E-10
1.43507761229955E-10
1.43507761229955E-10
1.43507761229955E-10
1.43507761229955E-10
1.43507761229955E-10
1.43507761229955E-10
1.43507761229955E-10
1.43507761229955E-10

