0.213216631013842
0.0147388466181738
0.014729662206007
0.011742264886126
0.011742264886126
0.00503676640331818
0.00315020260267296
0.00278181326444382
0.000905077728975967
0.000905077728975967
0.000439504517118938
0.000406307256265004
0.000333608453473633
3.94801321605964E-05
3.94801321605964E-05
3.94801321605964E-05
3.94801321605964E-05
3.94801321605964E-05
2.10233821009709E-05
9.47931688843884E-06
6.47862546909739E-06
6.47862546909739E-06
3.42337883774135E-06
3.42337883774135E-06
2.73627348534866E-06
2.73627348534866E-06
2.73627348534866E-06
2.73627348534866E-06
1.53968537153215E-06
1.53968537153215E-06
1.53968537153215E-06
1.53968537153215E-06
1.53968537153215E-06
1.53968537153215E-06
1.53968537153215E-06
1.53968537153215E-06
7.83888481681316E-07
7.83888481681316E-07
7.83888481681316E-07
7.83888481681316E-07
7.83888481681316E-07
7.83888481681316E-07
7.83888481681316E-07
7.83888481681316E-07
7.83888481681316E-07
7.83888481681316E-07
6.94505634779574E-07
6.94505634779574E-07
6.94505634779574E-07
5.75584075956925E-08
5.75584075956925E-08
5.75584075956925E-08
5.75584075956925E-08
5.75584075956925E-08
5.75584075956925E-08
5.75584075956925E-08
5.75584075956925E-08
5.75584075956925E-08
5.75584075956925E-08
5.75584075956925E-08
5.75584075956925E-08
5.75584075956925E-08
5.75584075956925E-08
5.75584075956925E-08
5.75584075956925E-08
5.75584075956925E-08
5.75584075956925E-08
5.75584075956925E-08
5.75584075956925E-08
5.75584075956925E-08
5.75584075956925E-08
5.75584075956925E-08
5.75584075956925E-08
5.75584075956925E-08
5.75584075956925E-08
5.75584075956925E-08
5.75584075956925E-08
5.75584075956925E-08
5.75584075956925E-08
5.75584075956925E-08
5.75584075956925E-08
5.72517252495075E-08
5.72517252495075E-08
5.72517252495075E-08
5.72517252495075E-08
5.72517252495075E-08
5.72517252495075E-08
5.72517252495075E-08
5.72517252495075E-08
5.72517252495075E-08
2.42908029246536E-08
2.42908029246536E-08
2.42908029246536E-08
2.42908029246536E-08
2.42908029246536E-08
2.42908029246536E-08
2.42908029246536E-08
2.42908029246536E-08
2.42908029246536E-08
2.42908029246536E-08
2.42908029246536E-08
2.42908029246536E-08
2.42908029246536E-08
2.42908029246536E-08
2.42908029246536E-08
2.42908029246536E-08
2.42908029246536E-08
2.42908029246536E-08
2.42908029246536E-08
2.42908029246536E-08
2.42908029246536E-08
2.42908029246536E-08
2.42908029246536E-08
2.42908029246536E-08
2.42908029246536E-08
2.42908029246536E-08
2.42908029246536E-08
2.42908029246536E-08
2.42908029246536E-08
2.42908029246536E-08
2.42908029246536E-08
2.42908029246536E-08
2.42908029246536E-08
2.42908029246536E-08
2.42908029246536E-08
2.42908029246536E-08
2.42908029246536E-08
2.42908029246536E-08
2.42908029246536E-08
2.42908029246536E-08
2.42908029246536E-08
2.42908029246536E-08
2.42908029246536E-08
2.42908029246536E-08
2.42908029246536E-08
2.42908029246536E-08
2.42908029246536E-08
2.42908029246536E-08
2.42908029246536E-08
2.42908029246536E-08
2.42908029246536E-08
2.42908029246536E-08
2.42908029246536E-08
2.42908029246536E-08
2.42908029246536E-08
2.42908029246536E-08
2.42908029246536E-08
2.42908029246536E-08
2.42908029246536E-08
2.42908029246536E-08
2.42908029246536E-08
2.42908029246536E-08
2.42908029246536E-08
2.42908029246536E-08
2.42908029246536E-08
2.42908029246536E-08
2.42908029246536E-08
2.42908029246536E-08
2.42908029246536E-08
2.42908029246536E-08
2.42908029246536E-08
2.42908029246536E-08
2.42908029246536E-08
2.42908029246536E-08
2.42908029246536E-08
2.42908029246536E-08
2.42908029246536E-08
2.42908029246536E-08
2.42908029246536E-08
2.42908029246536E-08
2.42908029246536E-08
2.42908029246536E-08
2.42908029246536E-08
2.42908029246536E-08
2.42908029246536E-08
2.42908029246536E-08
2.42908029246536E-08
2.42908029246536E-08
2.42908029246536E-08
2.42908029246536E-08
2.42908029246536E-08
2.42908029246536E-08
2.42908029246536E-08
2.42908029246536E-08
2.42908029246536E-08
1.00389920820732E-08
1.00389920820732E-08
1.00389920820732E-08
1.00389920820732E-08
1.00389920820732E-08
1.00389920820732E-08
1.00389920820732E-08
1.00389920820732E-08
1.00389920820732E-08
1.00389920820732E-08
1.00389920820732E-08
1.00389920820732E-08
1.00389920820732E-08
1.00389920820732E-08
1.00389920820732E-08
1.00389920820732E-08
1.00389920820732E-08
1.00389920820732E-08
1.00389920820732E-08
1.00389920820732E-08
1.00389920820732E-08
1.00389920820732E-08
1.00389920820732E-08
1.00389920820732E-08
1.00389920820732E-08
1.00389920820732E-08
1.00389920820732E-08
1.00389920820732E-08
9.98590576894998E-09
9.98590576894998E-09
9.98590576894998E-09
9.98590576894998E-09
9.98590576894998E-09
9.98590576894998E-09
9.98590576894998E-09
9.98590576894998E-09
9.98590576894998E-09
9.98590576894998E-09
9.98590576894998E-09
9.98590576894998E-09
9.98590576894998E-09
9.98590576894998E-09
9.98590576894998E-09
9.98590576894998E-09
9.98590576894998E-09
9.98590576894998E-09
9.98590576894998E-09
9.98590576894998E-09
9.98590576894998E-09
9.98590576894998E-09
9.98590576894998E-09
9.98590576894998E-09
9.98590576894998E-09
9.98590576894998E-09
9.98590576894998E-09
9.98590576894998E-09
9.98590576894998E-09
4.53502557729024E-09
4.53502557729024E-09
4.53502557729024E-09
4.53502557729024E-09
4.53502557729024E-09
4.53502557729024E-09
4.53502557729024E-09
4.53502557729024E-09
4.53502557729024E-09
4.53502557729024E-09
4.53502557729024E-09
4.53502557729024E-09
4.53502557729024E-09
4.53502557729024E-09
4.53502557729024E-09
4.53502557729024E-09
4.53502557729024E-09
4.53502557729024E-09
4.53502557729024E-09
4.53502557729024E-09
4.53502557729024E-09
4.53502557729024E-09
4.53502557729024E-09
4.53502557729024E-09
4.53502557729024E-09
4.53502557729024E-09
4.53502557729024E-09
4.53502557729024E-09
4.53502557729024E-09
4.53502557729024E-09
4.53502557729024E-09
4.53502557729024E-09
4.53502557729024E-09
4.53502557729024E-09
4.53502557729024E-09
4.53502557729024E-09
4.53502557729024E-09
4.53502557729024E-09
4.53502557729024E-09
4.53502557729024E-09
4.53502557729024E-09
4.53502557729024E-09
4.53502557729024E-09
4.53502557729024E-09
4.53502557729024E-09
4.53502557729024E-09
4.53502557729024E-09
4.53502557729024E-09
4.53502557729024E-09
4.53502557729024E-09
4.53502557729024E-09
4.53502557729024E-09
4.53502557729024E-09
4.53502557729024E-09
4.53502557729024E-09
4.53502557729024E-09
4.53502557729024E-09
4.53502557729024E-09
4.53502557729024E-09
4.53502557729024E-09
4.53502557729024E-09
4.53502557729024E-09
4.53502557729024E-09
4.53502557729024E-09
4.53502557729024E-09
4.53502557729024E-09
4.53502557729024E-09
4.53502557729024E-09
4.53502557729024E-09
4.53502557729024E-09
4.53502557729024E-09
4.53502557729024E-09
4.53502557729024E-09
4.53502557729024E-09
4.53502557729024E-09
4.53502557729024E-09
4.53502557729024E-09
4.53502557729024E-09
4.53502557729024E-09
4.53502557729024E-09
4.53502557729024E-09
4.53502557729024E-09
4.53502557729024E-09
4.53502557729024E-09
4.53502557729024E-09
4.53502557729024E-09
4.53502557729024E-09
4.53502557729024E-09
4.53502557729024E-09
4.53502557729024E-09
4.53502557729024E-09
4.53502557729024E-09
4.53502557729024E-09
3.33384464479281E-09
3.33384464479281E-09
3.33384464479281E-09
3.33384464479281E-09
3.33384464479281E-09
3.33384464479281E-09
3.33384464479281E-09
3.33384464479281E-09
3.33384464479281E-09
3.33384464479281E-09
3.33384464479281E-09
3.33384464479281E-09
3.33384464479281E-09
3.33384464479281E-09
3.33384464479281E-09
2.98598168413378E-09
2.98598168413378E-09
2.98598168413378E-09
2.26759810928456E-09
2.26759810928456E-09
2.26759810928456E-09
2.26759810928456E-09
2.26759810928456E-09
2.26759810928456E-09
2.26759810928456E-09
2.26759810928456E-09
2.26759810928456E-09
2.26759810928456E-09
1.78093373381927E-09
6.25965945744156E-10
6.25965945744156E-10
6.25965945744156E-10
6.25965945744156E-10
6.25965945744156E-10
6.25965945744156E-10
6.25965945744156E-10
6.25965945744156E-10
6.25965945744156E-10
6.25965945744156E-10
6.25965945744156E-10
6.25965945744156E-10
6.25965945744156E-10
6.25965945744156E-10
6.25965945744156E-10
6.25965945744156E-10
6.25965945744156E-10
6.25965945744156E-10
6.25965945744156E-10
6.25965945744156E-10
6.25965945744156E-10
6.25965945744156E-10
6.25965945744156E-10
6.25965945744156E-10
6.25965945744156E-10
6.25965945744156E-10
6.25965945744156E-10
6.25965945744156E-10
6.25965945744156E-10
6.25965945744156E-10
6.25965945744156E-10
6.25965945744156E-10
6.25965945744156E-10
6.25965945744156E-10
6.25965945744156E-10
6.25965945744156E-10
6.25965945744156E-10
6.25965945744156E-10
6.25965945744156E-10
6.25965945744156E-10
6.25965945744156E-10
6.25965945744156E-10
6.25965945744156E-10
6.25965945744156E-10
6.25965945744156E-10
5.62993651698207E-10
5.62993651698207E-10
5.62993651698207E-10
5.62993651698207E-10
5.62993651698207E-10
5.62993651698207E-10
5.62993651698207E-10
5.62993651698207E-10
5.62993651698207E-10
5.62993651698207E-10
5.62993651698207E-10
5.62993651698207E-10
5.62993651698207E-10
5.62993651698207E-10
5.62993651698207E-10
5.62993651698207E-10
5.62993651698207E-10
5.62993651698207E-10
5.62993651698207E-10
5.62993651698207E-10
5.62993651698207E-10
3.54636320309965E-10
3.54636320309965E-10
3.54636320309965E-10
3.54636320309965E-10
3.54636320309965E-10
3.54636320309965E-10
3.54636320309965E-10
3.54636320309965E-10
3.54636320309965E-10
3.54636320309965E-10
3.54636320309965E-10
3.54636320309965E-10
3.54636320309965E-10
3.54636320309965E-10
3.04225200586927E-10
3.04225200586927E-10
3.04225200586927E-10
3.04225200586927E-10
3.04225200586927E-10
3.04225200586927E-10
3.04225200586927E-10
3.04225200586927E-10
3.04225200586927E-10
3.04225200586927E-10
3.04225200586927E-10
3.04225200586927E-10
3.04225200586927E-10
3.04225200586927E-10
3.04225200586927E-10
3.04225200586927E-10
3.04225200586927E-10
3.04225200586927E-10
3.04225200586927E-10
3.04225200586927E-10
3.04225200586927E-10
3.04225200586927E-10
3.04225200586927E-10
3.04225200586927E-10
3.04225200586927E-10
3.04225200586927E-10
3.04225200586927E-10
3.04225200586927E-10
3.04225200586927E-10
3.04225200586927E-10
3.04225200586927E-10
3.04225200586927E-10
3.04225200586927E-10
3.04225200586927E-10
3.04225200586927E-10
3.04225200586927E-10
3.04225200586927E-10
3.04225200586927E-10
3.04225200586927E-10
3.04225200586927E-10
1.24063648243578E-10
1.24063648243578E-10
1.24063648243578E-10
1.24063648243578E-10
1.24063648243578E-10
1.24063648243578E-10
1.24063648243578E-10
1.24063648243578E-10
1.24063648243578E-10
1.24063648243578E-10
1.24063648243578E-10
1.24063648243578E-10
1.24063648243578E-10
1.24063648243578E-10
1.24063648243578E-10
1.24063648243578E-10

