0.0764178077982851
0.0764178077982851
0.0642052709298209
0.0323279796759414
0.00792059503320086
0.00562038716408408
0.00180136480459581
0.00180136480459581
0.00157257425564017
0.00112525772360872
0.000774970133877395
0.000698953891497323
0.00042097575346034
0.000313410132587677
0.000238026797274915
0.000184798188776036
0.000184798188776036
0.000184798188776036
0.000184798188776036
0.000184798188776036
0.000176143755099112
7.81117260062469E-05
7.81117260062469E-05
7.81117260062469E-05
5.66918240439973E-05
5.66918240439973E-05
3.39726392715178E-05
3.39726392715178E-05
3.332136262435E-05
3.332136262435E-05
3.332136262435E-05
2.52853750086768E-05
2.52853750086768E-05
2.52853750086768E-05
2.52853750086768E-05
2.52853750086768E-05
2.41857228414633E-05
1.42487454637408E-05
1.42487454637408E-05
1.42487454637408E-05
1.32966467344398E-05
1.32966467344398E-05
1.32966467344398E-05
1.29037279673616E-05
1.29037279673616E-05
1.29037279673616E-05
1.25668659765044E-05
1.25668659765044E-05
1.25668659765044E-05
1.25668659765044E-05
3.9605753180405E-06
3.9605753180405E-06
3.9605753180405E-06
3.9605753180405E-06
3.9605753180405E-06
3.9605753180405E-06
2.89894940141977E-06
2.58931895813497E-06
2.21766494568065E-06
2.20588674126887E-06
2.20588674126887E-06
2.20588674126887E-06
2.20588674126887E-06
2.20588674126887E-06
2.20588674126887E-06
2.20588674126887E-06
2.20588674126887E-06
2.20588674126887E-06
1.25858376964771E-06
1.25858376964771E-06
1.25858376964771E-06
1.25858376964771E-06
1.25858376964771E-06
1.25858376964771E-06
1.25858376964771E-06
1.25858376964771E-06
1.25858376964771E-06
1.25858376964771E-06
1.25858376964771E-06
1.25858376964771E-06
1.25858376964771E-06
1.25858376964771E-06
1.25858376964771E-06
1.23269297380713E-06
1.23269297380713E-06
1.23269297380713E-06
1.23269297380713E-06
1.19762123884648E-06
1.19762123884648E-06
9.03314650191334E-07
9.03314650191334E-07
9.03314650191334E-07
9.03314650191334E-07
9.03314650191334E-07
9.03314650191334E-07
9.03314650191334E-07
9.03314650191334E-07
9.03314650191334E-07
9.03314650191334E-07
9.03314650191334E-07
9.03314650191334E-07
9.03314650191334E-07
9.03314650191334E-07
9.03314650191334E-07
9.03314650191334E-07
7.57462241929296E-07
7.57462241929296E-07
7.57462241929296E-07
7.57462241929296E-07
7.57462241929296E-07
7.57462241929296E-07
7.57462241929296E-07
6.47614652682371E-07
5.8219302101481E-07
5.8219302101481E-07
3.634823469989E-07
3.634823469989E-07
3.634823469989E-07
3.634823469989E-07
3.634823469989E-07
3.634823469989E-07
3.634823469989E-07
3.634823469989E-07
3.634823469989E-07
3.634823469989E-07
3.634823469989E-07
3.634823469989E-07
3.634823469989E-07
3.634823469989E-07
3.634823469989E-07
3.634823469989E-07
3.634823469989E-07
3.634823469989E-07
3.12151132275673E-07
3.12151132275673E-07
3.12151132275673E-07
3.12151132275673E-07
3.12151132275673E-07
3.12151132275673E-07
3.12151132275673E-07
3.12151132275673E-07
3.12151132275673E-07
3.12151132275673E-07
2.25340995196888E-07
2.25340995196888E-07
2.25340995196888E-07
2.25340995196888E-07
2.25340995196888E-07
2.25340995196888E-07
2.25340995196888E-07
2.25340995196888E-07
2.25340995196888E-07
1.90751641149234E-07
1.90751641149234E-07
1.90751641149234E-07
1.90751641149234E-07
1.90751641149234E-07
1.90751641149234E-07
1.50452676317414E-07
1.50452676317414E-07
1.50452676317414E-07
1.50452676317414E-07
1.50452676317414E-07
1.50452676317414E-07
1.50452676317414E-07
1.50452676317414E-07
1.50452676317414E-07
1.50452676317414E-07
1.50452676317414E-07
1.50452676317414E-07
1.50452676317414E-07
1.31017277027468E-07
1.31017277027468E-07
9.02413362924293E-08
9.02413362924293E-08
9.02413362924293E-08
9.02413362924293E-08
9.02413362924293E-08
9.02413362924293E-08
9.02413362924293E-08
9.02413362924293E-08
9.02413362924293E-08
9.02413362924293E-08
9.02413362924293E-08
9.02413362924293E-08
9.02413362924293E-08
9.02413362924293E-08
9.02413362924293E-08
9.02413362924293E-08
9.02413362924293E-08
3.38979053715605E-08
3.38979053715605E-08
3.38979053715605E-08
3.38979053715605E-08
3.38979053715605E-08
3.38979053715605E-08
3.38979053715605E-08
3.38979053715605E-08
3.38979053715605E-08
3.38979053715605E-08
3.38979053715605E-08
3.38979053715605E-08
3.38979053715605E-08
3.38979053715605E-08
3.38979053715605E-08
3.38979053715605E-08
3.38979053715605E-08
1.31973015848885E-08
1.31973015848885E-08
1.31973015848885E-08
1.31973015848885E-08
1.31973015848885E-08
1.31973015848885E-08
1.31973015848885E-08
1.31973015848885E-08
1.31973015848885E-08
1.31973015848885E-08
1.31973015848885E-08
1.31973015848885E-08
1.31973015848885E-08
1.31973015848885E-08
1.31973015848885E-08
1.31973015848885E-08
1.31973015848885E-08
1.31973015848885E-08
1.31973015848885E-08
1.31973015848885E-08
1.31973015848885E-08
1.31973015848885E-08
1.31973015848885E-08
1.31973015848885E-08
8.84185558103212E-09
8.84185558103212E-09
8.84185558103212E-09
8.84185558103212E-09
8.84185558103212E-09
8.84185558103212E-09
8.84185558103212E-09
8.84185558103212E-09
8.84185558103212E-09
8.84185558103212E-09
8.48559156274575E-09
8.48559156274575E-09
8.48559156274575E-09
8.48559156274575E-09
8.48559156274575E-09
8.48559156274575E-09
8.48559156274575E-09
8.48559156274575E-09
8.48559156274575E-09
8.48559156274575E-09
8.48559156274575E-09
8.48559156274575E-09
8.21379864124339E-09
8.21379864124339E-09
8.21379864124339E-09
8.21379864124339E-09
8.21379864124339E-09
8.21379864124339E-09
8.21379864124339E-09
8.21379864124339E-09
8.21379864124339E-09
8.21379864124339E-09
8.21379864124339E-09
8.21379864124339E-09
8.21379864124339E-09
8.21379864124339E-09
8.21379864124339E-09
8.21379864124339E-09
8.21379864124339E-09
8.21379864124339E-09
8.21379864124339E-09
8.21379864124339E-09
8.21379864124339E-09
8.21379864124339E-09
8.21379864124339E-09
8.21379864124339E-09
8.21379864124339E-09
8.21379864124339E-09
8.21379864124339E-09
4.31642643849983E-09
4.31642643849983E-09
4.31642643849983E-09
4.31642643849983E-09
4.31642643849983E-09
4.31642643849983E-09
4.31642643849983E-09
4.31642643849983E-09
4.31642643849983E-09
4.31642643849983E-09
4.31642643849983E-09
4.31642643849983E-09
4.31642643849983E-09
4.31642643849983E-09
4.31642643849983E-09
4.31642643849983E-09
4.31642643849983E-09
4.31642643849983E-09
4.31642643849983E-09
4.31642643849983E-09
4.31642643849983E-09
4.31642643849983E-09
4.31642643849983E-09
4.31642643849983E-09
4.31642643849983E-09
4.31642643849983E-09
4.31642643849983E-09
4.31642643849983E-09
4.31642643849983E-09
4.31642643849983E-09
4.31642643849983E-09
4.31642643849983E-09
4.31642643849983E-09
4.31642643849983E-09
4.31642643849983E-09
4.31642643849983E-09
4.31642643849983E-09
4.31642643849983E-09
4.31642643849983E-09
4.31642643849983E-09
4.31642643849983E-09
4.31642643849983E-09
4.31642643849983E-09
4.31642643849983E-09
4.31642643849983E-09
4.31642643849983E-09
4.31642643849983E-09
4.31642643849983E-09
4.31642643849983E-09
4.31642643849983E-09
4.31642643849983E-09
4.31642643849983E-09
4.31642643849983E-09
4.31642643849983E-09
4.31642643849983E-09
4.31642643849983E-09
4.31642643849983E-09
4.31642643849983E-09
3.79049291954203E-09
3.79049291954203E-09
3.79049291954203E-09
3.79049291954203E-09
3.79049291954203E-09
3.79049291954203E-09
3.79049291954203E-09
3.15772252790225E-09
1.97711391702882E-09
1.97711391702882E-09
1.97711391702882E-09
1.97711391702882E-09
1.97711391702882E-09
1.97711391702882E-09
1.97711391702882E-09
1.97711391702882E-09
1.97711391702882E-09
1.97711391702882E-09
1.97711391702882E-09
1.97711391702882E-09
1.97711391702882E-09
7.74908359701953E-10
7.74908359701953E-10
7.74908359701953E-10
7.74908359701953E-10
7.74908359701953E-10
7.74908359701953E-10
7.74908359701953E-10
7.74908359701953E-10
7.74908359701953E-10
7.74908359701953E-10
7.74908359701953E-10
7.74908359701953E-10
7.74908359701953E-10
7.74908359701953E-10
7.74908359701953E-10
7.74908359701953E-10
7.74908359701953E-10
7.74908359701953E-10
7.74908359701953E-10
7.74908359701953E-10
7.74908359701953E-10
7.74908359701953E-10
7.74908359701953E-10
7.74908359701953E-10
7.74908359701953E-10
7.74908359701953E-10
7.74908359701953E-10
7.74908359701953E-10
7.74908359701953E-10
7.74908359701953E-10
7.74908359701953E-10
7.74908359701953E-10
7.74908359701953E-10
7.74908359701953E-10
7.74908359701953E-10
7.74908359701953E-10
7.74908359701953E-10
7.74908359701953E-10
7.74908359701953E-10
7.74908359701953E-10
7.74908359701953E-10
7.74908359701953E-10
7.74908359701953E-10
5.01378827344467E-10
5.01378827344467E-10
5.01378827344467E-10
5.01378827344467E-10
5.01378827344467E-10
5.01378827344467E-10
5.01378827344467E-10
5.01378827344467E-10
5.01378827344467E-10
5.01378827344467E-10
5.01378827344467E-10
5.01378827344467E-10
5.01378827344467E-10
5.01378827344467E-10
5.01378827344467E-10
5.01378827344467E-10
5.01378827344467E-10
5.01378827344467E-10
5.01378827344467E-10
5.01378827344467E-10
5.01378827344467E-10
5.01378827344467E-10
5.01378827344467E-10
5.01378827344467E-10
5.01378827344467E-10
5.01378827344467E-10
5.01378827344467E-10
5.01378827344467E-10
5.01378827344467E-10
5.01378827344467E-10
5.01378827344467E-10
5.01378827344467E-10
5.01378827344467E-10
5.01378827344467E-10
5.01378827344467E-10
5.01378827344467E-10
5.01378827344467E-10
5.01378827344467E-10
5.01378827344467E-10
5.01378827344467E-10
5.01378827344467E-10
5.01378827344467E-10
5.01378827344467E-10
5.01378827344467E-10
5.01378827344467E-10
5.01378827344467E-10
5.01378827344467E-10
3.44802963958557E-10
3.44802963958557E-10
3.44802963958557E-10
3.44802963958557E-10
3.44802963958557E-10
3.44802963958557E-10
3.44802963958557E-10
2.0492130214933E-10
2.0492130214933E-10
2.02808547733468E-10
2.02808547733468E-10
2.02808547733468E-10
2.02808547733468E-10
2.02808547733468E-10
2.02808547733468E-10
2.02808547733468E-10
2.02808547733468E-10
2.02808547733468E-10
2.02808547733468E-10
2.02808547733468E-10
2.02808547733468E-10
2.02808547733468E-10
2.02808547733468E-10
2.02808547733468E-10
2.02808547733468E-10
2.02808547733468E-10
2.02808547733468E-10
2.02808547733468E-10
2.02808547733468E-10
2.02808547733468E-10
2.02808547733468E-10
2.02808547733468E-10
2.02808547733468E-10
2.02808547733468E-10
2.02808547733468E-10
2.02808547733468E-10
2.02808547733468E-10
2.02808547733468E-10
2.02808547733468E-10
2.02808547733468E-10
2.02808547733468E-10
2.02808547733468E-10
2.02808547733468E-10
2.02808547733468E-10
2.02808547733468E-10
2.02808547733468E-10
2.02808547733468E-10
2.02808547733468E-10
2.02808547733468E-10
2.02808547733468E-10
2.02808547733468E-10

