5.02893818609073
2.98896808063449
2.22849738970892
1.77110217944794
1.1461850890033
0.933520979230844
0.810808879853033
0.810808879853033
0.807283340081824
0.780088166163421
0.777150379677721
0.7045995165366
0.7045995165366
0.672429009911838
0.65045200843762
0.648315396817216
0.642581606419473
0.571298145619442
0.489028893295333
0.489028893295333
0.475136867913361
0.436398275748638
0.408314303443436
0.367795748563174
0.34942069376531
0.34942069376531
0.343620409697702
0.333792011724557
0.293492664372112
0.293492664372112
0.291464920286771
0.289225795849647
0.279347787306944
0.258099903763149
0.247412350953729
0.217663727515054
0.215097619609008
0.19455278060069
0.173212419257318
0.173212419257318
0.15462782817875
0.140259300461317
0.128774617220607
0.128774617220607
0.128766625168823
0.101067235658372
0.101067235658372
0.101065277585408
0.100453693894669
0.0853340048004717
0.0813930915086846
0.0812676781430525
0.0812488710462002
0.0811998800169
0.0805964998966426
0.078541770009366
0.0700778039575443
0.0696414202071864
0.0638219584441649
0.0611722330381708
0.0611419410368282
0.0602406921773266
0.0527675814054015
0.0523936310322787
0.0523936310322787
0.0503363172512316
0.0486019683661406
0.0460089685737514
0.0367300590181062
0.0367300590181062
0.0367300590181062
0.0363547103888821
0.0342042437963332
0.0341574339799172
0.0281690095149678
0.0281690095149678
0.0281690095149678
0.0258313224325241
0.0223623007691762
0.0223169501209691
0.0223169501209691
0.0223169501209691
0.0223169501209691
0.0223169501209691
0.0220536952145734
0.0220536952145734
0.0220536952145734
0.0216464712629604
0.0199250656551052
0.0193815905785136
0.0184024650118511
0.0184024650118511
0.0183668905394442
0.0183602288707596
0.0183602288707596
0.0170501232100497
0.0170501232100497
0.0168195884063244
0.0168195884063244
0.0149534212696736
0.0149145920066396
0.0149145920066396
0.0148947345564555
0.0148947345564555
0.0143415147065727
0.0134420925435394
0.0125110691407241
0.0125110691407241
0.0125110691407241
0.0125110691407241
0.0125110691407241
0.0113694455852573
0.0110153178531185
0.0110061775505729
0.0110061775505729
0.0109729014257669
0.0109729014257669
0.0109729014257669
0.0109149050910523
0.0109149050910523
0.0107241104056057
0.0104092555664542
0.0104092555664542
0.0104092555664542
0.0104092555664542
0.0104092555664542
0.0102714730467881
0.0102704213769134
0.0102704213769134
0.00999714962536086
0.00891580585612913
0.00891580585612913
0.00839168885809665
0.00839168885809665
0.00839168885809665
0.00839168885809665
0.00839168885809665
0.00839168885809665
0.00839168885809665
0.00839168885809665
0.00839168885809665
0.00838350281164558
0.00833823508457528
0.00833823508457528
0.00833823508457528
0.00799722727740031
0.00786570772033924
0.00786570772033924
0.00765677811257912
0.00761476224540632
0.00714654967188658
0.00713593954529068
0.00663672696753465
0.00663672696753465
0.00663672696753465
0.00535235646239469
0.00364265175142675
0.00364265175142675
0.00364265175142675
0.00300371922039294
0.00300371922039294
0.00299654148936382
0.00299654148936382
0.00299654148936382
0.00299654148936382
0.00299654148936382
0.00299654148936382
0.00299654148936382
0.00299654148936382
0.00298912995765306
0.00298912995765306
0.00298912995765306
0.00298912995765306
0.00298877391397027
0.00293906642756458
0.00293906642756458
0.00293906642756458
0.00293906642756458
0.00293906642756458
0.00249905214925838
0.00249905214925838
0.00249905214925838
0.00239146661457411
0.00239146661457411
0.00239146661457411
0.00236665207604845
0.00236665207604845
0.00236665207604845
0.00236665207604845
0.00236665207604845
0.00236647221895143
0.00236647221895143
0.00219780477017016
0.00219780477017016
0.00219780477017016
0.00219780477017016
0.00216889858378079
0.00216889858378079
0.00216889858378079
0.00198917055468482
0.00198917055468482
0.00170121779943817
0.00169758809827584
0.00155667845217001
0.00155667845217001
0.00155667845217001
0.00155667845217001
0.00155667845217001
0.00155667845217001
0.00155667845217001
0.00155667845217001
0.00155667845217001
0.00155667845217001
0.00155667845217001
0.00155667845217001
0.00150504260444027
0.00150504260444027
0.00150504260444027
0.00150022171267242
0.00150022171267242
0.00150022171267242
0.00146458366601394
0.00145213287025301
0.00145213287025301
0.00145213287025301
0.00132021618281861
0.00132021618281861
0.00131681936366732
0.00131681936366732
0.00131681936366732
0.00119337727013748
0.00119337727013748
0.00119337727013748
0.00119337727013748
0.00119337727013748
0.00119337727013748
0.00119337727013748
0.0011093036295434
0.000989658676973356
0.000776162003735336
0.000776162003735336
0.000776162003735336
0.000776162003735336
0.000776162003735336
0.000776162003735336
0.000776162003735336
0.000776162003735336
0.000776162003735336
0.000776162003735336
0.000775530319699247
0.000775530319699247
0.000775530319699247
0.000775530319699247
0.000775530319699247
0.000775530319699247
0.000775530319699247
0.000775530319699247
0.000775530319699247
0.000775530319699247
0.000775530319699247
0.000775530319699247
0.000681770345095556
0.000681770345095556
0.000681770345095556
0.000681770345095556
0.000681770345095556
0.000681770345095556
0.000681770345095556
0.000681770345095556
0.000681770345095556
0.00066451903226392
0.00066451903226392
0.00066451903226392
0.00066451903226392
0.00066451903226392
0.000592730970712428
0.000592730970712428
0.000592730970712428
0.000592730970712428
0.000592730970712428
0.000592730970712428
0.000525502916856927
0.000525502916856927
0.000525502916856927
0.000525502916856927
0.000525222447048684
0.000525222447048684
0.000521765702408983
0.00052158276712672
0.000503600444505951
0.000503600444505951
0.000476389579348369
0.000476389579348369
0.000476389579348369
0.000428242602663819
0.000428242602663819
0.000428242602663819
0.000428242602663819
0.000428242602663819
0.000428242602663819
0.000428242602663819
0.000428242602663819
0.000427241927409452
0.000427241927409452
0.000427241927409452
0.000427241927409452
0.000427241927409452
0.000427241927409452
0.000424107464543247
0.000424107464543247
0.000424107464543247
0.000424107464543247
0.000424107464543247
0.000424107464543247
0.000424107464543247
0.000424107464543247
0.000424107464543247
0.000424107464543247
0.000424107464543247
0.000424107464543247
0.000424107464543247
0.000424107464543247
0.000424107464543247
0.000424107464543247
0.000424107464543247
0.000423767041539026
0.000423767041539026
0.000423767041539026
0.000423767041539026
0.000423767041539026
0.000423767041539026
0.000423767041539026
0.000423767041539026
0.000423767041539026
0.000423767041539026
0.000423767041539026
0.000423767041539026
0.000423767041539026
0.000423767041539026
0.000423767041539026
0.000423767041539026
0.000423767041539026
0.000422912270703739
0.00039141805507845
0.00039141805507845
0.00039141805507845
0.00039141805507845
0.00039141805507845
0.00039141805507845
0.00039141805507845
0.000354359103160817
0.000354359103160817
0.000354359103160817
0.000354359103160817
0.000354359103160817
0.000354274910246426
0.000354274910246426
0.000345172020311408
0.000345172020311408
0.000338378509342453
0.000338378509342453
0.000338378509342453
0.000338378509342453
0.00033761579714582
0.00033761579714582
0.000335164674990624
0.000332881383243222
0.000332864067859296
0.000314934448784243
0.000314934448784243
0.000314934448784243
0.000314934448784243
0.000308962001266416
0.000251127453122943
0.000251127453122943
0.000250645164445112
0.000247858356113206
0.000247858356113206
0.000247858356113206
0.000241505839965127
0.000217202150092354
0.000217202150092354
0.000217202150092354
0.000217202150092354
0.000217202150092354
0.000217202150092354
0.000217202150092354
0.000156733370528664
0.000146906568987035
0.000136616282364789
0.000136616282364789
0.000135703427144641
0.000135703427144641
0.000135703427144641
0.000135703427144641
0.000135703427144641
0.000135703427144641
0.000135703427144641
0.000135703427144641
0.000135703427144641
0.000133430548557002
0.000133430548557002
0.000133430548557002
0.000133430548557002
0.000133430548557002
0.000133430548557002
0.000133430548557002
0.000133430548557002
0.000133430548557002
0.000122567711331973
0.000122567711331973
0.000122567711331973
0.000122567711331973
0.000122567711331973
0.000122567711331973
0.000122560723571521
9.43618007844446E-05
9.43618007844446E-05
9.43618007844446E-05
9.43618007844446E-05
9.43618007844446E-05
9.43618007844446E-05
9.43618007844446E-05
9.43618007844446E-05
9.43618007844446E-05
9.43618007844446E-05
9.43618007844446E-05
9.43618007844446E-05
9.43618007844446E-05
9.43618007844446E-05
9.43618007844446E-05
9.43618007844446E-05
9.43618007844446E-05
9.43618007844446E-05
9.18958761716616E-05
9.18958761716616E-05
7.45461389472075E-05
7.45461389472075E-05
7.45461389472075E-05
7.45461389472075E-05
7.45461389472075E-05
7.45461389472075E-05
7.45461389472075E-05
7.11435637375891E-05
6.35127996761986E-05
6.35127996761986E-05
6.35127996761986E-05
6.35127996761986E-05
6.3186561350914E-05
6.3186561350914E-05
6.3186561350914E-05
6.3186561350914E-05
6.3186561350914E-05
6.3186561350914E-05
6.02552453951185E-05
6.02552453951185E-05
6.02552453951185E-05
6.02552453951185E-05
6.02552453951185E-05
6.02552453951185E-05
6.02552453951185E-05
6.02552453951185E-05
6.02552453951185E-05
6.02552453951185E-05
6.02552453951185E-05
6.02552453951185E-05
6.02552453951185E-05
6.02552453951185E-05
6.02552453951185E-05
6.02552453951185E-05
6.02552453951185E-05
6.02552453951185E-05
6.02552453951185E-05
6.02552453951185E-05
6.02552453951185E-05
6.02552453951185E-05
6.02552453951185E-05
6.02552453951185E-05
6.02552453951185E-05
6.02552453951185E-05
6.02552453951185E-05
6.02552453951185E-05
6.02552453951185E-05
6.02552453951185E-05
6.02552453951185E-05
6.02552453951185E-05
6.02552453951185E-05
6.02552453951185E-05
6.02552453951185E-05
6.02552453951185E-05
6.02552453951185E-05
6.02552453951185E-05
6.02552453951185E-05
6.02552453951185E-05
6.02552453951185E-05
6.02552453951185E-05
6.02552453951185E-05
6.02552453951185E-05
6.02552453951185E-05
6.02552453951185E-05

