5.77746113337312
3.20734207431557
1.31054283881389
1.0787340207175
0.968639480784981
0.95710901997984
0.953785602102497
0.951189578194281
0.935780089233148
0.912307033266611
0.887707284747234
0.815029174466668
0.815029174466668
0.802539455711568
0.787045084729109
0.693850136390863
0.693850136390863
0.66998879384688
0.669850753441678
0.653069765874766
0.631056397826566
0.624472051091987
0.598424638123293
0.597684355820451
0.565234428576813
0.536807847040689
0.516188194818175
0.512207846128234
0.496444995348958
0.476413935148126
0.433176395619743
0.35276087331024
0.348132869164502
0.339893587367509
0.330711793363058
0.305454633693181
0.283243821450746
0.281496929775421
0.258410466304746
0.258393169534391
0.258393169534391
0.231040158629561
0.189633711463796
0.189633711463796
0.177096096428181
0.16776166323584
0.150459705576128
0.150459705576128
0.110870079061143
0.110362475258904
0.110362475258904
0.110145806919891
0.108119743218169
0.107554920407107
0.104120333020169
0.0916079563265795
0.090498065966812
0.089881069607721
0.0898773689147467
0.0730609589095569
0.0488101393408118
0.0406024921265829
0.0406024921265829
0.0360093807148624
0.035410216963454
0.035410216963454
0.0354060957467526
0.033775717603902
0.033775717603902
0.033775717603902
0.0335245078372995
0.0335150319873598
0.0312240531492179
0.030613196715812
0.030613196715812
0.030613196715812
0.0306109360430223
0.0306109360430223
0.0306109360430223
0.0290424077009603
0.0290424077009603
0.0227322363073481
0.0226112132444776
0.0218583974213012
0.0218583974213012
0.0204640145352589
0.0204640145352589
0.0204640145352589
0.0204640145352589
0.0204640145352589
0.0204640145352589
0.0200508277391311
0.0183723475166383
0.0178571743903712
0.0178571743903712
0.0178571743903712
0.0178571743903712
0.0177580084008358
0.0166958916548355
0.0166958916548355
0.0166907100548199
0.0132287736903969
0.0132287736903969
0.0132287736903969
0.0132287736903969
0.0132287736903969
0.0132287736903969
0.0132287736903969
0.0132153962650612
0.013173893667802
0.013173893667802
0.013173893667802
0.0131738623367793
0.0131738623367793
0.0131738623367793
0.0131398267039118
0.0124821972443778
0.0124821972443778
0.0115457897411867
0.0115457897411867
0.0115457897411867
0.0111255346178406
0.0111255346178406
0.00933206675386289
0.00933206675386289
0.00806183631296388
0.00806183631296388
0.00806183631296388
0.00718500656859427
0.00713308866619333
0.00577232184336347
0.00577232184336347
0.00552823795323682
0.00540034854764438
0.00540034854764438
0.00504826160060741
0.00504826160060741
0.00504826160060741
0.00504826160060741
0.00481436240704061
0.00481436240704061
0.00481436240704061
0.00481436240704061
0.00481436240704061
0.00481436240704061
0.00481436240704061
0.00481436240704061
0.00479673476596139
0.00479673476596139
0.00479673476596139
0.00479673476596139
0.00479673476596139
0.00408631341277191
0.00408631341277191
0.00408631341277191
0.00408631341277191
0.00408631341277191
0.00408631341277191
0.004078462366256
0.00368443072449996
0.00368443072449996
0.00368443072449996
0.00368443072449996
0.00368443072449996
0.00368443072449996
0.00368443072449996
0.00355856780582088
0.00355279890327122
0.00355279890327122
0.00355279890327122
0.00355279890327122
0.0034225046665687
0.0034225046665687
0.00337516288159865
0.00337516288159865
0.00284509789562638
0.00284509789562638
0.00284509789562638
0.00284509789562638
0.00284509789562638
0.00269782662869201
0.00269782662869201
0.00269782662869201
0.00269782662869201
0.00269782662869201
0.00269782662869201
0.00269782662869201
0.00269782662869201
0.00247930420202131
0.00247930420202131
0.00247930420202131
0.00247930420202131
0.00247930420202131
0.00244386900376319
0.00237289600411691
0.00237289600411691
0.00237289600411691
0.00226606837660361
0.00226606837660361
0.00226606837660361
0.00226606837660361
0.00216333011096394
0.00216333011096394
0.00216333011096394
0.00216333011096394
0.00216333011096394
0.00216333011096394
0.00216333011096394
0.00216333011096394
0.00216333011096394
0.00216333011096394
0.00215577816527848
0.00215577816527848
0.00215577816527848
0.00215577816527848
0.00199269718798948
0.00199269718798948
0.00198843035877665
0.00198843035877665
0.00198843035877665
0.00198843035877665
0.00198843035877665
0.00198843035877665
0.00180261956948895
0.00180261956948895
0.00180261956948895
0.00180261956948895
0.00177478567899965
0.00177478567899965
0.00177478567899965
0.00177478567899965
0.00173125822963465
0.00170558857741374
0.0015167259159256
0.0015167259159256
0.0015167259159256
0.0015167259159256
0.0015167259159256
0.0015167259159256
0.00151665908878753
0.00151665908878753
0.00148164004445972
0.00148113120606192
0.00143246333849619
0.00143246333849619
0.00141312375556459
0.00141312375556459
0.00141312375556459
0.00141312375556459
0.00137921878676351
0.00125703694087237
0.00125426974652627
0.00125426974652627
0.00125426974652627
0.00122881647996544
0.00122881647996544
0.00122881647996544
0.00122881647996544
0.00122881647996544
0.00122881647996544
0.00122881647996544
0.00122881647996544
0.00122881647996544
0.00122881647996544
0.00122881647996544
0.00122881647996544
0.00122881647996544
0.00122881647996544
0.00122881647996544
0.00122881647996544
0.00122881647996544
0.00110759921041779
0.0009758793422425
0.000974960436746529
0.000974960436746529
0.000974960436746529
0.00097267282442251
0.00095119084660694
0.000797330569888723
0.000797330569888723
0.000797330569888723
0.000797330569888723
0.000776415505917766
0.000776415505917766
0.000776415505917766
0.000776415505917766
0.000776415505917766
0.000739661402307345
0.000739661402307345
0.000678165380088866
0.000678165380088866
0.000678165380088866
0.000678165380088866
0.000652250992472059
0.000652250992472059
0.000652250992472059
0.000652250992472059
0.000652250992472059
0.000652250992472059
0.000490055119015302
0.000490055119015302
0.000490055119015302
0.000490055119015302
0.000490055119015302
0.000490055119015302
0.000490055119015302
0.000490055119015302
0.000490055119015302
0.000490055119015302
0.000490055119015302
0.000490055119015302
0.000490055119015302
0.00046176604556176
0.00046176604556176
0.000401810504903776
0.000401810504903776
0.000401810504903776
0.000401810504903776
0.000401810504903776
0.000401810504903776
0.000401701769005967
0.000401701769005967
0.000401701769005967
0.000401701769005967
0.000401701769005967
0.000401701769005967
0.000401701769005967
0.000347865617764108
0.000347865617764108
0.000347441226773087
0.000347441226773087
0.000334237577305087
0.000331288858079675
0.000331288858079675
0.000331288858079675
0.000331288858079675
0.000330912731221499
0.000330912731221499
0.000303076228532829
0.000303076228532829
0.000303076228532829
0.000246029357792699
0.000246029357792699
0.000246029357792699
0.000246029357792699
0.000246029357792699
0.000246029357792699
0.000246029357792699
0.000246029357792699
0.000246029357792699
0.000246029357792699
0.000245935171578432
0.000245935171578432
0.000245935171578432
0.000218937604704283
0.000218937604704283
0.000218937604704283
0.000218937604704283
0.000218937604704283
0.000218937604704283
0.000218937604704283
0.000218937604704283
0.000218937604704283
0.000218937604704283
0.000218937604704283
0.000218937604704283
0.000218937604704283
0.000218937604704283
0.000218937604704283
0.000218937604704283
0.000200880522428292
0.000200880522428292
0.000200880522428292
0.000200880522428292
0.000200880522428292
0.000200880522428292
0.000196730709193418
0.000196730709193418
0.000196730709193418
0.000179803202460738
0.000179803202460738
0.000179803202460738
0.000179803202460738
0.000179803202460738
0.000179590570070247
0.000179590570070247
0.000176067116988711
0.000176067116988711
0.000176067116988711
0.000176067116988711
0.000171677979954227
0.000171677979954227
0.000171677979954227
0.000171677979954227
0.000171650605208378
0.000171650605208378
0.000171650605208378
0.000171650605208378
0.000171650605208378
0.000171650605208378
0.000169724968610883
0.000169724968610883
0.000169724968610883
0.000169724968610883
0.000169724968610883
0.000169724968610883
0.000169724491169406
0.000169724491169406
0.000169497809952723
0.000169338219477156
0.000169338219477156
0.000169338219477156
0.000169338219477156
0.000169338219477156
0.000169338219477156
0.000169338219477156
0.000169338219477156
0.000169338219477156
0.000169338219477156
0.000157697924913571
0.000157697924913571
0.000157697924913571
0.000157697924913571
0.000157697924913571
0.000157697924913571
0.000157697924913571
0.000157697924913571
0.000157330663243969
0.000157330663243969
0.00015009442903916
0.00015009442903916
0.00015009442903916
0.00015009442903916
0.000147632005162156
0.000147632005162156
0.000147632005162156
0.000147632005162156
0.000141287495862161
0.000141287495862161
0.000141287495862161
0.000141287495862161
0.000141287495862161
0.000141287495862161
0.000141287495862161
0.000141287495862161
0.000140479502998678
0.000137389244478439
0.000137389244478439
0.000137389244478439
0.000137389244478439
0.000137389244478439
0.000137295855381307
0.000136914209548061
0.000136914209548061
0.000136914209548061
0.000136914209548061
0.000136914209548061
0.000136914209548061
0.00011896288505965
0.00011896288505965
0.00011896288505965
0.00011896288505965
0.00011896288505965
0.00011896288505965
9.89403980899834E-05
9.89403980899834E-05
9.89403980899834E-05
9.89403980899834E-05
9.89403980899834E-05
9.89403980899834E-05
9.89403980899834E-05
9.89403980899834E-05
9.89403980899834E-05
8.3968567627773E-05
7.99139689282478E-05
7.99139689282478E-05
7.99139689282478E-05
7.99139689282478E-05
7.97055061563412E-05
7.97055061563412E-05
7.97055061563412E-05
7.97055061563412E-05
7.97055061563412E-05
7.97055061563412E-05
7.97055061563412E-05
7.97055061563412E-05
7.97055061563412E-05
7.97055061563412E-05
7.97055061563412E-05
7.97055061563412E-05
7.97055061563412E-05
7.97055061563412E-05
7.97055061563412E-05
7.63447959073018E-05
7.63447959073018E-05
7.63447959073018E-05
7.63447959073018E-05
7.63447959073018E-05
6.345491538168E-05
6.345491538168E-05

