7.23942501650306
3.71209627382041
1.15178778541529
1.15178778541529
1.02576414479523
0.991974712105134
0.959323355027993
0.940610138175079
0.940610138175079
0.886222539890555
0.811564684169002
0.801591754049714
0.797226222416938
0.797172309699614
0.788425005410053
0.766208422323412
0.718005213249422
0.717873763592062
0.710337527331449
0.669366397662728
0.668022574606799
0.654131745314167
0.601614378810967
0.519748564842512
0.495724866779121
0.431751832193359
0.431751832193359
0.418118247665382
0.392241716103439
0.37241865981272
0.36859554263768
0.336123229537978
0.240957511990706
0.232269159463321
0.231363462868247
0.1941479800974
0.181314593042983
0.181143800797906
0.173681473300696
0.165165618054489
0.162321305796499
0.162321305796499
0.162321305796499
0.15589694355069
0.150035205912536
0.143593591787555
0.143593591787555
0.134555071264672
0.103152280909728
0.0939498781949104
0.0939498781949104
0.08116399999232
0.08116399999232
0.08116399999232
0.08116399999232
0.077713017938965
0.077713017938965
0.0706239407404085
0.0668492480243457
0.0668492480243457
0.0668492480243457
0.0615049466520065
0.0615049466520065
0.0615049466520065
0.0593548829240521
0.0593548829240521
0.0569665045485509
0.0513701111507728
0.0502639946678291
0.0501693232630085
0.0480025330097025
0.0480025330097025
0.0409444760074729
0.0401368828922099
0.0384447866405563
0.0384447866405563
0.0341174353013878
0.0297929722298465
0.0297929722298465
0.0278895921523621
0.0265399868108606
0.0265399868108606
0.0265399868108606
0.0265399868108606
0.0265399868108606
0.0208765321951454
0.0192925333178499
0.0192925333178499
0.019006129306109
0.019006129306109
0.019006129306109
0.0179204623482016
0.0179204623482016
0.0179204623482016
0.0152016523884748
0.0152016523884748
0.0139033578260858
0.0139033578260858
0.0133207139664207
0.010657623730406
0.010657623730406
0.010657623730406
0.010657623730406
0.010657623730406
0.010657623730406
0.010657479447078
0.010657479447078
0.0105123968840263
0.0101871879656308
0.0101871879656308
0.00610245250567364
0.00610245250567364
0.00610245250567364
0.00610245250567364
0.00610245250567364
0.00587984894957043
0.00587984894957043
0.00587984894957043
0.00587984894957043
0.00587984894957043
0.00587984894957043
0.00441852100418179
0.00347174192952051
0.00347174192952051
0.00347174192952051
0.00347174192952051
0.00347174192952051
0.00347174192952051
0.00347174192952051
0.00347174192952051
0.00347174192952051
0.00337823841764517
0.00337823841764517
0.00337823841764517
0.00337823841764517
0.00337823841764517
0.00337823841764517
0.00337823841764517
0.00337823841764517
0.00337642830444844
0.00337642830444844
0.00337642830444844
0.00337642830444844
0.00337642830444844
0.00337642830444844
0.00328486173663072
0.00328486173663072
0.00328486173663072
0.00328486173663072
0.00328486173663072
0.00328486173663072
0.00328486173663072
0.00328486173663072
0.00328486173663072
0.00328486173663072
0.00328486173663072
0.00323768554273787
0.00312348748739437
0.00312348748739437
0.00312348748739437
0.00266106129025029
0.00266106129025029
0.00266106129025029
0.00266106129025029
0.00254375265822275
0.00254375265822275
0.00254185048960544
0.00254185048960544
0.00254185048960544
0.00254185048960544
0.00254185048960544
0.00254185048960544
0.00254185048960544
0.00254185048960544
0.00254185048960544
0.00254185048960544
0.00254185048960544
0.00252853593995554
0.00252853593995554
0.00252644497366933
0.00252560360674929
0.00252560360674929
0.00246303397352043
0.00246303397352043
0.00246303397352043
0.00246303397352043
0.00246303397352043
0.00246303397352043
0.00246303397352043
0.00246303397352043
0.00246303397352043
0.00246303397352043
0.00227894176353939
0.00227894176353939
0.0021710985592695
0.0021710985592695
0.0016418339850025
0.00146566001719215
0.00146566001719215
0.00146566001719215
0.00146566001719215
0.00144822138725334
0.00142902053846945
0.00142902053846945
0.00142902053846945
0.00137757844454009
0.00137379682907003
0.00137201106962403
0.00137201106962403
0.00137107723007132
0.00137107723007132
0.00133880556322099
0.00133880556322099
0.00123447306708973
0.00123447306708973
0.00123447306708973
0.00120592002287507
0.00120592002287507
0.00108956534093766
0.00108956534093766
0.00108956534093766
0.00108956534093766
0.00108956534093766
0.00108956534093766
0.00108956534093766
0.00108891532385406
0.00108891532385406
0.00108891532385406
0.00108891532385406
0.00108891532385406
0.00108891532385406
0.000871948316114902
0.000871948316114902
0.000871948316114902
0.000871486659775496
0.000871486659775496
0.000871486659775496
0.000871486659775496
0.000871486659775496
0.000871486659775496
0.000871486659775496
0.000866224994399137
0.000866224994399137
0.000866224994399137
0.000866224994399137
0.000809699366774703
0.000809699366774703
0.000809699366774703
0.000809699366774703
0.000809699366774703
0.000809699366774703
0.000809699366774703
0.000809699366774703
0.000747467064297792
0.000747467064297792
0.000747467064297792
0.000747467064297792
0.000736116018762938
0.000736116018762938
0.00072561214531522
0.00072561214531522
0.000710285575454728
0.000710285575454728
0.000710285575454728
0.000710285575454728
0.000710285575454728
0.000666762295109234
0.000666692959572286
0.000666692959572286
0.000666692959572286
0.000666692959572286
0.000666692959572286
0.000666692959572286
0.000649477473152306
0.000649477473152306
0.000649477473152306
0.000649477473152306
0.000649477473152306
0.000649477473152306
0.000625754261501824
0.000625754261501824
0.000625754261501824
0.000625754261501824
0.000625754261501824
0.000625754261501824
0.000625754261501824
0.000617688242067097
0.000617688242067097
0.000617688242067097
0.000617688242067097
0.000617688242067097
0.000617688242067097
0.000617688242067097
0.000617688242067097
0.000617688242067097
0.000617688242067097
0.000568853701852617
0.000568853701852617
0.000568853701852617
0.000568853701852617
0.000568853701852617
0.000487177919805005
0.000487177919805005
0.000487177919805005
0.000487177919805005
0.000487177919805005
0.000487177919805005
0.000487177919805005
0.000451095500510671
0.000451095500510671
0.000451095500510671
0.000451095500510671
0.000451095500510671
0.000451095500510671
0.000451095500510671
0.000451095500510671
0.000294202650349822
0.000294202650349822
0.000294202650349822
0.000294202650349822
0.000294202650349822
0.000294202650349822
0.000282758288807689
0.000282758288807689
0.000282758288807689
0.000282758288807689
0.000282758288807689
0.000282758288807689
0.000282758288807689
0.000282758288807689
0.000282758288807689
0.000282758288807689
0.000282758288807689
0.000282758288807689
0.000282758288807689
0.000282758288807689
0.000282758288807689
0.000282758288807689
0.000282758288807689
0.000282758288807689
0.000282758288807689
0.00027863325045724
0.00027863325045724
0.00027863325045724
0.00027863325045724
0.00027863325045724
0.00027863325045724
0.00027863325045724
0.00027863325045724
0.000277674401005778
0.000277674401005778
0.000277674401005778
0.000277674401005778
0.000277674401005778
0.000275355498754569
0.000275355498754569
0.000275355498754569
0.000275355498754569
0.00026970392384915
0.000269701994667211
0.000269701994667211
0.000269701994667211
0.000207825319478483
0.000197114099547394
0.000197114099547394
0.000197114099547394
0.000194963541235822
0.000194963541235822
0.000194963541235822
0.000194963144025237
0.000194963144025237
0.000194963144025237
0.000194727226518923
0.000194727226518923
0.000194727226518923
0.000194727226518923
0.000194295962331503
0.000192944038509053
0.000192944038509053
0.000192944038509053
0.000192673456069824
0.000192673456069824
0.000192673456069824
0.000182276993728934
0.000171246836185559
0.000171246836185559
0.000171246836185559
0.000171246836185559
0.000171246836185559
0.000171246836185559
0.000171246836185559
0.000171246836185559
0.000171246836185559
0.000171246836185559
0.000171246836185559
0.000171246836185559
0.000171246836185559
0.000171246836185559
0.000171246836185559
0.000171246836185559
0.000171168721929781
0.000171168721929781
0.000171168721929781
0.000171168721929781
0.000171168721929781
0.000171168721929781
0.000171168721929781
0.000171168721929781
0.000171166758290965
0.000171166758290965
0.000161181266170756
0.00016117713458473
0.00016117713458473
0.00016117713458473
0.00016117713458473
0.00016117713458473
0.00016117713458473
0.00016117713458473
0.00016117713458473
0.000140260675849082
0.000140260675849082
0.000140260675849082
0.000140260675849082
0.000140260675849082
0.000140260675849082
0.000140260675849082
0.000140260675849082
0.000140260675849082
0.000126612882668852
0.00012218026991706
0.00012218026991706
0.00012218026991706
0.00012218026991706
0.00012218026991706
0.00012218026991706
0.00012218026991706
0.00012218026991706
0.00012218026991706
0.00012218026991706
0.00012218026991706
0.00012218026991706
0.00012218026991706
0.000120881936791193
0.000120881936791193
0.000120881936791193
0.000104227548360473
0.000104227548360473
0.000104227548360473
9.63601515112907E-05
9.63601515112907E-05
9.63601515112907E-05
9.63601515112907E-05
9.63601515112907E-05
9.63601515112907E-05
9.63601515112907E-05
9.63601515112907E-05
9.63601515112907E-05
9.63601515112907E-05
9.63601515112907E-05
9.63601515112907E-05
9.63601515112907E-05
9.63601515112907E-05
9.63601515112907E-05
9.63601515112907E-05
9.63601515112907E-05
9.62138649103862E-05
9.62138649103862E-05
9.62138649103862E-05
9.58157684646991E-05
9.58157684646991E-05
9.58157684646991E-05
9.57829846037938E-05
9.31590524369443E-05
9.31590524369443E-05
9.31590524369443E-05
9.31590524369443E-05
9.31590524369443E-05
9.31590524369443E-05
9.31590524369443E-05
9.31590524369443E-05
8.98036083355246E-05
8.98036083355246E-05
8.98036083355246E-05
8.98036083355246E-05
8.98036083355246E-05
8.98036083355246E-05
8.98036083355246E-05
8.7901582702363E-05
8.7901582702363E-05
8.7901582702363E-05
8.7901582702363E-05
8.7901582702363E-05
8.7901582702363E-05
8.7901582702363E-05
8.7901582702363E-05
8.7901582702363E-05
8.7901582702363E-05
8.7901582702363E-05
8.7901582702363E-05
8.79010064515999E-05

