6.54895292444457
2.26993293701706
1.41360088370857
1.28108967341082
1.2193301703625
0.957647373113916
0.902379374442598
0.892807357885055
0.852205682248674
0.783278722854485
0.749900630189499
0.749900630189499
0.705843883028266
0.636110746947701
0.636110746947701
0.636110746947701
0.597733195084716
0.591223045524921
0.59082762022157
0.59082762022157
0.570843247936645
0.520123919010203
0.429132780242659
0.412422008765385
0.412422008765385
0.412406225910372
0.405955700095172
0.351099396715493
0.313314694527937
0.261574288853938
0.25976663016328
0.254439776381605
0.254367148521979
0.254367148521979
0.243665004127957
0.222851117629798
0.222851117629798
0.199994922483161
0.18835695452065
0.166410227227527
0.166410227227527
0.157633543171401
0.157633543171401
0.152457304794929
0.118092334878065
0.113818521997283
0.113256032181922
0.0763247422115488
0.0763247422115488
0.0763247422115488
0.0763247422115488
0.0763247422115488
0.063625750627748
0.0636149770500779
0.0636149770500779
0.0636149770500779
0.0636149770500779
0.0601966145620567
0.0592395531548638
0.0591293119404607
0.0591293119404607
0.055210757846872
0.055210757846872
0.0435205429349157
0.0435205429349157
0.0435205429349157
0.0378464153844595
0.0357397909468816
0.0322612865996166
0.0322612865996166
0.0322612865996166
0.0322446869494956
0.0210099227580743
0.0210099227580743
0.0210099227580743
0.0210099227580743
0.0210099227580743
0.0202799909415817
0.0202799909415817
0.0174098460893486
0.0174098460893486
0.0174098460893486
0.0174098460893486
0.0165485787536016
0.0162339328463597
0.016077496873264
0.016077496873264
0.0145809107271195
0.0145809107271195
0.0145809107271195
0.0145809107271195
0.0145809107271195
0.0145809107271195
0.0145809107271195
0.0145420967502546
0.0141062929898147
0.0141062929898147
0.0141062929898147
0.0141062929898147
0.0134074100876516
0.00976867249144649
0.00948031389465759
0.00937165503311988
0.00937165503311988
0.00937165503311988
0.00766590961167141
0.00766590961167141
0.00766590961167141
0.00766590961167141
0.00766590961167141
0.00766590961167141
0.00766590961167141
0.00766590961167141
0.00766590961167141
0.00659825202180314
0.00659825202180314
0.00656582992078863
0.00656582992078863
0.00656582992078863
0.00656582992078863
0.00656582992078863
0.00656582992078863
0.00482222802032555
0.00482222802032555
0.00482222802032555
0.00465260190616966
0.00465260190616966
0.00465260190616966
0.00465260190616966
0.00465260190616966
0.00465260190616966
0.00465260190616966
0.00465260190616966
0.00465260190616966
0.0044444380487945
0.0044444380487945
0.00401905056388659
0.00401905056388659
0.00401905056388659
0.00401905056388659
0.00401905056388659
0.00401905056388659
0.00401905056388659
0.00401905056388659
0.00401905056388659
0.00401905056388659
0.00401905056388659
0.00401905056388659
0.00401905056388659
0.00401905056388659
0.00401905056388659
0.00401905056388659
0.00401905056388659
0.00401905056388659
0.00398945568669956
0.00345786163492564
0.00305385696264897
0.00305385696264897
0.00305385696264897
0.00305385696264897
0.00305385696264897
0.00305385696264897
0.00305385696264897
0.00305385696264897
0.00305385696264897
0.00305385696264897
0.00301739444600946
0.00295163059188042
0.00295163059188042
0.00295163059188042
0.00295163059188042
0.00263142960034621
0.00263142960034621
0.00263142960034621
0.00263142960034621
0.00263142960034621
0.00263142960034621
0.00263142960034621
0.00263142960034621
0.00263142960034621
0.00263142960034621
0.00263142960034621
0.00263142960034621
0.00263142960034621
0.00263142960034621
0.00263142960034621
0.00263142960034621
0.00263142960034621
0.00263142960034621
0.00263142960034621
0.002588148069764
0.00253116060597702
0.0025268063872959
0.0025268063872959
0.0025268063872959
0.00229045718339907
0.00229045718339907
0.00229045718339907
0.00229045718339907
0.00229045718339907
0.00229045718339907
0.00229045718339907
0.00229045718339907
0.00229045718339907
0.00228825319024061
0.0022370983706388
0.0022370983706388
0.00222176330212256
0.00222176330212256
0.00211557428692274
0.0021029666016344
0.0021029666016344
0.00187246361279079
0.00187246361279079
0.00187246361279079
0.00187246361279079
0.00187246361279079
0.00187246361279079
0.00187246361279079
0.00187246361279079
0.00187246361279079
0.00139531169876449
0.00139531169876449
0.00139531169876449
0.00139531169876449
0.00139531169876449
0.00139531169876449
0.00139531169876449
0.00139531169876449
0.00131961727518283
0.00131961727518283
0.00131961727518283
0.00131961727518283
0.00131961727518283
0.00131961727518283
0.00123997251897788
0.00123997251897788
0.00111626095151938
0.00111626095151938
0.00104374220396521
0.00104374220396521
0.000996783398766165
0.000938571373325108
0.000938531572308457
0.000938531572308457
0.000938531572308457
0.000902953416389085
0.000902953416389085
0.000902953416389085
0.000902953416389085
0.000902953416389085
0.000902953416389085
0.000902953416389085
0.00070816731770802
0.00070816731770802
0.00070816731770802
0.000694636754209194
0.000694636754209194
0.000694636754209194
0.000694501957654719
0.000694501957654719
0.000694501957654719
0.000694501957654719
0.000694501957654719
0.000691242620516193
0.000691242620516193
0.000691242620516193
0.000691242620516193
0.000634185896096263
0.000634185896096263
0.000634185896096263
0.000634185896096263
0.000634185896096263
0.000634185896096263
0.000634185896096263
0.000634185896096263
0.000634185896096263
0.000634185896096263
0.000634185896096263
0.000606521019471634
0.000606521019471634
0.000606521019471634
0.000560756473900693
0.000560756473900693
0.000560756473900693
0.000560756473900693
0.00052814126515744
0.00052814126515744
0.00052814126515744
0.00052814126515744
0.000512691965750011
0.000512691965750011
0.000512691965750011
0.000505751941304381
0.000505751941304381
0.000505751941304381
0.000505572617588862
0.000445578387888182
0.000445578387888182
0.000445578387888182
0.000445578387888182
0.000365167778102695
0.000365167778102695
0.000365167778102695
0.000365167778102695
0.000365167778102695
0.00033479489388454
0.00033479489388454
0.00033479489388454
0.00033479489388454
0.00033479489388454
0.00033479489388454
0.00033479489388454
0.00033479489388454
0.00033479489388454
0.000329777998588596
0.000329777998588596
0.000290082281889202
0.000290082281889202
0.000289823787985637
0.000289823787985637
0.000289823787985637
0.000289823787985637
0.000289823787985637
0.000245188515683341
0.000245188515683341
0.000245188515683341
0.000245188515683341
0.000245188515683341
0.000245188515683341
0.000242969346494207
0.000242969346494207
0.000242969346494207
0.000242969346494207
0.00024296653307468
0.00024296653307468
0.000242954342889379
0.000242954342889379
0.000242954342889379
0.000242954342889379
0.000242862810170407
0.000235940847706253
0.000235940847706253
0.000235940847706253
0.000231411955331631
0.000231411955331631
0.000210891298449824
0.000210891298449824
0.000210891298449824
0.000210891298449824
0.000193744830323543
0.000193744830323543
0.000191712773628737
0.000191712773628737
0.000191712773628737
0.000191712773628737
0.000191712773628737
0.000191712773628737
0.000187297878422581
0.000187297878422581
0.000187297878422581
0.000187297878422581
0.000171864677587255
0.000171864677587255
0.000171864677587255
0.000171864677587255
0.000171864677587255
0.000171864677587255
0.000171790407269261
0.000171790407269261
0.000171790407269261
0.000171790407269261
0.000171790407269261
0.000171790407269261
0.000171790407269261
0.000171790407269261
0.000171790407269261
0.000171790407269261
0.000171790407269261
0.000171790407269261
0.000171790407269261
0.000171790407269261
0.000171790407269261
0.000171790407269261
0.000171790407269261
0.000171790407269261
0.000171790407269261
0.000167906182426323
0.000164907195067218
0.000164907195067218
0.000162437510506772
0.000162437510506772
0.000162437510506772
0.000162437510506772
0.000162437510506772
0.000162437510506772
0.000162437510506772
0.000162437510506772
0.000162437510506772
0.000162437510506772
0.000162437510506772
0.000162437510506772
0.000160507027266386
0.000160507027266386
0.000160507027266386
0.000160507027266386
0.000160507027266386
0.000160507027266386
0.000160507027266386
0.000160507027266386
0.000160507027266386
0.000160507027266386
0.000160507027266386
0.000148339950866136
0.000136637491883988
0.000136637491883988
0.000136637491883988
0.000136637491883988
0.000136637491883988
0.000136637491883988
0.000123462625940457
0.000123462625940457
0.000123462625940457
0.000115989300685867
0.000115989300685867
0.000115989300685867
0.000115989300685867
0.000115989300685867
0.000115989300685867
0.000115989300685867
0.000115989300685867
9.72164407790249E-05
9.72164407790249E-05
9.72164407790249E-05
9.72164407790249E-05
9.72164407790249E-05
9.72164407790249E-05
9.72164407790249E-05
9.72164407790249E-05
9.72164407790249E-05
9.72164407790249E-05
9.72164407790249E-05
9.72164407790249E-05
9.72164407790249E-05
9.72164407790249E-05
9.72164407790249E-05
9.72164407790249E-05
9.72164407790249E-05
9.32245420117106E-05
9.32245420117106E-05
9.32245420117106E-05
9.32245420117106E-05
9.32245420117106E-05
9.32245420117106E-05
9.32245420117106E-05
9.32245420117106E-05
9.32245420117106E-05
9.17229742694637E-05
9.17229742694637E-05
9.17229742694637E-05
9.17229742694637E-05
9.17229742694637E-05
9.17229742694637E-05
9.17229742694637E-05
9.17229742694637E-05
9.17229742694637E-05
9.17229742694637E-05
8.07403334749477E-05
8.07403334749477E-05
8.07403334749477E-05
8.07403334749477E-05
8.07403334749477E-05
8.07403334749477E-05
8.07403334749477E-05
8.07403334749477E-05
8.07403334749477E-05
8.07403334749477E-05
8.07403334749477E-05
8.07403334749477E-05
8.07403334749477E-05
8.07403334749477E-05
8.07403334749477E-05
8.07403334749477E-05
7.62715160788969E-05
7.62715160788969E-05
4.6745649603166E-05
4.6745649603166E-05
4.6745649603166E-05
4.6745649603166E-05
4.6745649603166E-05
4.6745649603166E-05
4.6745649603166E-05
4.6745649603166E-05
4.6745649603166E-05
4.6509541577878E-05
4.6509541577878E-05
4.6509541577878E-05
4.6509541577878E-05
4.6509541577878E-05
4.6509541577878E-05

