7.3388890695987
2.25303516344205
2.08607402651365
1.26673573738421
1.20863849000943
1.04914948876346
1.00273366810478
1.00265936136527
0.992848796006287
0.992848796006287
0.992848796006287
0.966493042244452
0.966439686767227
0.954653759049173
0.954653759049173
0.90370552303034
0.876452835555681
0.876452835555681
0.876411280939171
0.876213739619228
0.875800776992972
0.875680443354535
0.87248800162858
0.829973339062444
0.829973339062444
0.827676665839861
0.799525816836313
0.751938533995109
0.688912861825195
0.688912861825195
0.688912861825195
0.636805610857974
0.636799739424741
0.624274737619582
0.501274967250244
0.501274967250244
0.501049532767206
0.498289332428543
0.498194373036415
0.498179234572482
0.495016374955157
0.49099263774069
0.453315104355406
0.342931969615747
0.340231640513431
0.340231640513431
0.340231640513431
0.333937634549088
0.32256355542375
0.300262155741088
0.291986389127673
0.275388921031993
0.217727632397197
0.217727632397197
0.217727632397197
0.192511302077522
0.192511302077522
0.189669867145034
0.185042341353151
0.185042341353151
0.180513874998883
0.149271919148872
0.133847216291262
0.127254116004176
0.127254116004176
0.127254116004176
0.126303777309574
0.123643301580272
0.121654369456598
0.10326772459689
0.102201338277832
0.096942723375655
0.0768385713040361
0.0702418885607419
0.0702418885607419
0.0702418885607419
0.0683073991814144
0.0675389848754626
0.0675389848754626
0.0667864645972768
0.0578465548018102
0.0507566439484904
0.0507566439484904
0.0507566439484904
0.0507566439484904
0.03567721752749
0.0346159485407185
0.0346159485407185
0.0346159485407185
0.0346159485407185
0.0346159485407185
0.0340688445083286
0.0309159302245182
0.0309159302245182
0.0309159302245182
0.028497315716415
0.028497315716415
0.0273666104955984
0.0273666104955984
0.0264791278379732
0.0261790607539563
0.0258821410951122
0.0233605283030564
0.0233176976670331
0.0216118196820323
0.0216118196820323
0.0216118196820323
0.0216118196820323
0.0216118196820323
0.0216034900695125
0.0184898508297406
0.0168255044548128
0.0161836107811504
0.0161836107811504
0.0161836107811504
0.0161836107811504
0.0159257835112957
0.0159257835112957
0.0159257835112957
0.0120258815647247
0.0120258815647247
0.0120258815647247
0.0109243007573546
0.0109243007573546
0.00949753532674617
0.00949753532674617
0.00855772587125173
0.00839755012156797
0.00839131273243285
0.00839131273243285
0.00839131273243285
0.00839131273243285
0.00838441072507004
0.00721065593348137
0.00721065593348137
0.00721065593348137
0.00721065593348137
0.00672477493305857
0.00672477493305857
0.00623765989807327
0.00623765989807327
0.00623765989807327
0.00623737655723578
0.00623737655723578
0.00623737655723578
0.0060390694188715
0.0060390694188715
0.0060390694188715
0.0060390694188715
0.0060390694188715
0.00587396434673795
0.00587396434673795
0.00587396434673795
0.00582766946671964
0.00582766946671964
0.00581249159429041
0.00581249159429041
0.0057640032303587
0.0057640032303587
0.00573858445466787
0.00530537098491471
0.00530316402727015
0.00526231804189567
0.00526231804189567
0.00526231804189567
0.00526231804189567
0.0047977434480142
0.0047977434480142
0.00349664197103438
0.00349664197103438
0.00316916801086197
0.00316916801086197
0.00316916801086197
0.00316916801086197
0.00286699785815384
0.00286699785815384
0.00286454935101383
0.00286454935101383
0.00286454935101383
0.00286454935101383
0.00283693316477171
0.00225904893258031
0.00225904893258031
0.00225904893258031
0.00225904893258031
0.00225904893258031
0.00225904893258031
0.00225800377486607
0.00225800377486607
0.00225800377486607
0.00225800377486607
0.00222576472160744
0.00222576472160744
0.00222576472160744
0.00215327646811948
0.00186676425550437
0.00186676425550437
0.00186676425550437
0.00186676425550437
0.00186676425550437
0.00186676425550437
0.00160157465666419
0.00160157465666419
0.00160157465666419
0.00160157465666419
0.00160157465666419
0.00160157465666419
0.00160157465666419
0.00153085348451572
0.00153085348451572
0.00153085348451572
0.00153085348451572
0.00143879177783101
0.00143879177783101
0.00143879177783101
0.00143879177783101
0.00143879177783101
0.00143879177783101
0.00143879177783101
0.00143762091195037
0.00143762091195037
0.00143762091195037
0.00143609512075104
0.00143609512075104
0.00137741110938356
0.00137741110938356
0.00137741110938356
0.00137741110938356
0.00137741110938356
0.00137741110938356
0.00137741110938356
0.00132697244050036
0.00102076191374242
0.00102076191374242
0.00098522977579291
0.00098522977579291
0.000964944127535699
0.000964944127535699
0.000901893963696845
0.000901893963696845
0.000901893963696845
0.000901893963696845
0.000877206685515786
0.000877206685515786
0.000877206685515786
0.00086570101510267
0.00086570101510267
0.00086570101510267
0.00086570101510267
0.00086570101510267
0.00086570101510267
0.00086570101510267
0.00086570101510267
0.00086570101510267
0.000735803215847298
0.000735803215847298
0.000735803215847298
0.000735803215847298
0.000735803215847298
0.000735803215847298
0.000735803215847298
0.000735803215847298
0.000701512196217737
0.000700579069082372
0.000700579069082372
0.000700579069082372
0.000700579069082372
0.000691728597367587
0.000534347024666246
0.000534347024666246
0.000534347024666246
0.000534347024666246
0.000486246174096184
0.000486246174096184
0.000410325645732211
0.000410325645732211
0.000410325645732211
0.000410325645732211
0.000326730315551317
0.000326730315551317
0.000326730315551317
0.000326730315551317
0.000326730315551317
0.000326730315551317
0.000326730315551317
0.000326730315551317
0.00030562622366224
0.00030562622366224
0.00030562622366224
0.00030562622366224
0.00030562622366224
0.00030562622366224
0.00030562622366224
0.000305305979021449
0.000305305979021449
0.000305305979021449
0.000305305979021449
0.000305305979021449
0.000305305979021449
0.000305305979021449
0.000305305979021449
0.000305305979021449
0.000305305979021449
0.000305305979021449
0.000305305233696674
0.000305305233696674
0.000305305233696674
0.000305305233696674
0.000305305233696674
0.000305305233696674
0.000292273261098596
0.000271801687860114
0.000271801687860114
0.000271801687860114
0.000271801687860114
0.000271801687860114
0.000271801687860114
0.000271601580047455
0.000271601580047455
0.000271601580047455
0.000271601580047455
0.000271601580047455
0.000271601580047455
0.000271601580047455
0.000271601580047455
0.00027106765318548
0.00027106765318548
0.00027106765318548
0.00027106765318548
0.00027106765318548
0.00027106765318548
0.00027106765318548
0.00027106765318548
0.00027106765318548
0.00027106765318548
0.00027106765318548
0.00027106765318548
0.00027106765318548
0.00027106765318548
0.00027106765318548
0.00027106765318548
0.00027106765318548
0.00027106765318548
0.00027106765318548
0.00027106765318548
0.000268307506413975
0.000268307506413975
0.000268307506413975
0.000268307506413975
0.000268307506413975
0.000268307506413975
0.000217266778957112
0.000217266778957112
0.000217266778957112
0.000217266778957112
0.000217266778957112
0.000217266778957112
0.00021581359848068
0.00021581359848068
0.00021581359848068
0.000203727713024439
0.00019166935928138
0.000189481457217886
0.000189481457217886
0.000187636371457229
0.000187636371457229
0.000187636371457229
0.000187636371457229
0.000184312542750363
0.000178757537073157
0.000178757537073157
0.000178757537073157
0.000124100451445464
0.000124100451445464
0.000124100451445464
0.000124100451445464
0.000124100451445464
0.000124100451445464
0.000124100451445464
9.44334491030017E-05
9.44334491030017E-05
9.44334491030017E-05
9.44334491030017E-05
9.44334491030017E-05
9.44334491030017E-05
9.44115115384455E-05
9.41082399534576E-05
9.41082399534576E-05
9.41082399534576E-05
8.87136199005702E-05
8.87136199005702E-05
8.87136199005702E-05
8.87136199005702E-05
8.87136199005702E-05
8.87136199005702E-05
8.87136199005702E-05
8.87136199005702E-05
8.87136199005702E-05
5.75081850844908E-05
5.75081850844908E-05
5.75081850844908E-05
5.75081850844908E-05
5.75081850844908E-05
5.75081850844908E-05
5.75081850844908E-05
5.75081850844908E-05
5.75081850844908E-05
5.75081850844908E-05
5.75081850844908E-05
5.75081850844908E-05
5.75081850844908E-05
5.75081850844908E-05
5.75081850844908E-05
5.75081850844908E-05
5.75081850844908E-05
5.74966443047737E-05
5.74966443047737E-05
5.74966443047737E-05
5.74872403373658E-05
5.74872403373658E-05
5.74872403373658E-05
5.71798014342326E-05
5.30539813419258E-05
5.30539813419258E-05
5.30539813419258E-05
5.30539813419258E-05
5.30539813419258E-05
5.30539813419258E-05
5.30539813419258E-05
5.30539813419258E-05
5.30539813419258E-05
5.30539813419258E-05
5.30539813419258E-05
5.30539813419258E-05
5.30539813419258E-05
5.30539813419258E-05
5.30539813419258E-05
5.30539813419258E-05
5.30539813419258E-05
5.30539813419258E-05
5.30539813419258E-05
5.30539813419258E-05
5.30539813419258E-05
5.30539813419258E-05
5.30539813419258E-05
5.30384980076954E-05
5.30384980076954E-05
5.30384980076954E-05
5.30384980076954E-05
5.30384980076954E-05
5.30384980076954E-05
5.30384980076954E-05
4.69569372772013E-05
4.69569372772013E-05
4.69569372772013E-05
4.69569372772013E-05
4.69569372772013E-05
4.42091993438555E-05
4.42091993438555E-05
4.42091993438555E-05
4.42091993438555E-05
4.42091993438555E-05
4.13002443914931E-05
4.13002443914931E-05
4.13002443914931E-05
4.13002443914931E-05
4.13002443914931E-05
3.9552487237645E-05
3.9552487237645E-05
3.9552487237645E-05
3.9552487237645E-05
3.9552487237645E-05
3.9552487237645E-05
3.9552487237645E-05
3.9552487237645E-05
3.9552487237645E-05
3.9552487237645E-05
3.9552487237645E-05
3.9552487237645E-05
3.9552487237645E-05
3.9552487237645E-05
3.9552487237645E-05
3.9552487237645E-05
3.9552487237645E-05
3.9552487237645E-05
3.9552487237645E-05
3.9552487237645E-05
3.9552487237645E-05
3.9552487237645E-05
3.9552487237645E-05
3.9552487237645E-05
3.9552487237645E-05
3.9552487237645E-05
3.9552487237645E-05
3.95523772095663E-05
3.95523772095663E-05
3.95523772095663E-05
3.95523772095663E-05
3.95523772095663E-05
3.95523772095663E-05

