0.152890480506178
0.0896474623318608
0.0849370085299648
0.0348107381449821
0.0347808756694156
0.0336578156878043
0.0256951349361338
0.00259534303955067
0.00259534303955067
0.00259534303955067
0.00259534303955067
0.00259534303955067
0.00226419709360182
0.00226419709360182
0.000149651052877509
0.000149651052877509
0.000149651052877509
0.000149651052877509
0.000149651052877509
0.000139651944729091
0.000138261932251887
0.000127549437346303
0.000127549437346303
0.000127549437346303
0.000127549437346303
0.000127549437346303
0.00012117921962701
0.00012117921962701
0.00012117921962701
0.00012117921962701
0.00012117921962701
0.000111050503406374
5.06384274936156E-05
5.06384274936156E-05
5.06384274936156E-05
2.82639903221582E-05
2.82639903221582E-05
1.2010803614626E-05
1.2010803614626E-05
1.2010803614626E-05
1.2010803614626E-05
1.2010803614626E-05
1.2010803614626E-05
1.2010803614626E-05
1.07192269987733E-05
1.07192269987733E-05
1.07192269987733E-05
1.07192269987733E-05
1.07192269987733E-05
1.07192269987733E-05
6.69243628043104E-06
6.69243628043104E-06
6.69243628043104E-06
6.69243628043104E-06
6.69243628043104E-06
3.2349605432469E-06
3.2349605432469E-06
2.79855751256219E-06
2.79855751256219E-06
2.79855751256219E-06
2.27898189389397E-06
2.27898189389397E-06
2.27898189389397E-06
2.27898189389397E-06
2.27898189389397E-06
2.27898189389397E-06
2.27898189389397E-06
2.27898189389397E-06
2.27898189389397E-06
2.27898189389397E-06
2.27898189389397E-06
2.27898189389397E-06
2.27898189389397E-06
2.27898189389397E-06
2.27898189389397E-06
2.27898189389397E-06
2.27898189389397E-06
2.27898189389397E-06
2.27898189389397E-06
2.27898189389397E-06
2.27898189389397E-06
2.08880053570448E-06
2.08880053570448E-06
2.08880053570448E-06
2.08880053570448E-06
2.08880053570448E-06
2.08880053570448E-06
2.08880053570448E-06
2.08880053570448E-06
2.08880053570448E-06
2.08880053570448E-06
2.08880053570448E-06
2.08880053570448E-06
2.08880053570448E-06
1.24446578059212E-06
1.24446578059212E-06
1.24446578059212E-06
1.24446578059212E-06
1.24446578059212E-06
1.24446578059212E-06
1.24446578059212E-06
1.24446578059212E-06
1.24446578059212E-06
1.24446578059212E-06
1.24446578059212E-06
1.24446578059212E-06
1.24446578059212E-06
1.24446578059212E-06
1.24446578059212E-06
1.24446578059212E-06
1.24446578059212E-06
1.24446578059212E-06
1.24446578059212E-06
1.24446578059212E-06
1.24446578059212E-06
1.24446578059212E-06
1.24446578059212E-06
1.24446578059212E-06
1.24446578059212E-06
8.85356345986521E-07
8.85356345986521E-07
8.72150291736373E-07
8.72150291736373E-07
8.72150291736373E-07
8.72150291736373E-07
8.72150291736373E-07
4.52320656485483E-07
1.56154561559152E-07
1.56154561559152E-07
1.56154561559152E-07
1.56154561559152E-07
1.56154561559152E-07
1.56154561559152E-07
1.56154561559152E-07
1.56154561559152E-07
1.56154561559152E-07
1.56154561559152E-07
1.56154561559152E-07
1.56154561559152E-07
1.56154561559152E-07
1.56154561559152E-07
1.56154561559152E-07
1.56154561559152E-07
1.56154561559152E-07
1.56154561559152E-07
1.56154561559152E-07
1.56154561559152E-07
1.56154561559152E-07
1.56154561559152E-07
1.56154561559152E-07
1.56154561559152E-07
1.56154561559152E-07
1.56154561559152E-07
1.56154561559152E-07
1.56154561559152E-07
1.56154561559152E-07
1.56154561559152E-07
1.56154561559152E-07
1.56154561559152E-07
1.56154561559152E-07
1.56154561559152E-07
1.56154561559152E-07
1.56154561559152E-07
1.56154561559152E-07
1.56154561559152E-07
1.56154561559152E-07
1.56154561559152E-07
1.56154561559152E-07
1.56154561559152E-07
1.56154561559152E-07
1.56154561559152E-07
1.56154561559152E-07
1.56154561559152E-07
1.56154561559152E-07
1.56154561559152E-07
1.56154561559152E-07
1.56154561559152E-07
1.56154561559152E-07
1.56154561559152E-07
1.56154561559152E-07
1.56154561559152E-07
1.56154561559152E-07
1.56154561559152E-07
1.56154561559152E-07
1.56154561559152E-07
1.56154561559152E-07
1.56154561559152E-07
1.56154561559152E-07
1.56154561559152E-07
1.56154561559152E-07
1.56154561559152E-07
1.56154561559152E-07
1.56154561559152E-07
1.56154561559152E-07
1.56154561559152E-07
1.56154561559152E-07
1.56154561559152E-07
1.56154561559152E-07
1.56154561559152E-07
1.56154561559152E-07
1.56154561559152E-07
1.56154561559152E-07
1.56154561559152E-07
1.56154561559152E-07
1.56154561559152E-07
1.56154561559152E-07
1.56154561559152E-07
1.56154561559152E-07
8.39448721645653E-08
8.39448721645653E-08
8.39448721645653E-08
8.39448721645653E-08
8.39448721645653E-08
8.39448721645653E-08
8.39448721645653E-08
8.39448721645653E-08
8.39448721645653E-08
8.39448721645653E-08
8.39448721645653E-08
8.39448721645653E-08
8.39448721645653E-08
8.39448721645653E-08
8.39448721645653E-08
8.39448721645653E-08
8.39448721645653E-08
8.39448721645653E-08
8.39448721645653E-08
7.19885392130859E-08
7.19885392130859E-08
7.19885392130859E-08
7.19885392130859E-08
7.19885392130859E-08
7.19885392130859E-08
7.19885392130859E-08
7.19885392130859E-08
7.19885392130859E-08
7.19885392130859E-08
7.19885392130859E-08
7.19885392130859E-08
7.19885392130859E-08
7.19885392130859E-08
7.19885392130859E-08
7.19885392130859E-08
7.19885392130859E-08
5.97491688070217E-08
5.97491688070217E-08
5.97491688070217E-08
5.97491688070217E-08
5.97491688070217E-08
5.97491688070217E-08
5.97491688070217E-08
5.97491688070217E-08
5.97491688070217E-08
5.97491688070217E-08
5.97491688070217E-08
5.97491688070217E-08
5.97491688070217E-08
5.97491688070217E-08
5.97491688070217E-08
2.98911483898046E-08
2.98911483898046E-08
2.98911483898046E-08
2.98911483898046E-08
2.98911483898046E-08
2.98911483898046E-08
2.98911483898046E-08
2.98911483898046E-08
2.98911483898046E-08
2.98911483898046E-08
2.98911483898046E-08
2.98911483898046E-08
2.98911483898046E-08
2.98911483898046E-08
2.98911483898046E-08
2.98911483898046E-08
2.98911483898046E-08
2.98911483898046E-08
2.98911483898046E-08
2.98911483898046E-08
2.98911483898046E-08
2.98911483898046E-08
2.98911483898046E-08
2.98911483898046E-08
2.98911483898046E-08
2.98911483898046E-08
2.98911483898046E-08
3.51375872842397E-09
3.51375872842397E-09
3.51375872842397E-09
3.51375872842397E-09
3.51375872842397E-09
3.51375872842397E-09
3.51375872842397E-09
3.51375872842397E-09
3.51375872842397E-09
3.51375872842397E-09
3.51375872842397E-09
3.51375872842397E-09
3.51375872842397E-09
3.51375872842397E-09
3.51375872842397E-09
3.51375872842397E-09
3.51375872842397E-09
3.51375872842397E-09
3.51375872842397E-09
3.51375872842397E-09
3.51375872842397E-09
3.51375872842397E-09
3.51375872842397E-09
3.51375872842397E-09
3.51375872842397E-09
3.51375872842397E-09
3.51375872842397E-09
3.51375872842397E-09
3.51375872842397E-09
3.51375872842397E-09
3.51375872842397E-09
3.51375872842397E-09
3.51375872842397E-09
3.51375872842397E-09
3.51375872842397E-09
3.51375872842397E-09
3.51375872842397E-09
3.51375872842397E-09
3.51375872842397E-09
3.51375872842397E-09
3.51375872842397E-09
3.51375872842397E-09
3.51375872842397E-09
3.51375872842397E-09
3.51375872842397E-09
3.51375872842397E-09
3.51375872842397E-09
3.51375872842397E-09
3.51375872842397E-09
3.51375872842397E-09
3.51375872842397E-09
3.51375872842397E-09
3.51375872842397E-09
3.51375872842397E-09
3.51375872842397E-09
3.51375872842397E-09
3.51375872842397E-09
3.51375872842397E-09
3.51375872842397E-09
3.51375872842397E-09
3.51375872842397E-09
3.51375872842397E-09
3.51375872842397E-09
3.51375872842397E-09
3.51375872842397E-09
3.51375872842397E-09
3.51375872842397E-09
3.51375872842397E-09
3.51375872842397E-09
3.51375872842397E-09
3.51375872842397E-09
3.51375872842397E-09
3.51375872842397E-09
3.51375872842397E-09
3.51375872842397E-09
3.51375872842397E-09
3.51375872842397E-09
3.51375872842397E-09
3.51375872842397E-09
3.51375872842397E-09
3.51375872842397E-09
3.51375872842397E-09
3.51375872842397E-09
3.51375872842397E-09
3.51375872842397E-09
3.51375872842397E-09
3.51375872842397E-09
3.51375872842397E-09
3.51375872842397E-09
3.51375872842397E-09
3.51375872842397E-09
3.51375872842397E-09
3.51375872842397E-09
3.51375872842397E-09
3.51375872842397E-09
3.51375872842397E-09
3.51375872842397E-09
3.51375872842397E-09
3.51375872842397E-09
3.51375872842397E-09
3.51375872842397E-09
3.51375872842397E-09
3.51375872842397E-09
3.51375872842397E-09
3.51375872842397E-09
3.51375872842397E-09
3.51375872842397E-09
3.51375872842397E-09
3.51375872842397E-09
3.51375872842397E-09
3.51375872842397E-09
3.51375872842397E-09
3.51375872842397E-09
3.51375872842397E-09
3.51375872842397E-09
3.51375872842397E-09
3.51375872842397E-09
3.51375872842397E-09
3.51375872842397E-09
3.51375872842397E-09
3.51375872842397E-09
3.51375872842397E-09
3.51375872842397E-09
3.51375872842397E-09
3.51375872842397E-09
3.51375872842397E-09
3.51375872842397E-09
3.51375872842397E-09
3.51375872842397E-09
3.51375872842397E-09
3.51375872842397E-09
3.51375872842397E-09
3.51375872842397E-09
3.51375872842397E-09
3.51375872842397E-09
3.51375872842397E-09
3.51375872842397E-09
3.51375872842397E-09
3.51375872842397E-09
3.51375872842397E-09
3.51375872842397E-09
3.51375872842397E-09
3.51375872842397E-09
3.16962478486005E-09
3.16962478486005E-09
3.16962478486005E-09
3.16962478486005E-09
3.16962478486005E-09
3.16962478486005E-09
3.16962478486005E-09
2.38688610543214E-09
2.38688610543214E-09
2.38688610543214E-09
2.38688610543214E-09
2.38688610543214E-09
2.38688610543214E-09
2.38688610543214E-09
2.38688610543214E-09
2.38688610543214E-09
2.38688610543214E-09
2.38688610543214E-09
2.38688610543214E-09
2.38688610543214E-09
2.38688610543214E-09
1.75157233162082E-09
1.75157233162082E-09
1.75157233162082E-09
1.71713676611063E-09
1.71713676611063E-09
1.71713676611063E-09
1.71713676611063E-09
1.71713676611063E-09
1.71713676611063E-09
1.71713676611063E-09
1.71713676611063E-09
9.49051254250932E-10
9.49051254250932E-10
7.92888643630363E-10
7.92888643630363E-10
7.92888643630363E-10
7.92888643630363E-10
7.92888643630363E-10
7.92888643630363E-10
7.92888643630363E-10
7.92888643630363E-10
7.92888643630363E-10
7.92888643630363E-10
7.92888643630363E-10
7.92888643630363E-10
7.92888643630363E-10
7.92888643630363E-10
7.92888643630363E-10
7.92888643630363E-10
7.92888643630363E-10
7.92888643630363E-10
7.92888643630363E-10
7.92888643630363E-10
7.92888643630363E-10
7.92888643630363E-10
7.92888643630363E-10
7.92888643630363E-10
7.92888643630363E-10
7.92888643630363E-10
7.92888643630363E-10
7.92888643630363E-10
7.92888643630363E-10
7.92888643630363E-10
7.92888643630363E-10
7.92888643630363E-10
7.92888643630363E-10
7.92888643630363E-10
7.92888643630363E-10
7.92888643630363E-10
7.92888643630363E-10

