0.119852238723006
0.117757106529835
0.0857571488780481
0.0713335664475467
0.023417424246537
0.0133980142425152
0.0133980142425152
0.0118179771318633
0.0116600635629663
0.0116600635629663
0.00910749976897818
0.00910749976897818
0.00910749976897818
0.00476367702780267
0.00472842856547606
0.00442751002608954
0.00183972700477175
0.00183877538093202
0.0016174611047679
0.000931927034095004
0.000931927034095004
0.000931927034095004
0.000462712097963336
0.000399988730987344
9.56048406367538E-05
9.56048406367538E-05
9.18838900164642E-05
8.5842895870214E-05
8.5842895870214E-05
2.98375046214883E-05
2.98375046214883E-05
2.98375046214883E-05
1.42991759618516E-05
1.42991759618516E-05
8.92103709648762E-06
8.13067980554028E-06
8.13067980554028E-06
8.13067980554028E-06
8.13067980554028E-06
8.13067980554028E-06
3.93648133456548E-06
3.93648133456548E-06
3.93648133456548E-06
3.93648133456548E-06
3.93648133456548E-06
3.93648133456548E-06
3.93648133456548E-06
3.93648133456548E-06
3.93648133456548E-06
3.91660204657196E-06
3.91660204657196E-06
3.91660204657196E-06
3.91660204657196E-06
3.91660204657196E-06
3.91660204657196E-06
3.91660204657196E-06
3.91660204657196E-06
3.91660204657196E-06
3.91660204657196E-06
3.91660204657196E-06
3.91660204657196E-06
3.91660204657196E-06
3.91660204657196E-06
3.91660204657196E-06
3.91660204657196E-06
3.91660204657196E-06
3.91660204657196E-06
3.91660204657196E-06
3.91660204657196E-06
3.91660204657196E-06
3.91660204657196E-06
3.91660204657196E-06
3.41539360115828E-06
3.41539360115828E-06
3.41539360115828E-06
3.41539360115828E-06
3.41539360115828E-06
3.41539360115828E-06
1.49679431116212E-06
1.49679431116212E-06
1.49679431116212E-06
1.49679431116212E-06
1.49679431116212E-06
1.49679431116212E-06
1.49679431116212E-06
1.49679431116212E-06
1.36626141111762E-06
1.36626141111762E-06
1.36626141111762E-06
1.36626141111762E-06
1.36626141111762E-06
1.36626141111762E-06
1.36626141111762E-06
1.36626141111762E-06
1.36626141111762E-06
1.36626141111762E-06
1.36626141111762E-06
1.36626141111762E-06
4.60660137369118E-07
4.60660137369118E-07
4.60660137369118E-07
4.60660137369118E-07
4.60660137369118E-07
2.58509436967813E-07
2.58509436967813E-07
2.58509436967813E-07
2.58509436967813E-07
2.58509436967813E-07
2.58509436967813E-07
2.58509436967813E-07
2.58509436967813E-07
2.58509436967813E-07
2.58509436967813E-07
2.58509436967813E-07
2.58509436967813E-07
2.58509436967813E-07
2.58509436967813E-07
2.58509436967813E-07
2.58509436967813E-07
2.58509436967813E-07
2.58509436967813E-07
2.58509436967813E-07
2.58509436967813E-07
2.58509436967813E-07
2.58509436967813E-07
2.58509436967813E-07
2.58509436967813E-07
2.58509436967813E-07
2.58509436967813E-07
2.13877365817794E-07
2.13877365817794E-07
2.13877365817794E-07
2.13877365817794E-07
2.13877365817794E-07
2.13877365817794E-07
2.13877365817794E-07
2.13877365817794E-07
2.13877365817794E-07
2.13877365817794E-07
2.13877365817794E-07
2.13877365817794E-07
2.13877365817794E-07
2.13877365817794E-07
2.13877365817794E-07
2.13877365817794E-07
2.13877365817794E-07
2.13877365817794E-07
2.13877365817794E-07
2.13877365817794E-07
2.13877365817794E-07
2.13877365817794E-07
2.13877365817794E-07
2.13877365817794E-07
2.13877365817794E-07
2.13877365817794E-07
2.13877365817794E-07
2.13877365817794E-07
2.13877365817794E-07
2.13877365817794E-07
2.13877365817794E-07
2.13877365817794E-07
1.06958254697531E-07
1.06958254697531E-07
1.06958254697531E-07
1.06958254697531E-07
1.06958254697531E-07
1.06958254697531E-07
1.06958254697531E-07
1.06958254697531E-07
1.06958254697531E-07
1.06958254697531E-07
1.06958254697531E-07
1.06958254697531E-07
1.06958254697531E-07
1.06958254697531E-07
1.06958254697531E-07
1.06958254697531E-07
1.06958254697531E-07
1.06958254697531E-07
1.06958254697531E-07
1.06958254697531E-07
1.06958254697531E-07
1.06958254697531E-07
1.06958254697531E-07
1.06958254697531E-07
6.77023481721051E-08
6.77023481721051E-08
6.77023481721051E-08
6.77023481721051E-08
6.77023481721051E-08
6.77023481721051E-08
6.77023481721051E-08
6.77023481721051E-08
6.77023481721051E-08
6.77023481721051E-08
6.77023481721051E-08
6.77023481721051E-08
5.18672230720441E-08
5.18672230720441E-08
5.18672230720441E-08
5.18672230720441E-08
5.18672230720441E-08
5.18672230720441E-08
5.18672230720441E-08
5.18672230720441E-08
5.18672230720441E-08
5.18672230720441E-08
5.18672230720441E-08
4.71445376071244E-08
4.71445376071244E-08
4.71445376071244E-08
4.71445376071244E-08
4.71445376071244E-08
4.71445376071244E-08
4.71445376071244E-08
4.71445376071244E-08
4.71445376071244E-08
4.71445376071244E-08
4.71445376071244E-08
4.71445376071244E-08
4.71445376071244E-08
4.71445376071244E-08
4.71445376071244E-08
4.71445376071244E-08
4.71445376071244E-08
4.71445376071244E-08
4.71445376071244E-08
4.71445376071244E-08
4.71445376071244E-08
4.71445376071244E-08
4.71445376071244E-08
4.15929397590276E-08
4.15929397590276E-08
4.15929397590276E-08
4.15929397590276E-08
4.15929397590276E-08
4.15929397590276E-08
4.15929397590276E-08
4.15929397590276E-08
4.15929397590276E-08
4.15929397590276E-08
4.15929397590276E-08
4.15929397590276E-08
4.15929397590276E-08
4.15929397590276E-08
1.83349263549459E-08
1.63551325815803E-08
1.63551325815803E-08
1.63551325815803E-08
1.63551325815803E-08
1.63551325815803E-08
1.63551325815803E-08
1.63551325815803E-08
1.63551325815803E-08
1.63551325815803E-08
1.63551325815803E-08
1.63551325815803E-08
1.63551325815803E-08
1.63551325815803E-08
1.63551325815803E-08
1.63551325815803E-08
1.63551325815803E-08
1.63551325815803E-08
1.63551325815803E-08
1.63551325815803E-08
1.63551325815803E-08
1.63551325815803E-08
1.63551325815803E-08
1.63551325815803E-08
1.63551325815803E-08
1.63551325815803E-08
1.63551325815803E-08
1.63551325815803E-08
1.63551325815803E-08
1.56579998966677E-08
1.56579998966677E-08
1.56579998966677E-08
1.56579998966677E-08
1.56579998966677E-08
1.56579998966677E-08
1.56579998966677E-08
1.56579998966677E-08
1.56579998966677E-08
1.56579998966677E-08
1.28127630727448E-08
1.28127630727448E-08
1.28127630727448E-08
1.28127630727448E-08
1.00883159603882E-08
1.00883159603882E-08
1.00883159603882E-08
9.06446795401195E-09
9.06446795401195E-09
9.06446795401195E-09
9.06446795401195E-09
9.06446795401195E-09
9.06446795401195E-09
9.06446795401195E-09
9.06446795401195E-09
9.06446795401195E-09
9.06446795401195E-09
9.06446795401195E-09
9.06446795401195E-09
9.06446795401195E-09
9.06446795401195E-09
9.06446795401195E-09
9.06446795401195E-09
8.98754726197382E-09
8.98754726197382E-09
8.98754726197382E-09
8.98754726197382E-09
8.98754726197382E-09
8.98754726197382E-09
5.02287822445879E-09
5.02287822445879E-09
5.02287822445879E-09
5.02287822445879E-09
5.02287822445879E-09
5.02287822445879E-09
5.02287822445879E-09
5.02287822445879E-09
5.02287822445879E-09
5.02287822445879E-09
5.02287822445879E-09
5.02287822445879E-09
5.02287822445879E-09
5.02287822445879E-09
5.02287822445879E-09
5.02287822445879E-09
5.02287822445879E-09
5.02287822445879E-09
5.02287822445879E-09
5.02287822445879E-09
5.02287822445879E-09
5.02287822445879E-09
5.02287822445879E-09
5.02287822445879E-09
5.02287822445879E-09
5.02287822445879E-09
4.39682523722951E-09
4.39682523722951E-09
4.39682523722951E-09
4.39682523722951E-09
2.88988000196611E-09
2.88988000196611E-09
2.88988000196611E-09
2.88988000196611E-09
2.88988000196611E-09
2.88988000196611E-09
2.88988000196611E-09
2.88988000196611E-09
2.88988000196611E-09
2.88988000196611E-09
2.88988000196611E-09
2.88988000196611E-09
2.88988000196611E-09
2.88988000196611E-09
2.88988000196611E-09
2.88988000196611E-09
2.88988000196611E-09
2.88988000196611E-09
2.88988000196611E-09
2.88988000196611E-09
2.88988000196611E-09
2.88988000196611E-09
2.88988000196611E-09
2.88988000196611E-09
2.88988000196611E-09
2.00048189125113E-09
2.00048189125113E-09
2.00048189125113E-09
2.00048189125113E-09
2.00048189125113E-09
2.00048189125113E-09
2.00048189125113E-09
2.00048189125113E-09
2.00048189125113E-09
2.00048189125113E-09
2.00048189125113E-09
2.00048189125113E-09
2.00048189125113E-09
2.00048189125113E-09
2.00048189125113E-09
2.00048189125113E-09
2.00048189125113E-09
2.00048189125113E-09
2.00048189125113E-09
2.00048189125113E-09
2.00048189125113E-09
2.00048189125113E-09
2.00048189125113E-09
2.00048189125113E-09
2.00048189125113E-09
2.00048189125113E-09
2.00048189125113E-09
2.00048189125113E-09
2.00048189125113E-09
2.00048189125113E-09
2.00048189125113E-09
2.00048189125113E-09
2.00048189125113E-09
2.00048189125113E-09
2.00048189125113E-09
2.00048189125113E-09
2.00048189125113E-09
2.00048189125113E-09
2.00048189125113E-09
2.00048189125113E-09
2.00048189125113E-09
2.00048189125113E-09
2.00048189125113E-09
2.00048189125113E-09
2.00048189125113E-09
2.00048189125113E-09
2.00048189125113E-09
2.00048189125113E-09
2.00048189125113E-09
2.00048189125113E-09
2.00048189125113E-09
2.00048189125113E-09
2.00048189125113E-09
2.00048189125113E-09
2.00048189125113E-09
2.00048189125113E-09
2.00048189125113E-09
2.00048189125113E-09
2.00048189125113E-09
2.00048189125113E-09
2.00048189125113E-09
8.16212208931688E-10
8.16212208931688E-10
8.16212208931688E-10
8.16212208931688E-10
8.16212208931688E-10
8.16212208931688E-10
8.16212208931688E-10
8.16212208931688E-10
8.16212208931688E-10
8.16212208931688E-10
8.16212208931688E-10
8.16212208931688E-10
8.16212208931688E-10
8.16212208931688E-10
8.16212208931688E-10
8.16212208931688E-10
8.16212208931688E-10
8.16212208931688E-10
8.16212208931688E-10
8.16212208931688E-10
8.16212208931688E-10
8.16212208931688E-10
8.16212208931688E-10
8.16212208931688E-10
8.16212208931688E-10
8.16212208931688E-10
8.16212208931688E-10
8.16212208931688E-10
1.71162750639553E-10
1.71162750639553E-10
1.71162750639553E-10
1.71162750639553E-10
1.71162750639553E-10
1.71162750639553E-10
1.71162750639553E-10
1.71162750639553E-10
1.71162750639553E-10
1.71162750639553E-10
1.71162750639553E-10
1.71162750639553E-10
1.71162750639553E-10
1.71162750639553E-10
1.71162750639553E-10
1.71162750639553E-10
1.71162750639553E-10
1.71162750639553E-10
1.71162750639553E-10
1.71162750639553E-10
1.71162750639553E-10
1.71162750639553E-10
1.71162750639553E-10
1.71162750639553E-10
1.71162750639553E-10
1.71162750639553E-10
1.71162750639553E-10
1.71162750639553E-10
1.71162750639553E-10
1.71162750639553E-10
1.71162750639553E-10
1.71162750639553E-10
1.71162750639553E-10
1.71162750639553E-10
1.71162750639553E-10
1.71162750639553E-10
1.71162750639553E-10
1.71162750639553E-10
1.71162750639553E-10
1.16969767205433E-10
1.16969767205433E-10
1.16969767205433E-10
1.16969767205433E-10

