0.066035986591402
0.0657943560807828
0.0264304128878599
0.00782041075045758
0.00782041075045758
0.00760011125895266
0.00471704737405199
0.00260732918583095
0.00260655322943149
0.00260655322943149
0.00226268455538514
0.00225750196531183
0.00112329741838568
0.00112329741838568
0.000475582549966269
0.000346650307001539
0.000100457383865882
0.000100457383865882
3.25862078243144E-06
3.25862078243144E-06
3.25862078243144E-06
2.97042442887197E-06
2.97042442887197E-06
2.97042442887197E-06
2.97042442887197E-06
2.97042442887197E-06
2.97042442887197E-06
2.97042442887197E-06
2.97042442887197E-06
2.97042442887197E-06
2.97042442887197E-06
2.97042442887197E-06
2.97042442887197E-06
2.97042442887197E-06
2.39089504794343E-06
2.39089504794343E-06
2.39089504794343E-06
2.39089504794343E-06
2.39089504794343E-06
2.39089504794343E-06
2.39089504794343E-06
2.39089504794343E-06
2.39089504794343E-06
2.39089504794343E-06
2.39089504794343E-06
2.39089504794343E-06
2.39089504794343E-06
2.39089504794343E-06
2.39089504794343E-06
2.39089504794343E-06
2.39089504794343E-06
2.39089504794343E-06
2.39089504794343E-06
2.39089504794343E-06
2.39089504794343E-06
2.39089504794343E-06
2.39089504794343E-06
2.39089504794343E-06
2.39089504794343E-06
2.33267026950035E-06
2.33267026950035E-06
2.33267026950035E-06
2.33267026950035E-06
2.33267026950035E-06
2.33267026950035E-06
2.33267026950035E-06
2.33267026950035E-06
2.33267026950035E-06
2.33267026950035E-06
2.33267026950035E-06
2.33267026950035E-06
2.33267026950035E-06
2.33267026950035E-06
2.33267026950035E-06
2.33267026950035E-06
2.33267026950035E-06
2.33267026950035E-06
2.33267026950035E-06
2.33267026950035E-06
2.33267026950035E-06
2.33267026950035E-06
2.11198278365909E-06
2.11198278365909E-06
2.11198278365909E-06
2.11198278365909E-06
2.11198278365909E-06
2.11198278365909E-06
2.11198278365909E-06
2.11198278365909E-06
1.81565503498682E-06
1.81565503498682E-06
1.81565503498682E-06
1.81565503498682E-06
1.81565503498682E-06
1.81565503498682E-06
1.80920812953289E-06
1.80920812953289E-06
1.80920812953289E-06
1.80920812953289E-06
1.80920812953289E-06
1.49215639622113E-06
1.49215639622113E-06
1.49215639622113E-06
1.49215639622113E-06
1.49215639622113E-06
1.49215639622113E-06
1.49215639622113E-06
1.49215639622113E-06
1.49215639622113E-06
1.49215639622113E-06
1.49215639622113E-06
1.49215639622113E-06
1.49215639622113E-06
1.49215639622113E-06
9.39022198664929E-07
9.39022198664929E-07
9.39022198664929E-07
9.39022198664929E-07
9.39022198664929E-07
9.39022198664929E-07
9.39022198664929E-07
9.39022198664929E-07
9.39022198664929E-07
9.39022198664929E-07
9.39022198664929E-07
9.39022198664929E-07
5.70595484417069E-07
5.70595484417069E-07
5.70595484417069E-07
6.40694675091424E-09
6.40694675091424E-09
6.40694675091424E-09
6.40694675091424E-09
6.40694675091424E-09
6.40694675091424E-09
6.40694675091424E-09
6.40694675091424E-09
6.40694675091424E-09
6.40694675091424E-09
6.40694675091424E-09
6.40694675091424E-09
6.40694675091424E-09
6.40694675091424E-09
6.40694675091424E-09
6.40694675091424E-09
6.40694675091424E-09
6.40694675091424E-09
6.40694675091424E-09
6.40694675091424E-09
6.40694675091424E-09
6.40694675091424E-09
6.40694675091424E-09
6.40694675091424E-09
6.40694675091424E-09
6.40694675091424E-09
6.40694675091424E-09
6.40694675091424E-09
6.40694675091424E-09
6.40694675091424E-09
6.40694675091424E-09
6.40694675091424E-09
6.40694675091424E-09
6.40694675091424E-09
6.40694675091424E-09
6.40694675091424E-09
6.40694675091424E-09
6.40694675091424E-09
6.40694675091424E-09
6.40694675091424E-09
6.40694675091424E-09
6.40694675091424E-09
6.40694675091424E-09
6.40694675091424E-09
6.40694675091424E-09
6.40694675091424E-09
6.40694675091424E-09
6.40694675091424E-09
6.40694675091424E-09
6.40694675091424E-09
6.40694675091424E-09
6.40694675091424E-09
6.40694675091424E-09
6.40694675091424E-09
6.40694675091424E-09
6.40694675091424E-09
6.40694675091424E-09
6.40694675091424E-09
6.40694675091424E-09
6.40694675091424E-09
6.40694675091424E-09
6.40694675091424E-09
6.40694675091424E-09
6.40694675091424E-09
6.40694675091424E-09
6.40694675091424E-09
6.40694675091424E-09
6.40694675091424E-09
6.40694675091424E-09
6.40694675091424E-09
6.40694675091424E-09
6.40694675091424E-09
6.40694675091424E-09
6.40694675091424E-09
6.40694675091424E-09
6.40694675091424E-09
6.40694675091424E-09
6.40694675091424E-09
6.40694675091424E-09
6.40694675091424E-09
6.40694675091424E-09
6.40694675091424E-09
6.40694675091424E-09
6.40694675091424E-09
6.40694675091424E-09
6.40694675091424E-09
6.40694675091424E-09
6.40694675091424E-09
6.40694675091424E-09
6.40694675091424E-09
6.40694675091424E-09
6.40694675091424E-09
6.40694675091424E-09
6.40694675091424E-09
6.40694675091424E-09
6.40694675091424E-09
6.40694675091424E-09
6.40694675091424E-09
6.40694675091424E-09
6.40694675091424E-09
6.40694675091424E-09
6.40694675091424E-09
6.40694675091424E-09
6.40694675091424E-09
6.40694675091424E-09
6.40694675091424E-09
6.40694675091424E-09
6.40694675091424E-09
6.40694675091424E-09
6.40694675091424E-09
6.40694675091424E-09
6.40694675091424E-09
6.40694675091424E-09
6.40694675091424E-09
6.40694675091424E-09
6.40694675091424E-09
6.40694675091424E-09
6.40694675091424E-09
6.40694675091424E-09
6.40694675091424E-09
6.40694675091424E-09
6.40694675091424E-09
6.40694675091424E-09
6.40694675091424E-09
6.40694675091424E-09
6.40694675091424E-09
6.40694675091424E-09
6.40694675091424E-09
6.40694675091424E-09
6.40694675091424E-09
6.40694675091424E-09
6.40694675091424E-09
6.40694675091424E-09
6.40694675091424E-09
6.40694675091424E-09
6.40694675091424E-09
6.40694675091424E-09
6.40694675091424E-09
6.40694675091424E-09
6.40694675091424E-09
6.40694675091424E-09
6.40694675091424E-09
6.40694675091424E-09
6.40694675091424E-09
6.40694675091424E-09
6.40694675091424E-09
6.40694675091424E-09
6.40694675091424E-09
6.40694675091424E-09
6.40694675091424E-09
6.40694675091424E-09
6.40694675091424E-09
6.40694675091424E-09
6.40694675091424E-09
6.40694675091424E-09
6.40694675091424E-09
6.40694675091424E-09
6.40694675091424E-09
6.40694675091424E-09
6.40694675091424E-09
6.40694675091424E-09
6.40694675091424E-09
6.40694675091424E-09
6.40694675091424E-09
6.40694675091424E-09
6.40694675091424E-09
6.40694675091424E-09
6.40694675091424E-09
6.40694675091424E-09
6.40694675091424E-09
6.40694675091424E-09
6.40694675091424E-09
6.40694675091424E-09
6.40694675091424E-09
6.40694675091424E-09
6.40694675091424E-09
6.40694675091424E-09
6.40694675091424E-09
3.7746215042489E-09
3.7746215042489E-09
3.7746215042489E-09
3.7746215042489E-09
3.7746215042489E-09
3.7746215042489E-09
3.7746215042489E-09
3.7746215042489E-09
3.7746215042489E-09
3.7746215042489E-09
3.7746215042489E-09
3.7746215042489E-09
3.7746215042489E-09
3.7746215042489E-09
3.7746215042489E-09
3.7746215042489E-09
3.7746215042489E-09
3.7746215042489E-09
3.7746215042489E-09
3.7746215042489E-09
3.7746215042489E-09
3.7746215042489E-09
3.7746215042489E-09
3.7746215042489E-09
3.7746215042489E-09
3.7746215042489E-09
3.7746215042489E-09
3.7746215042489E-09
3.7746215042489E-09
3.7746215042489E-09
2.94071433870613E-10
2.94071433870613E-10
2.94071433870613E-10
2.94071433870613E-10
2.94071433870613E-10
2.94071433870613E-10
2.94071433870613E-10
2.94071433870613E-10
2.94071433870613E-10
2.94071433870613E-10
2.94071433870613E-10
2.94071433870613E-10
2.94071433870613E-10
2.94071433870613E-10
2.94071433870613E-10
2.94071433870613E-10
2.94071433870613E-10
2.94071433870613E-10
2.94071433870613E-10
2.94071433870613E-10
2.94071433870613E-10
2.94071433870613E-10
2.94071433870613E-10
2.94071433870613E-10
2.94071433870613E-10
2.94071433870613E-10
2.94071433870613E-10
2.94071433870613E-10
2.94071433870613E-10
2.94071433870613E-10
2.94071433870613E-10
2.94071433870613E-10
2.94071433870613E-10
2.94071433870613E-10
2.94071433870613E-10
2.94071433870613E-10
2.94071433870613E-10
2.94071433870613E-10
2.94071433870613E-10
2.94071433870613E-10
2.94071433870613E-10
2.94071433870613E-10
2.94071433870613E-10
2.94071433870613E-10
2.94071433870613E-10
2.94071433870613E-10
2.94071433870613E-10
2.94071433870613E-10
2.94071433870613E-10
2.94071433870613E-10
2.94071433870613E-10
2.94071433870613E-10
2.94071433870613E-10
2.94071433870613E-10
2.94071433870613E-10
2.94071433870613E-10
2.94071433870613E-10
2.94071433870613E-10
2.94071433870613E-10
2.94071433870613E-10
2.94071433870613E-10
2.94071433870613E-10
2.94071433870613E-10
2.94071433870613E-10
2.94071433870613E-10
2.94071433870613E-10
2.94071433870613E-10
2.94071433870613E-10
2.94071433870613E-10
2.94071433870613E-10
2.94071433870613E-10
2.94071433870613E-10
2.94071433870613E-10
2.94071433870613E-10
2.94071433870613E-10
2.94071433870613E-10
2.94071433870613E-10
2.94071433870613E-10
2.94071433870613E-10
2.94071433870613E-10
2.94071433870613E-10
2.94071433870613E-10
2.94071433870613E-10
2.94071433870613E-10
2.94071433870613E-10
2.94071433870613E-10
2.94071433870613E-10
2.94071433870613E-10
2.94071433870613E-10
2.94071433870613E-10
2.94071433870613E-10
2.94071433870613E-10
2.94071433870613E-10
2.94071433870613E-10
2.94071433870613E-10
2.94071433870613E-10
2.94071433870613E-10
2.94071433870613E-10
2.94071433870613E-10
2.94071433870613E-10
2.94071433870613E-10
2.94071433870613E-10
2.94071433870613E-10
2.94071433870613E-10
2.94071433870613E-10
2.94071433870613E-10
2.94071433870613E-10
2.94071433870613E-10
2.94071433870613E-10
2.94071433870613E-10
2.94071433870613E-10
2.94071433870613E-10
2.94071433870613E-10
2.94071433870613E-10
2.94071433870613E-10
2.94071433870613E-10
2.94071433870613E-10
2.94071433870613E-10
2.94071433870613E-10
2.94071433870613E-10
2.94071433870613E-10
2.94071433870613E-10
2.94071433870613E-10
2.94071433870613E-10
2.94071433870613E-10
2.94071433870613E-10
2.94071433870613E-10
2.94071433870613E-10
2.94071433870613E-10
2.94071433870613E-10
2.94071433870613E-10
2.94071433870613E-10
2.94071433870613E-10
2.94071433870613E-10
2.94071433870613E-10
2.94071433870613E-10
2.94071433870613E-10
2.94071433870613E-10
2.94071433870613E-10
2.94071433870613E-10
2.94071433870613E-10
2.94071433870613E-10
2.94071433870613E-10
2.94071433870613E-10
2.94071433870613E-10
2.94071433870613E-10
2.94071433870613E-10
2.94071433870613E-10
2.94071433870613E-10
2.94071433870613E-10
2.94071433870613E-10
2.94071433870613E-10
2.94071433870613E-10
2.94071433870613E-10
2.94071433870613E-10
2.94071433870613E-10
2.94071433870613E-10
2.94071433870613E-10
2.94071433870613E-10
2.94071433870613E-10
2.94071433870613E-10
2.94071433870613E-10
2.94071433870613E-10

