0.0914626851940672
0.0914626851940672
0.0821379071251124
0.0757790123402482
0.0644269505361357
0.00788634899345708
0.00788634899345708
0.00788634899345708
0.00385862238025614
0.00385862238025614
0.00346744304417823
0.00346744304417823
0.000500991722486188
0.000500991722486188
0.000500991722486188
0.000500991722486188
0.000485138650833328
0.000448179962823758
0.000443371793664715
0.000443371793664715
0.000443371793664715
0.000134198500643334
4.43462185455434E-05
3.67804431341545E-05
3.67804431341545E-05
2.67591166420722E-05
2.67591166420722E-05
2.41221781827061E-05
2.41221781827061E-05
2.35948039541967E-05
2.34435473063233E-05
2.34435473063233E-05
2.34435473063233E-05
2.22220879319002E-05
2.22220879319002E-05
2.22220879319002E-05
1.25074693733129E-05
1.25074693733129E-05
1.25074693733129E-05
1.25074693733129E-05
1.25074693733129E-05
1.25074693733129E-05
6.08995542161761E-06
6.08995542161761E-06
6.08995542161761E-06
6.08995542161761E-06
6.08995542161761E-06
6.08995542161761E-06
6.08995542161761E-06
6.08995542161761E-06
4.76476560429262E-06
4.76476560429262E-06
1.98174456400579E-06
1.98174456400579E-06
1.98174456400579E-06
1.98174456400579E-06
1.98174456400579E-06
1.98174456400579E-06
1.98174456400579E-06
1.98174456400579E-06
1.98174456400579E-06
1.98174456400579E-06
1.98174456400579E-06
1.98174456400579E-06
1.98174456400579E-06
9.16628386082863E-07
9.16628386082863E-07
9.16628386082863E-07
6.12421247825345E-07
6.12421247825345E-07
6.12421247825345E-07
6.12421247825345E-07
6.12421247825345E-07
6.12421247825345E-07
6.12421247825345E-07
6.12421247825345E-07
6.12421247825345E-07
5.87134238783094E-07
5.87134238783094E-07
5.87134238783094E-07
5.87134238783094E-07
5.87134238783094E-07
5.87134238783094E-07
5.87134238783094E-07
5.87134238783094E-07
5.87134238783094E-07
5.87134238783094E-07
5.87134238783094E-07
5.87134238783094E-07
5.87134238783094E-07
5.87134238783094E-07
5.87134238783094E-07
5.87134238783094E-07
5.87134238783094E-07
5.87134238783094E-07
5.87134238783094E-07
5.87134238783094E-07
5.87134238783094E-07
5.87134238783094E-07
5.80547785844487E-07
5.80547785844487E-07
5.80547785844487E-07
5.80547785844487E-07
5.80547785844487E-07
5.80547785844487E-07
5.80547785844487E-07
5.80547785844487E-07
5.80547785844487E-07
5.80547785844487E-07
3.07357183482182E-07
3.07357183482182E-07
3.07357183482182E-07
3.07357183482182E-07
3.07357183482182E-07
3.07357183482182E-07
3.07357183482182E-07
3.07357183482182E-07
6.02835823482195E-08
6.02835823482195E-08
6.02835823482195E-08
6.02835823482195E-08
6.02835823482195E-08
6.02835823482195E-08
6.02835823482195E-08
6.02835823482195E-08
6.02835823482195E-08
6.02835823482195E-08
6.02835823482195E-08
6.02835823482195E-08
6.02835823482195E-08
4.80152148041313E-08
4.80152148041313E-08
4.80152148041313E-08
4.80152148041313E-08
4.80152148041313E-08
4.80152148041313E-08
4.80152148041313E-08
4.80152148041313E-08
4.80152148041313E-08
4.80152148041313E-08
4.80152148041313E-08
4.80152148041313E-08
4.80152148041313E-08
4.80152148041313E-08
4.80152148041313E-08
4.80152148041313E-08
4.80152148041313E-08
4.80152148041313E-08
4.80152148041313E-08
4.80152148041313E-08
4.80152148041313E-08
4.80152148041313E-08
4.80152148041313E-08
4.80152148041313E-08
4.80152148041313E-08
4.80152148041313E-08
4.80152148041313E-08
4.80152148041313E-08
4.80152148041313E-08
4.80152148041313E-08
4.80152148041313E-08
4.80152148041313E-08
4.80152148041313E-08
4.80152148041313E-08
4.80152148041313E-08
4.80152148041313E-08
4.80152148041313E-08
4.80152148041313E-08
4.80152148041313E-08
4.80152148041313E-08
4.80152148041313E-08
4.80152148041313E-08
4.80152148041313E-08
4.80152148041313E-08
4.80152148041313E-08
4.80152148041313E-08
4.80152148041313E-08
4.80152148041313E-08
4.80152148041313E-08
4.80152148041313E-08
4.80152148041313E-08
4.80152148041313E-08
4.80152148041313E-08
4.80152148041313E-08
4.80152148041313E-08
4.80152148041313E-08
4.80152148041313E-08
4.80152148041313E-08
4.80152148041313E-08
4.80152148041313E-08
4.80152148041313E-08
4.58330303709786E-08
4.58330303709786E-08
4.58330303709786E-08
2.26165316474791E-08
2.26165316474791E-08
2.26165316474791E-08
2.26165316474791E-08
2.26165316474791E-08
2.26165316474791E-08
2.26165316474791E-08
2.26165316474791E-08
2.26165316474791E-08
2.26165316474791E-08
2.26165316474791E-08
2.26165316474791E-08
2.13592993292266E-08
2.13592993292266E-08
2.13592993292266E-08
2.13592993292266E-08
2.13592993292266E-08
2.13592993292266E-08
2.13592993292266E-08
2.13592993292266E-08
2.13592993292266E-08
2.13592993292266E-08
2.13592993292266E-08
2.13592993292266E-08
2.13592993292266E-08
2.13592993292266E-08
2.13592993292266E-08
2.13592993292266E-08
2.13592993292266E-08
2.13592993292266E-08
2.13592993292266E-08
1.22298273730337E-08
1.22298273730337E-08
1.22298273730337E-08
1.22298273730337E-08
1.22298273730337E-08
1.22298273730337E-08
1.22298273730337E-08
1.22298273730337E-08
1.22298273730337E-08
1.22298273730337E-08
1.22298273730337E-08
1.22298273730337E-08
1.22298273730337E-08
1.22298273730337E-08
1.22298273730337E-08
1.22298273730337E-08
1.22298273730337E-08
1.22298273730337E-08
1.22298273730337E-08
1.22298273730337E-08
1.22298273730337E-08
1.1894551454894E-08
1.1894551454894E-08
7.90152387963872E-09
7.90152387963872E-09
7.90152387963872E-09
7.90152387963872E-09
7.90152387963872E-09
7.90152387963872E-09
7.90152387963872E-09
7.90152387963872E-09
7.90152387963872E-09
7.90152387963872E-09
7.90152387963872E-09
7.90152387963872E-09
7.90152387963872E-09
7.90152387963872E-09
7.90152387963872E-09
7.90152387963872E-09
7.90152387963872E-09
7.90152387963872E-09
7.90152387963872E-09
7.90152387963872E-09
7.90152387963872E-09
7.90152387963872E-09
7.90152387963872E-09
7.90152387963872E-09
7.90152387963872E-09
7.90152387963872E-09
7.90152387963872E-09
7.90152387963872E-09
7.90152387963872E-09
7.90152387963872E-09
7.90152387963872E-09
7.90152387963872E-09
7.90152387963872E-09
7.90152387963872E-09
7.90152387963872E-09
7.90152387963872E-09
5.44184619588606E-09
5.44184619588606E-09
5.44184619588606E-09
5.44184619588606E-09
5.44184619588606E-09
5.44184619588606E-09
5.44184619588606E-09
5.44184619588606E-09
5.44184619588606E-09
5.44184619588606E-09
5.44184619588606E-09
5.44184619588606E-09
5.44184619588606E-09
5.44184619588606E-09
5.44184619588606E-09
5.44184619588606E-09
5.44184619588606E-09
5.44184619588606E-09
3.16705417446883E-09
3.16705417446883E-09
3.16705417446883E-09
3.16705417446883E-09
3.16705417446883E-09
3.16705417446883E-09
3.16705417446883E-09
3.16705417446883E-09
3.16705417446883E-09
3.16705417446883E-09
3.16705417446883E-09
3.16705417446883E-09
3.16705417446883E-09
3.16705417446883E-09
3.16705417446883E-09
3.16705417446883E-09
3.16705417446883E-09
5.97938809576704E-10
5.97938809576704E-10
5.97938809576704E-10
5.97938809576704E-10
5.97938809576704E-10
5.97938809576704E-10
5.97938809576704E-10
5.97938809576704E-10
5.97938809576704E-10
5.97938809576704E-10
5.97938809576704E-10
5.97938809576704E-10
5.97938809576704E-10
5.97938809576704E-10
5.97938809576704E-10
5.97938809576704E-10
5.97938809576704E-10
5.97938809576704E-10
5.97938809576704E-10
5.97938809576704E-10
5.97938809576704E-10
5.97938809576704E-10
5.97938809576704E-10
5.97938809576704E-10
5.97938809576704E-10
5.97938809576704E-10
5.97938809576704E-10
5.97938809576704E-10
5.97938809576704E-10
5.97938809576704E-10
5.97938809576704E-10
5.97938809576704E-10
5.97938809576704E-10
5.97938809576704E-10
5.97938809576704E-10
5.97938809576704E-10
5.97938809576704E-10
5.97938809576704E-10
5.97938809576704E-10
5.97938809576704E-10
5.97938809576704E-10
5.97938809576704E-10
5.97938809576704E-10
5.97938809576704E-10
5.97938809576704E-10
5.97938809576704E-10
5.97938809576704E-10
5.97938809576704E-10
5.97938809576704E-10
5.97938809576704E-10
5.97938809576704E-10
5.97938809576704E-10
5.97938809576704E-10
5.97938809576704E-10
5.97938809576704E-10
5.97938809576704E-10
5.97938809576704E-10
5.97938809576704E-10
5.97938809576704E-10
5.97938809576704E-10
5.97938809576704E-10
5.97938809576704E-10
5.97938809576704E-10
5.97938809576704E-10
5.97938809576704E-10
5.97938809576704E-10
5.97938809576704E-10
5.97938809576704E-10
5.97938809576704E-10
5.97938809576704E-10
5.97938809576704E-10
5.97938809576704E-10
5.97938809576704E-10
5.97938809576704E-10
5.97938809576704E-10
5.97938809576704E-10
5.97938809576704E-10
5.97938809576704E-10
5.97938809576704E-10
5.97938809576704E-10
5.97938809576704E-10
5.97938809576704E-10
5.97938809576704E-10
5.97938809576704E-10
5.97938809576704E-10
5.97938809576704E-10
5.97938809576704E-10
5.97938809576704E-10
5.97938809576704E-10
5.97938809576704E-10
5.97938809576704E-10
5.97938809576704E-10
5.97938809576704E-10
5.97938809576704E-10
5.97938809576704E-10
5.97938809576704E-10
5.97938809576704E-10
5.97938809576704E-10
5.97938809576704E-10
5.97938809576704E-10
5.97938809576704E-10
5.97938809576704E-10
5.97938809576704E-10
5.97938809576704E-10
5.97938809576704E-10
5.97938809576704E-10
5.97938809576704E-10
5.97938809576704E-10
5.97938809576704E-10
5.97938809576704E-10
5.97938809576704E-10
5.97938809576704E-10
5.97938809576704E-10
5.97938809576704E-10
5.97938809576704E-10
5.97938809576704E-10
5.97938809576704E-10
5.97938809576704E-10
5.97938809576704E-10
5.97938809576704E-10
5.97938809576704E-10
5.97938809576704E-10
5.97938809576704E-10
5.97938809576704E-10
5.97938809576704E-10
5.97938809576704E-10
5.97938809576704E-10
5.97938809576704E-10
5.97938809576704E-10
5.97938809576704E-10
5.97938809576704E-10
5.97938809576704E-10
3.46836337428158E-10
3.46836337428158E-10
3.46836337428158E-10
3.46836337428158E-10
3.46836337428158E-10
3.46836337428158E-10
3.46836337428158E-10
3.46836337428158E-10
3.46836337428158E-10
3.46836337428158E-10
3.46836337428158E-10
3.46836337428158E-10
3.46836337428158E-10
3.46836337428158E-10
3.46836337428158E-10
3.46836337428158E-10
3.28325366893978E-10
3.28325366893978E-10
3.28325366893978E-10
3.28325366893978E-10
3.28325366893978E-10
3.28325366893978E-10
3.28325366893978E-10
3.28325366893978E-10
3.28325366893978E-10
3.28325366893978E-10
3.28325366893978E-10
3.28325366893978E-10
3.28325366893978E-10
3.28325366893978E-10
3.15247383753103E-10
3.15247383753103E-10
3.15247383753103E-10
3.15247383753103E-10
3.15247383753103E-10
3.15247383753103E-10
3.15247383753103E-10
3.15247383753103E-10
3.15247383753103E-10
3.15247383753103E-10
3.15247383753103E-10
3.15247383753103E-10
3.15247383753103E-10
3.15247383753103E-10
3.15247383753103E-10
3.15247383753103E-10
3.15247383753103E-10
3.15247383753103E-10
3.15247383753103E-10

