0.0921606796543237
0.0538725539105726
0.0538438402234835
0.0512794052979046
0.048457285337283
0.048457285337283
0.048457285337283
0.0417129404173008
0.00789167446517014
0.00789167446517014
0.0078428011951629
0.00784176501814593
0.00609028550936699
0.0048928870567696
0.00475990256317704
0.004613104347724
0.004613104347724
0.00295063877025981
0.00295063877025981
0.00111306457277405
0.000745748491538079
0.000745748491538079
0.000560222732750026
0.000560222732750026
0.000116157831039021
0.000116157831039021
0.000112901460814663
0.000112901460814663
0.00010327057185533
7.93899104980511E-05
7.93899104980511E-05
7.93899104980511E-05
7.93899104980511E-05
5.61941795015342E-05
3.13253413990466E-05
3.13253413990466E-05
3.13253413990466E-05
3.13253413990466E-05
3.13253413990466E-05
3.13253413990466E-05
3.10538680765582E-05
3.10538680765582E-05
2.94372813463006E-05
2.32049990191996E-05
2.32049990191996E-05
2.32049990191996E-05
1.73733951165378E-05
1.73733951165378E-05
1.73733951165378E-05
1.73733951165378E-05
1.73733951165378E-05
1.59165756304924E-05
6.92871784269133E-06
6.92871784269133E-06
6.92871784269133E-06
6.92871784269133E-06
6.92871784269133E-06
6.92871784269133E-06
6.92871784269133E-06
6.92871784269133E-06
6.92871784269133E-06
5.9566289547508E-06
5.9566289547508E-06
5.9566289547508E-06
5.9566289547508E-06
5.9566289547508E-06
5.9566289547508E-06
5.9566289547508E-06
5.9566289547508E-06
5.64159761862193E-06
5.64159761862193E-06
5.64159761862193E-06
5.64159761862193E-06
5.64159761862193E-06
5.64159761862193E-06
5.64159761862193E-06
5.64159761862193E-06
5.28019243883904E-06
5.28019243883904E-06
5.28019243883904E-06
3.20897279038057E-06
3.20897279038057E-06
3.20897279038057E-06
3.20897279038057E-06
3.20897279038057E-06
3.20897279038057E-06
3.20897279038057E-06
3.20897279038057E-06
3.20897279038057E-06
3.20897279038057E-06
3.20897279038057E-06
3.20897279038057E-06
3.20897279038057E-06
2.5188353192096E-06
2.5188353192096E-06
2.5188353192096E-06
2.5188353192096E-06
2.5188353192096E-06
2.5188353192096E-06
2.5188353192096E-06
2.12057424797685E-06
2.12057424797685E-06
2.12057424797685E-06
2.12057424797685E-06
9.43270189845968E-07
9.02689352377806E-07
9.02689352377806E-07
9.02689352377806E-07
9.02689352377806E-07
9.02689352377806E-07
9.02689352377806E-07
9.02689352377806E-07
9.02689352377806E-07
9.02689352377806E-07
9.02689352377806E-07
9.02689352377806E-07
9.02689352377806E-07
5.56348163871512E-07
5.56348163871512E-07
5.56348163871512E-07
5.56348163871512E-07
5.56348163871512E-07
5.56348163871512E-07
5.56348163871512E-07
5.56348163871512E-07
5.56348163871512E-07
5.56348163871512E-07
5.56348163871512E-07
5.56348163871512E-07
5.56348163871512E-07
5.56348163871512E-07
5.39470104810036E-07
5.39470104810036E-07
5.39470104810036E-07
5.39470104810036E-07
5.39470104810036E-07
5.39470104810036E-07
5.39470104810036E-07
5.39470104810036E-07
5.39470104810036E-07
5.39470104810036E-07
5.39470104810036E-07
3.43170132643955E-07
3.43170132643955E-07
3.43170132643955E-07
3.43170132643955E-07
3.43170132643955E-07
3.43170132643955E-07
3.43170132643955E-07
3.43170132643955E-07
2.61958190472811E-07
2.61958190472811E-07
2.61958190472811E-07
2.61958190472811E-07
2.61958190472811E-07
2.61958190472811E-07
9.183495108811E-08
9.183495108811E-08
9.183495108811E-08
9.183495108811E-08
9.183495108811E-08
9.183495108811E-08
9.183495108811E-08
9.183495108811E-08
9.183495108811E-08
9.183495108811E-08
9.183495108811E-08
9.183495108811E-08
9.183495108811E-08
9.183495108811E-08
9.183495108811E-08
9.183495108811E-08
9.183495108811E-08
9.183495108811E-08
9.183495108811E-08
1.23105527993772E-08
1.23105527993772E-08
1.23105527993772E-08
1.23105527993772E-08
1.23105527993772E-08
1.23105527993772E-08
1.23105527993772E-08
1.23105527993772E-08
1.23105527993772E-08
1.23105527993772E-08
1.23105527993772E-08
1.23105527993772E-08
1.23105527993772E-08
1.23105527993772E-08
1.23105527993772E-08
1.23105527993772E-08
1.23105527993772E-08
1.23105527993772E-08
1.23105527993772E-08
1.23105527993772E-08
1.23105527993772E-08
1.23105527993772E-08
1.23105527993772E-08
1.23105527993772E-08
1.23105527993772E-08
1.23105527993772E-08
1.23105527993772E-08
1.23105527993772E-08
1.23105527993772E-08
1.23105527993772E-08
1.23105527993772E-08
1.23105527993772E-08
5.18270348859318E-09
5.18270348859318E-09
5.18270348859318E-09
5.18270348859318E-09
5.18270348859318E-09
5.18270348859318E-09
5.18270348859318E-09
5.18270348859318E-09
5.18270348859318E-09
5.18270348859318E-09
5.18270348859318E-09
5.18270348859318E-09
5.18270348859318E-09
5.18270348859318E-09
5.18270348859318E-09
5.18270348859318E-09
5.18270348859318E-09
5.18270348859318E-09
5.18270348859318E-09
5.18270348859318E-09
5.18270348859318E-09
5.18270348859318E-09
5.18270348859318E-09
5.18270348859318E-09
5.18270348859318E-09
5.18270348859318E-09
5.18270348859318E-09
5.18270348859318E-09
5.18270348859318E-09
5.18270348859318E-09
5.18270348859318E-09
5.18270348859318E-09
5.18270348859318E-09
5.18270348859318E-09
5.18270348859318E-09
5.18270348859318E-09
5.18270348859318E-09
5.18270348859318E-09
5.18270348859318E-09
5.18270348859318E-09
5.18270348859318E-09
5.18270348859318E-09
5.18270348859318E-09
5.18270348859318E-09
5.18270348859318E-09
5.18270348859318E-09
5.18270348859318E-09
5.18270348859318E-09
5.18270348859318E-09
5.18270348859318E-09
5.18270348859318E-09
5.18270348859318E-09
5.18270348859318E-09
5.18270348859318E-09
5.18270348859318E-09
5.18270348859318E-09
5.18270348859318E-09
5.18270348859318E-09
5.18270348859318E-09
5.18270348859318E-09
5.18270348859318E-09
5.18270348859318E-09
5.18270348859318E-09
5.18270348859318E-09
5.18270348859318E-09
5.18270348859318E-09
5.18270348859318E-09
5.18270348859318E-09
5.18270348859318E-09
5.18270348859318E-09
5.18270348859318E-09
5.18270348859318E-09
5.18270348859318E-09
5.18270348859318E-09
5.18270348859318E-09
5.18270348859318E-09
5.18270348859318E-09
5.18270348859318E-09
5.18270348859318E-09
5.18270348859318E-09
5.18270348859318E-09
5.18270348859318E-09
5.18270348859318E-09
5.18270348859318E-09
5.18270348859318E-09
5.18270348859318E-09
5.18270348859318E-09
5.18270348859318E-09
5.18270348859318E-09
5.18270348859318E-09
5.18270348859318E-09
5.18270348859318E-09
5.18270348859318E-09
5.18270348859318E-09
5.18270348859318E-09
5.18270348859318E-09
5.18270348859318E-09
5.18270348859318E-09
5.18270348859318E-09
5.18270348859318E-09
5.18270348859318E-09
5.18270348859318E-09
5.18270348859318E-09
5.18270348859318E-09
5.18270348859318E-09
5.18270348859318E-09
5.18270348859318E-09
5.18270348859318E-09
5.18270348859318E-09
5.18270348859318E-09
5.18270348859318E-09
5.18270348859318E-09
5.18270348859318E-09
5.18270348859318E-09
5.18270348859318E-09
5.18270348859318E-09
5.18270348859318E-09
5.18270348859318E-09
5.18270348859318E-09
5.18270348859318E-09
5.18270348859318E-09
5.18270348859318E-09
5.18270348859318E-09
5.18270348859318E-09
5.18270348859318E-09
5.18270348859318E-09
5.18270348859318E-09
5.18270348859318E-09
5.18270348859318E-09
2.33625097045831E-09
2.33625097045831E-09
2.33625097045831E-09
2.33625097045831E-09
1.58733703958802E-09
1.58733703958802E-09
1.58733703958802E-09
1.58733703958802E-09
1.58733703958802E-09
1.58733703958802E-09
1.58733703958802E-09
1.58733703958802E-09
1.58733703958802E-09
1.58733703958802E-09
1.58733703958802E-09
1.58733703958802E-09
1.58733703958802E-09
1.58733703958802E-09
1.58733703958802E-09
1.58733703958802E-09
1.58733703958802E-09
1.58733703958802E-09
1.58733703958802E-09
1.58733703958802E-09
1.58733703958802E-09
1.58733703958802E-09
1.58733703958802E-09
1.58733703958802E-09
1.58733703958802E-09
1.58733703958802E-09
1.58733703958802E-09
1.58733703958802E-09
1.58733703958802E-09
1.58733703958802E-09
1.58733703958802E-09
1.58733703958802E-09
1.58733703958802E-09
1.58733703958802E-09
1.58733703958802E-09
1.58733703958802E-09
1.58733703958802E-09
1.58733703958802E-09
1.58733703958802E-09
1.58733703958802E-09
1.58733703958802E-09
1.58733703958802E-09
1.58733703958802E-09
1.58733703958802E-09
1.58733703958802E-09
1.58733703958802E-09
1.58733703958802E-09
1.58733703958802E-09
1.58733703958802E-09
1.58733703958802E-09
1.58733703958802E-09
1.58733703958802E-09
1.58733703958802E-09
1.58733703958802E-09
1.58733703958802E-09
1.58733703958802E-09
1.58733703958802E-09
1.58733703958802E-09
1.58733703958802E-09
1.58733703958802E-09
1.58733703958802E-09
1.58733703958802E-09
1.58733703958802E-09
1.58733703958802E-09
1.58733703958802E-09
1.58733703958802E-09
1.58733703958802E-09
1.58733703958802E-09
1.16675336059302E-09
1.16675336059302E-09
1.16675336059302E-09
1.16675336059302E-09
1.16675336059302E-09
1.16675336059302E-09
1.16675336059302E-09
1.16675336059302E-09
1.16675336059302E-09
1.14599885137068E-09
1.14599885137068E-09
1.14599885137068E-09
1.14599885137068E-09
1.14599885137068E-09
1.14599885137068E-09
1.14599885137068E-09
1.14599885137068E-09
5.44369549437818E-10
5.44369549437818E-10
5.44369549437818E-10
5.44369549437818E-10
5.44369549437818E-10
5.44369549437818E-10
5.44369549437818E-10
5.44369549437818E-10
5.44369549437818E-10
5.44369549437818E-10
5.44369549437818E-10
5.44369549437818E-10
5.44369549437818E-10
5.44369549437818E-10
5.44369549437818E-10
5.44369549437818E-10
5.44369549437818E-10
5.44369549437818E-10
5.44369549437818E-10
5.44369549437818E-10
5.44369549437818E-10
5.44369549437818E-10
5.44369549437818E-10
5.44369549437818E-10
5.44369549437818E-10
5.44369549437818E-10
5.44369549437818E-10
5.44369549437818E-10
5.44369549437818E-10
5.44369549437818E-10
5.44369549437818E-10
5.44369549437818E-10
5.44369549437818E-10
5.44369549437818E-10
5.44369549437818E-10
5.44369549437818E-10
4.17601953017765E-10
4.17601953017765E-10
2.25320651026095E-10
2.25320651026095E-10
2.25320651026095E-10
2.25320651026095E-10
2.25320651026095E-10
2.25320651026095E-10
2.25320651026095E-10
2.25320651026095E-10
2.25320651026095E-10
2.25320651026095E-10
2.25320651026095E-10
2.25320651026095E-10
2.25320651026095E-10
2.25320651026095E-10
2.25320651026095E-10
2.25320651026095E-10
2.25320651026095E-10
2.25320651026095E-10
2.25320651026095E-10
2.25320651026095E-10
2.25320651026095E-10
2.25320651026095E-10
2.25320651026095E-10
2.25320651026095E-10
2.25320651026095E-10
2.25320651026095E-10
2.25320651026095E-10
2.25320651026095E-10
2.25320651026095E-10
2.25320651026095E-10
2.25320651026095E-10
2.25320651026095E-10
2.25320651026095E-10
2.25320651026095E-10
2.25320651026095E-10
2.25320651026095E-10
2.25320651026095E-10

