0.0767142732962148
0.0767142732962148
0.0449425500807761
0.0442525601572042
0.0442220397280786
0.0294664941010926
0.0155318858131362
0.0155298277472605
0.0127819016801045
0.0127642742726191
0.0071053067227469
0.00701997040153202
0.00202208439775931
0.00202208439775931
0.00105411893761842
0.00103446387227701
0.00103446387227701
0.00103446387227701
0.00103446387227701
0.00071311597372048
0.00071311597372048
0.000702140169717591
0.00048779541194599
0.00048779541194599
0.00048449953923857
0.000183919878668837
0.000175540420205178
0.000175540420205178
0.000172286348282258
0.000172286348282258
0.000167717634251274
0.000167717634251274
0.000150120830346712
0.000150120830346712
0.000150120830346712
0.000150120830346712
0.000150120830346712
0.000150120830346712
0.000149142716915573
0.000149142716915573
0.000138317279052447
0.000138317279052447
0.000138317279052447
0.000108052187675844
0.000108052187675844
0.000107930235538123
6.31214177945205E-05
6.31214177945205E-05
6.26481472109086E-05
5.92783711869105E-05
3.29014546986972E-05
3.29014546986972E-05
3.29014546986972E-05
3.29014546986972E-05
3.29014546986972E-05
3.1793423883375E-05
2.99010510712572E-05
2.99010510712572E-05
2.99010510712572E-05
2.99010510712572E-05
2.99010510712572E-05
2.88271891719649E-05
2.88271891719649E-05
2.88271891719649E-05
2.88271891719649E-05
4.78483657007089E-06
4.78483657007089E-06
4.78483657007089E-06
4.78483657007089E-06
4.78483657007089E-06
3.45492835995831E-06
3.15802677020027E-06
3.15802677020027E-06
3.15802677020027E-06
3.15802677020027E-06
3.15802677020027E-06
3.15802677020027E-06
2.6599655038595E-06
2.6599655038595E-06
2.6599655038595E-06
1.5762511712536E-06
1.5762511712536E-06
1.5762511712536E-06
1.5762511712536E-06
6.81796936796708E-07
6.81796936796708E-07
6.81796936796708E-07
6.81796936796708E-07
6.81796936796708E-07
6.81796936796708E-07
6.81796936796708E-07
6.81796936796708E-07
6.81796936796708E-07
6.81796936796708E-07
6.81796936796708E-07
6.81796936796708E-07
6.81796936796708E-07
6.81796936796708E-07
6.81796936796708E-07
6.81796936796708E-07
6.81796936796708E-07
6.81796936796708E-07
2.77644068180649E-07
2.77644068180649E-07
2.77644068180649E-07
2.77644068180649E-07
2.77644068180649E-07
2.77644068180649E-07
2.77644068180649E-07
2.77644068180649E-07
2.77644068180649E-07
2.77644068180649E-07
2.77644068180649E-07
2.77644068180649E-07
2.77644068180649E-07
2.77644068180649E-07
2.77644068180649E-07
2.77644068180649E-07
2.77644068180649E-07
2.77644068180649E-07
2.77644068180649E-07
2.77644068180649E-07
1.11245825551443E-07
1.11245825551443E-07
1.11245825551443E-07
1.11245825551443E-07
1.11245825551443E-07
1.11245825551443E-07
1.11245825551443E-07
1.11245825551443E-07
1.11245825551443E-07
1.11245825551443E-07
1.11245825551443E-07
1.11245825551443E-07
1.11245825551443E-07
1.11245825551443E-07
1.11245825551443E-07
1.11245825551443E-07
1.11245825551443E-07
1.11245825551443E-07
1.11245825551443E-07
1.11245825551443E-07
1.11245825551443E-07
1.11245825551443E-07
1.11245825551443E-07
1.11245825551443E-07
1.11245825551443E-07
1.11245825551443E-07
1.11245825551443E-07
1.11245825551443E-07
1.11245825551443E-07
1.11245825551443E-07
1.11245825551443E-07
1.11245825551443E-07
1.11245825551443E-07
1.11245825551443E-07
1.11245825551443E-07
1.11245825551443E-07
1.11245825551443E-07
1.11245825551443E-07
1.11245825551443E-07
1.11245825551443E-07
1.11245825551443E-07
1.11245825551443E-07
1.11245825551443E-07
1.11245825551443E-07
1.11245825551443E-07
1.11245825551443E-07
1.11245825551443E-07
1.11245825551443E-07
1.11245825551443E-07
1.11245825551443E-07
1.11245825551443E-07
1.11245825551443E-07
1.11245825551443E-07
1.11245825551443E-07
1.11245825551443E-07
1.11245825551443E-07
1.11245825551443E-07
1.11245825551443E-07
1.11245825551443E-07
1.11245825551443E-07
1.11245825551443E-07
1.11245825551443E-07
1.11245825551443E-07
1.11245825551443E-07
1.11245825551443E-07
1.11245825551443E-07
1.11245825551443E-07
1.11245825551443E-07
1.11245825551443E-07
1.11245825551443E-07
1.11245825551443E-07
1.11245825551443E-07
1.11245825551443E-07
1.11245825551443E-07
1.11245825551443E-07
1.11245825551443E-07
1.11245825551443E-07
1.11245825551443E-07
1.11245825551443E-07
1.11245825551443E-07
5.49815913908347E-08
5.49815913908347E-08
5.49815913908347E-08
5.49815913908347E-08
5.49815913908347E-08
5.49815913908347E-08
5.49815913908347E-08
5.49815913908347E-08
5.49815913908347E-08
3.73847859336252E-08
3.73847859336252E-08
3.73847859336252E-08
3.73847859336252E-08
3.73847859336252E-08
3.73847859336252E-08
3.73847859336252E-08
3.73847859336252E-08
3.73847859336252E-08
3.73847859336252E-08
3.73847859336252E-08
3.73847859336252E-08
3.53402678232584E-08
3.53402678232584E-08
3.53402678232584E-08
3.53402678232584E-08
3.53402678232584E-08
3.53402678232584E-08
3.53402678232584E-08
3.53402678232584E-08
3.53402678232584E-08
3.53402678232584E-08
7.49113071574214E-09
7.49113071574214E-09
7.49113071574214E-09
7.49113071574214E-09
7.49113071574214E-09
7.49113071574214E-09
7.49113071574214E-09
7.49113071574214E-09
7.49113071574214E-09
7.49113071574214E-09
7.49113071574214E-09
7.49113071574214E-09
7.49113071574214E-09
7.49113071574214E-09
7.49113071574214E-09
7.49113071574214E-09
7.49113071574214E-09
7.49113071574214E-09
7.49113071574214E-09
7.49113071574214E-09
7.49113071574214E-09
7.49113071574214E-09
7.49113071574214E-09
7.49113071574214E-09
7.49113071574214E-09
7.49113071574214E-09
7.49113071574214E-09
7.49113071574214E-09
7.49113071574214E-09
7.49113071574214E-09
7.49113071574214E-09
7.49113071574214E-09
7.49113071574214E-09
7.49113071574214E-09
7.49113071574214E-09
7.49113071574214E-09
7.49113071574214E-09
7.49113071574214E-09
3.46267281514656E-09
3.46267281514656E-09
3.46267281514656E-09
3.46267281514656E-09
3.46267281514656E-09
3.46267281514656E-09
3.46267281514656E-09
3.46267281514656E-09
3.46267281514656E-09
3.46267281514656E-09
3.46267281514656E-09
3.46267281514656E-09
3.46267281514656E-09
3.46267281514656E-09
3.46267281514656E-09
3.46267281514656E-09
3.46267281514656E-09
3.46267281514656E-09
3.46267281514656E-09
3.46267281514656E-09
3.46267281514656E-09
3.46267281514656E-09
3.46267281514656E-09
3.46267281514656E-09
3.46267281514656E-09
3.46267281514656E-09
3.46267281514656E-09
3.46267281514656E-09
3.46267281514656E-09
3.46267281514656E-09
3.46267281514656E-09
3.46267281514656E-09
3.46267281514656E-09
3.46267281514656E-09
3.46267281514656E-09
3.46267281514656E-09
3.054191677343E-09
3.054191677343E-09
3.054191677343E-09
3.054191677343E-09
3.054191677343E-09
3.054191677343E-09
3.054191677343E-09
3.054191677343E-09
3.054191677343E-09
3.054191677343E-09
3.054191677343E-09
3.054191677343E-09
3.054191677343E-09
3.054191677343E-09
3.054191677343E-09
3.054191677343E-09
3.054191677343E-09
3.054191677343E-09
3.054191677343E-09
3.054191677343E-09
3.054191677343E-09
1.90387561271876E-09
1.90387561271876E-09
1.90387561271876E-09
1.90387561271876E-09
1.90387561271876E-09
1.90387561271876E-09
1.90387561271876E-09
1.90387561271876E-09
1.90387561271876E-09
1.90387561271876E-09
1.90387561271876E-09
1.90387561271876E-09
1.90387561271876E-09
1.90387561271876E-09
1.90387561271876E-09
1.90387561271876E-09
1.90387561271876E-09
1.90387561271876E-09
1.90387561271876E-09
1.90387561271876E-09
1.90387561271876E-09
1.90387561271876E-09
1.90387561271876E-09
1.90387561271876E-09
1.90387561271876E-09
1.90387561271876E-09
1.90387561271876E-09
1.90387561271876E-09
1.90387561271876E-09
1.90387561271876E-09
1.90387561271876E-09
1.90387561271876E-09
1.90387561271876E-09
1.90387561271876E-09
1.90387561271876E-09
1.90387561271876E-09
1.90387561271876E-09
1.90387561271876E-09
1.90387561271876E-09
1.90387561271876E-09
1.90387561271876E-09
1.90387561271876E-09
1.90387561271876E-09
1.90387561271876E-09
1.90387561271876E-09
1.90387561271876E-09
1.90387561271876E-09
1.90387561271876E-09
1.90387561271876E-09
1.90387561271876E-09
1.90387561271876E-09
1.90387561271876E-09
1.20469401121426E-09
1.20469401121426E-09
1.20469401121426E-09
1.03867914269529E-09
1.03867914269529E-09
1.03867914269529E-09
1.03867914269529E-09
1.03867914269529E-09
1.03867914269529E-09
1.03867914269529E-09
1.03867914269529E-09
1.03867914269529E-09
1.03867914269529E-09
1.03867914269529E-09
1.03867914269529E-09
1.03867914269529E-09
1.03867914269529E-09
6.90737800290719E-10
6.90737800290719E-10
6.90737800290719E-10
6.90737800290719E-10
6.90737800290719E-10
6.90737800290719E-10
6.90737800290719E-10
6.90737800290719E-10
6.90737800290719E-10
6.90737800290719E-10
6.90737800290719E-10
6.90737800290719E-10
6.90737800290719E-10
6.90737800290719E-10
6.90737800290719E-10
6.90737800290719E-10
6.90737800290719E-10
6.90737800290719E-10
6.90737800290719E-10
6.90737800290719E-10
6.90737800290719E-10
6.90737800290719E-10
6.90737800290719E-10
6.90737800290719E-10
6.90737800290719E-10
6.90737800290719E-10
6.90737800290719E-10
6.90737800290719E-10
5.31547805771027E-10
5.31547805771027E-10
5.31547805771027E-10
5.31547805771027E-10
5.31547805771027E-10
5.31547805771027E-10
5.31547805771027E-10
5.31547805771027E-10
2.2088719742186E-10
2.2088719742186E-10
2.2088719742186E-10
2.2088719742186E-10
2.2088719742186E-10
2.2088719742186E-10
2.2088719742186E-10
2.2088719742186E-10
2.2088719742186E-10
2.2088719742186E-10
2.2088719742186E-10
2.2088719742186E-10
2.2088719742186E-10
2.2088719742186E-10
2.2088719742186E-10
2.2088719742186E-10
2.2088719742186E-10
2.2088719742186E-10
2.2088719742186E-10
1.02375441457525E-10
1.02375441457525E-10
1.02375441457525E-10
1.02375441457525E-10
1.02375441457525E-10
1.02375441457525E-10
1.02375441457525E-10
1.02375441457525E-10
1.02375441457525E-10
1.02375441457525E-10
1.02375441457525E-10
1.02375441457525E-10
1.02375441457525E-10
1.02375441457525E-10
1.02375441457525E-10
1.02375441457525E-10
1.02375441457525E-10
1.02375441457525E-10
1.02375441457525E-10
1.02375441457525E-10
1.02375441457525E-10
1.02375441457525E-10
1.02375441457525E-10
1.02375441457525E-10
1.02375441457525E-10
1.02375441457525E-10
1.02375441457525E-10
1.02375441457525E-10
1.02375441457525E-10
1.02375441457525E-10
1.02375441457525E-10
1.02375441457525E-10
1.02375441457525E-10
1.02375441457525E-10
1.02375441457525E-10
1.02375441457525E-10
1.02375441457525E-10
1.02375441457525E-10
1.02375441457525E-10
1.02375441457525E-10
1.02375441457525E-10
1.02375441457525E-10
1.02375441457525E-10
1.02375441457525E-10
1.02375441457525E-10
1.02375441457525E-10
1.02375441457525E-10
1.02375441457525E-10

