0.0617908292664083
0.0610357983665555
0.0610357983665555
0.0345304749851127
0.0339571266680221
0.0327946118732622
0.013408195688173
0.013408195688173
0.013408195688173
0.0128721038414901
0.00675469371923296
0.00675469371923296
0.00637168165065691
0.00637168165065691
0.00573654744636243
0.0047779805199718
0.00207898183607985
0.00200394806508661
0.00200394806508661
0.000973908411911306
0.000973908411911306
0.000973044017674757
0.000973044017674757
0.000858684452897301
0.000181722565193027
0.000181722565193027
0.000178802209216289
0.000178802209216289
0.000178802209216289
0.000178802209216289
0.000178802209216289
0.000178802209216289
0.000178802209216289
0.000116604241203411
0.000116604241203411
0.000116604241203411
0.000101564021550593
4.4111434301386E-05
4.4111434301386E-05
4.4111434301386E-05
4.4111434301386E-05
4.4111434301386E-05
4.4111434301386E-05
4.4111434301386E-05
4.4111434301386E-05
4.4111434301386E-05
4.4111434301386E-05
3.09428558233904E-05
3.09428558233904E-05
2.68114245494111E-05
2.68114245494111E-05
2.68114245494111E-05
2.68114245494111E-05
2.49498005785442E-05
2.49498005785442E-05
1.75768270440635E-05
1.75768270440635E-05
1.75768270440635E-05
1.75768270440635E-05
1.75768270440635E-05
1.75768270440635E-05
1.75768270440635E-05
1.75768270440635E-05
1.75768270440635E-05
1.75768270440635E-05
1.75768270440635E-05
1.48315429515655E-05
1.48315429515655E-05
1.48315429515655E-05
1.48315429515655E-05
3.1465368778294E-06
2.73653663085405E-06
2.73653663085405E-06
1.73221135146839E-06
1.73221135146839E-06
1.55009134616968E-06
1.55009134616968E-06
1.55009134616968E-06
1.46116887789205E-06
1.46116887789205E-06
1.46116887789205E-06
1.46116887789205E-06
1.46116887789205E-06
1.46116887789205E-06
1.46116887789205E-06
1.40353058519782E-06
9.44858545626204E-07
9.44858545626204E-07
9.44858545626204E-07
9.44858545626204E-07
9.44858545626204E-07
8.87549396866305E-07
8.87549396866305E-07
8.87549396866305E-07
8.87549396866305E-07
8.87549396866305E-07
2.51896219660708E-07
2.51896219660708E-07
2.51896219660708E-07
2.51896219660708E-07
2.51896219660708E-07
2.51896219660708E-07
3.53254113738544E-08
3.53254113738544E-08
3.53254113738544E-08
3.53254113738544E-08
3.53254113738544E-08
3.53254113738544E-08
3.53254113738544E-08
3.53254113738544E-08
3.53254113738544E-08
3.53254113738544E-08
3.53254113738544E-08
3.53254113738544E-08
3.53254113738544E-08
3.53254113738544E-08
3.53254113738544E-08
3.53254113738544E-08
3.53254113738544E-08
3.53254113738544E-08
3.53254113738544E-08
3.53254113738544E-08
3.53254113738544E-08
3.53254113738544E-08
3.53254113738544E-08
3.53254113738544E-08
3.53254113738544E-08
3.53254113738544E-08
3.53254113738544E-08
3.53254113738544E-08
3.53254113738544E-08
3.53254113738544E-08
3.53254113738544E-08
3.53254113738544E-08
3.53254113738544E-08
3.53254113738544E-08
3.53254113738544E-08
3.53254113738544E-08
3.53254113738544E-08
3.53254113738544E-08
3.53254113738544E-08
3.53254113738544E-08
3.53254113738544E-08
3.53254113738544E-08
3.53254113738544E-08
3.53254113738544E-08
3.53254113738544E-08
3.53254113738544E-08
3.53254113738544E-08
3.53254113738544E-08
3.53254113738544E-08
3.53254113738544E-08
3.53254113738544E-08
3.53254113738544E-08
3.53254113738544E-08
3.53254113738544E-08
3.53254113738544E-08
3.53254113738544E-08
3.53254113738544E-08
3.53254113738544E-08
3.53254113738544E-08
3.53254113738544E-08
3.53254113738544E-08
3.53254113738544E-08
3.53254113738544E-08
3.53254113738544E-08
3.53254113738544E-08
3.53254113738544E-08
3.53254113738544E-08
3.53254113738544E-08
3.53254113738544E-08
3.53254113738544E-08
3.53254113738544E-08
3.53254113738544E-08
3.53254113738544E-08
3.53254113738544E-08
3.53254113738544E-08
3.53254113738544E-08
3.53254113738544E-08
3.53254113738544E-08
3.53254113738544E-08
3.53254113738544E-08
3.53254113738544E-08
3.53254113738544E-08
3.53254113738544E-08
3.53254113738544E-08
3.53254113738544E-08
3.53254113738544E-08
3.53254113738544E-08
3.53254113738544E-08
3.53254113738544E-08
3.53254113738544E-08
3.53254113738544E-08
3.53254113738544E-08
3.53254113738544E-08
3.53254113738544E-08
3.53254113738544E-08
3.53254113738544E-08
3.53254113738544E-08
3.53254113738544E-08
3.53254113738544E-08
3.53254113738544E-08
3.03625057318513E-08
3.03625057318513E-08
3.03625057318513E-08
3.03625057318513E-08
3.03625057318513E-08
3.03625057318513E-08
3.03625057318513E-08
3.03625057318513E-08
3.03625057318513E-08
3.03625057318513E-08
3.03625057318513E-08
1.46103071863024E-08
1.46103071863024E-08
1.46103071863024E-08
1.46103071863024E-08
1.46103071863024E-08
1.46103071863024E-08
1.46103071863024E-08
1.46103071863024E-08
1.46103071863024E-08
1.46103071863024E-08
1.46103071863024E-08
1.46103071863024E-08
1.46103071863024E-08
1.46103071863024E-08
1.46103071863024E-08
1.46103071863024E-08
1.46103071863024E-08
1.46103071863024E-08
1.46103071863024E-08
1.46103071863024E-08
1.46103071863024E-08
1.40799853998175E-08
1.40799853998175E-08
1.40799853998175E-08
1.40799853998175E-08
1.40799853998175E-08
1.40799853998175E-08
1.40799853998175E-08
1.40799853998175E-08
1.40799853998175E-08
1.40799853998175E-08
1.40799853998175E-08
1.40799853998175E-08
1.40799853998175E-08
1.40799853998175E-08
1.40799853998175E-08
1.40799853998175E-08
1.40799853998175E-08
1.40799853998175E-08
1.40799853998175E-08
1.40799853998175E-08
1.40799853998175E-08
1.40799853998175E-08
1.40799853998175E-08
1.40799853998175E-08
1.40799853998175E-08
1.40799853998175E-08
1.40799853998175E-08
1.40799853998175E-08
1.40799853998175E-08
1.40799853998175E-08
1.40799853998175E-08
1.40799853998175E-08
1.40799853998175E-08
1.40799853998175E-08
1.40799853998175E-08
1.40799853998175E-08
1.40799853998175E-08
1.40799853998175E-08
1.29730538533934E-08
1.29730538533934E-08
1.29730538533934E-08
1.29730538533934E-08
1.29730538533934E-08
1.29730538533934E-08
1.29730538533934E-08
1.29730538533934E-08
1.29730538533934E-08
1.29730538533934E-08
9.25078935676282E-09
9.25078935676282E-09
6.22347851031435E-09
6.22347851031435E-09
6.22347851031435E-09
6.22347851031435E-09
6.22347851031435E-09
6.22347851031435E-09
6.22347851031435E-09
6.22347851031435E-09
6.22347851031435E-09
6.22347851031435E-09
6.22347851031435E-09
6.22347851031435E-09
6.22347851031435E-09
6.22347851031435E-09
6.22347851031435E-09
6.22347851031435E-09
6.22347851031435E-09
6.22347851031435E-09
6.22347851031435E-09
4.98697450002084E-09
1.0421559171192E-09
1.0421559171192E-09
1.0421559171192E-09
1.0421559171192E-09
1.0421559171192E-09
1.0421559171192E-09
1.0421559171192E-09
1.0421559171192E-09
1.0421559171192E-09
1.0421559171192E-09
1.0421559171192E-09
1.0421559171192E-09
1.0421559171192E-09
1.0421559171192E-09
1.0421559171192E-09
1.0421559171192E-09
1.0421559171192E-09
1.0421559171192E-09
1.0421559171192E-09
1.0421559171192E-09
1.0421559171192E-09
1.0421559171192E-09
1.0421559171192E-09
1.0421559171192E-09
1.0421559171192E-09
1.0421559171192E-09
1.0421559171192E-09
1.0421559171192E-09
1.0421559171192E-09
1.0421559171192E-09
1.0421559171192E-09
9.3713181659183E-10
9.3713181659183E-10
9.3713181659183E-10
9.3713181659183E-10
9.3713181659183E-10
9.3713181659183E-10
9.3713181659183E-10
9.3713181659183E-10
9.3713181659183E-10
9.3713181659183E-10
9.3713181659183E-10
9.3713181659183E-10
9.3713181659183E-10
9.3713181659183E-10
9.3713181659183E-10
9.3713181659183E-10
9.3713181659183E-10
9.3713181659183E-10
9.3713181659183E-10
9.3713181659183E-10
9.3713181659183E-10
9.3713181659183E-10
9.3713181659183E-10
9.3713181659183E-10
9.3713181659183E-10
9.3713181659183E-10
9.3713181659183E-10
9.3713181659183E-10
9.3713181659183E-10
9.3713181659183E-10
9.3713181659183E-10
9.3713181659183E-10
9.3713181659183E-10
9.3713181659183E-10
9.3713181659183E-10
9.3713181659183E-10
9.3713181659183E-10
9.3713181659183E-10
9.3713181659183E-10
9.3713181659183E-10
9.3713181659183E-10
9.3713181659183E-10
9.3713181659183E-10
9.3713181659183E-10
9.3713181659183E-10
9.3713181659183E-10
9.3713181659183E-10
9.3713181659183E-10
9.3713181659183E-10
9.3713181659183E-10
9.3713181659183E-10
9.3713181659183E-10
9.3713181659183E-10
9.3713181659183E-10
9.3713181659183E-10
9.3713181659183E-10
9.3713181659183E-10
9.3713181659183E-10
9.3713181659183E-10
9.3713181659183E-10
9.3713181659183E-10
9.3713181659183E-10
9.3713181659183E-10
9.3713181659183E-10
9.3713181659183E-10
9.3713181659183E-10
9.3713181659183E-10
9.3713181659183E-10
9.3713181659183E-10
9.3713181659183E-10
9.3713181659183E-10
9.3713181659183E-10
9.3713181659183E-10
9.3713181659183E-10
9.3713181659183E-10
9.3713181659183E-10
9.3713181659183E-10
9.3713181659183E-10
9.3713181659183E-10
9.3713181659183E-10
9.3713181659183E-10
9.3713181659183E-10
9.3713181659183E-10
9.3713181659183E-10
9.3713181659183E-10
9.3713181659183E-10
9.3713181659183E-10
9.3713181659183E-10
9.3713181659183E-10
9.3713181659183E-10
9.3713181659183E-10
9.3713181659183E-10
9.3713181659183E-10
9.3713181659183E-10
9.3713181659183E-10
9.3713181659183E-10
9.3713181659183E-10
9.3713181659183E-10
8.65347460354826E-10
8.65347460354826E-10
8.65347460354826E-10
8.65347460354826E-10
8.65347460354826E-10
8.65347460354826E-10
8.65347460354826E-10
8.65347460354826E-10
8.65347460354826E-10
8.65347460354826E-10
8.65347460354826E-10
8.65347460354826E-10
8.65347460354826E-10
8.65347460354826E-10
8.65347460354826E-10
8.65347460354826E-10
8.65347460354826E-10
8.65347460354826E-10
8.65347460354826E-10
8.65347460354826E-10
8.65347460354826E-10
8.65347460354826E-10
8.65347460354826E-10
8.65347460354826E-10
8.65347460354826E-10
8.65347460354826E-10
8.65347460354826E-10
8.65347460354826E-10
8.65347460354826E-10
8.65347460354826E-10
8.65347460354826E-10
8.65347460354826E-10
8.65347460354826E-10
8.65347460354826E-10
8.65347460354826E-10
8.65347460354826E-10
8.65347460354826E-10
8.65347460354826E-10
8.65347460354826E-10
8.65347460354826E-10
8.65347460354826E-10
5.7843763112686E-10
5.7843763112686E-10
5.7843763112686E-10
5.7843763112686E-10
5.7843763112686E-10
1.63823510312966E-10
1.63823510312966E-10
1.63823510312966E-10
1.63823510312966E-10
1.63823510312966E-10
1.63823510312966E-10
1.63823510312966E-10
1.63823510312966E-10
1.63823510312966E-10
1.63823510312966E-10
1.63823510312966E-10
1.63823510312966E-10
1.63823510312966E-10
1.63823510312966E-10
1.63823510312966E-10
1.63823510312966E-10
1.63823510312966E-10
1.63823510312966E-10
1.63823510312966E-10
1.63823510312966E-10
1.63823510312966E-10

