0.115099677761307
0.114704227808621
0.0756064801978091
0.0696455737936309
0.0696455737936309
0.0578271093246026
0.0406923551486908
0.0351964342975083
0.0210934508086915
0.0210881353063169
0.0207993551535359
0.0155030851277722
0.00879590421883845
0.00849065752406315
0.00849065752406315
0.00849065752406315
0.00586124055588043
0.00118076202488047
0.00118076202488047
0.00118076202488047
0.000919508869967443
0.000919508869967443
0.000919508869967443
0.000919508869967443
0.000838217761078087
0.000824268167776488
0.000802905272579827
0.000802905272579827
0.000802905272579827
0.000802905272579827
0.000802905272579827
0.000802905272579827
0.000801132860052843
0.000801132860052843
0.000603583997984236
0.00054527853340767
0.000498093565595465
0.000498093565595465
0.000498093565595465
0.000496273381199601
0.000486283258290857
0.000486283258290857
0.000486283258290857
0.000478991728755184
0.00047511834801685
0.00047511834801685
0.00046544915375404
0.00046544915375404
0.00046544915375404
0.000464999759962645
0.000464999759962645
0.000464999759962645
0.000341108418301571
0.000328051765751559
0.000328051765751559
0.000283790930762898
0.000283790930762898
0.000221408082068554
7.7521162352936E-05
7.7521162352936E-05
7.03193154728466E-05
7.03193154728466E-05
6.99210785136906E-05
6.35607180244323E-05
6.35607180244323E-05
5.11003425533999E-05
5.11003425533999E-05
5.11003425533999E-05
5.02578916739091E-05
5.02578916739091E-05
5.02578916739091E-05
5.02578916739091E-05
5.02578916739091E-05
5.02578916739091E-05
5.02578916739091E-05
5.02578916739091E-05
4.07814312099356E-05
3.91689236082064E-05
3.91252620203788E-05
3.91252620203788E-05
3.2948335461541E-05
3.2948335461541E-05
3.27960186058099E-05
3.27960186058099E-05
3.27960186058099E-05
3.27960186058099E-05
3.27960186058099E-05
3.07062876368455E-05
2.59365512418996E-05
2.59365512418996E-05
1.41396555997256E-05
1.38119969761012E-05
1.38119969761012E-05
1.38119969761012E-05
1.33399200622837E-05
1.08930132083124E-05
1.08930132083124E-05
1.08930132083124E-05
1.08930132083124E-05
1.08930132083124E-05
1.08930132083124E-05
1.08930132083124E-05
8.79746207657619E-06
8.79746207657619E-06
8.79746207657619E-06
8.79746207657619E-06
5.60590261047971E-06
5.60590261047971E-06
5.60590261047971E-06
5.60590261047971E-06
5.60590261047971E-06
5.53106856650368E-06
5.53106856650368E-06
5.53106856650368E-06
5.53106856650368E-06
4.96273229218055E-06
4.62361833719961E-06
4.62361833719961E-06
4.62361833719961E-06
4.62361833719961E-06
4.62361833719961E-06
4.62361833719961E-06
4.62361833719961E-06
4.62361833719961E-06
4.62361833719961E-06
4.62361833719961E-06
3.71610327528564E-06
3.71610327528564E-06
1.81290518906806E-06
1.81290518906806E-06
1.81290518906806E-06
1.81290518906806E-06
1.81290518906806E-06
1.81290518906806E-06
1.81290518906806E-06
1.81290518906806E-06
1.71465050356327E-06
1.71465050356327E-06
1.71465050356327E-06
1.71465050356327E-06
1.71465050356327E-06
1.71465050356327E-06
1.71465050356327E-06
1.71465050356327E-06
1.71465050356327E-06
1.71465050356327E-06
1.71465050356327E-06
1.71465050356327E-06
1.71465050356327E-06
1.71465050356327E-06
1.71465050356327E-06
1.71465050356327E-06
1.71465050356327E-06
1.71465050356327E-06
1.71465050356327E-06
1.71465050356327E-06
1.71465050356327E-06
1.71094123672924E-06
1.71094123672924E-06
1.71094123672924E-06
1.71094123672924E-06
1.71094123672924E-06
1.71094123672924E-06
1.71094123672924E-06
1.71094123672924E-06
1.71094123672924E-06
1.71094123672924E-06
1.71094123672924E-06
1.13592020322907E-06
1.13592020322907E-06
1.13592020322907E-06
1.13592020322907E-06
1.13592020322907E-06
1.13592020322907E-06
1.13592020322907E-06
1.13592020322907E-06
5.91452938626883E-07
5.91452938626883E-07
5.91452938626883E-07
5.91452938626883E-07
5.91452938626883E-07
5.12293665255532E-07
5.12293665255532E-07
5.12293665255532E-07
5.12293665255532E-07
5.12293665255532E-07
5.12293665255532E-07
5.12293665255532E-07
5.12293665255532E-07
5.12293665255532E-07
5.12293665255532E-07
5.12293665255532E-07
2.379932901409E-07
2.379932901409E-07
2.379932901409E-07
1.63263840773375E-07
1.63263840773375E-07
1.63263840773375E-07
1.63263840773375E-07
1.63263840773375E-07
1.63263840773375E-07
1.63263840773375E-07
1.63263840773375E-07
1.63263840773375E-07
1.63263840773375E-07
1.63263840773375E-07
1.63263840773375E-07
1.63263840773375E-07
1.5999168467733E-07
6.57378743566701E-08
6.57378743566701E-08
6.57378743566701E-08
6.57378743566701E-08
6.57378743566701E-08
6.57378743566701E-08
6.57378743566701E-08
6.57378743566701E-08
6.57378743566701E-08
6.57378743566701E-08
6.57378743566701E-08
6.57378743566701E-08
6.57378743566701E-08
6.57378743566701E-08
6.57378743566701E-08
6.57378743566701E-08
6.57378743566701E-08
6.57378743566701E-08
6.57378743566701E-08
6.57378743566701E-08
6.57378743566701E-08
6.57378743566701E-08
6.57378743566701E-08
6.57378743566701E-08
6.57378743566701E-08
6.57378743566701E-08
6.57378743566701E-08
6.57378743566701E-08
6.57378743566701E-08
6.57378743566701E-08
6.57378743566701E-08
6.57378743566701E-08
6.57378743566701E-08
6.57378743566701E-08
6.57378743566701E-08
6.57378743566701E-08
6.57378743566701E-08
6.57378743566701E-08
6.57378743566701E-08
5.29402363696843E-08
5.29402363696843E-08
5.29402363696843E-08
5.29402363696843E-08
5.29402363696843E-08
5.29402363696843E-08
5.29402363696843E-08
5.29402363696843E-08
5.29402363696843E-08
5.29402363696843E-08
5.29402363696843E-08
5.29402363696843E-08
5.29402363696843E-08
5.29402363696843E-08
5.29402363696843E-08
5.29402363696843E-08
5.29402363696843E-08
5.29402363696843E-08
5.29402363696843E-08
5.29402363696843E-08
5.29402363696843E-08
5.29402363696843E-08
5.29402363696843E-08
5.29402363696843E-08
5.29402363696843E-08
5.29402363696843E-08
5.29402363696843E-08
5.29402363696843E-08
5.29402363696843E-08
5.29402363696843E-08
5.29402363696843E-08
5.29402363696843E-08
5.29402363696843E-08
5.29402363696843E-08
5.29402363696843E-08
5.29402363696843E-08
5.29402363696843E-08
5.29402363696843E-08
5.29402363696843E-08
5.29402363696843E-08
5.29402363696843E-08
5.29402363696843E-08
5.29402363696843E-08
5.29402363696843E-08
5.29402363696843E-08
5.29402363696843E-08
5.29402363696843E-08
5.29402363696843E-08
5.29402363696843E-08
5.29402363696843E-08
5.29402363696843E-08
4.8206624789941E-08
4.8206624789941E-08
4.8206624789941E-08
4.8206624789941E-08
4.8206624789941E-08
4.35217473570689E-08
4.35217473570689E-08
4.35217473570689E-08
4.35217473570689E-08
4.35217473570689E-08
4.35217473570689E-08
4.35217473570689E-08
4.35217473570689E-08
4.35217473570689E-08
4.35217473570689E-08
4.35217473570689E-08
4.35217473570689E-08
4.35217473570689E-08
4.35217473570689E-08
4.35217473570689E-08
4.35217473570689E-08
4.35217473570689E-08
4.35217473570689E-08
4.35217473570689E-08
4.35217473570689E-08
4.35217473570689E-08
4.35217473570689E-08
4.35217473570689E-08
4.34484055441221E-08
4.34484055441221E-08
4.34484055441221E-08
4.34484055441221E-08
4.34484055441221E-08
4.34484055441221E-08
4.34484055441221E-08
3.8853891523172E-08
3.8853891523172E-08
3.8853891523172E-08
3.8853891523172E-08
3.75477016800279E-08
2.05649149926779E-08
2.05649149926779E-08
2.05649149926779E-08
1.79997204658036E-08
1.79997204658036E-08
1.79997204658036E-08
1.79997204658036E-08
1.79997204658036E-08
1.79997204658036E-08
1.79997204658036E-08
1.79997204658036E-08
1.79997204658036E-08
1.79997204658036E-08
1.79997204658036E-08
1.4396325706181E-08
1.4396325706181E-08
1.4396325706181E-08
1.4396325706181E-08
1.4396325706181E-08
1.4396325706181E-08
1.4396325706181E-08
1.4396325706181E-08
1.4396325706181E-08
1.4396325706181E-08
1.2094269529522E-08
1.2094269529522E-08
1.2094269529522E-08
1.2094269529522E-08
1.2094269529522E-08
1.2094269529522E-08
1.2094269529522E-08
1.2094269529522E-08
1.2094269529522E-08
1.2094269529522E-08
1.2094269529522E-08
1.2094269529522E-08
1.2094269529522E-08
1.2094269529522E-08
1.2094269529522E-08
1.2094269529522E-08
1.2094269529522E-08
4.31490402388156E-09
4.31490402388156E-09
4.31490402388156E-09
4.31490402388156E-09
4.31490402388156E-09
4.31490402388156E-09
4.31490402388156E-09
4.31490402388156E-09
4.31490402388156E-09
4.31490402388156E-09
4.31490402388156E-09
4.31490402388156E-09
4.31490402388156E-09
4.31490402388156E-09
4.31490402388156E-09
3.42410280451853E-09
3.42410280451853E-09
3.42410280451853E-09
3.42410280451853E-09
3.42410280451853E-09
3.42410280451853E-09
3.42410280451853E-09
3.42410280451853E-09
3.42410280451853E-09
3.42410280451853E-09
3.42410280451853E-09
3.42410280451853E-09
3.42410280451853E-09
3.42410280451853E-09
3.42410280451853E-09
3.42410280451853E-09
3.42410280451853E-09
3.42410280451853E-09
3.42410280451853E-09
3.42410280451853E-09
9.80680470941713E-10
9.80680470941713E-10
9.80680470941713E-10
9.80680470941713E-10
9.80680470941713E-10
9.80680470941713E-10
9.80680470941713E-10
9.80680470941713E-10
9.80680470941713E-10
9.80680470941713E-10
9.80680470941713E-10
9.80680470941713E-10
9.80680470941713E-10
9.80680470941713E-10
9.80680470941713E-10
9.80680470941713E-10
9.80680470941713E-10
9.80680470941713E-10
9.80680470941713E-10
9.14860197214808E-10
9.14860197214808E-10
9.14860197214808E-10
9.14860197214808E-10
8.01117387957228E-10
8.01117387957228E-10
8.01117387957228E-10
8.01117387957228E-10
8.01117387957228E-10
8.01117387957228E-10
8.01117387957228E-10
8.01117387957228E-10
8.01117387957228E-10
8.01117387957228E-10
8.01117387957228E-10
8.01117387957228E-10
8.01117387957228E-10
8.01117387957228E-10
8.01117387957228E-10
8.01117387957228E-10
8.01117387957228E-10
8.01117387957228E-10
8.01117387957228E-10
8.01117387957228E-10
8.01117387957228E-10
8.01117387957228E-10
8.01117387957228E-10
8.01117387957228E-10
8.01117387957228E-10
8.01117387957228E-10
8.01117387957228E-10
8.01117387957228E-10
8.01117387957228E-10
8.01117387957228E-10
8.01117387957228E-10
8.01117387957228E-10
8.01117387957228E-10
8.01117387957228E-10
8.01117387957228E-10
8.01117387957228E-10
8.01117387957228E-10
8.01117387957228E-10
8.01117387957228E-10
8.01117387957228E-10
8.01117387957228E-10
8.01117387957228E-10
8.01117387957228E-10
8.01117387957228E-10
8.01117387957228E-10
8.01117387957228E-10
8.01117387957228E-10
8.01117387957228E-10
8.01117387957228E-10
5.57621872063949E-10
5.57621872063949E-10
5.57621872063949E-10
5.57621872063949E-10
5.57621872063949E-10
5.57621872063949E-10
5.57621872063949E-10
5.57621872063949E-10
5.57621872063949E-10
5.57621872063949E-10
5.57621872063949E-10
5.57621872063949E-10
5.57621872063949E-10

