0.0209108447032016
0.0209108447032016
0.0201415491129161
0.0201415491129161
0.0201415491129161
0.0171201020098718
0.0138290855179622
0.0111003759656796
0.0107981583923679
0.00794354881871839
0.00489698159296381
0.00489698159296381
0.00489698159296381
0.00489698159296381
0.00489698159296381
0.00489698159296381
0.00400433522978427
0.00275219052124953
0.000407360129799028
0.000407360129799028
0.000407360129799028
0.000407360129799028
0.000373853804413127
0.000366103721202937
0.000366103721202937
0.000304476770946915
0.000267615083195394
0.000267615083195394
0.00022881718592993
0.000227499166664757
0.000227499166664757
0.000227499166664757
0.000227499166664757
0.000131001554460441
0.000131001554460441
0.000113482550502364
0.000113308936115497
0.000107820130697101
0.000107820130697101
9.25204703833282E-05
9.25204703833282E-05
7.81770540971838E-05
5.74949202791775E-05
5.74949202791775E-05
5.74949202791775E-05
1.71838236000532E-05
1.71838236000532E-05
1.71838236000532E-05
1.09188287577E-05
1.09188287577E-05
1.09188287577E-05
1.09188287577E-05
1.09188287577E-05
1.09188287577E-05
9.20454149921923E-06
9.20454149921923E-06
9.20454149921923E-06
9.20454149921923E-06
9.20454149921923E-06
9.20454149921923E-06
9.20454149921923E-06
9.20454149921923E-06
9.20454149921923E-06
9.20454149921923E-06
9.20454149921923E-06
9.20454149921923E-06
9.20454149921923E-06
9.20454149921923E-06
9.20454149921923E-06
9.20454149921923E-06
9.20454149921923E-06
9.20454149921923E-06
8.75159240476542E-06
8.75159240476542E-06
8.75159240476542E-06
8.75159240476542E-06
8.75159240476542E-06
8.75159240476542E-06
8.75159240476542E-06
8.75159240476542E-06
8.75159240476542E-06
7.95007259579705E-06
7.95007259579705E-06
7.95007259579705E-06
7.46171923282635E-06
5.1336992163975E-06
5.1336992163975E-06
2.76410600474897E-06
2.76410600474897E-06
2.76410600474897E-06
2.76410600474897E-06
2.76410600474897E-06
2.76410600474897E-06
2.76410600474897E-06
2.76410600474897E-06
2.00676663719701E-06
1.83565275846398E-06
1.83565275846398E-06
1.69243462211366E-06
1.69243462211366E-06
1.69243462211366E-06
1.12084229819676E-06
1.12084229819676E-06
1.12084229819676E-06
2.21231203023642E-07
2.21231203023642E-07
2.21231203023642E-07
2.21231203023642E-07
2.21231203023642E-07
2.21231203023642E-07
2.21231203023642E-07
2.21231203023642E-07
2.21231203023642E-07
2.21231203023642E-07
2.21231203023642E-07
2.21231203023642E-07
2.21231203023642E-07
2.21231203023642E-07
2.21231203023642E-07
2.21231203023642E-07
2.21231203023642E-07
2.21231203023642E-07
2.21231203023642E-07
2.21231203023642E-07
2.21231203023642E-07
2.21231203023642E-07
2.21231203023642E-07
2.21231203023642E-07
2.21231203023642E-07
2.21231203023642E-07
2.21231203023642E-07
2.21231203023642E-07
2.21231203023642E-07
2.21231203023642E-07
2.21231203023642E-07
2.21231203023642E-07
2.21231203023642E-07
2.21231203023642E-07
2.21231203023642E-07
2.21231203023642E-07
2.21231203023642E-07
2.21231203023642E-07
2.21231203023642E-07
2.21231203023642E-07
2.21231203023642E-07
2.21231203023642E-07
2.21231203023642E-07
2.21231203023642E-07
2.21231203023642E-07
1.79770622166231E-07
1.79770622166231E-07
1.79770622166231E-07
1.79770622166231E-07
1.79770622166231E-07
1.79770622166231E-07
1.79770622166231E-07
1.79770622166231E-07
1.79770622166231E-07
1.79770622166231E-07
1.79770622166231E-07
1.79770622166231E-07
1.79770622166231E-07
1.79770622166231E-07
1.79770622166231E-07
1.79770622166231E-07
1.79770622166231E-07
1.79770622166231E-07
1.79770622166231E-07
1.79770622166231E-07
1.79770622166231E-07
1.79770622166231E-07
1.59167576563313E-07
1.59167576563313E-07
1.59167576563313E-07
1.59167576563313E-07
1.59167576563313E-07
1.59167576563313E-07
1.59167576563313E-07
1.59167576563313E-07
1.59167576563313E-07
1.59167576563313E-07
1.59167576563313E-07
1.59167576563313E-07
1.59167576563313E-07
1.59167576563313E-07
1.59167576563313E-07
1.59167576563313E-07
1.59167576563313E-07
1.59167576563313E-07
1.59167576563313E-07
1.59167576563313E-07
1.59167576563313E-07
1.59167576563313E-07
1.59167576563313E-07
1.59167576563313E-07
1.59167576563313E-07
1.59167576563313E-07
1.59167576563313E-07
1.59167576563313E-07
1.59167576563313E-07
1.59167576563313E-07
7.72600586840255E-08
7.72600586840255E-08
7.72600586840255E-08
7.72600586840255E-08
7.72600586840255E-08
7.72600586840255E-08
7.51033736312579E-08
7.51033736312579E-08
7.51033736312579E-08
7.51033736312579E-08
7.51033736312579E-08
7.51033736312579E-08
5.28477090977475E-08
5.28477090977475E-08
5.28477090977475E-08
5.28477090977475E-08
5.28477090977475E-08
5.28477090977475E-08
5.28477090977475E-08
5.28477090977475E-08
5.28477090977475E-08
5.28477090977475E-08
5.28477090977475E-08
5.28477090977475E-08
5.28477090977475E-08
5.28477090977475E-08
5.28477090977475E-08
5.28477090977475E-08
5.28477090977475E-08
5.28477090977475E-08
5.28477090977475E-08
5.28477090977475E-08
5.28477090977475E-08
5.28477090977475E-08
5.28477090977475E-08
5.28477090977475E-08
5.28477090977475E-08
5.28477090977475E-08
5.28477090977475E-08
5.28477090977475E-08
5.28477090977475E-08
5.28477090977475E-08
5.28477090977475E-08
5.28477090977475E-08
5.28477090977475E-08
5.28477090977475E-08
5.28477090977475E-08
5.28477090977475E-08
5.28477090977475E-08
5.28477090977475E-08
5.28477090977475E-08
5.28477090977475E-08
5.28477090977475E-08
2.52853061821767E-08
2.52853061821767E-08
2.52853061821767E-08
2.52853061821767E-08
1.81244999009067E-08
1.81244999009067E-08
1.81244999009067E-08
1.81244999009067E-08
1.81244999009067E-08
1.59921964559828E-08
1.59921964559828E-08
1.59921964559828E-08
1.59921964559828E-08
1.59921964559828E-08
1.59921964559828E-08
1.59921964559828E-08
1.59921964559828E-08
1.59921964559828E-08
1.59921964559828E-08
1.59921964559828E-08
1.59921964559828E-08
1.59921964559828E-08
1.59921964559828E-08
1.59921964559828E-08
1.59921964559828E-08
1.59921964559828E-08
1.59921964559828E-08
1.59921964559828E-08
1.59921964559828E-08
1.59921964559828E-08
1.59921964559828E-08
1.59921964559828E-08
1.59921964559828E-08
1.59921964559828E-08
1.59921964559828E-08
1.59921964559828E-08
1.59921964559828E-08
1.59921964559828E-08
1.59921964559828E-08
1.59921964559828E-08
1.59921964559828E-08
1.59921964559828E-08
1.59921964559828E-08
1.59921964559828E-08
1.59921964559828E-08
1.59921964559828E-08
1.24468726436788E-08
1.24468726436788E-08
2.77462364195458E-09
2.77462364195458E-09
2.77462364195458E-09
2.77462364195458E-09
2.77462364195458E-09
2.77462364195458E-09
2.77462364195458E-09
2.77462364195458E-09
2.77462364195458E-09
2.77462364195458E-09
2.77462364195458E-09
2.77462364195458E-09
2.77462364195458E-09
2.77462364195458E-09
2.77462364195458E-09
2.77462364195458E-09
2.77462364195458E-09
2.77462364195458E-09
2.77462364195458E-09
2.77462364195458E-09
2.77462364195458E-09
2.77462364195458E-09
2.77462364195458E-09
2.77462364195458E-09
2.77462364195458E-09
2.77462364195458E-09
2.77462364195458E-09
2.77462364195458E-09
2.77462364195458E-09
2.77462364195458E-09
2.77462364195458E-09
2.77462364195458E-09
2.77462364195458E-09
2.77462364195458E-09
2.77462364195458E-09
2.77462364195458E-09
2.77462364195458E-09
2.77462364195458E-09
2.77462364195458E-09
2.77462364195458E-09
2.77462364195458E-09
2.77462364195458E-09
2.77462364195458E-09
2.77462364195458E-09
2.77462364195458E-09
2.77462364195458E-09
2.77462364195458E-09
2.77462364195458E-09
2.77462364195458E-09
2.77462364195458E-09
2.77462364195458E-09
2.77462364195458E-09
2.77462364195458E-09
2.77462364195458E-09
2.77462364195458E-09
2.77462364195458E-09
2.77462364195458E-09
2.77462364195458E-09
2.77462364195458E-09
2.77462364195458E-09
2.77462364195458E-09
2.77462364195458E-09
2.77462364195458E-09
2.77462364195458E-09
2.77462364195458E-09
2.77462364195458E-09
2.77462364195458E-09
2.77462364195458E-09
2.77462364195458E-09
2.77462364195458E-09
2.77462364195458E-09
2.77462364195458E-09
2.77462364195458E-09
2.77462364195458E-09
2.77462364195458E-09
2.67460231739847E-09
2.67460231739847E-09
2.67460231739847E-09
2.67460231739847E-09
2.67460231739847E-09
2.67460231739847E-09
2.67460231739847E-09
2.67460231739847E-09
2.67460231739847E-09
2.67460231739847E-09
2.67460231739847E-09
2.67460231739847E-09
2.67460231739847E-09
2.67460231739847E-09
2.67460231739847E-09
2.67460231739847E-09
2.67460231739847E-09
2.67460231739847E-09
2.59350174669493E-09
2.59350174669493E-09
2.59350174669493E-09
2.59350174669493E-09
2.59350174669493E-09
2.59350174669493E-09
2.59350174669493E-09
1.09482944932182E-09
1.09482944932182E-09
1.09482944932182E-09
1.09482944932182E-09
1.09482944932182E-09
1.09482944932182E-09
1.09482944932182E-09
1.09482944932182E-09
1.09482944932182E-09
1.09482944932182E-09
1.09482944932182E-09
1.09482944932182E-09
1.09482944932182E-09
1.09482944932182E-09
1.09482944932182E-09
1.09482944932182E-09
1.09482944932182E-09
1.09482944932182E-09
1.09482944932182E-09
8.59418869403328E-10
8.59418869403328E-10
8.59418869403328E-10
8.59418869403328E-10
8.59418869403328E-10
8.59418869403328E-10
8.59418869403328E-10
8.59418869403328E-10
8.59418869403328E-10
8.59418869403328E-10
8.59418869403328E-10
8.59418869403328E-10
8.59418869403328E-10
8.59418869403328E-10
8.59418869403328E-10
8.59418869403328E-10
8.59418869403328E-10
8.59418869403328E-10
8.59418869403328E-10
8.59418869403328E-10
8.59418869403328E-10
8.59418869403328E-10
8.59418869403328E-10
8.59418869403328E-10
8.59418869403328E-10
8.59418869403328E-10
8.59418869403328E-10
8.59418869403328E-10
8.59418869403328E-10
8.59418869403328E-10
8.59418869403328E-10
8.59418869403328E-10
8.59418869403328E-10
8.59418869403328E-10
8.59418869403328E-10
8.59418869403328E-10
8.59418869403328E-10
8.59418869403328E-10
8.59418869403328E-10
8.59418869403328E-10
8.59418869403328E-10
8.59418869403328E-10
8.59418869403328E-10
8.59418869403328E-10
8.59418869403328E-10
8.59418869403328E-10
8.59418869403328E-10
8.59418869403328E-10
8.59418869403328E-10
8.59418869403328E-10
8.59418869403328E-10
8.59418869403328E-10
8.59418869403328E-10
8.59418869403328E-10
8.59418869403328E-10
8.59418869403328E-10
8.59418869403328E-10
8.59418869403328E-10
8.59418869403328E-10
8.59418869403328E-10
8.59418869403328E-10
8.59418869403328E-10
8.59418869403328E-10
8.59418869403328E-10
8.59418869403328E-10
5.06732988903025E-10
5.06732988903025E-10
5.06732988903025E-10
5.06732988903025E-10
5.06732988903025E-10
5.06732988903025E-10
5.06732988903025E-10
5.06732988903025E-10
5.06732988903025E-10
5.06732988903025E-10
5.06732988903025E-10
5.06732988903025E-10
5.06732988903025E-10
5.06732988903025E-10

