0.140857397248931
0.0815995292722003
0.0334823458740272
0.0291493535813961
0.0291493535813961
0.028057218780473
0.028057218780473
0.00742185331822642
0.00742185331822642
0.00407913955323336
0.00404527659679532
0.00404527659679532
0.00400315999814971
0.00363812061835789
0.00277723964592524
0.00257502917937102
0.00215615799165081
0.00215615799165081
0.00159644962046224
0.00159191563836947
0.00100278457848035
0.000190633580458677
0.000190633580458677
0.000190633580458677
0.000179218600565245
0.000179218600565245
0.000151571362543512
0.000109822702633156
0.000109822702633156
7.91217875953931E-05
7.91217875953931E-05
7.91217875953931E-05
7.91217875953931E-05
7.91217875953931E-05
7.80691241045739E-05
7.80691241045739E-05
7.16772016906564E-05
7.16772016906564E-05
7.16772016906564E-05
6.0312198181256E-05
6.0312198181256E-05
6.0312198181256E-05
5.33580375612353E-05
4.16939581914244E-05
3.64992131659525E-05
3.64992131659525E-05
3.16607231221067E-05
2.67826130300186E-05
2.67826130300186E-05
1.40068261329507E-05
1.40068261329507E-05
1.40068261329507E-05
1.40068261329507E-05
1.40068261329507E-05
1.40068261329507E-05
4.15759453697984E-06
4.15759453697984E-06
4.15759453697984E-06
4.15759453697984E-06
1.1545414750902E-06
1.1545414750902E-06
1.1545414750902E-06
1.1545414750902E-06
1.1545414750902E-06
1.1545414750902E-06
1.1545414750902E-06
2.17852810679986E-07
2.17852810679986E-07
2.17852810679986E-07
2.17852810679986E-07
2.17852810679986E-07
2.17852810679986E-07
2.17852810679986E-07
2.17852810679986E-07
2.17852810679986E-07
2.17852810679986E-07
2.17852810679986E-07
2.17852810679986E-07
2.17852810679986E-07
2.17852810679986E-07
2.17852810679986E-07
2.17852810679986E-07
2.17852810679986E-07
2.17852810679986E-07
2.17852810679986E-07
2.17852810679986E-07
2.17852810679986E-07
2.17852810679986E-07
2.17852810679986E-07
2.17852810679986E-07
2.17852810679986E-07
2.17852810679986E-07
1.97528164824767E-07
1.97528164824767E-07
1.97528164824767E-07
1.97528164824767E-07
1.97528164824767E-07
1.97528164824767E-07
1.97528164824767E-07
1.97528164824767E-07
1.97528164824767E-07
1.97528164824767E-07
1.97528164824767E-07
1.97528164824767E-07
1.97528164824767E-07
1.97528164824767E-07
1.97528164824767E-07
1.97528164824767E-07
1.97528164824767E-07
1.97528164824767E-07
1.97528164824767E-07
1.97528164824767E-07
1.97528164824767E-07
1.97528164824767E-07
1.97528164824767E-07
1.97528164824767E-07
1.97528164824767E-07
1.97528164824767E-07
1.45918235383569E-07
1.45918235383569E-07
1.45918235383569E-07
1.45918235383569E-07
1.45918235383569E-07
1.45918235383569E-07
1.45918235383569E-07
1.45918235383569E-07
1.45918235383569E-07
1.45918235383569E-07
1.45918235383569E-07
1.45918235383569E-07
1.45918235383569E-07
1.45918235383569E-07
1.45918235383569E-07
1.45918235383569E-07
1.45918235383569E-07
1.45918235383569E-07
1.45918235383569E-07
1.45918235383569E-07
1.24038340598709E-07
1.24038340598709E-07
1.24038340598709E-07
1.24038340598709E-07
1.24038340598709E-07
1.24038340598709E-07
1.03450792821036E-07
1.03450792821036E-07
1.03450792821036E-07
1.03450792821036E-07
1.03450792821036E-07
3.73551510834957E-08
3.73551510834957E-08
3.73551510834957E-08
3.73551510834957E-08
3.73551510834957E-08
3.73551510834957E-08
3.73551510834957E-08
3.73551510834957E-08
3.73551510834957E-08
3.73551510834957E-08
3.73551510834957E-08
3.73551510834957E-08
3.73551510834957E-08
3.73551510834957E-08
3.73551510834957E-08
3.73551510834957E-08
3.73551510834957E-08
3.73551510834957E-08
3.73551510834957E-08
3.73551510834957E-08
3.73551510834957E-08
3.73551510834957E-08
3.73551510834957E-08
3.73551510834957E-08
3.73551510834957E-08
3.73551510834957E-08
3.73551510834957E-08
3.73551510834957E-08
3.73551510834957E-08
3.73551510834957E-08
3.73551510834957E-08
3.73551510834957E-08
3.73551510834957E-08
3.73551510834957E-08
3.73551510834957E-08
3.73551510834957E-08
3.73551510834957E-08
3.73551510834957E-08
3.73551510834957E-08
3.73551510834957E-08
3.73551510834957E-08
3.73551510834957E-08
3.73551510834957E-08
3.73551510834957E-08
3.73551510834957E-08
3.73551510834957E-08
3.73551510834957E-08
3.73551510834957E-08
3.73551510834957E-08
3.73551510834957E-08
3.73551510834957E-08
3.73551510834957E-08
3.73551510834957E-08
3.73551510834957E-08
3.73551510834957E-08
3.73551510834957E-08
3.73551510834957E-08
3.73551510834957E-08
3.73551510834957E-08
3.73551510834957E-08
3.73551510834957E-08
3.73551510834957E-08
3.73551510834957E-08
3.73551510834957E-08
3.73551510834957E-08
3.73551510834957E-08
3.73551510834957E-08
3.73551510834957E-08
3.73551510834957E-08
3.73551510834957E-08
3.73551510834957E-08
3.56183228467089E-08
3.56183228467089E-08
3.56183228467089E-08
3.56183228467089E-08
3.56183228467089E-08
3.56183228467089E-08
3.56183228467089E-08
3.56183228467089E-08
3.56183228467089E-08
3.56183228467089E-08
3.56183228467089E-08
3.56183228467089E-08
3.56183228467089E-08
1.39422579037429E-08
1.39422579037429E-08
1.39422579037429E-08
1.39422579037429E-08
1.39422579037429E-08
1.39422579037429E-08
1.39422579037429E-08
1.39422579037429E-08
1.39422579037429E-08
1.39422579037429E-08
1.39422579037429E-08
1.39422579037429E-08
1.39422579037429E-08
1.39422579037429E-08
1.39422579037429E-08
1.39422579037429E-08
1.39422579037429E-08
1.39422579037429E-08
1.39422579037429E-08
1.39422579037429E-08
1.39422579037429E-08
1.39422579037429E-08
1.39422579037429E-08
1.39422579037429E-08
1.39422579037429E-08
1.39422579037429E-08
1.39422579037429E-08
1.39422579037429E-08
1.39422579037429E-08
1.39422579037429E-08
1.39422579037429E-08
1.39422579037429E-08
1.39422579037429E-08
1.39422579037429E-08
1.39422579037429E-08
1.39422579037429E-08
1.39422579037429E-08
1.39422579037429E-08
1.39422579037429E-08
1.17945548883114E-08
1.17945548883114E-08
1.17945548883114E-08
1.17945548883114E-08
1.17945548883114E-08
1.17945548883114E-08
1.17945548883114E-08
1.17945548883114E-08
1.17945548883114E-08
1.17945548883114E-08
1.17945548883114E-08
1.17945548883114E-08
1.17945548883114E-08
1.17945548883114E-08
1.17945548883114E-08
1.17945548883114E-08
1.17945548883114E-08
1.17945548883114E-08
1.17945548883114E-08
1.17945548883114E-08
1.17945548883114E-08
1.17945548883114E-08
7.1207739704704E-09
7.1207739704704E-09
7.1207739704704E-09
7.1207739704704E-09
7.1207739704704E-09
7.1207739704704E-09
7.1207739704704E-09
7.1207739704704E-09
7.1207739704704E-09
7.1207739704704E-09
3.40352146466216E-09
3.02383851291665E-09
3.02383851291665E-09
3.02383851291665E-09
3.02383851291665E-09
3.02383851291665E-09
3.02383851291665E-09
3.02383851291665E-09
3.02383851291665E-09
3.02383851291665E-09
3.02383851291665E-09
3.02383851291665E-09
3.02383851291665E-09
3.02383851291665E-09
3.02383851291665E-09
3.02383851291665E-09
3.02383851291665E-09
3.02383851291665E-09
3.02383851291665E-09
3.02383851291665E-09
3.02383851291665E-09
3.02383851291665E-09
3.02383851291665E-09
3.02383851291665E-09
3.02383851291665E-09
3.02383851291665E-09
1.30948885068705E-09
1.30948885068705E-09
1.30948885068705E-09
1.30948885068705E-09
1.30948885068705E-09
1.30948885068705E-09
1.30948885068705E-09
1.30948885068705E-09
1.30948885068705E-09
1.30948885068705E-09
1.30948885068705E-09
8.53374038101151E-10
8.53374038101151E-10
8.53374038101151E-10
8.53374038101151E-10
8.53374038101151E-10
8.53374038101151E-10
8.53374038101151E-10
8.53374038101151E-10
8.53374038101151E-10
8.53374038101151E-10
8.53374038101151E-10
8.53374038101151E-10
8.53374038101151E-10
7.72062636045234E-10
7.72062636045234E-10
7.72062636045234E-10
7.72062636045234E-10
7.72062636045234E-10
7.72062636045234E-10
7.72062636045234E-10
7.72062636045234E-10
7.72062636045234E-10
7.72062636045234E-10
7.72062636045234E-10
7.72062636045234E-10
7.72062636045234E-10
7.72062636045234E-10
7.72062636045234E-10
7.72062636045234E-10
7.72062636045234E-10
7.72062636045234E-10
7.72062636045234E-10
7.72062636045234E-10
7.72062636045234E-10
7.72062636045234E-10
7.72062636045234E-10
7.72062636045234E-10
7.72062636045234E-10
7.72062636045234E-10
7.72062636045234E-10
7.72062636045234E-10
7.72062636045234E-10
7.72062636045234E-10
7.72062636045234E-10
7.72062636045234E-10
7.72062636045234E-10
7.72062636045234E-10
7.72062636045234E-10
7.72062636045234E-10
7.72062636045234E-10
7.72062636045234E-10
7.72062636045234E-10
7.72062636045234E-10
7.72062636045234E-10
7.72062636045234E-10
7.72062636045234E-10
7.72062636045234E-10
7.72062636045234E-10
7.72062636045234E-10
7.72062636045234E-10
7.72062636045234E-10
7.72062636045234E-10
7.72062636045234E-10
1.95169103101023E-10
1.95169103101023E-10
1.95169103101023E-10
1.95169103101023E-10
1.95169103101023E-10
1.95169103101023E-10
1.95169103101023E-10
1.95169103101023E-10
1.95169103101023E-10
1.95169103101023E-10
1.95169103101023E-10
1.95169103101023E-10
1.95169103101023E-10
1.95169103101023E-10
1.95169103101023E-10
1.95169103101023E-10
1.95169103101023E-10
1.95169103101023E-10
1.95169103101023E-10
1.95169103101023E-10
1.95169103101023E-10
1.95169103101023E-10
1.95169103101023E-10
1.95169103101023E-10
1.95169103101023E-10
1.95169103101023E-10
1.95169103101023E-10
1.95169103101023E-10
1.95169103101023E-10
1.95169103101023E-10
1.95169103101023E-10
1.95169103101023E-10
1.95169103101023E-10
1.95169103101023E-10
1.95169103101023E-10
1.95169103101023E-10
1.95169103101023E-10
1.95169103101023E-10
1.95169103101023E-10
1.95169103101023E-10
1.95169103101023E-10
1.95169103101023E-10
1.95169103101023E-10
1.95169103101023E-10
1.95169103101023E-10
1.95169103101023E-10
1.95169103101023E-10
1.95169103101023E-10
1.95169103101023E-10
1.95169103101023E-10
1.95169103101023E-10
1.95169103101023E-10
1.95169103101023E-10
1.95169103101023E-10
1.95169103101023E-10
1.95169103101023E-10
1.95169103101023E-10
1.95169103101023E-10
1.95169103101023E-10
1.95169103101023E-10
1.95169103101023E-10
1.95169103101023E-10
1.95169103101023E-10
1.95169103101023E-10
1.95169103101023E-10
1.95169103101023E-10
1.95169103101023E-10
1.69324110288471E-10
1.69324110288471E-10
1.69324110288471E-10
1.69324110288471E-10
1.69324110288471E-10
1.69324110288471E-10
1.69324110288471E-10
1.69324110288471E-10
1.69324110288471E-10
1.69324110288471E-10
1.69324110288471E-10
1.69324110288471E-10
2.57839305461971E-11
2.57839305461971E-11
2.57839305461971E-11
2.57839305461971E-11
2.57839305461971E-11
2.57839305461971E-11
2.57839305461971E-11
2.57839305461971E-11
2.57839305461971E-11
2.57839305461971E-11
2.57839305461971E-11
2.57839305461971E-11
2.57839305461971E-11
2.57839305461971E-11
2.57839305461971E-11
2.57839305461971E-11
2.57839305461971E-11

