0.116851616058803
0.116607775537154
0.107132775980303
0.0865494934730034
0.0464934958146128
0.0320892906305895
0.0319113354454668
0.0231955376089167
4.73169761139314E-05
2.28724864432817E-05
2.28724864432817E-05
2.28724864432817E-05
1.23163714995655E-05
1.15157136415522E-06
3.8470177299299E-07
1.34739785995208E-08
1.34739785995208E-08
1.00549568671227E-11
1.00549568671227E-11
9.06652530829888E-12
9.06652530829888E-12
9.06652530829888E-12
9.06652530829888E-12
9.06652530829888E-12
9.06652530829888E-12
9.06652530829888E-12
9.06652530829888E-12
9.06652530829888E-12
9.06652530829888E-12
9.06652530829888E-12
9.06652530829888E-12
6.26831919703363E-13
6.26831919703363E-13
2.6523228058295E-13
2.6523228058295E-13
1.21125331986605E-13
1.21125331986605E-13
1.21125331986605E-13
1.21125331986605E-13
1.21125331986605E-13
1.21125331986605E-13
1.21125331986605E-13
1.21125331986605E-13
2.08721928629529E-14
2.08721928629529E-14
2.08721928629529E-14
2.08721928629529E-14
2.08721928629529E-14
2.08721928629529E-14
2.08721928629529E-14
2.08721928629529E-14
2.08721928629529E-14
2.08721928629529E-14
2.08721928629529E-14
2.08721928629529E-14
2.08721928629529E-14
2.08721928629529E-14
2.08721928629529E-14
2.08721928629529E-14
2.08721928629529E-14
4.66293670342566E-15
4.66293670342566E-15
4.66293670342566E-15
4.66293670342566E-15
4.66293670342566E-15
4.66293670342566E-15
4.66293670342566E-15
4.66293670342566E-15
4.66293670342566E-15
4.66293670342566E-15
4.66293670342566E-15
4.66293670342566E-15
4.66293670342566E-15
4.66293670342566E-15
4.66293670342566E-15
4.66293670342566E-15
4.66293670342566E-15
4.66293670342566E-15
4.66293670342566E-15
4.66293670342566E-15
2.33146835171283E-15
2.33146835171283E-15
2.33146835171283E-15
2.33146835171283E-15
2.33146835171283E-15
2.33146835171283E-15
2.33146835171283E-15
2.33146835171283E-15
2.33146835171283E-15
1.22124532708767E-15
1.22124532708767E-15
1.22124532708767E-15
1.22124532708767E-15
1.22124532708767E-15
1.22124532708767E-15
1.22124532708767E-15
1.22124532708767E-15
1.22124532708767E-15
1.22124532708767E-15
1.22124532708767E-15
1.22124532708767E-15
1.22124532708767E-15
1.22124532708767E-15
1.22124532708767E-15
1.22124532708767E-15
1.22124532708767E-15
1.22124532708767E-15
1.22124532708767E-15
1.22124532708767E-15
1.22124532708767E-15
1.22124532708767E-15
1.22124532708767E-15
4.44089209850063E-16
4.44089209850063E-16
4.44089209850063E-16
4.44089209850063E-16
4.44089209850063E-16
4.44089209850063E-16
4.44089209850063E-16
4.44089209850063E-16
4.44089209850063E-16
4.44089209850063E-16
4.44089209850063E-16
4.44089209850063E-16
4.44089209850063E-16
4.44089209850063E-16
4.44089209850063E-16
4.44089209850063E-16
4.44089209850063E-16
4.44089209850063E-16
4.44089209850063E-16
4.44089209850063E-16
4.44089209850063E-16
4.44089209850063E-16
4.44089209850063E-16
4.44089209850063E-16
4.44089209850063E-16
4.44089209850063E-16
4.44089209850063E-16
4.44089209850063E-16
4.44089209850063E-16
4.44089209850063E-16
4.44089209850063E-16
4.44089209850063E-16
4.44089209850063E-16
4.44089209850063E-16
4.44089209850063E-16
4.44089209850063E-16
4.44089209850063E-16
4.44089209850063E-16
4.44089209850063E-16
4.44089209850063E-16
4.44089209850063E-16
4.44089209850063E-16
4.44089209850063E-16
4.44089209850063E-16
4.44089209850063E-16
4.44089209850063E-16
4.44089209850063E-16
4.44089209850063E-16
4.44089209850063E-16
4.44089209850063E-16
4.44089209850063E-16
4.44089209850063E-16
4.44089209850063E-16
4.44089209850063E-16
4.44089209850063E-16
4.44089209850063E-16
4.44089209850063E-16
4.44089209850063E-16
4.44089209850063E-16
4.44089209850063E-16
3.33066907387547E-16
3.33066907387547E-16
3.33066907387547E-16
3.33066907387547E-16
3.33066907387547E-16
3.33066907387547E-16
3.33066907387547E-16
3.33066907387547E-16
1.11022302462516E-16
0
0
0
0
0
0
0
0
0
0
0
0
0
0
0
0
0
0
0
0
0
0
0
0
0
0
0
0
0
0
0
0
0
0
0
0
0
0
0
0
0
0
0
0
0
0
0
0
0
0
0
0
0
0
0
0
0
0
0
0
0
0
0
0
0
0
0
0
0
0
0
0
0
0
0
0
0
0
0
0
0
0
0
0
0
0
0
0
0
0
0
0
0
0
0
0
0
0
0
0
0
0
0
0
0
0
0
0
0
0
0
0
0
0
0
0
0
0
0
0
0
0
0
0
0
0
0
0
0
0
0
0
0
0
0
0
0
0
0
0
0
0
0
0
0
0
0
0
0
0
0
0
0
0
0
0
0
0
0
0
0
0
0
0
0
0
0
0
0
0
0
0
0
0
0
0
0
0
0
0
0
0
0
0
0
0
0
0
0
0
0
0
0
0
0
0
0
0
0
0
0
0
0
0
0
0
0
0
0
0
0
0
0
0
0
0
0
0
0
0
0
0
0
0
0
0
0
0
0
0
0
0
0
0
0
0
0
0
0
0
0
0
0
0
0
0
0
0
0
0
0
0
0
0
0
0
0
0
0
0
0
0
0
0
0
0
0
0
0
0
0
0
0
0
0
0
0
0
0
0
0
0
0
0
0
0
0
0
0
0
0
0
0
0
0
0
0
0
0
0
0
0
0
0
0
0
0
0
0
0
0
0
0
0
0
0
0
0
0

