0.176130790801884
0.0665949475399921
0.0626431683137402
0.0383796794998978
0.0200089390274567
0.00299182714323532
0.00258121261683053
0.00258121261683053
0.00150015824064642
0.00033571671324617
0.00033568108366655
7.72419708756633E-05
5.71910643865081E-06
5.08351873451662E-06
3.4050980484146E-06
2.37307201278458E-06
1.25804467232538E-06
1.25804467232538E-06
1.25804467232538E-06
8.9423899440888E-07
8.80810481995731E-07
1.25483179402863E-10
7.45459249884561E-12
7.45459249884561E-12
7.45459249884561E-12
7.45459249884561E-12
3.34732241924485E-12
3.34732241924485E-12
3.34732241924485E-12
3.34732241924485E-12
5.87307980026708E-13
5.87307980026708E-13
2.23598917159507E-13
2.23598917159507E-13
2.23598917159507E-13
1.7430501486615E-13
1.7430501486615E-13
1.7430501486615E-13
1.7430501486615E-13
1.7430501486615E-13
1.7430501486615E-13
1.7430501486615E-13
1.7430501486615E-13
1.7430501486615E-13
1.7430501486615E-13
1.7430501486615E-13
1.7430501486615E-13
1.7430501486615E-13
1.7430501486615E-13
1.7430501486615E-13
1.7430501486615E-13
1.7430501486615E-13
1.43662859386495E-13
1.43662859386495E-13
1.43662859386495E-13
1.43662859386495E-13
1.43662859386495E-13
9.10382880192628E-14
9.10382880192628E-14
9.10382880192628E-14
9.10382880192628E-14
9.10382880192628E-14
8.1823436914874E-14
7.7715611723761E-16
7.7715611723761E-16
7.7715611723761E-16
7.7715611723761E-16
1.11022302462516E-16
1.11022302462516E-16
1.11022302462516E-16
1.11022302462516E-16
1.11022302462516E-16
1.11022302462516E-16
1.11022302462516E-16
1.11022302462516E-16
1.11022302462516E-16
1.11022302462516E-16
1.11022302462516E-16
1.11022302462516E-16
1.11022302462516E-16
1.11022302462516E-16
1.11022302462516E-16
1.11022302462516E-16
1.11022302462516E-16
1.11022302462516E-16
1.11022302462516E-16
1.11022302462516E-16
1.11022302462516E-16
1.11022302462516E-16
1.11022302462516E-16
1.11022302462516E-16
1.11022302462516E-16
1.11022302462516E-16
1.11022302462516E-16
1.11022302462516E-16
1.11022302462516E-16
1.11022302462516E-16
1.11022302462516E-16
1.11022302462516E-16
1.11022302462516E-16
1.11022302462516E-16
1.11022302462516E-16
1.11022302462516E-16
1.11022302462516E-16
1.11022302462516E-16
1.11022302462516E-16
1.11022302462516E-16
1.11022302462516E-16
0
0
0
0
0
0
0
0
0
0
0
0
0
0
0
0
0
0
0
0
0
0
0
0
0
0
0
0
0
0
0
0
0
0
0
0
0
0
0
0
0
0
0
0
0
0
0
0
0
0
0
0
0
0
0
0
0
0
0
0
0
0
0
0
0
0
0
0
0
0
0
0
0
0
0
0
0
0
0
0
0
0
0
0
0
0
0
0
0
0
0
0
0
0
0
0
0
0
0
0
0
0
0
0
0
0
0
0
0
0
0
0
0
0
0
0
0
0
0
0
0
0
0
0
0
0
0
0
0
0
0
0
0
0
0
0
0
0
0
0
0
0
0
0
0
0
0
0
0
0
0
0
0
0
0
0
0
0
0
0
0
0
0
0
0
0
0
0
0
0
0
0
0
0
0
0
0
0
0
0
0
0
0
0
0
0
0
0
0
0
0
0
0
0
0
0
0
0
0
0
0
0
0
0
0
0
0
0
0
0
0
0
0
0
0
0
0
0
0
0
0
0
0
0
0
0
0
0
0
0
0
0
0
0
0
0
0
0
0
0
0
0
0
0
0
0
0
0
0
0
0
0
0
0
0
0
0
0
0
0
0
0
0
0
0
0
0
0
0
0
0
0
0
0
0
0
0
0
0
0
0
0
0
0
0
0
0
0
0
0
0
0
0
0
0
0
0
0
0
0
0
0
0
0
0
0
0
0
0
0
0
0
0
0
0
0
0
0
0
0
0
0
0
0
0
0
0
0
0
0
0
0
0
0
0
0
0
0
0
0
0
0
0
0
0
0
0
0
0
0
0
0
0
0
0
0
0
0
0
0
0
0
0
0
0
0
0
0
0
0
0
0
0
0
0
0
0
0
0
0
0
0
0
0
0
0
0
0
0
0
0
0

