0.0293603407559276
0.0293603407559276
0.0157380493399647
0.0157380493399647
0.00895173567386898
0.00426719644517792
0.00426719644517792
0.00392183238762278
0.00392183238762278
0.00358803026376708
0.00357434835380988
0.00133431678989993
0.00132574671793062
0.00132573204867126
0.00132573204867126
0.000628595929817788
0.000444033653444031
0.000444033653444031
0.00037377343682321
0.000344656620799522
0.000148747386643944
0.000148747386643944
0.000148747386643944
0.000148747386643944
0.000148747386643944
0.000148747386643944
0.000148747386643944
0.000135168012557196
9.34941284889135E-05
7.35585771752811E-05
7.35585771752811E-05
7.24883384671804E-05
7.24883384671804E-05
6.50467702988378E-05
3.28146917092376E-05
3.28146917092376E-05
2.94232903483849E-05
2.94232903483849E-05
2.94232903483849E-05
2.94232903483849E-05
1.38779640941333E-05
1.38779640941333E-05
1.38779640941333E-05
1.38779640941333E-05
1.38779640941333E-05
1.38779640941333E-05
1.25531247645583E-05
1.25531247645583E-05
1.21739249581143E-05
1.21739249581143E-05
1.21739249581143E-05
1.21739249581143E-05
1.21739249581143E-05
1.21739249581143E-05
1.21739249581143E-05
1.21739249581143E-05
1.21739249581143E-05
1.21739249581143E-05
1.21739249581143E-05
1.12513790918589E-05
1.12513790918589E-05
1.12513790918589E-05
1.12513790918589E-05
1.12513790918589E-05
1.12513790918589E-05
1.09610250513814E-05
1.09610250513814E-05
1.06200826908154E-05
1.06200826908154E-05
1.06200826908154E-05
1.06200826908154E-05
3.09962691447119E-06
3.09962691447119E-06
3.09962691447119E-06
3.09962691447119E-06
3.09962691447119E-06
3.09962691447119E-06
3.09962691447119E-06
3.09962691447119E-06
3.09962691447119E-06
3.09962691447119E-06
3.09962691447119E-06
3.09962691447119E-06
3.09962691447119E-06
3.09962691447119E-06
3.09962691447119E-06
2.49403675889326E-06
2.01387926990204E-06
2.01387926990204E-06
2.01387926990204E-06
2.01387926990204E-06
2.01387926990204E-06
2.01387926990204E-06
2.01387926990204E-06
8.94134056128593E-07
8.94134056128593E-07
8.94134056128593E-07
8.94134056128593E-07
8.94134056128593E-07
8.94134056128593E-07
8.94134056128593E-07
2.61775533028086E-07
2.61775533028086E-07
2.61775533028086E-07
2.61775533028086E-07
2.61775533028086E-07
2.61775533028086E-07
2.61775533028086E-07
2.61775533028086E-07
2.61775533028086E-07
2.61775533028086E-07
2.61775533028086E-07
2.61775533028086E-07
2.61775533028086E-07
2.61775533028086E-07
2.61775533028086E-07
2.61775533028086E-07
2.61775533028086E-07
2.61775533028086E-07
2.15480091214637E-07
2.15480091214637E-07
2.15480091214637E-07
2.15480091214637E-07
2.15480091214637E-07
2.15480091214637E-07
2.15480091214637E-07
2.15480091214637E-07
2.15480091214637E-07
2.15480091214637E-07
2.15480091214637E-07
2.15480091214637E-07
2.15480091214637E-07
2.15480091214637E-07
2.15480091214637E-07
2.15480091214637E-07
2.15480091214637E-07
2.15480091214637E-07
2.15480091214637E-07
2.15480091214637E-07
2.15480091214637E-07
2.15480091214637E-07
2.15480091214637E-07
2.15480091214637E-07
2.15480091214637E-07
8.48162209354797E-08
8.48162209354797E-08
8.48162209354797E-08
8.48162209354797E-08
8.48162209354797E-08
8.48162209354797E-08
8.48162209354797E-08
8.48162209354797E-08
8.48162209354797E-08
8.48162209354797E-08
8.48162209354797E-08
8.48162209354797E-08
8.48162209354797E-08
8.48162209354797E-08
8.48162209354797E-08
8.48162209354797E-08
8.48162209354797E-08
8.48162209354797E-08
8.48162209354797E-08
8.48162209354797E-08
8.48162209354797E-08
8.48162209354797E-08
8.48162209354797E-08
8.48162209354797E-08
8.48162209354797E-08
8.48162209354797E-08
8.48162209354797E-08
8.48162209354797E-08
8.48162209354797E-08
8.48162209354797E-08
8.48162209354797E-08
8.48162209354797E-08
8.48162209354797E-08
8.48162209354797E-08
8.48162209354797E-08
8.48162209354797E-08
8.48162209354797E-08
8.48162209354797E-08
3.7772667327296E-08
3.7772667327296E-08
3.7772667327296E-08
3.7772667327296E-08
3.7772667327296E-08
3.7772667327296E-08
3.7772667327296E-08
3.7772667327296E-08
3.7772667327296E-08
3.7772667327296E-08
3.7772667327296E-08
3.7772667327296E-08
3.7772667327296E-08
2.67703954559551E-08
2.67703954559551E-08
2.67703954559551E-08
2.67703954559551E-08
2.67703954559551E-08
2.67703954559551E-08
2.67703954559551E-08
2.67703954559551E-08
2.67703954559551E-08
2.67703954559551E-08
2.67703954559551E-08
2.67703954559551E-08
2.67703954559551E-08
2.67703954559551E-08
2.67703954559551E-08
2.67703954559551E-08
2.67703954559551E-08
2.67703954559551E-08
2.67703954559551E-08
1.18435036222664E-08
1.18435036222664E-08
1.18435036222664E-08
1.10922416807213E-08
1.10922416807213E-08
1.10922416807213E-08
1.10922416807213E-08
1.10922416807213E-08
1.10922416807213E-08
1.10922416807213E-08
1.10922416807213E-08
1.10922416807213E-08
1.10922416807213E-08
1.10922416807213E-08
1.10922416807213E-08
1.10922416807213E-08
1.10922416807213E-08
1.10922416807213E-08
1.10922416807213E-08
1.10922416807213E-08
1.10922416807213E-08
1.10922416807213E-08
1.10922416807213E-08
1.10922416807213E-08
7.78195952122474E-09
7.78195952122474E-09
4.20491763630793E-09
4.20491763630793E-09
4.20491763630793E-09
4.20491763630793E-09
4.20491763630793E-09
4.20491763630793E-09
4.20491763630793E-09
4.20491763630793E-09
4.20491763630793E-09
4.20491763630793E-09
4.20491763630793E-09
4.20491763630793E-09
4.20491763630793E-09
4.20491763630793E-09
4.20491763630793E-09
4.20491763630793E-09
4.20491763630793E-09
4.20491763630793E-09
4.20491763630793E-09
4.20491763630793E-09
4.20491763630793E-09
4.20491763630793E-09
4.20491763630793E-09
4.20491763630793E-09
4.20491763630793E-09
4.20491763630793E-09
4.20491763630793E-09
4.20491763630793E-09
4.20491763630793E-09
4.20491763630793E-09
4.20491763630793E-09
4.20491763630793E-09
4.20491763630793E-09
4.20491763630793E-09
4.20491763630793E-09
4.20491763630793E-09
4.20491763630793E-09
4.20491763630793E-09
4.20491763630793E-09
4.20491763630793E-09
4.20491763630793E-09
4.20491763630793E-09
4.20491763630793E-09
4.20491763630793E-09
4.20491763630793E-09
4.20491763630793E-09
4.20491763630793E-09
4.20491763630793E-09
4.20491763630793E-09
4.20491763630793E-09
4.20491763630793E-09
4.20491763630793E-09
4.20491763630793E-09
4.20491763630793E-09
4.20491763630793E-09
4.20491763630793E-09
4.20491763630793E-09
4.20491763630793E-09
4.20491763630793E-09
4.20491763630793E-09
4.20491763630793E-09
4.20491763630793E-09
4.20491763630793E-09
4.20491763630793E-09
4.20491763630793E-09
4.20491763630793E-09
1.39544054089669E-09
1.39544054089669E-09
1.39544054089669E-09
1.39544054089669E-09
1.39544054089669E-09
1.39544054089669E-09
1.39544054089669E-09
1.39544054089669E-09
1.39544054089669E-09
1.39544054089669E-09
1.39544054089669E-09
1.39544054089669E-09
1.39544054089669E-09
1.39544054089669E-09
1.39544054089669E-09
1.39544054089669E-09
1.39544054089669E-09
1.39544054089669E-09
1.39544054089669E-09
1.39544054089669E-09
1.39544054089669E-09
1.39544054089669E-09
1.39544054089669E-09
1.39544054089669E-09
1.39544054089669E-09
1.39544054089669E-09
1.39544054089669E-09
1.39544054089669E-09
1.39544054089669E-09
1.39544054089669E-09
1.39544054089669E-09
1.39544054089669E-09
1.39544054089669E-09
1.39544054089669E-09
1.39544054089669E-09
1.39544054089669E-09
1.39544054089669E-09
1.39544054089669E-09
1.39544054089669E-09
1.39544054089669E-09
1.39544054089669E-09
1.39544054089669E-09
1.39544054089669E-09
1.39544054089669E-09
1.39544054089669E-09
1.39544054089669E-09
1.39544054089669E-09
1.39544054089669E-09
1.39544054089669E-09
1.39544054089669E-09
1.39544054089669E-09
1.39544054089669E-09
1.39544054089669E-09
1.39544054089669E-09
1.39544054089669E-09
1.39544054089669E-09
1.39544054089669E-09
1.39544054089669E-09
1.39544054089669E-09
1.39544054089669E-09
1.39544054089669E-09
1.39544054089669E-09
1.39544054089669E-09
1.21508147987726E-09
1.21508147987726E-09
1.21508147987726E-09
1.21508147987726E-09
1.21508147987726E-09
1.21508147987726E-09
1.21508147987726E-09
1.21508147987726E-09
1.14679132856566E-09
1.14679132856566E-09
1.14679132856566E-09
1.14679132856566E-09
1.14679132856566E-09
1.14679132856566E-09
1.14679132856566E-09
1.14679132856566E-09
1.14679132856566E-09
1.14679132856566E-09
1.14679132856566E-09
1.14679132856566E-09
1.14679132856566E-09
1.14679132856566E-09
1.14679132856566E-09
1.14679132856566E-09
1.14679132856566E-09
1.14679132856566E-09
1.14679132856566E-09
9.51208445343354E-10
9.51208445343354E-10
9.51208445343354E-10
9.51208445343354E-10
9.51208445343354E-10
9.51208445343354E-10
9.51208445343354E-10
9.51208445343354E-10
9.51208445343354E-10
9.51208445343354E-10
9.51208445343354E-10
9.51208445343354E-10
9.51208445343354E-10
9.51208445343354E-10
9.51208445343354E-10
9.51208445343354E-10
6.36614205795638E-10
6.36614205795638E-10
6.36614205795638E-10
6.36614205795638E-10
6.36614205795638E-10
6.36614205795638E-10
6.36614205795638E-10
6.36614205795638E-10
6.36614205795638E-10
6.36614205795638E-10
6.36614205795638E-10
6.36614205795638E-10
6.36614205795638E-10
6.36614205795638E-10
6.36614205795638E-10
6.36614205795638E-10
6.36614205795638E-10
6.36614205795638E-10
6.36614205795638E-10
4.93791896261087E-10
4.93791896261087E-10
4.93791896261087E-10
4.93791896261087E-10
4.93791896261087E-10
4.93791896261087E-10
4.93791896261087E-10
4.93791896261087E-10
4.93791896261087E-10
4.93791896261087E-10
4.93791896261087E-10
4.93791896261087E-10
4.93791896261087E-10
4.93791896261087E-10
4.93791896261087E-10
4.93791896261087E-10
4.93791896261087E-10
4.93791896261087E-10
4.93791896261087E-10
4.93791896261087E-10
4.93791896261087E-10
4.93791896261087E-10
4.93791896261087E-10
4.93791896261087E-10
4.93791896261087E-10
4.93791896261087E-10
4.93791896261087E-10
4.93791896261087E-10
4.93791896261087E-10
4.93791896261087E-10
4.93791896261087E-10
4.93791896261087E-10
4.93791896261087E-10
4.93791896261087E-10
4.93791896261087E-10
4.93791896261087E-10
4.93791896261087E-10
4.93791896261087E-10
4.93791896261087E-10
4.93791896261087E-10
4.93791896261087E-10
4.93791896261087E-10
4.93791896261087E-10
4.93791896261087E-10
8.54430970420594E-11
8.54430970420594E-11
8.54430970420594E-11
8.54430970420594E-11
8.54430970420594E-11
8.54430970420594E-11
8.54430970420594E-11
8.54430970420594E-11
8.54430970420594E-11
8.54430970420594E-11
8.54430970420594E-11
8.54430970420594E-11
8.54430970420594E-11
8.54430970420594E-11
8.54430970420594E-11
8.54430970420594E-11
8.54430970420594E-11
8.54430970420594E-11
8.54430970420594E-11
8.54430970420594E-11
8.54430970420594E-11
8.54430970420594E-11
8.54430970420594E-11
8.54430970420594E-11
8.54430970420594E-11

