0.178659858749446
0.178659858749446
0.0690904984179102
0.0549202535551321
0.0231246892769857
0.0231246892769857
0.023064084975885
0.023064084975885
0.0219847497974511
0.00159744906303672
0.00159744906303672
0.00159744906303672
0.000184477796324023
0.000175092718713077
0.000170099809903679
6.60040105049386E-06
6.29375114646891E-06
3.47063052119623E-06
3.47063052119623E-06
3.34940498170067E-06
5.65507385807962E-07
5.54293443699727E-07
2.62738322431844E-07
1.29550673078072E-07
3.00161517863273E-09
3.00161517863273E-09
2.70822708703378E-09
3.26264570915669E-11
3.26264570915669E-11
3.0102476067384E-11
3.0102476067384E-11
1.0325074129014E-14
1.0325074129014E-14
1.0325074129014E-14
1.0325074129014E-14
1.0325074129014E-14
1.0325074129014E-14
1.0325074129014E-14
1.0325074129014E-14
1.0325074129014E-14
1.0325074129014E-14
1.0325074129014E-14
1.0325074129014E-14
1.0325074129014E-14
1.0325074129014E-14
1.0325074129014E-14
1.0325074129014E-14
1.0325074129014E-14
1.0325074129014E-14
1.0325074129014E-14
1.0325074129014E-14
1.0325074129014E-14
1.0325074129014E-14
1.0325074129014E-14
1.0325074129014E-14
9.32587340685131E-15
2.1094237467878E-15
2.1094237467878E-15
2.1094237467878E-15
2.1094237467878E-15
2.1094237467878E-15
2.1094237467878E-15
2.1094237467878E-15
2.1094237467878E-15
2.1094237467878E-15
2.1094237467878E-15
2.1094237467878E-15
2.1094237467878E-15
2.1094237467878E-15
2.1094237467878E-15
2.1094237467878E-15
2.1094237467878E-15
2.1094237467878E-15
2.1094237467878E-15
2.1094237467878E-15
2.1094237467878E-15
2.1094237467878E-15
2.1094237467878E-15
2.1094237467878E-15
2.1094237467878E-15
2.1094237467878E-15
2.1094237467878E-15
2.1094237467878E-15
2.1094237467878E-15
2.1094237467878E-15
2.1094237467878E-15
2.1094237467878E-15
2.1094237467878E-15
2.1094237467878E-15
2.1094237467878E-15
2.1094237467878E-15
2.1094237467878E-15
2.1094237467878E-15
2.1094237467878E-15
2.1094237467878E-15
2.1094237467878E-15
2.1094237467878E-15
2.1094237467878E-15
2.1094237467878E-15
2.1094237467878E-15
2.1094237467878E-15
2.1094237467878E-15
2.1094237467878E-15
2.1094237467878E-15
2.1094237467878E-15
1.33226762955019E-15
0
0
0
0
0
0
0
0
0
0
0
0
0
0
0
0
0
0
0
0
0
0
0
0
0
0
0
0
0
0
0
0
0
0
0
0
0
0
0
0
0
0
0
0
0
0
0
0
0
0
0
0
0
0
0
0
0
0
0
0
0
0
0
0
0
0
0
0
0
0
0
0
0
0
0
0
0
0
0
0
0
0
0
0
0
0
0
0
0
0
0
0
0
0
0
0
0
0
0
0
0
0
0
0
0
0
0
0
0
0
0
0
0
0
0
0
0
0
0
0
0
0
0
0
0
0
0
0
0
0
0
0
0
0
0
0
0
0
0
0
0
0
0
0
0
0
0
0
0
0
0
0
0
0
0
0
0
0
0
0
0
0
0
0
0
0
0
0
0
0
0
0
0
0
0
0
0
0
0
0
0
0
0
0
0
0
0
0
0
0
0
0
0
0
0
0
0
0
0
0
0
0
0
0
0
0
0
0
0
0
0
0
0
0
0
0
0
0
0
0
0
0
0
0
0
0
0
0
0
0
0
0
0
0
0
0
0
0
0
0
0
0
0
0
0
0
0
0
0
0
0
0
0
0
0
0
0
0
0
0
0
0
0
0
0
0
0
0
0
0
0
0
0
0
0
0
0
0
0
0
0
0
0
0
0
0
0
0
0
0
0
0
0
0
0
0
0
0
0
0
0
0
0
0
0
0
0
0
0
0
0
0
0
0
0
0
0
0
0
0
0
0
0
0
0
0
0
0
0
0
0
0
0
0
0
0
0
0
0
0
0
0
0
0
0
0
0
0
0
0
0
0
0
0
0
0
0
0
0
0
0
0
0
0
0
0
0
0
0
0
0
0
0
0
0
0
0
0
0
0
0
0
0
0
0
0
0
0
0
0
0
0
0
0

