0.0761919823461197
0.0630715112346127
0.0120999822245328
0.0120999822245328
0.00710668645925872
0.00710668645925872
0.00710668645925872
0.00528803155088869
0.00451461308924617
0.00173505351916614
0.00173505351916614
0.00136446700747433
0.00109876653965441
0.000625613267147829
0.000625613267147829
0.000610766962726994
0.000610766962726994
0.000610766962726994
0.000157230205495296
0.000157230205495296
0.000157230205495296
0.000120557146688405
0.000120557146688405
5.39297352444845E-05
5.39297352444845E-05
1.64697735795527E-05
1.64697735795527E-05
1.64697735795527E-05
1.48954068701634E-05
1.48954068701634E-05
1.48954068701634E-05
1.48954068701634E-05
1.48954068701634E-05
1.48954068701634E-05
1.48954068701634E-05
1.48954068701634E-05
1.48954068701634E-05
1.48954068701634E-05
1.48954068701634E-05
1.48954068701634E-05
1.48954068701634E-05
1.48954068701634E-05
5.97100344784662E-06
5.97100344784662E-06
5.97100344784662E-06
5.97100344784662E-06
5.97100344784662E-06
5.97100344784662E-06
5.97100344784662E-06
5.97100344784662E-06
5.97100344784662E-06
5.97100344784662E-06
5.97100344784662E-06
5.97100344784662E-06
5.97100344784662E-06
3.93214685001642E-06
3.93214685001642E-06
3.93214685001642E-06
3.93214685001642E-06
3.93214685001642E-06
3.93214685001642E-06
3.93214685001642E-06
3.93214685001642E-06
3.93214685001642E-06
3.45111020483291E-06
3.45111020483291E-06
3.45111020483291E-06
3.45111020483291E-06
3.04762765895861E-06
3.04762765895861E-06
3.04762765895861E-06
3.04762765895861E-06
3.04762765895861E-06
3.04762765895861E-06
3.04762765895861E-06
3.04762765895861E-06
3.04762765895861E-06
3.04762765895861E-06
3.04762765895861E-06
3.04762765895861E-06
3.04762765895861E-06
3.04762765895861E-06
3.04762765895861E-06
3.04762765895861E-06
3.04762765895861E-06
3.04762765895861E-06
3.04762765895861E-06
3.04762765895861E-06
3.04762765895861E-06
3.04762765895861E-06
3.04762765895861E-06
3.04762765895861E-06
3.04762765895861E-06
3.02749577107964E-06
3.02749577107964E-06
3.02749577107964E-06
3.02749577107964E-06
3.02749577107964E-06
3.02749577107964E-06
9.90142041412678E-07
9.90142041412678E-07
9.90142041412678E-07
9.90142041412678E-07
9.90142041412678E-07
9.90142041412678E-07
9.90142041412678E-07
9.90142041412678E-07
9.90142041412678E-07
9.90142041412678E-07
9.90142041412678E-07
9.90142041412678E-07
9.90142041412678E-07
9.90142041412678E-07
9.90142041412678E-07
9.90142041412678E-07
9.90142041412678E-07
9.90142041412678E-07
9.90142041412678E-07
9.90142041412678E-07
9.90142041412678E-07
8.36307856189045E-07
8.36307856189045E-07
8.36307856189045E-07
8.36307856189045E-07
8.36307856189045E-07
8.36307856189045E-07
7.51847743063472E-07
7.51847743063472E-07
7.51847743063472E-07
7.51847743063472E-07
7.51847743063472E-07
7.51847743063472E-07
7.51847743063472E-07
7.51847743063472E-07
7.50225566836793E-07
7.50225566836793E-07
7.50225566836793E-07
5.14729054490459E-07
5.14729054490459E-07
5.14729054490459E-07
5.14729054490459E-07
5.14729054490459E-07
5.14729054490459E-07
5.14729054490459E-07
5.14729054490459E-07
5.14729054490459E-07
5.14729054490459E-07
5.14729054490459E-07
5.14729054490459E-07
5.14729054490459E-07
5.14729054490459E-07
5.14729054490459E-07
5.14729054490459E-07
5.14729054490459E-07
4.57423957933578E-07
1.36400510164503E-07
1.36400510164503E-07
1.36400510164503E-07
1.36400510164503E-07
1.36400510164503E-07
1.36400510164503E-07
1.36400510164503E-07
1.36400510164503E-07
1.36400510164503E-07
1.36400510164503E-07
1.36400510164503E-07
1.36400510164503E-07
1.36400510164503E-07
1.36400510164503E-07
1.36400510164503E-07
1.36400510164503E-07
1.36400510164503E-07
1.36400510164503E-07
1.36400510164503E-07
1.36400510164503E-07
1.36400510164503E-07
1.36400510164503E-07
1.36400510164503E-07
1.36400510164503E-07
1.36400510164503E-07
1.36400510164503E-07
1.36400510164503E-07
1.36400510164503E-07
1.36400510164503E-07
1.36400510164503E-07
1.36400510164503E-07
1.36400510164503E-07
1.36400510164503E-07
9.95679272364214E-08
9.95679272364214E-08
9.95679272364214E-08
9.95679272364214E-08
9.95679272364214E-08
9.95679272364214E-08
9.95679272364214E-08
9.95679272364214E-08
9.95679272364214E-08
9.95679272364214E-08
9.95679272364214E-08
9.95679272364214E-08
9.95679272364214E-08
9.95679272364214E-08
9.95679272364214E-08
9.95679272364214E-08
9.95679272364214E-08
9.95679272364214E-08
9.95679272364214E-08
9.95679272364214E-08
9.95679272364214E-08
3.86367204341376E-08
3.86367204341376E-08
3.86367204341376E-08
3.86367204341376E-08
3.86367204341376E-08
3.86367204341376E-08
3.86367204341376E-08
3.86367204341376E-08
3.86367204341376E-08
3.86367204341376E-08
3.86367204341376E-08
3.86367204341376E-08
3.86367204341376E-08
3.86367204341376E-08
3.86367204341376E-08
3.86367204341376E-08
3.86367204341376E-08
3.86367204341376E-08
3.86367204341376E-08
3.86367204341376E-08
3.86367204341376E-08
3.86367204341376E-08
3.86367204341376E-08
3.86367204341376E-08
3.86367204341376E-08
3.86367204341376E-08
3.86367204341376E-08
3.06117600712419E-08
3.06117600712419E-08
3.06117600712419E-08
3.06117600712419E-08
3.06117600712419E-08
3.06117600712419E-08
3.06117600712419E-08
3.06117600712419E-08
3.06117600712419E-08
3.06117600712419E-08
3.06117600712419E-08
3.06117600712419E-08
3.06117600712419E-08
3.06117600712419E-08
3.06117600712419E-08
3.06117600712419E-08
3.06117600712419E-08
1.2861108067419E-08
1.2861108067419E-08
1.2861108067419E-08
1.2861108067419E-08
1.2861108067419E-08
1.2861108067419E-08
1.2861108067419E-08
1.2861108067419E-08
1.2861108067419E-08
1.2861108067419E-08
1.2861108067419E-08
1.2861108067419E-08
1.2861108067419E-08
1.2861108067419E-08
1.2861108067419E-08
1.2861108067419E-08
1.2861108067419E-08
1.2861108067419E-08
1.2861108067419E-08
1.2861108067419E-08
1.2861108067419E-08
1.2861108067419E-08
1.2861108067419E-08
1.2861108067419E-08
1.2861108067419E-08
1.2861108067419E-08
1.2861108067419E-08
9.78156422526411E-09
9.78156422526411E-09
9.78156422526411E-09
9.78156422526411E-09
9.78156422526411E-09
9.78156422526411E-09
9.78156422526411E-09
9.78156422526411E-09
9.78156422526411E-09
9.78156422526411E-09
9.78156422526411E-09
9.78156422526411E-09
9.78156422526411E-09
9.78156422526411E-09
9.78156422526411E-09
9.78156422526411E-09
9.78156422526411E-09
9.78156422526411E-09
9.78156422526411E-09
9.78156422526411E-09
9.78156422526411E-09
9.78156422526411E-09
9.78156422526411E-09
9.78156422526411E-09
9.78156422526411E-09
9.78156422526411E-09
9.78156422526411E-09
9.78156422526411E-09
9.78156422526411E-09
9.78156422526411E-09
9.78156422526411E-09
9.78156422526411E-09
9.78156422526411E-09
9.78156422526411E-09
9.78156422526411E-09
9.78156422526411E-09
9.78156422526411E-09
9.78156422526411E-09
9.78156422526411E-09
9.78156422526411E-09
9.78156422526411E-09
9.78156422526411E-09
9.78156422526411E-09
9.78156422526411E-09
9.78156422526411E-09
9.78156422526411E-09
9.78156422526411E-09
9.78156422526411E-09
6.91179263823116E-09
6.91179263823116E-09
6.91179263823116E-09
6.91179263823116E-09
6.91179263823116E-09
6.91179263823116E-09
6.91179263823116E-09
6.91179263823116E-09
6.91179263823116E-09
6.91179263823116E-09
6.91179263823116E-09
6.91179263823116E-09
6.91179263823116E-09
6.91179263823116E-09
6.91179263823116E-09
6.91179263823116E-09
6.91179263823116E-09
6.91179263823116E-09
6.91179263823116E-09
6.91179263823116E-09
6.91179263823116E-09
6.91179263823116E-09
6.91179263823116E-09
6.91179263823116E-09
6.91179263823116E-09
6.91179263823116E-09
6.91179263823116E-09
6.91179263823116E-09
6.91179263823116E-09
6.91179263823116E-09
6.91179263823116E-09
4.08578565425088E-09
4.06689365517465E-09
4.06689365517465E-09
4.06689365517465E-09
4.06689365517465E-09
4.06689365517465E-09
4.06689365517465E-09
4.06689365517465E-09
4.06689365517465E-09
4.06689365517465E-09
4.06689365517465E-09
4.06689365517465E-09
4.06689365517465E-09
4.06689365517465E-09
4.06689365517465E-09
4.06689365517465E-09
4.06689365517465E-09
4.06689365517465E-09
4.06689365517465E-09
4.06689365517465E-09
4.06689365517465E-09
2.63154087409845E-09
2.63154087409845E-09
2.63154087409845E-09
2.63154087409845E-09
2.63154087409845E-09
2.63154087409845E-09
2.01941241506631E-09
2.01941241506631E-09
2.01941241506631E-09
2.01941241506631E-09
2.01941241506631E-09
2.01941241506631E-09
2.01941241506631E-09
2.01941241506631E-09
2.01941241506631E-09
2.01941241506631E-09
2.01941241506631E-09
2.01941241506631E-09
2.01941241506631E-09
2.01941241506631E-09
2.01941241506631E-09
2.01941241506631E-09
2.01941241506631E-09
2.01941241506631E-09
2.01941241506631E-09
2.01941241506631E-09
1.67314534449403E-09
1.67314534449403E-09
1.67314534449403E-09
1.37140238054556E-09
1.37140238054556E-09
1.37140238054556E-09
1.37140238054556E-09
1.37140238054556E-09
1.37140238054556E-09
1.37140238054556E-09
1.37140238054556E-09
1.37140238054556E-09
1.37140238054556E-09
1.37140238054556E-09
1.37140238054556E-09
1.37140238054556E-09
1.37140238054556E-09
1.37140238054556E-09
1.37140238054556E-09
1.37140238054556E-09
1.37140238054556E-09
1.37140238054556E-09
1.37140238054556E-09
1.37140238054556E-09
1.37140238054556E-09
1.37140238054556E-09
1.37140238054556E-09
1.37140238054556E-09
1.37140238054556E-09
1.37140238054556E-09
1.37140238054556E-09
1.37140238054556E-09
1.37140238054556E-09
1.37140238054556E-09
1.37140238054556E-09
1.37140238054556E-09
1.37140238054556E-09
1.37140238054556E-09
1.37140238054556E-09
1.37140238054556E-09
1.37140238054556E-09
1.37140238054556E-09
1.37140238054556E-09
1.37140238054556E-09
1.37140238054556E-09
4.06849720580027E-10
4.06849720580027E-10
4.06849720580027E-10
4.06849720580027E-10
4.06849720580027E-10
4.06849720580027E-10
4.06849720580027E-10
4.06849720580027E-10
4.06849720580027E-10
4.06849720580027E-10
4.06849720580027E-10
4.06849720580027E-10
4.06849720580027E-10
4.06849720580027E-10
4.06849720580027E-10
4.06849720580027E-10
4.06849720580027E-10
4.06849720580027E-10
4.06849720580027E-10
4.06849720580027E-10
4.06849720580027E-10
4.06849720580027E-10
4.06849720580027E-10
4.06849720580027E-10
4.06849720580027E-10
4.06849720580027E-10
4.06849720580027E-10
4.06849720580027E-10
4.06849720580027E-10
4.06849720580027E-10
4.06849720580027E-10
4.04777156237657E-10
4.04777156237657E-10
4.04777156237657E-10
4.04777156237657E-10
4.04777156237657E-10
4.04777156237657E-10
4.04777156237657E-10
4.04777156237657E-10
3.18043757996378E-10
3.18043757996378E-10
3.18043757996378E-10
3.18043757996378E-10
3.18043757996378E-10
3.18043757996378E-10
3.18043757996378E-10
3.18043757996378E-10
3.18043757996378E-10
3.18043757996378E-10

