0.110187586101792
0.0375619841775977
0.0375619841775977
0.0374703422507187
0.00936774448745659
0.00936774448745659
0.00936774448745659
0.00861804149027601
0.00154689179865297
0.00121782455096231
0.00111178343669793
0.0011089935624089
0.000948559077719402
0.000946200701292699
0.000946200701292699
0.000115101033669074
5.77375837573779E-05
5.77375837573779E-05
5.24879944727719E-05
5.24879944727719E-05
5.24879944727719E-05
5.23114858439477E-05
5.10213972856333E-05
4.11140517315722E-05
4.11140517315722E-05
4.11140517315722E-05
1.35459819777806E-05
1.35459819777806E-05
1.35459819777806E-05
1.35459819777806E-05
9.79571013615121E-06
1.53155588600296E-06
1.53155588600296E-06
1.53155588600296E-06
1.53155588600296E-06
1.53155588600296E-06
1.53155588600296E-06
1.53155588600296E-06
1.53155588600296E-06
1.53155588600296E-06
1.53155588600296E-06
1.53155588600296E-06
1.28837088009259E-06
1.28837088009259E-06
1.28837088009259E-06
1.28837088009259E-06
1.28837088009259E-06
1.28837088009259E-06
1.28837088009259E-06
1.28837088009259E-06
1.28837088009259E-06
1.28837088009259E-06
1.28837088009259E-06
1.28837088009259E-06
1.28837088009259E-06
1.28837088009259E-06
1.28837088009259E-06
1.28837088009259E-06
1.28837088009259E-06
1.28837088009259E-06
1.28837088009259E-06
1.28837088009259E-06
1.28837088009259E-06
1.28837088009259E-06
1.28837088009259E-06
1.28837088009259E-06
1.28837088009259E-06
1.28837088009259E-06
1.28837088009259E-06
1.28837088009259E-06
1.28837088009259E-06
1.28837088009259E-06
1.28837088009259E-06
1.28837088009259E-06
1.28837088009259E-06
1.28837088009259E-06
1.28837088009259E-06
1.28837088009259E-06
1.28837088009259E-06
1.28837088009259E-06
1.28837088009259E-06
1.28837088009259E-06
1.12408155561461E-06
1.0151692634297E-06
1.0151692634297E-06
1.0151692634297E-06
1.0151692634297E-06
1.0151692634297E-06
1.0151692634297E-06
1.0151692634297E-06
1.0151692634297E-06
1.0151692634297E-06
1.0151692634297E-06
1.0151692634297E-06
1.0151692634297E-06
6.88731478959426E-07
6.88731478959426E-07
6.88731478959426E-07
6.88731478959426E-07
6.88731478959426E-07
6.88731478959426E-07
5.42965034378007E-07
5.42965034378007E-07
5.42965034378007E-07
5.42965034378007E-07
5.42965034378007E-07
1.17261987897521E-07
1.17261987897521E-07
1.17261987897521E-07
1.17261987897521E-07
1.17261987897521E-07
1.17261987897521E-07
1.17261987897521E-07
1.17261987897521E-07
1.17261987897521E-07
1.17261987897521E-07
1.17261987897521E-07
1.17261987897521E-07
1.17261987897521E-07
1.17261987897521E-07
1.17261987897521E-07
1.17261987897521E-07
1.17261987897521E-07
1.17261987897521E-07
1.17261987897521E-07
1.17261987897521E-07
1.17261987897521E-07
1.17261987897521E-07
1.17261987897521E-07
1.17261987897521E-07
1.17261987897521E-07
1.17261987897521E-07
1.17261987897521E-07
1.17261987897521E-07
1.17261987897521E-07
1.17261987897521E-07
1.17261987897521E-07
1.17261987897521E-07
1.17261987897521E-07
1.17261987897521E-07
1.17261987897521E-07
1.17261987897521E-07
1.17261987897521E-07
1.17261987897521E-07
1.17261987897521E-07
1.17261987897521E-07
3.63735209729654E-08
3.63735209729654E-08
3.63735209729654E-08
3.63735209729654E-08
3.63735209729654E-08
3.63735209729654E-08
3.63735209729654E-08
3.63735209729654E-08
3.63735209729654E-08
3.63735209729654E-08
3.63735209729654E-08
3.63735209729654E-08
3.63735209729654E-08
3.63735209729654E-08
3.63735209729654E-08
3.63735209729654E-08
3.63735209729654E-08
3.26537277217653E-08
3.26537277217653E-08
3.26537277217653E-08
3.26537277217653E-08
3.26537277217653E-08
3.26537277217653E-08
3.26537277217653E-08
3.26537277217653E-08
3.26537277217653E-08
3.26537277217653E-08
3.26537277217653E-08
3.26537277217653E-08
3.26537277217653E-08
3.26537277217653E-08
3.26537277217653E-08
3.26537277217653E-08
3.26537277217653E-08
3.26537277217653E-08
3.26537277217653E-08
3.26537277217653E-08
3.26537277217653E-08
3.26537277217653E-08
3.26537277217653E-08
3.26537277217653E-08
3.26537277217653E-08
3.26537277217653E-08
3.26537277217653E-08
3.26537277217653E-08
3.26537277217653E-08
3.26537277217653E-08
3.26537277217653E-08
3.26537277217653E-08
3.26537277217653E-08
3.26537277217653E-08
3.26537277217653E-08
3.26537277217653E-08
3.26537277217653E-08
3.26537277217653E-08
3.26537277217653E-08
3.26537277217653E-08
3.26537277217653E-08
3.26537277217653E-08
3.26537277217653E-08
3.26537277217653E-08
3.26537277217653E-08
3.26537277217653E-08
3.26537277217653E-08
3.26537277217653E-08
3.26537277217653E-08
3.26537277217653E-08
3.26537277217653E-08
3.26537277217653E-08
3.26537277217653E-08
3.26537277217653E-08
3.26537277217653E-08
3.26537277217653E-08
3.26537277217653E-08
3.26537277217653E-08
3.26537277217653E-08
3.26537277217653E-08
3.26537277217653E-08
3.26537277217653E-08
3.26537277217653E-08
3.26537277217653E-08
3.26537277217653E-08
2.51454914668159E-08
2.51454914668159E-08
2.51454914668159E-08
2.51454914668159E-08
2.36319553925668E-08
2.36319553925668E-08
2.36319553925668E-08
2.36319553925668E-08
2.36319553925668E-08
2.36319553925668E-08
2.36319553925668E-08
2.36319553925668E-08
2.36319553925668E-08
2.36319553925668E-08
2.36319553925668E-08
2.36319553925668E-08
2.36319553925668E-08
2.36319553925668E-08
2.36319553925668E-08
2.36319553925668E-08
2.36319553925668E-08
2.36319553925668E-08
2.36319553925668E-08
2.36319553925668E-08
2.36319553925668E-08
2.36319553925668E-08
2.36319553925668E-08
2.36319553925668E-08
1.78439342191083E-08
1.29382038416281E-08
1.29382038416281E-08
1.29382038416281E-08
1.29382038416281E-08
1.29382038416281E-08
1.29382038416281E-08
1.29382038416281E-08
1.29382038416281E-08
1.29382038416281E-08
1.29382038416281E-08
1.29382038416281E-08
1.29382038416281E-08
1.29382038416281E-08
1.29382038416281E-08
1.29382038416281E-08
1.29382038416281E-08
1.29382038416281E-08
7.89906484666147E-09
7.89906484666147E-09
7.89906484666147E-09
7.89906484666147E-09
7.89906484666147E-09
7.89906484666147E-09
7.89906484666147E-09
7.89906484666147E-09
7.54895057575311E-09
7.54895057575311E-09
7.54895057575311E-09
7.54895057575311E-09
7.54895057575311E-09
7.54895057575311E-09
7.54895057575311E-09
7.54895057575311E-09
7.54895057575311E-09
7.54895057575311E-09
7.54895057575311E-09
7.54895057575311E-09
7.54895057575311E-09
7.54895057575311E-09
7.54895057575311E-09
7.54895057575311E-09
7.54895057575311E-09
7.54895057575311E-09
7.54895057575311E-09
7.54895057575311E-09
7.54895057575311E-09
7.54895057575311E-09
7.54895057575311E-09
7.54895057575311E-09
7.54895057575311E-09
7.54895057575311E-09
7.54895057575311E-09
7.54895057575311E-09
7.54895057575311E-09
7.54895057575311E-09
7.54895057575311E-09
7.54895057575311E-09
7.54895057575311E-09
7.54895057575311E-09
7.54895057575311E-09
7.54895057575311E-09
7.54895057575311E-09
7.54895057575311E-09
7.54895057575311E-09
7.54895057575311E-09
7.54895057575311E-09
7.54895057575311E-09
7.54895057575311E-09
7.54895057575311E-09
7.54895057575311E-09
7.54895057575311E-09
7.54895057575311E-09
1.87594673128899E-09
1.87594673128899E-09
1.87594673128899E-09
1.87594673128899E-09
1.87594673128899E-09
1.87594673128899E-09
1.87594673128899E-09
1.87594673128899E-09
1.87594673128899E-09
1.87594673128899E-09
1.87594673128899E-09
1.87594673128899E-09
1.87594673128899E-09
1.87594673128899E-09
1.87594673128899E-09
1.87594673128899E-09
1.87594673128899E-09
1.87594673128899E-09
1.87594673128899E-09
1.87594673128899E-09
1.87594673128899E-09
1.87594673128899E-09
1.87594673128899E-09
1.87594673128899E-09
1.87594673128899E-09
1.87594673128899E-09
1.87594673128899E-09
1.87594673128899E-09
1.87594673128899E-09
1.87594673128899E-09
1.87594673128899E-09
1.87594673128899E-09
1.87594673128899E-09
1.87594673128899E-09
1.87594673128899E-09
1.87594673128899E-09
1.87594673128899E-09
1.87594673128899E-09
1.87594673128899E-09
1.87594673128899E-09
1.87594673128899E-09
1.87594673128899E-09
1.87594673128899E-09
1.87594673128899E-09
1.87594673128899E-09
1.87594673128899E-09
1.87594673128899E-09
1.87594673128899E-09
1.87594673128899E-09
1.86371784671735E-09
7.15106418525124E-10
7.15106418525124E-10
7.15106418525124E-10
7.15106418525124E-10
7.15106418525124E-10
7.15106418525124E-10
7.15106418525124E-10
7.15106418525124E-10
7.15106418525124E-10
7.15106418525124E-10
7.15106418525124E-10
7.15106418525124E-10
7.15106418525124E-10
7.15106418525124E-10
7.15106418525124E-10
7.15106418525124E-10
7.15106418525124E-10
7.15106418525124E-10
7.15106418525124E-10
7.15106418525124E-10
7.15106418525124E-10
7.15106418525124E-10
7.15106418525124E-10
7.15106418525124E-10
7.15106418525124E-10
7.15106418525124E-10
5.37253241894575E-10
5.37253241894575E-10
5.37253241894575E-10
5.37253241894575E-10
5.37253241894575E-10
5.37253241894575E-10
5.37253241894575E-10
5.37253241894575E-10
5.37253241894575E-10
5.37253241894575E-10
5.37253241894575E-10
5.37253241894575E-10
5.37253241894575E-10
5.37253241894575E-10
5.37253241894575E-10
5.37253241894575E-10
5.37253241894575E-10
5.37253241894575E-10
5.37253241894575E-10
5.37253241894575E-10
5.37253241894575E-10
5.37253241894575E-10
5.37253241894575E-10
5.37253241894575E-10
5.37253241894575E-10
5.37253241894575E-10
5.37253241894575E-10
5.37253241894575E-10
5.37253241894575E-10
5.37253241894575E-10
5.37253241894575E-10
5.37253241894575E-10
5.37253241894575E-10
5.37253241894575E-10
5.37253241894575E-10
5.37253241894575E-10
5.37253241894575E-10
5.37253241894575E-10
5.37253241894575E-10
5.37253241894575E-10
4.29195790019321E-10
2.46853981700212E-10
2.46853981700212E-10
2.46853981700212E-10
2.4070700987977E-10
2.4070700987977E-10
2.4070700987977E-10
2.4070700987977E-10
2.4070700987977E-10
2.4070700987977E-10
2.4070700987977E-10
2.4070700987977E-10
2.4070700987977E-10
2.4070700987977E-10
2.4070700987977E-10
2.4070700987977E-10
2.4070700987977E-10
2.4070700987977E-10
2.4070700987977E-10
2.4070700987977E-10
2.4070700987977E-10
2.4070700987977E-10
2.4070700987977E-10
2.4070700987977E-10
2.4070700987977E-10
2.4070700987977E-10
2.4070700987977E-10
2.4070700987977E-10
2.4070700987977E-10
2.4070700987977E-10
2.4070700987977E-10
2.4070700987977E-10
2.4070700987977E-10
2.4070700987977E-10
2.4070700987977E-10
2.4070700987977E-10
2.4070700987977E-10
2.4070700987977E-10
2.4070700987977E-10
2.4070700987977E-10
2.4070700987977E-10
2.4070700987977E-10
2.4070700987977E-10
2.4070700987977E-10
2.4070700987977E-10
2.4070700987977E-10
2.4070700987977E-10
2.4070700987977E-10
2.4070700987977E-10
2.4070700987977E-10
2.4070700987977E-10
2.4070700987977E-10
2.4070700987977E-10
2.4070700987977E-10
2.4070700987977E-10

