0.305133392171303
0.146054712767168
0.0794151358872281
0.0613358796824984
0.0220221881339634
0.0177686428486747
0.0141401185554191
0.00444632539421488
0.00210659307914544
0.00210659307914544
0.000876975951519005
0.000876975951519005
0.000686359873407816
0.000686359873407816
0.000686359873407816
0.00040444202449022
0.00040444202449022
0.00040444202449022
0.000383824219597734
0.000206109530350884
0.000206109530350884
0.000206109530350884
0.000206109530350884
0.000166179672840078
0.000104916948612116
0.000104916948612116
0.000104916948612116
0.000104916948612116
0.000104916948612116
0.000104916948612116
0.000104916948612116
9.77537955322294E-05
9.02306326537594E-05
8.54219941555656E-05
7.58262137901811E-05
7.58262137901811E-05
7.58262137901811E-05
6.14180586348823E-05
6.14180586348823E-05
6.14180586348823E-05
6.14180586348823E-05
6.14180586348823E-05
6.14180586348823E-05
6.14180586348823E-05
5.30206632834984E-05
5.30206632834984E-05
5.30206632834984E-05
5.30206632834984E-05
5.30206632834984E-05
5.30206632834984E-05
5.30206632834984E-05
5.30206632834984E-05
5.04254786273806E-05
5.04254786273806E-05
3.33741526424014E-05
3.33741526424014E-05
3.33741526424014E-05
3.33741526424014E-05
3.33741526424014E-05
3.33741526424014E-05
3.33741526424014E-05
3.33741526424014E-05
3.33741526424014E-05
3.33741526424014E-05
3.33741526424014E-05
2.91527545502879E-05
2.91527545502879E-05
2.91527545502879E-05
2.43241368812763E-05
3.48515919582071E-06
3.48515919582071E-06
3.48515919582071E-06
3.48515919582071E-06
3.48515919582071E-06
3.48515919582071E-06
3.09194159453519E-06
3.09194159453519E-06
3.09194159453519E-06
3.09194159453519E-06
3.09194159453519E-06
3.09194159453519E-06
3.09194159453519E-06
3.09194159453519E-06
3.09194159453519E-06
3.09194159453519E-06
3.09194159453519E-06
3.09194159453519E-06
3.09194159453519E-06
3.09194159453519E-06
3.09194159453519E-06
3.09194159453519E-06
3.09194159453519E-06
3.09194159453519E-06
3.09194159453519E-06
3.09194159453519E-06
3.09194159453519E-06
3.09194159453519E-06
3.09194159453519E-06
3.09194159453519E-06
3.09194159453519E-06
3.09194159453519E-06
3.09194159453519E-06
3.09194159453519E-06
3.09194159453519E-06
3.09194159453519E-06
3.09194159453519E-06
3.09194159453519E-06
3.09194159453519E-06
3.09194159453519E-06
3.09194159453519E-06
3.09194159453519E-06
3.09194159453519E-06
1.71716771993347E-06
1.71716771993347E-06
1.71716771993347E-06
1.71716771993347E-06
1.71716771993347E-06
1.71716771993347E-06
1.71716771993347E-06
1.71716771993347E-06
1.71716771993347E-06
1.71716771993347E-06
1.71716771993347E-06
1.71716771993347E-06
1.71716771993347E-06
1.71716771993347E-06
1.71716771993347E-06
1.71716771993347E-06
1.71716771993347E-06
1.71716771993347E-06
1.71716771993347E-06
1.71716771993347E-06
1.11802202518163E-06
1.11802202518163E-06
1.11802202518163E-06
1.11802202518163E-06
1.0880234547761E-06
1.0880234547761E-06
1.0880234547761E-06
1.0880234547761E-06
1.0880234547761E-06
4.36429821670803E-07
4.36429821670803E-07
4.36429821670803E-07
4.36429821670803E-07
4.36429821670803E-07
4.36429821670803E-07
4.36429821670803E-07
4.36429821670803E-07
4.36429821670803E-07
4.36429821670803E-07
4.36429821670803E-07
4.36429821670803E-07
4.36429821670803E-07
4.36429821670803E-07
4.36429821670803E-07
4.36429821670803E-07
2.40638427267958E-07
2.40638427267958E-07
2.40638427267958E-07
2.40638427267958E-07
2.40638427267958E-07
2.40638427267958E-07
2.40638427267958E-07
2.40638427267958E-07
2.40638427267958E-07
1.59895921475472E-07
1.59895921475472E-07
1.59895921475472E-07
1.59895921475472E-07
1.59895921475472E-07
1.59895921475472E-07
1.59895921475472E-07
1.59895921475472E-07
1.59895921475472E-07
1.59895921475472E-07
1.59895921475472E-07
1.59895921475472E-07
1.59895921475472E-07
1.59895921475472E-07
1.59895921475472E-07
1.59895921475472E-07
1.59895921475472E-07
1.59895921475472E-07
1.59895921475472E-07
1.59895921475472E-07
1.59895921475472E-07
1.59895921475472E-07
9.00465690623076E-08
9.00465690623076E-08
9.00465690623076E-08
9.00465690623076E-08
9.00465690623076E-08
9.00465690623076E-08
9.00465690623076E-08
9.00465690623076E-08
9.00465690623076E-08
9.00465690623076E-08
9.00465690623076E-08
9.00465690623076E-08
9.00465690623076E-08
9.00465690623076E-08
9.00465690623076E-08
9.00465690623076E-08
9.00465690623076E-08
9.00465690623076E-08
9.00465690623076E-08
9.00465690623076E-08
9.00465690623076E-08
9.00465690623076E-08
9.00465690623076E-08
9.00465690623076E-08
9.00465690623076E-08
9.00465690623076E-08
9.00465690623076E-08
9.00465690623076E-08
9.00465690623076E-08
9.00465690623076E-08
9.00465690623076E-08
9.00465690623076E-08
9.00465690623076E-08
9.00465690623076E-08
9.00465690623076E-08
9.00465690623076E-08
9.00465690623076E-08
9.00465690623076E-08
9.00465690623076E-08
9.00465690623076E-08
9.00465690623076E-08
9.00465690623076E-08
8.4405932354592E-08
8.4405932354592E-08
8.4405932354592E-08
8.4405932354592E-08
8.4405932354592E-08
8.4405932354592E-08
8.4405932354592E-08
8.4405932354592E-08
8.4405932354592E-08
8.4405932354592E-08
8.4405932354592E-08
8.4405932354592E-08
8.4405932354592E-08
8.4405932354592E-08
8.4405932354592E-08
8.4405932354592E-08
8.4405932354592E-08
8.4405932354592E-08
8.4405932354592E-08
8.4405932354592E-08
8.4405932354592E-08
8.41429765308099E-08
8.41429765308099E-08
8.41429765308099E-08
8.41429765308099E-08
8.41429765308099E-08
8.41429765308099E-08
8.41429765308099E-08
8.41429765308099E-08
8.41429765308099E-08
8.41429765308099E-08
6.53397442818004E-08
6.53397442818004E-08
6.53397442818004E-08
6.53397442818004E-08
6.53397442818004E-08
6.53397442818004E-08
6.53397442818004E-08
6.53397442818004E-08
6.53397442818004E-08
6.53397442818004E-08
6.53397442818004E-08
6.53397442818004E-08
6.53397442818004E-08
6.53397442818004E-08
6.53397442818004E-08
6.53397442818004E-08
6.53397442818004E-08
6.53397442818004E-08
6.53397442818004E-08
6.53397442818004E-08
6.53397442818004E-08
6.53397442818004E-08
6.53397442818004E-08
6.53397442818004E-08
6.53397442818004E-08
6.53397442818004E-08
6.53397442818004E-08
6.53397442818004E-08
6.53397442818004E-08
6.53397442818004E-08
3.17216899969885E-08
3.17216899969885E-08
3.17216899969885E-08
3.17216899969885E-08
3.17216899969885E-08
3.17216899969885E-08
3.17216899969885E-08
3.17216899969885E-08
3.17216899969885E-08
3.17216899969885E-08
3.17216899969885E-08
3.17216899969885E-08
3.17216899969885E-08
3.17216899969885E-08
3.17216899969885E-08
3.17216899969885E-08
3.17216899969885E-08
3.17216899969885E-08
3.17216899969885E-08
3.17216899969885E-08
3.17216899969885E-08
3.17216899969885E-08
3.17216899969885E-08
3.17216899969885E-08
3.17216899969885E-08
3.17216899969885E-08
3.17216899969885E-08
3.17216899969885E-08
3.17216899969885E-08
3.17216899969885E-08
3.17216899969885E-08
3.17216899969885E-08
3.17216899969885E-08
3.08007619409523E-08
3.08007619409523E-08
3.08007619409523E-08
3.08007619409523E-08
3.08007619409523E-08
3.08007619409523E-08
3.08007619409523E-08
3.08007619409523E-08
3.08007619409523E-08
3.08007619409523E-08
3.08007619409523E-08
3.08007619409523E-08
3.08007619409523E-08
3.08007619409523E-08
3.08007619409523E-08
3.08007619409523E-08
3.08007619409523E-08
3.08007619409523E-08
3.08007619409523E-08
3.08007619409523E-08
2.33640772562271E-08
2.33640772562271E-08
2.33640772562271E-08
2.33640772562271E-08
2.33640772562271E-08
2.33640772562271E-08
2.33640772562271E-08
2.33640772562271E-08
2.33640772562271E-08
2.33640772562271E-08
2.33640772562271E-08
2.33640772562271E-08
2.33640772562271E-08
2.33640772562271E-08
2.33640772562271E-08
2.33640772562271E-08
2.33640772562271E-08
2.33640772562271E-08
2.33640772562271E-08
2.33640772562271E-08
2.33640772562271E-08
2.33640772562271E-08
2.33640772562271E-08
2.33640772562271E-08
2.33640772562271E-08
2.33640772562271E-08
2.33640772562271E-08
2.33640772562271E-08
2.33640772562271E-08
2.33640772562271E-08
2.33640772562271E-08
2.33640772562271E-08
2.33640772562271E-08
2.33640772562271E-08
2.33640772562271E-08
2.33640772562271E-08
2.33640772562271E-08
2.33640772562271E-08
2.33640772562271E-08
2.33640772562271E-08
2.12292550205717E-08
2.12292550205717E-08
2.12292550205717E-08
2.12292550205717E-08
2.12292550205717E-08
2.12292550205717E-08
2.12292550205717E-08
2.12292550205717E-08
2.12292550205717E-08
2.12292550205717E-08
2.12292550205717E-08
2.12292550205717E-08
2.12292550205717E-08
2.12292550205717E-08
2.12292550205717E-08
2.12292550205717E-08
2.12292550205717E-08
2.12292550205717E-08
2.12292550205717E-08
2.12292550205717E-08
2.12292550205717E-08
2.12292550205717E-08
1.94059715796779E-08
1.94059715796779E-08
1.24213217767011E-08
1.24213217767011E-08
1.24213217767011E-08
1.24213217767011E-08
1.24213217767011E-08
1.24213217767011E-08
1.24213217767011E-08
1.24213217767011E-08
1.24213217767011E-08
1.24213217767011E-08
1.24213217767011E-08
1.24213217767011E-08
1.24213217767011E-08
1.24213217767011E-08
1.24213217767011E-08
1.24213217767011E-08
1.24213217767011E-08
1.24213217767011E-08
1.24213217767011E-08
1.24213217767011E-08
1.24213217767011E-08
1.24213217767011E-08
1.24213217767011E-08
1.24213217767011E-08
1.24213217767011E-08
1.24213217767011E-08
1.24213217767011E-08
1.24213217767011E-08
1.24213217767011E-08
1.24213217767011E-08
1.24213217767011E-08
1.24213217767011E-08
1.24213217767011E-08
1.04052721161541E-08
1.04052721161541E-08
1.04052721161541E-08
1.04052721161541E-08
1.04052721161541E-08
1.04052721161541E-08
1.04052721161541E-08
1.04052721161541E-08
1.04052721161541E-08
1.04052721161541E-08
1.02703088533662E-08
1.02703088533662E-08
1.02703088533662E-08
1.02703088533662E-08
1.02703088533662E-08
1.02703088533662E-08
1.02703088533662E-08
1.02703088533662E-08
1.02703088533662E-08
1.02703088533662E-08
1.02703088533662E-08
1.02703088533662E-08
1.02703088533662E-08
1.02703088533662E-08
1.02703088533662E-08
1.02703088533662E-08
1.02703088533662E-08
1.02703088533662E-08
6.90479540210731E-09
6.90479540210731E-09
6.90479540210731E-09
6.90479540210731E-09
6.90479540210731E-09
6.90479540210731E-09
6.90479540210731E-09
6.90479540210731E-09
6.90479540210731E-09
6.90479540210731E-09
6.90479540210731E-09
6.90479540210731E-09
6.90479540210731E-09
6.90479540210731E-09
6.90479540210731E-09
6.90479540210731E-09
6.90479540210731E-09
6.90479540210731E-09
6.90479540210731E-09
6.90479540210731E-09
6.90479540210731E-09
6.8010645171146E-09
6.8010645171146E-09
6.8010645171146E-09
6.8010645171146E-09
6.8010645171146E-09
6.8010645171146E-09
6.8010645171146E-09
4.99700514300372E-09
4.99700514300372E-09
2.50835199833155E-09

