0.0682107406108627
0.0507050099471424
0.0503587774424912
0.0498574585465329
0.0288144544522726
0.0226161173323659
0.00620839160961129
0.00620839160961129
0.00475078806781215
0.00423490008535155
0.00396778984536394
0.00107242109803862
0.00107242109803862
0.00107242109803862
0.00107242109803862
0.000725117693867849
0.000725117693867849
0.000725117693867849
0.000725117693867849
0.000290879122861291
0.000290879122861291
0.000139681926979433
5.69213085381617E-05
5.69213085381617E-05
5.69213085381617E-05
2.47672401428103E-05
2.47672401428103E-05
2.47672401428103E-05
1.41502898711524E-05
1.41502898711524E-05
1.41502898711524E-05
1.41502898711524E-05
1.41502898711524E-05
1.41502898711524E-05
1.41502898711524E-05
1.41502898711524E-05
1.41502898711524E-05
1.41502898711524E-05
1.41502898711524E-05
1.41502898711524E-05
1.41502898711524E-05
1.41502898711524E-05
1.41502898711524E-05
1.41502898711524E-05
1.41502898711524E-05
1.41502898711524E-05
1.41502898711524E-05
1.41502898711524E-05
1.41502898711524E-05
1.41502898711524E-05
1.41502898711524E-05
1.41502898711524E-05
1.41502898711524E-05
1.41502898711524E-05
1.41502898711524E-05
1.41502898711524E-05
1.41502898711524E-05
1.41502898711524E-05
1.41502898711524E-05
1.41502898711524E-05
1.41502898711524E-05
1.41502898711524E-05
1.41502898711524E-05
1.26917012898062E-05
1.26917012898062E-05
1.26917012898062E-05
1.26917012898062E-05
1.26917012898062E-05
1.26917012898062E-05
1.26917012898062E-05
1.26917012898062E-05
1.26917012898062E-05
1.26917012898062E-05
1.26917012898062E-05
1.26917012898062E-05
1.26917012898062E-05
1.26917012898062E-05
1.26917012898062E-05
1.26917012898062E-05
1.26917012898062E-05
1.26917012898062E-05
1.26917012898062E-05
1.26917012898062E-05
1.26917012898062E-05
1.26917012898062E-05
1.26917012898062E-05
6.31366934197158E-06
6.31366934197158E-06
6.31366934197158E-06
6.31366934197158E-06
6.31366934197158E-06
5.66760888108531E-06
4.52477042831023E-06
4.52477042831023E-06
4.52477042831023E-06
4.52477042831023E-06
4.52477042831023E-06
4.52477042831023E-06
4.52477042831023E-06
4.52477042831023E-06
4.52477042831023E-06
4.52477042831023E-06
4.52477042831023E-06
3.41611571540168E-06
3.34540812300249E-06
3.34540812300249E-06
3.34540812300249E-06
3.34540812300249E-06
3.34540812300249E-06
3.04151258758573E-06
3.04151258758573E-06
3.04151258758573E-06
3.04151258758573E-06
3.04151258758573E-06
3.04151258758573E-06
3.04151258758573E-06
3.04151258758573E-06
3.04151258758573E-06
3.04151258758573E-06
3.04151258758573E-06
3.04151258758573E-06
3.04151258758573E-06
3.04151258758573E-06
3.04151258758573E-06
3.04151258758573E-06
3.04151258758573E-06
3.04151258758573E-06
3.04151258758573E-06
3.04151258758573E-06
3.04151258758573E-06
3.04151258758573E-06
3.04151258758573E-06
3.04151258758573E-06
3.04151258758573E-06
3.04151258758573E-06
3.04151258758573E-06
3.04151258758573E-06
3.04151258758573E-06
3.04151258758573E-06
3.04151258758573E-06
3.04151258758573E-06
3.04151258758573E-06
3.04151258758573E-06
3.04151258758573E-06
3.04151258758573E-06
3.04151258758573E-06
3.04151258758573E-06
3.04151258758573E-06
1.31436665751911E-06
1.31436665751911E-06
1.31436665751911E-06
1.31436665751911E-06
1.31436665751911E-06
1.31436665751911E-06
1.31436665751911E-06
1.31436665751911E-06
1.31436665751911E-06
1.31436665751911E-06
7.53042177982499E-07
7.53042177982499E-07
7.53042177982499E-07
7.53042177982499E-07
7.53042177982499E-07
7.53042177982499E-07
6.97112566089286E-07
6.97112566089286E-07
6.97112566089286E-07
6.97112566089286E-07
6.97112566089286E-07
6.97112566089286E-07
6.97112566089286E-07
6.97112566089286E-07
6.97112566089286E-07
6.97112566089286E-07
6.97112566089286E-07
6.97112566089286E-07
6.97112566089286E-07
6.97112566089286E-07
6.97112566089286E-07
6.97112566089286E-07
6.97112566089286E-07
6.97112566089286E-07
6.97112566089286E-07
6.97112566089286E-07
6.97112566089286E-07
6.97112566089286E-07
6.97112566089286E-07
6.97112566089286E-07
5.19875600624164E-08
5.19875600624164E-08
5.19875600624164E-08
5.19875600624164E-08
5.19875600624164E-08
5.19875600624164E-08
5.19875600624164E-08
5.19875600624164E-08
5.19875600624164E-08
5.19875600624164E-08
5.19875600624164E-08
5.19875600624164E-08
5.19875600624164E-08
5.19875600624164E-08
2.03107998753005E-08
2.03107998753005E-08
2.03107998753005E-08
2.03107998753005E-08
2.03107998753005E-08
2.03107998753005E-08
2.03107998753005E-08
2.03107998753005E-08
2.03107998753005E-08
2.03107998753005E-08
2.03107998753005E-08
2.03107998753005E-08
2.03107998753005E-08
2.03107998753005E-08
2.03107998753005E-08
2.03107998753005E-08
2.03107998753005E-08
2.03107998753005E-08
2.03107998753005E-08
2.03107998753005E-08
2.03107998753005E-08
2.03107998753005E-08
2.03107998753005E-08
2.03107998753005E-08
2.03107998753005E-08
2.03107998753005E-08
2.03107998753005E-08
2.03107998753005E-08
2.03107998753005E-08
2.03107998753005E-08
2.03107998753005E-08
2.03107998753005E-08
2.03107998753005E-08
2.03107998753005E-08
2.03107998753005E-08
2.03107998753005E-08
2.03107998753005E-08
2.03107998753005E-08
2.03107998753005E-08
2.03107998753005E-08
2.03107998753005E-08
2.03107998753005E-08
1.61452339414447E-08
1.61452339414447E-08
1.61452339414447E-08
1.61452339414447E-08
1.61452339414447E-08
1.61452339414447E-08
1.61452339414447E-08
1.61452339414447E-08
1.61452339414447E-08
1.61452339414447E-08
1.61452339414447E-08
1.61452339414447E-08
1.61452339414447E-08
1.61452339414447E-08
1.61452339414447E-08
1.61452339414447E-08
1.61452339414447E-08
1.61452339414447E-08
1.61452339414447E-08
1.61452339414447E-08
1.61452339414447E-08
1.61452339414447E-08
1.61452339414447E-08
1.61452339414447E-08
1.61452339414447E-08
1.61452339414447E-08
1.61452339414447E-08
1.61452339414447E-08
1.61452339414447E-08
1.61452339414447E-08
1.61452339414447E-08
1.61452339414447E-08
1.61452339414447E-08
1.61452339414447E-08
1.61452339414447E-08
1.61452339414447E-08
1.61452339414447E-08
1.61452339414447E-08
1.61452339414447E-08
1.61452339414447E-08
1.61452339414447E-08
1.61452339414447E-08
1.61452339414447E-08
1.61452339414447E-08
1.61452339414447E-08
1.61452339414447E-08
1.61452339414447E-08
1.61452339414447E-08
1.61452339414447E-08
1.61452339414447E-08
1.61452339414447E-08
1.61452339414447E-08
1.61452339414447E-08
1.61452339414447E-08
1.61452339414447E-08
1.61452339414447E-08
1.61452339414447E-08
1.61452339414447E-08
1.61452339414447E-08
1.61452339414447E-08
1.61452339414447E-08
1.61452339414447E-08
1.61452339414447E-08
1.61452339414447E-08
1.61452339414447E-08
1.61452339414447E-08
1.61452339414447E-08
1.61452339414447E-08
1.61452339414447E-08
1.61452339414447E-08
1.61452339414447E-08
1.61452339414447E-08
1.61452339414447E-08
1.61452339414447E-08
1.61452339414447E-08
1.61452339414447E-08
1.61452339414447E-08
1.61452339414447E-08
1.61452339414447E-08
1.61452339414447E-08
1.61452339414447E-08
1.61452339414447E-08
1.61452339414447E-08
1.61452339414447E-08
1.61452339414447E-08
1.61452339414447E-08
1.61452339414447E-08
1.61452339414447E-08
1.61452339414447E-08
1.61452339414447E-08
1.61452339414447E-08
1.61452339414447E-08
1.61452339414447E-08
1.61452339414447E-08
1.61452339414447E-08
1.61452339414447E-08
1.61452339414447E-08
1.61452339414447E-08
1.61452339414447E-08
1.05369851385873E-08
1.05369851385873E-08
1.05369851385873E-08
1.05369851385873E-08
1.05369851385873E-08
1.05369851385873E-08
1.05369851385873E-08
1.05369851385873E-08
1.05369851385873E-08
1.05369851385873E-08
1.05369851385873E-08
1.05369851385873E-08
1.05369851385873E-08
1.05369851385873E-08
1.05369851385873E-08
1.05369851385873E-08
1.05369851385873E-08
1.05369851385873E-08
1.05369851385873E-08
1.05369851385873E-08
1.05369851385873E-08
1.05369851385873E-08
1.05369851385873E-08
1.05369851385873E-08
1.05369851385873E-08
1.05369851385873E-08
1.05369851385873E-08
1.05369851385873E-08
1.05369851385873E-08
1.05369851385873E-08
1.05369851385873E-08
1.05369851385873E-08
1.05369851385873E-08
1.05369851385873E-08
1.05369851385873E-08
1.05369851385873E-08
1.05369851385873E-08
1.05369851385873E-08
1.05369851385873E-08
1.04535498590685E-08
1.04535498590685E-08
1.04535498590685E-08
1.04535498590685E-08
1.04535498590685E-08
1.04535498590685E-08
1.04535498590685E-08
1.04535498590685E-08
1.04535498590685E-08
1.04535498590685E-08
1.04535498590685E-08
1.04535498590685E-08
1.04535498590685E-08
1.04535498590685E-08
1.04535498590685E-08
1.04535498590685E-08
1.04535498590685E-08
1.04535498590685E-08
1.04535498590685E-08
1.04535498590685E-08
1.04535498590685E-08
1.04535498590685E-08
1.04535498590685E-08
1.04535498590685E-08
1.04535498590685E-08
1.04535498590685E-08
1.04535498590685E-08
1.04535498590685E-08
1.04535498590685E-08
1.04535498590685E-08
1.04535498590685E-08
1.04535498590685E-08
1.04535498590685E-08
1.04535498590685E-08
1.04535498590685E-08
1.04535498590685E-08
1.04535498590685E-08
1.04535498590685E-08
1.04535498590685E-08
8.54273205647127E-09
8.54273205647127E-09
8.54273205647127E-09
8.54273205647127E-09
8.54273205647127E-09
8.54273205647127E-09
8.54273205647127E-09
8.54273205647127E-09
8.54273205647127E-09
8.54273205647127E-09
8.54273205647127E-09
8.54273205647127E-09
8.54273205647127E-09
8.54273205647127E-09
8.54273205647127E-09
8.54273205647127E-09
8.54273205647127E-09
8.54273205647127E-09
8.54273205647127E-09
8.54273205647127E-09
8.54273205647127E-09
8.54273205647127E-09
8.54273205647127E-09
8.54273205647127E-09
8.54273205647127E-09
8.54273205647127E-09
8.54273205647127E-09
8.54273205647127E-09
8.54273205647127E-09
8.54273205647127E-09
8.54273205647127E-09
8.54273205647127E-09
8.54273205647127E-09
8.54273205647127E-09
8.54273205647127E-09
8.54273205647127E-09
8.54273205647127E-09
8.54273205647127E-09
8.54273205647127E-09
8.54273205647127E-09
8.54273205647127E-09
8.54273205647127E-09
8.54273205647127E-09
6.07720283124502E-09
6.07720283124502E-09
6.07720283124502E-09
6.07720283124502E-09
5.90850023074463E-09
5.90850023074463E-09
5.90850023074463E-09
5.90850023074463E-09
5.90850023074463E-09
5.90850023074463E-09
5.90850023074463E-09
5.90850023074463E-09
5.90850023074463E-09
5.90850023074463E-09
5.90850023074463E-09
5.90850023074463E-09
5.90850023074463E-09
5.90850023074463E-09
5.90850023074463E-09
5.90850023074463E-09
5.90850023074463E-09
5.90850023074463E-09
5.90850023074463E-09
5.90850023074463E-09
5.90850023074463E-09
5.90850023074463E-09
5.72219488459425E-09
5.72219488459425E-09
5.72219488459425E-09
5.72219488459425E-09
5.72219488459425E-09
5.72219488459425E-09
5.33435922517311E-09
5.33435922517311E-09
5.33435922517311E-09
5.33435922517311E-09

