0.148341070991375
0.117139948331803
0.104307372429325
0.0442078437627542
0.0291973875967136
0.00748947628850949
0.00748947628850949
0.00518097154024922
0.00411173073521809
0.00411102741501165
0.00210944133203277
0.00210944133203277
0.00136179828001833
0.00136179828001833
0.00135014776985696
0.00089929552637805
0.00089929552637805
0.000273331510976316
0.000273331510976316
0.000273331510976316
0.000264456678866915
0.000233860788508972
0.000233860788508972
0.000233860788508972
0.000233860788508972
0.000231653576285622
0.000231653576285622
0.000162673717437592
0.000155911792546616
0.000155911792546616
0.000155911792546616
0.000155911792546616
0.000155911792546616
0.000154875904823839
0.000141328119833437
0.000141328119833437
0.000126594089548634
0.000126594089548634
8.71244627263588E-05
8.71244627263588E-05
6.8621459063137E-05
6.8621459063137E-05
2.74436757317964E-05
2.74436757317964E-05
2.74436757317964E-05
2.74436757317964E-05
2.74436757317964E-05
2.57529608039917E-05
2.57529608039917E-05
2.57529608039917E-05
2.57529608039917E-05
2.57529608039917E-05
1.88390397857495E-05
1.88390397857495E-05
8.50649344643264E-06
8.50649344643264E-06
8.50649344643264E-06
8.50649344643264E-06
8.50649344643264E-06
8.10592740206883E-06
8.10592740206883E-06
8.10592740206883E-06
8.10592740206883E-06
1.99783646463172E-06
1.99783646463172E-06
1.99783646463172E-06
1.99783646463172E-06
1.99783646463172E-06
1.99783646463172E-06
1.99783646463172E-06
1.99783646463172E-06
1.99783646463172E-06
1.99783646463172E-06
1.99783646463172E-06
1.99783646463172E-06
1.99783646463172E-06
1.99783646463172E-06
1.99783646463172E-06
1.99783646463172E-06
1.99783646463172E-06
1.99783646463172E-06
1.99783646463172E-06
1.99783646463172E-06
1.99783646463172E-06
1.99783646463172E-06
1.17679298789104E-06
1.17679298789104E-06
1.17679298789104E-06
1.17679298789104E-06
1.17679298789104E-06
1.17679298789104E-06
1.17679298789104E-06
1.17679298789104E-06
1.17679298789104E-06
1.17679298789104E-06
1.17679298789104E-06
1.17679298789104E-06
1.17679298789104E-06
1.17679298789104E-06
1.17679298789104E-06
1.17679298789104E-06
1.17679298789104E-06
1.17679298789104E-06
1.17679298789104E-06
1.17679298789104E-06
1.17679298789104E-06
1.17679298789104E-06
1.17679298789104E-06
1.17679298789104E-06
1.17679298789104E-06
1.17679298789104E-06
1.17679298789104E-06
1.17679298789104E-06
1.17679298789104E-06
1.17679298789104E-06
1.17679298789104E-06
1.17679298789104E-06
1.17679298789104E-06
1.17679298789104E-06
1.17679298789104E-06
1.17679298789104E-06
1.17679298789104E-06
1.17679298789104E-06
1.17679298789104E-06
1.17679298789104E-06
1.17679298789104E-06
1.17679298789104E-06
1.17679298789104E-06
1.17679298789104E-06
1.17679298789104E-06
1.17679298789104E-06
1.17679298789104E-06
1.17679298789104E-06
1.17679298789104E-06
2.6640909859516E-07
6.87928113572446E-08
6.87928113572446E-08
6.87928113572446E-08
6.87928113572446E-08
6.87928113572446E-08
6.87928113572446E-08
6.87928113572446E-08
6.87928113572446E-08
6.87928113572446E-08
6.87928113572446E-08
6.87928113572446E-08
6.87928113572446E-08
6.87928113572446E-08
6.87928113572446E-08
6.87928113572446E-08
6.87928113572446E-08
6.87928113572446E-08
6.87928113572446E-08
6.87928113572446E-08
6.87928113572446E-08
6.87928113572446E-08
6.87928113572446E-08
6.87928113572446E-08
6.87928113572446E-08
6.87928113572446E-08
6.87928113572446E-08
6.87928113572446E-08
6.87928113572446E-08
6.87928113572446E-08
6.87928113572446E-08
6.87928113572446E-08
6.87928113572446E-08
6.87928113572446E-08
6.87928113572446E-08
6.87928113572446E-08
6.87928113572446E-08
6.87928113572446E-08
6.87928113572446E-08
6.87928113572446E-08
6.87928113572446E-08
6.87928113572446E-08
6.87928113572446E-08
6.87928113572446E-08
6.87928113572446E-08
6.87928113572446E-08
6.87928113572446E-08
6.87928113572446E-08
6.87928113572446E-08
6.87928113572446E-08
6.87928113572446E-08
6.87928113572446E-08
6.87928113572446E-08
6.87928113572446E-08
6.87928113572446E-08
6.87928113572446E-08
6.87928113572446E-08
6.87928113572446E-08
6.87928113572446E-08
6.87928113572446E-08
6.87928113572446E-08
6.87928113572446E-08
4.7712806734706E-08
4.7712806734706E-08
4.7712806734706E-08
4.7712806734706E-08
4.7712806734706E-08
4.7712806734706E-08
4.7712806734706E-08
4.7712806734706E-08
4.7712806734706E-08
4.7712806734706E-08
4.7712806734706E-08
4.7712806734706E-08
4.7712806734706E-08
4.7712806734706E-08
4.7712806734706E-08
4.7712806734706E-08
4.7712806734706E-08
4.7712806734706E-08
4.7712806734706E-08
4.7712806734706E-08
4.7712806734706E-08
4.7712806734706E-08
4.7712806734706E-08
3.54484181535798E-08
3.54484181535798E-08
3.54484181535798E-08
3.54484181535798E-08
3.54484181535798E-08
3.54484181535798E-08
3.54484181535798E-08
3.54484181535798E-08
3.54484181535798E-08
3.54484181535798E-08
3.54484181535798E-08
3.54484181535798E-08
3.54484181535798E-08
3.54484181535798E-08
2.88277284971643E-08
2.88277284971643E-08
2.88277284971643E-08
1.16649562339676E-08
1.16649562339676E-08
1.16649562339676E-08
1.16649562339676E-08
1.16649562339676E-08
1.16649562339676E-08
1.16649562339676E-08
1.16649562339676E-08
1.16649562339676E-08
1.16649562339676E-08
1.16649562339676E-08
1.16649562339676E-08
1.16649562339676E-08
1.16649562339676E-08
1.16649562339676E-08
1.16649562339676E-08
1.16649562339676E-08
1.16649562339676E-08
1.16649562339676E-08
1.16649562339676E-08
1.16649562339676E-08
1.16649562339676E-08
1.16649562339676E-08
1.16649562339676E-08
1.16649562339676E-08
1.16649562339676E-08
1.16649562339676E-08
1.16649562339676E-08
1.16649562339676E-08
1.16649562339676E-08
1.16649562339676E-08
1.16649562339676E-08
1.16649562339676E-08
1.16649562339676E-08
1.16649562339676E-08
1.16649562339676E-08
1.16649562339676E-08
1.16649562339676E-08
1.16649562339676E-08
1.16649562339676E-08
1.16649562339676E-08
1.16649562339676E-08
1.16649562339676E-08
1.16649562339676E-08
1.16649562339676E-08
1.16649562339676E-08
1.16649562339676E-08
1.16649562339676E-08
1.16649562339676E-08
1.16649562339676E-08
6.54246285682342E-09
6.54246285682342E-09
6.54246285682342E-09
6.54246285682342E-09
6.54246285682342E-09
6.54246285682342E-09
5.12995412509495E-09
5.12995412509495E-09
5.12995412509495E-09
5.12995412509495E-09
5.12995412509495E-09
5.12995412509495E-09
5.12995412509495E-09
5.12995412509495E-09
5.12995412509495E-09
5.12995412509495E-09
5.12995412509495E-09
5.12995412509495E-09
5.12995412509495E-09
5.12995412509495E-09
5.12995412509495E-09
5.12995412509495E-09
5.12995412509495E-09
5.12995412509495E-09
5.12995412509495E-09
5.12995412509495E-09
5.12995412509495E-09
5.12995412509495E-09
5.12995412509495E-09
5.12995412509495E-09
5.12995412509495E-09
5.12995412509495E-09
5.12995412509495E-09
5.12995412509495E-09
5.12995412509495E-09
5.12995412509495E-09
5.12995412509495E-09
5.12995412509495E-09
5.12995412509495E-09
5.12995412509495E-09
3.7251156458461E-09
3.7251156458461E-09
3.7251156458461E-09
3.7251156458461E-09
3.7251156458461E-09
3.7251156458461E-09
3.7251156458461E-09
3.7251156458461E-09
3.7251156458461E-09
3.7251156458461E-09
2.08816397936357E-09
2.08816397936357E-09
2.08816397936357E-09
2.08816397936357E-09
2.08816397936357E-09
2.08816397936357E-09
2.08816397936357E-09
2.08816397936357E-09
2.08816397936357E-09
2.08816397936357E-09
2.08816397936357E-09
2.08816397936357E-09
2.08816397936357E-09
2.08816397936357E-09
2.08816397936357E-09
2.08816397936357E-09
2.08816397936357E-09
2.08816397936357E-09
2.08816397936357E-09
2.08816397936357E-09
2.08816397936357E-09
2.08816397936357E-09
2.08816397936357E-09
2.08816397936357E-09
2.08816397936357E-09
2.08816397936357E-09
2.08816397936357E-09
2.08816397936357E-09
2.08816397936357E-09
2.08816397936357E-09
2.08816397936357E-09
2.08816397936357E-09
2.08816397936357E-09
2.08816397936357E-09
1.06452529010326E-09
1.06452529010326E-09
1.06452529010326E-09
1.06452529010326E-09
1.06452529010326E-09
1.06452529010326E-09
1.06452529010326E-09
1.06452529010326E-09
1.06452529010326E-09
1.06452529010326E-09
1.06452529010326E-09
1.06452529010326E-09
1.06452529010326E-09
1.06452529010326E-09
1.06452529010326E-09
1.06452529010326E-09
1.06452529010326E-09
1.06452529010326E-09
1.06452529010326E-09
1.06452529010326E-09
7.23804710862642E-10
7.23804710862642E-10
7.23804710862642E-10
7.23804710862642E-10
7.23804710862642E-10
7.23804710862642E-10
7.23804710862642E-10
7.23804710862642E-10
7.23804710862642E-10
7.23804710862642E-10
7.23804710862642E-10
7.23804710862642E-10
7.23804710862642E-10
7.23804710862642E-10
7.23804710862642E-10
7.23804710862642E-10
7.23804710862642E-10
7.23804710862642E-10
7.23804710862642E-10
7.23804710862642E-10
7.23804710862642E-10
7.23804710862642E-10
7.23804710862642E-10
7.23804710862642E-10
7.23804710862642E-10
7.23804710862642E-10
7.23804710862642E-10
7.23804710862642E-10
7.23804710862642E-10
7.23804710862642E-10
7.23804710862642E-10
7.23804710862642E-10
7.23804710862642E-10
7.23804710862642E-10
7.23804710862642E-10
7.23804710862642E-10
7.23804710862642E-10
7.23804710862642E-10
7.23804710862642E-10
7.23804710862642E-10
7.23804710862642E-10
7.23804710862642E-10
7.00798031371642E-10
7.00798031371642E-10
7.00798031371642E-10
7.00798031371642E-10
7.00798031371642E-10
7.00798031371642E-10
7.00798031371642E-10
7.00798031371642E-10
8.28894638091512E-11
8.28894638091512E-11
8.28894638091512E-11
8.28894638091512E-11
8.28894638091512E-11
8.28894638091512E-11
8.28894638091512E-11
8.28894638091512E-11
8.28894638091512E-11
8.28894638091512E-11
8.28894638091512E-11
8.28894638091512E-11
8.28894638091512E-11
8.28894638091512E-11
8.28894638091512E-11
8.28894638091512E-11
8.28894638091512E-11
8.28894638091512E-11
8.28894638091512E-11
8.28894638091512E-11
8.28894638091512E-11
1.98177441361313E-11
1.98177441361313E-11
1.98177441361313E-11
1.98177441361313E-11
1.98177441361313E-11
1.98177441361313E-11
1.98177441361313E-11
1.98177441361313E-11
1.98177441361313E-11
1.98177441361313E-11
5.5720090599952E-12
5.5720090599952E-12
5.5720090599952E-12
5.5720090599952E-12
5.5720090599952E-12
5.5720090599952E-12
5.5720090599952E-12
5.5720090599952E-12
5.5720090599952E-12
5.5720090599952E-12
5.5720090599952E-12
5.5720090599952E-12
5.5720090599952E-12
5.5720090599952E-12
5.5720090599952E-12
5.5720090599952E-12
5.5720090599952E-12
5.5720090599952E-12
5.5720090599952E-12
5.5720090599952E-12
5.5720090599952E-12
5.5720090599952E-12
5.5720090599952E-12
5.5720090599952E-12
5.5720090599952E-12
5.5720090599952E-12
5.5720090599952E-12
5.5720090599952E-12
5.5720090599952E-12

