0.458740294042391
0.120442578098607
0.0954513540710518
0.0339685181061384
0.0123941521399064
0.0120601144031234
0.0120601144031234
0.0107009422021903
0.00659027210209983
0.00591013326826365
0.00448600573176978
0.00448600573176978
0.00357570319429592
0.00357570319429592
0.00305908090638637
0.000956848795521908
0.000687815398017461
0.000545743412532607
0.000545743412532607
0.000545743412532607
0.000530327233147998
0.000519814733047509
0.000510132030174443
0.000510132030174443
0.000347185973047448
0.000347185973047448
0.000347185973047448
0.000347185973047448
0.000347185973047448
0.000347185973047448
0.000211412850737534
0.000211412850737534
0.000211412850737534
0.000211412850737534
0.000114032452326655
0.000114032452326655
0.000114032452326655
6.23804715806295E-05
5.57151619696682E-05
5.57151619696682E-05
5.57151619696682E-05
5.57151619696682E-05
5.57151619696682E-05
5.57151619696682E-05
5.04902030906453E-05
4.78818245961549E-05
4.77577165279262E-05
4.77577165279262E-05
3.37360390637136E-05
3.37360390637136E-05
3.37360390637136E-05
3.37360390637136E-05
3.37360390637136E-05
3.37360390637136E-05
3.37360390637136E-05
3.37360390637136E-05
2.90222632741421E-05
2.90222632741421E-05
2.90222632741421E-05
2.90222632741421E-05
2.77530535970627E-05
1.54111533431367E-05
1.54111533431367E-05
1.54111533431367E-05
1.51344359117442E-05
1.51344359117442E-05
1.00627029427994E-05
1.00627029427994E-05
1.00627029427994E-05
1.00627029427994E-05
5.50272234844593E-06
5.50272234844593E-06
5.50272234844593E-06
5.50272234844593E-06
5.50272234844593E-06
5.50272234844593E-06
5.50272234844593E-06
5.50272234844593E-06
5.50272234844593E-06
5.50272234844593E-06
5.50272234844593E-06
5.50272234844593E-06
5.50272234844593E-06
5.50272234844593E-06
3.76392260051026E-06
3.76392260051026E-06
3.76392260051026E-06
3.76392260051026E-06
3.76392260051026E-06
3.76392260051026E-06
3.76392260051026E-06
1.97404857058339E-06
1.97404857058339E-06
1.97404857058339E-06
1.97404857058339E-06
1.97404857058339E-06
1.97404857058339E-06
1.97404857058339E-06
1.97404857058339E-06
1.97404857058339E-06
1.97404857058339E-06
1.78359882577195E-06
1.78359882577195E-06
1.78359882577195E-06
1.78359882577195E-06
1.78359882577195E-06
1.78359882577195E-06
1.78359882577195E-06
1.78359882577195E-06
1.78359882577195E-06
1.78359882577195E-06
1.78359882577195E-06
1.78359882577195E-06
1.44347689422231E-06
1.44347689422231E-06
1.44347689422231E-06
9.40556130746978E-07
9.40556130746978E-07
9.40556130746978E-07
9.40556130746978E-07
9.40556130746978E-07
9.40556130746978E-07
1.97512926205373E-07
1.97512926205373E-07
1.97512926205373E-07
1.97512926205373E-07
1.97512926205373E-07
1.97512926205373E-07
1.97512926205373E-07
1.97512926205373E-07
1.97512926205373E-07
1.97512926205373E-07
1.97512926205373E-07
1.97512926205373E-07
1.97512926205373E-07
1.97512926205373E-07
1.97512926205373E-07
1.97512926205373E-07
1.97512926205373E-07
1.97512926205373E-07
1.97512926205373E-07
1.97512926205373E-07
1.97512926205373E-07
1.97512926205373E-07
1.97512926205373E-07
1.97512926205373E-07
1.97512926205373E-07
1.56903511430023E-07
1.56903511430023E-07
1.56903511430023E-07
1.56903511430023E-07
1.56903511430023E-07
1.56903511430023E-07
1.56903511430023E-07
1.56903511430023E-07
1.56903511430023E-07
1.56903511430023E-07
1.56903511430023E-07
1.56903511430023E-07
1.56903511430023E-07
1.56903511430023E-07
1.56903511430023E-07
1.56903511430023E-07
1.56903511430023E-07
1.56903511430023E-07
1.56903511430023E-07
1.56903511430023E-07
1.56903511430023E-07
1.56903511430023E-07
1.56903511430023E-07
1.56903511430023E-07
1.56903511430023E-07
1.56903511430023E-07
1.56903511430023E-07
1.56903511430023E-07
1.56903511430023E-07
1.56903511430023E-07
1.56903511430023E-07
1.56903511430023E-07
1.56903511430023E-07
1.56903511430023E-07
1.56903511430023E-07
1.56903511430023E-07
1.56903511430023E-07
1.56903511430023E-07
1.56903511430023E-07
1.56903511430023E-07
1.56903511430023E-07
1.56903511430023E-07
1.56903511430023E-07
1.56903511430023E-07
1.56903511430023E-07
1.32430296718306E-07
1.32430296718306E-07
1.32430296718306E-07
1.32430296718306E-07
1.32430296718306E-07
1.32430296718306E-07
1.32430296718306E-07
1.32430296718306E-07
1.32430296718306E-07
1.32430296718306E-07
1.32430296718306E-07
1.32430296718306E-07
1.32430296718306E-07
1.32430296718306E-07
1.32430296718306E-07
1.32430296718306E-07
1.32430296718306E-07
1.32430296718306E-07
1.32430296718306E-07
1.32430296718306E-07
1.32430296718306E-07
1.32430296718306E-07
1.32430296718306E-07
1.32430296718306E-07
1.32430296718306E-07
1.32430296718306E-07
1.32430296718306E-07
1.32430296718306E-07
1.32430296718306E-07
1.32430296718306E-07
1.32430296718306E-07
1.32430296718306E-07
1.32430296718306E-07
1.32430296718306E-07
1.32430296718306E-07
1.32430296718306E-07
1.32430296718306E-07
1.32430296718306E-07
1.32430296718306E-07
1.32430296718306E-07
1.32430296718306E-07
1.32430296718306E-07
1.32430296718306E-07
1.32430296718306E-07
1.32430296718306E-07
1.32430296718306E-07
1.32430296718306E-07
1.32430296718306E-07
1.32430296718306E-07
1.32430296718306E-07
1.32430296718306E-07
1.32430296718306E-07
1.32430296718306E-07
1.32430296718306E-07
1.32430296718306E-07
1.32430296718306E-07
1.32430296718306E-07
1.32430296718306E-07
1.21373436492295E-07
1.21373436492295E-07
1.21373436492295E-07
1.21373436492295E-07
1.21373436492295E-07
1.21373436492295E-07
1.21373436492295E-07
1.21373436492295E-07
1.21373436492295E-07
1.21373436492295E-07
1.21373436492295E-07
1.21373436492295E-07
1.21373436492295E-07
1.21373436492295E-07
1.21373436492295E-07
1.21373436492295E-07
1.21373436492295E-07
1.21373436492295E-07
1.21373436492295E-07
1.21373436492295E-07
1.21373436492295E-07
1.21373436492295E-07
1.21373436492295E-07
1.21373436492295E-07
1.21373436492295E-07
1.21373436492295E-07
1.21373436492295E-07
1.21373436492295E-07
1.21373436492295E-07
1.21373436492295E-07
1.21373436492295E-07
1.21373436492295E-07
1.21373436492295E-07
1.21373436492295E-07
1.21373436492295E-07
1.21373436492295E-07
1.1997863255328E-07
1.1997863255328E-07
1.1997863255328E-07
1.1997863255328E-07
1.1997863255328E-07
1.1997863255328E-07
1.1997863255328E-07
1.1997863255328E-07
1.1997863255328E-07
1.1997863255328E-07
1.1997863255328E-07
1.1997863255328E-07
1.1997863255328E-07
1.1997863255328E-07
1.1997863255328E-07
1.1997863255328E-07
1.1997863255328E-07
1.1997863255328E-07
1.1997863255328E-07
1.1997863255328E-07
1.1997863255328E-07
1.1997863255328E-07
1.1997863255328E-07
1.1997863255328E-07
1.1997863255328E-07
1.1997863255328E-07
1.1997863255328E-07
1.03644338438069E-07
1.03644338438069E-07
1.03644338438069E-07
1.03644338438069E-07
1.03644338438069E-07
1.03644338438069E-07
1.03644338438069E-07
1.03644338438069E-07
1.03644338438069E-07
1.03644338438069E-07
1.03644338438069E-07
1.03644338438069E-07
1.03644338438069E-07
9.85971726243096E-08
8.34388429286903E-08
8.34388429286903E-08
8.34388429286903E-08
8.34388429286903E-08
8.34388429286903E-08
8.34388429286903E-08
8.34388429286903E-08
8.34388429286903E-08
8.34388429286903E-08
8.34388429286903E-08
8.34388429286903E-08
7.77231720927585E-08
7.77231720927585E-08
7.77231720927585E-08
7.77231720927585E-08
7.77231720927585E-08
7.77231720927585E-08
7.77231720927585E-08
7.77231720927585E-08
7.77231720927585E-08
7.77231720927585E-08
7.77231720927585E-08
7.747165307187E-08
7.747165307187E-08
7.747165307187E-08
7.747165307187E-08
7.747165307187E-08
7.747165307187E-08
7.747165307187E-08
7.747165307187E-08
6.94435198303478E-08
2.64077651343508E-08
2.64077651343508E-08
2.64077651343508E-08
2.64077651343508E-08
2.64077651343508E-08
2.64077651343508E-08
2.64077651343508E-08
2.64077651343508E-08
2.64077651343508E-08
2.64077651343508E-08
2.64077651343508E-08
2.64077651343508E-08
2.64077651343508E-08
2.64077651343508E-08
2.64077651343508E-08
2.64077651343508E-08
2.64077651343508E-08
2.58523655816134E-08
2.58523655816134E-08
2.58523655816134E-08
2.58523655816134E-08
2.58523655816134E-08
2.58523655816134E-08
2.58523655816134E-08
2.58523655816134E-08
2.58523655816134E-08
2.58523655816134E-08
2.58523655816134E-08
2.58523655816134E-08
1.32709555740462E-08
1.32709555740462E-08
1.32709555740462E-08
1.32709555740462E-08
1.32709555740462E-08
1.32709555740462E-08
1.32709555740462E-08
1.32709555740462E-08
1.32709555740462E-08
1.32709555740462E-08
1.32709555740462E-08
1.32709555740462E-08
1.32709555740462E-08
1.32709555740462E-08
1.32709555740462E-08
1.32709555740462E-08
1.19093585791707E-08
1.19093585791707E-08
1.19093585791707E-08
1.19093585791707E-08
1.19093585791707E-08
1.19093585791707E-08
7.68743870990796E-09
7.68743870990796E-09
7.68743870990796E-09
7.68743870990796E-09
7.68743870990796E-09
7.68743870990796E-09
7.68743870990796E-09
7.68743870990796E-09
7.68743870990796E-09
7.68743870990796E-09
7.68743870990796E-09
7.68743870990796E-09
7.68743870990796E-09
7.68743870990796E-09
7.68743870990796E-09
7.68743870990796E-09
7.68743870990796E-09
7.68743870990796E-09
7.68743870990796E-09
7.68743870990796E-09
7.68743870990796E-09
7.68743870990796E-09
7.68743870990796E-09
7.68743870990796E-09
7.68743870990796E-09
7.68743870990796E-09
7.26698023631456E-09
7.26698023631456E-09
7.26698023631456E-09
7.26698023631456E-09
7.26698023631456E-09
7.26698023631456E-09
7.26698023631456E-09
7.26698023631456E-09
7.26698023631456E-09
7.26698023631456E-09
7.26698023631456E-09
7.26698023631456E-09
7.26698023631456E-09
7.26698023631456E-09
7.26698023631456E-09
7.26698023631456E-09
7.26698023631456E-09
7.26698023631456E-09
7.26698023631456E-09
6.83450785202155E-09
6.83450785202155E-09
6.83450785202155E-09
6.83450785202155E-09
6.83450785202155E-09
6.83450785202155E-09
6.83450785202155E-09
6.83450785202155E-09
4.99828193070706E-09
4.99828193070706E-09
4.99828193070706E-09
4.99828193070706E-09
4.99828193070706E-09
4.99828193070706E-09
4.99828193070706E-09
4.99828193070706E-09
4.99828193070706E-09
4.99828193070706E-09
4.99828193070706E-09
4.99828193070706E-09
4.99828193070706E-09
4.99828193070706E-09
4.99828193070706E-09
4.99828193070706E-09
4.99828193070706E-09
4.99828193070706E-09
4.99828193070706E-09
4.99828193070706E-09
4.99828193070706E-09
4.99828193070706E-09
4.99828193070706E-09
4.99828193070706E-09
4.99828193070706E-09
4.99828193070706E-09
4.99828193070706E-09
4.99828193070706E-09
4.99828193070706E-09
4.99828193070706E-09
4.99828193070706E-09
4.99828193070706E-09
4.99828193070706E-09
4.83952049962211E-09
4.83952049962211E-09
4.83952049962211E-09
4.83952049962211E-09
4.83952049962211E-09

