0.0945581559124542
0.0805199853590698
0.0446938999144087
0.0430858412676013
0.0115848710051093
0.0115848710051093
0.0115848710051093
0.0104499006923623
0.00412932987434955
0.00354487880467489
0.000665744903714473
0.000665744903714473
0.000663054358485731
0.000660284620578272
0.000651838212110267
0.000651838212110267
0.000453934421286852
0.000453934421286852
0.000434063021014865
0.000434063021014865
0.000434063021014865
0.000283748406860691
0.000246663272038828
0.000160108628981028
0.000124061646234845
0.000124061646234845
0.000124061646234845
0.000124061646234845
8.32738251040619E-05
8.32738251040619E-05
8.32738251040619E-05
8.32738251040619E-05
8.32738251040619E-05
8.32738251040619E-05
8.32738251040619E-05
8.18038667619078E-05
6.1351037429725E-05
6.1351037429725E-05
6.1351037429725E-05
6.1351037429725E-05
2.55411706944534E-05
2.55411706944534E-05
2.55411706944534E-05
2.55411706944534E-05
2.55411706944534E-05
2.55411706944534E-05
2.55411706944534E-05
2.55411706944534E-05
4.58021273093965E-06
1.5048484612489E-06
1.5048484612489E-06
1.5048484612489E-06
1.5048484612489E-06
1.5048484612489E-06
1.5048484612489E-06
1.5048484612489E-06
1.5048484612489E-06
1.5048484612489E-06
1.5048484612489E-06
1.5048484612489E-06
1.5048484612489E-06
1.5048484612489E-06
1.5048484612489E-06
1.5048484612489E-06
1.5048484612489E-06
1.5048484612489E-06
1.5048484612489E-06
1.5048484612489E-06
1.5048484612489E-06
1.5048484612489E-06
1.5048484612489E-06
1.5048484612489E-06
1.5048484612489E-06
1.5048484612489E-06
1.5048484612489E-06
1.5048484612489E-06
1.5048484612489E-06
1.5048484612489E-06
1.5048484612489E-06
1.5048484612489E-06
1.5048484612489E-06
1.5048484612489E-06
1.5048484612489E-06
1.5048484612489E-06
1.5048484612489E-06
1.5048484612489E-06
1.5048484612489E-06
1.5048484612489E-06
1.5048484612489E-06
1.5048484612489E-06
1.5048484612489E-06
1.5048484612489E-06
1.5048484612489E-06
1.5048484612489E-06
1.5048484612489E-06
1.5048484612489E-06
1.5048484612489E-06
1.5048484612489E-06
1.5048484612489E-06
1.5048484612489E-06
1.5048484612489E-06
1.5048484612489E-06
1.5048484612489E-06
1.5048484612489E-06
1.5048484612489E-06
1.5048484612489E-06
1.5048484612489E-06
1.19303300480866E-06
1.19303300480866E-06
1.19303300480866E-06
1.19303300480866E-06
1.19303300480866E-06
1.19303300480866E-06
1.19303300480866E-06
1.19303300480866E-06
1.19303300480866E-06
1.19303300480866E-06
1.19303300480866E-06
1.19303300480866E-06
1.19303300480866E-06
1.19303300480866E-06
1.19303300480866E-06
1.19303300480866E-06
1.19303300480866E-06
1.19303300480866E-06
1.19303300480866E-06
1.19303300480866E-06
1.19303300480866E-06
1.19303300480866E-06
1.19303300480866E-06
1.19303300480866E-06
1.19303300480866E-06
1.19303300480866E-06
1.19303300480866E-06
1.19303300480866E-06
1.19303300480866E-06
1.19303300480866E-06
1.19303300480866E-06
1.19303300480866E-06
1.19303300480866E-06
1.19303300480866E-06
1.19303300480866E-06
1.19303300480866E-06
1.19303300480866E-06
1.19303300480866E-06
1.19303300480866E-06
1.19303300480866E-06
1.19303300480866E-06
1.19303300480866E-06
1.19303300480866E-06
1.19303300480866E-06
1.19303300480866E-06
1.19303300480866E-06
1.19303300480866E-06
5.30988860232302E-07
5.30988860232302E-07
5.30988860232302E-07
5.30988860232302E-07
5.30988860232302E-07
5.30988860232302E-07
5.30988860232302E-07
5.30988860232302E-07
5.30988860232302E-07
5.30988860232302E-07
5.30988860232302E-07
5.30988860232302E-07
5.30988860232302E-07
5.30988860232302E-07
5.30988860232302E-07
5.30988860232302E-07
5.30988860232302E-07
5.30988860232302E-07
5.30988860232302E-07
1.58587673264646E-07
1.58587673264646E-07
1.58587673264646E-07
1.58587673264646E-07
1.58587673264646E-07
7.01965031862451E-08
7.01965031862451E-08
7.01965031862451E-08
7.01965031862451E-08
7.01965031862451E-08
7.01965031862451E-08
7.01965031862451E-08
7.01965031862451E-08
7.01965031862451E-08
7.01965031862451E-08
7.01965031862451E-08
7.01965031862451E-08
7.01965031862451E-08
7.01965031862451E-08
7.01965031862451E-08
7.01965031862451E-08
7.01965031862451E-08
7.01965031862451E-08
7.01965031862451E-08
7.01965031862451E-08
7.01965031862451E-08
7.01965031862451E-08
7.01965031862451E-08
7.01965031862451E-08
7.01965031862451E-08
7.01965031862451E-08
7.01965031862451E-08
7.01965031862451E-08
7.01965031862451E-08
7.01965031862451E-08
7.01965031862451E-08
7.01965031862451E-08
7.01965031862451E-08
7.01965031862451E-08
7.01965031862451E-08
7.01965031862451E-08
7.01965031862451E-08
7.01965031862451E-08
7.01965031862451E-08
7.01965031862451E-08
7.01965031862451E-08
7.01965031862451E-08
7.01965031862451E-08
7.01965031862451E-08
7.01965031862451E-08
2.55633222748545E-08
2.55633222748545E-08
2.55633222748545E-08
2.55633222748545E-08
2.55633222748545E-08
2.55633222748545E-08
2.55633222748545E-08
2.55633222748545E-08
2.55633222748545E-08
2.55633222748545E-08
2.55633222748545E-08
2.55633222748545E-08
2.55633222748545E-08
2.55633222748545E-08
2.55633222748545E-08
2.55633222748545E-08
2.55633222748545E-08
2.55633222748545E-08
2.55633222748545E-08
2.55633222748545E-08
2.55633222748545E-08
2.55633222748545E-08
2.55633222748545E-08
2.55633222748545E-08
2.55633222748545E-08
2.55633222748545E-08
2.55633222748545E-08
2.55633222748545E-08
2.55633222748545E-08
2.55633222748545E-08
2.55633222748545E-08
2.55633222748545E-08
2.55633222748545E-08
2.55633222748545E-08
2.55633222748545E-08
2.55633222748545E-08
2.55633222748545E-08
2.55633222748545E-08
2.55633222748545E-08
2.55633222748545E-08
2.55633222748545E-08
2.55633222748545E-08
2.55633222748545E-08
2.55633222748545E-08
2.55633222748545E-08
2.55633222748545E-08
2.55633222748545E-08
2.55633222748545E-08
2.55633222748545E-08
2.55633222748545E-08
2.55633222748545E-08
2.55633222748545E-08
2.55633222748545E-08
2.55633222748545E-08
2.55633222748545E-08
2.55633222748545E-08
2.55633222748545E-08
2.55633222748545E-08
2.55633222748545E-08
2.55633222748545E-08
2.55633222748545E-08
2.55633222748545E-08
2.55633222748545E-08
2.55633222748545E-08
2.55633222748545E-08
2.55633222748545E-08
2.55633222748545E-08
2.55633222748545E-08
2.55633222748545E-08
2.55633222748545E-08
2.55633222748545E-08
2.55633222748545E-08
2.55633222748545E-08
2.55633222748545E-08
2.55633222748545E-08
2.55633222748545E-08
2.55633222748545E-08
2.55633222748545E-08
2.55633222748545E-08
2.34305117529114E-08
2.34305117529114E-08
2.34305117529114E-08
2.34305117529114E-08
2.34305117529114E-08
2.34305117529114E-08
2.34305117529114E-08
2.34305117529114E-08
2.34305117529114E-08
2.34305117529114E-08
2.34305117529114E-08
2.34305117529114E-08
2.34305117529114E-08
2.34305117529114E-08
2.34305117529114E-08
2.34305117529114E-08
2.34305117529114E-08
2.34305117529114E-08
2.34305117529114E-08
2.34305117529114E-08
2.34305117529114E-08
2.34305117529114E-08
2.34305117529114E-08
2.34305117529114E-08
2.34305117529114E-08
2.34305117529114E-08
2.34305117529114E-08
2.34305117529114E-08
2.34305117529114E-08
2.34305117529114E-08
2.34305117529114E-08
2.34305117529114E-08
2.34305117529114E-08
2.34305117529114E-08
2.34305117529114E-08
2.34305117529114E-08
2.34305117529114E-08
1.12831099097124E-08
1.12831099097124E-08
1.12831099097124E-08
1.12831099097124E-08
1.12831099097124E-08
1.12831099097124E-08
1.12831099097124E-08
1.12831099097124E-08
1.12831099097124E-08
1.12831099097124E-08
1.12831099097124E-08
1.12831099097124E-08
6.47969391435067E-09
6.47969391435067E-09
6.47969391435067E-09
6.47969391435067E-09
6.47969391435067E-09
6.47969391435067E-09
6.47969391435067E-09
6.47969391435067E-09
6.47969391435067E-09
6.47969391435067E-09
6.47969391435067E-09
6.47969391435067E-09
6.47969391435067E-09
6.47969391435067E-09
6.47969391435067E-09
6.47969391435067E-09
6.47969391435067E-09
6.47969391435067E-09
6.47969391435067E-09
6.47969391435067E-09
6.47969391435067E-09
6.47969391435067E-09
6.47969391435067E-09
6.47969391435067E-09
6.47969391435067E-09
5.20848673912777E-09
5.20848673912777E-09
5.20848673912777E-09
5.20848673912777E-09
5.20848673912777E-09
5.20848673912777E-09
5.20848673912777E-09
5.20848673912777E-09
5.20848673912777E-09
5.20848673912777E-09
5.20848673912777E-09
5.20848673912777E-09
5.20848673912777E-09
5.20848673912777E-09
5.20848673912777E-09
5.20848673912777E-09
3.11864533058658E-09
3.11864533058658E-09
3.11864533058658E-09
3.11864533058658E-09
3.11864533058658E-09
3.11864533058658E-09
3.11864533058658E-09
3.11864533058658E-09
3.11864533058658E-09
3.11864533058658E-09
3.11864533058658E-09
3.11864533058658E-09
3.11864533058658E-09
3.11864533058658E-09
3.11864533058658E-09
3.11864533058658E-09
3.02250884693864E-09
3.02250884693864E-09
3.02250884693864E-09
3.02250884693864E-09
3.02250884693864E-09
3.02250884693864E-09
3.02250884693864E-09
3.02250884693864E-09
3.02250884693864E-09
3.02250884693864E-09
3.02250884693864E-09
3.02250884693864E-09
3.02250884693864E-09
3.02250884693864E-09
3.02250884693864E-09
3.02250884693864E-09
3.02250884693864E-09
3.02250884693864E-09
3.02250884693864E-09
3.02250884693864E-09
3.02250884693864E-09
3.02250884693864E-09
3.02250884693864E-09
3.02250884693864E-09
3.02250884693864E-09
3.02250884693864E-09
3.02250884693864E-09
3.02250884693864E-09
3.02250884693864E-09
3.02250884693864E-09
3.02250884693864E-09
3.02250884693864E-09
3.02250884693864E-09
3.02250884693864E-09
3.02250884693864E-09
3.02250884693864E-09
3.02250884693864E-09
3.02250884693864E-09
3.02250884693864E-09
3.02250884693864E-09
3.02250884693864E-09
3.02250884693864E-09
3.02250884693864E-09
3.02250884693864E-09
3.02250884693864E-09
3.02250884693864E-09
3.02250884693864E-09
3.02250884693864E-09
3.02250884693864E-09
3.02250884693864E-09
3.02250884693864E-09
2.6525428237353E-09
2.56203366454013E-09
2.56203366454013E-09
2.56203366454013E-09
2.56203366454013E-09
2.56203366454013E-09
2.56203366454013E-09
2.56203366454013E-09
2.56203366454013E-09
2.56203366454013E-09
2.56203366454013E-09
2.56203366454013E-09
2.56203366454013E-09
2.56203366454013E-09
2.56203366454013E-09
2.56203366454013E-09
2.56203366454013E-09
2.56203366454013E-09
2.56203366454013E-09
2.56203366454013E-09
2.56203366454013E-09
2.56203366454013E-09
2.56203366454013E-09
2.56203366454013E-09
2.56203366454013E-09
2.56203366454013E-09
2.56203366454013E-09
2.56203366454013E-09
2.56203366454013E-09
2.56203366454013E-09
2.56203366454013E-09
2.56203366454013E-09
2.56203366454013E-09
2.56203366454013E-09
2.56203366454013E-09
2.56203366454013E-09
2.56203366454013E-09
2.56203366454013E-09
2.56203366454013E-09
2.56203366454013E-09
2.56203366454013E-09

