0.722345037670278
0.703709115599917
0.476072987775407
0.38192979903126
0.331777996952573
0.265685560796044
0.125608070131324
0.125608070131324
0.0959193506974549
0.0832329260571272
0.073172745941528
0.0218756840341901
0.0218756840341901
0.0207702834704468
0.0207702834704468
0.0207702834704468
0.0207702834704468
0.0193528677199622
0.0167641847244845
0.014143560490939
0.00923307820892486
0.00721882235351434
0.00721882235351434
0.00721882235351434
0.00721882235351434
0.00268695227928275
0.00268695227928275
0.00152539251223748
0.00152539251223748
0.00152539251223748
0.00152539251223748
0.00152539251223748
0.00150533308357278
0.00150533308357278
0.00104031860354124
0.00104031860354124
0.00104031860354124
0.00104031860354124
0.00104031860354124
0.000695499146788872
0.000695499146788872
0.000695499146788872
0.000671446971876247
0.000671446971876247
0.000671446971876247
0.000671446971876247
0.000671446971876247
0.000671446971876247
0.000671446971876247
0.000671446971876247
0.00057682644254391
0.000394488922605269
0.000159410101989031
0.000159410101989031
0.000159410101989031
0.000159410101989031
0.000159410101989031
0.000159410101989031
0.000159410101989031
0.000159410101989031
0.000159410101989031
0.000159410101989031
0.000159410101989031
0.000159410101989031
0.000159410101989031
0.000159410101989031
0.000159410101989031
0.000159410101989031
0.000159410101989031
0.000159410101989031
0.000159410101989031
0.000159410101989031
0.000159410101989031
0.000159410101989031
0.000159410101989031
0.000159410101989031
0.000159410101989031
0.000159410101989031
0.000159410101989031
0.000159410101989031
9.1995678892869E-05
9.1995678892869E-05
9.1995678892869E-05
9.1995678892869E-05
9.1995678892869E-05
9.1995678892869E-05
9.1995678892869E-05
5.39791906888203E-05
5.39791906888203E-05
5.39791906888203E-05
5.39791906888203E-05
5.39791906888203E-05
5.39791906888203E-05
5.39791906888203E-05
5.39791906888203E-05
5.39791906888203E-05
5.39791906888203E-05
5.39791906888203E-05
5.39791906888203E-05
5.39791906888203E-05
5.39791906888203E-05
5.39791906888203E-05
5.39791906888203E-05
5.39791906888203E-05
5.39791906888203E-05
5.39791906888203E-05
3.96896759251864E-05
3.22973631156672E-05
3.22973631156672E-05
3.22973631156672E-05
3.22973631156672E-05
3.22973631156672E-05
3.22973631156672E-05
3.22973631156672E-05
3.22973631156672E-05
3.22973631156672E-05
3.22973631156672E-05
3.22973631156672E-05
3.22973631156672E-05
3.22973631156672E-05
3.22973631156672E-05
3.22973631156672E-05
3.22973631156672E-05
3.22973631156672E-05
3.22973631156672E-05
3.22973631156672E-05
3.22973631156672E-05
3.22973631156672E-05
3.22973631156672E-05
3.22973631156672E-05
3.22973631156672E-05
3.22973631156672E-05
3.22973631156672E-05
3.22973631156672E-05
3.22973631156672E-05
3.22973631156672E-05
3.22973631156672E-05
3.22973631156672E-05
3.22973631156672E-05
3.22973631156672E-05
3.22973631156672E-05
3.22973631156672E-05
3.22973631156672E-05
3.22973631156672E-05
3.22973631156672E-05
3.22973631156672E-05
3.22973631156672E-05
3.22973631156672E-05
3.22973631156672E-05
3.22973631156672E-05
3.22973631156672E-05
3.22973631156672E-05
3.22973631156672E-05
3.22973631156672E-05
3.22973631156672E-05
3.22973631156672E-05
3.22973631156672E-05
3.04240985164026E-05
3.04240985164026E-05
3.04240985164026E-05
3.04240985164026E-05
3.04240985164026E-05
3.04240985164026E-05
3.04240985164026E-05
3.04240985164026E-05
3.04240985164026E-05
3.04240985164026E-05
3.04240985164026E-05
3.04240985164026E-05
3.04240985164026E-05
3.04240985164026E-05
3.04240985164026E-05
3.04240985164026E-05
3.04240985164026E-05
3.04240985164026E-05
3.04240985164026E-05
3.04240985164026E-05
3.04240985164026E-05
3.04240985164026E-05
3.04240985164026E-05
3.04240985164026E-05
3.04240985164026E-05
3.04240985164026E-05
3.04240985164026E-05
3.04240985164026E-05
3.04240985164026E-05
3.04240985164026E-05
3.04240985164026E-05
3.04240985164026E-05
3.04240985164026E-05
3.04240985164026E-05
3.04240985164026E-05
3.04240985164026E-05
3.04240985164026E-05
3.04240985164026E-05
3.04240985164026E-05
3.04240985164026E-05
3.04240985164026E-05
3.04240985164026E-05
3.04240985164026E-05
3.04240985164026E-05
3.04240985164026E-05
3.04240985164026E-05
3.04240985164026E-05
3.04240985164026E-05
3.04240985164026E-05
2.93539187788225E-05
2.93539187788225E-05
2.93539187788225E-05
2.93539187788225E-05
2.71395164898535E-05
2.71395164898535E-05
2.71395164898535E-05
2.70255957913802E-05
2.70255957913802E-05
2.70255957913802E-05
2.70255957913802E-05
2.70255957913802E-05
2.70255957913802E-05
2.70255957913802E-05
2.70255957913802E-05
2.70255957913802E-05
2.70255957913802E-05
2.70255957913802E-05
2.35284927168135E-05
2.35284927168135E-05
2.35284927168135E-05
2.35284927168135E-05
2.35284927168135E-05
2.35284927168135E-05
2.35284927168135E-05
2.35284927168135E-05
2.35284927168135E-05
2.35284927168135E-05
2.35284927168135E-05
2.35284927168135E-05
2.35284927168135E-05
2.35284927168135E-05
2.35284927168135E-05
2.35284927168135E-05
2.35284927168135E-05
2.35284927168135E-05
2.35284927168135E-05
2.35284927168135E-05
2.35284927168135E-05
2.35284927168135E-05
2.35284927168135E-05
2.35284927168135E-05
2.35284927168135E-05
1.74681844555126E-05
1.74681844555126E-05
1.74681844555126E-05
1.74681844555126E-05
1.74681844555126E-05
1.74681844555126E-05
1.74681844555126E-05
1.74681844555126E-05
1.74681844555126E-05
1.74681844555126E-05
1.74681844555126E-05
1.74681844555126E-05
1.74681844555126E-05
1.74681844555126E-05
1.74681844555126E-05
1.74681844555126E-05
1.74681844555126E-05
1.74681844555126E-05
1.74681844555126E-05
1.74681844555126E-05
1.74681844555126E-05
1.74681844555126E-05
1.49419120773534E-05
1.49419120773534E-05
1.49419120773534E-05
1.49419120773534E-05
1.49419120773534E-05
1.49419120773534E-05
1.49419120773534E-05
1.49419120773534E-05
1.49419120773534E-05
1.49419120773534E-05
1.49419120773534E-05
1.49419120773534E-05
1.49419120773534E-05
1.49419120773534E-05
1.49419120773534E-05
1.49419120773534E-05
1.49419120773534E-05
1.49419120773534E-05
1.05941113542014E-05
1.05941113542014E-05
1.05941113542014E-05
1.05941113542014E-05
1.05941113542014E-05
1.05941113542014E-05
1.05941113542014E-05
1.05941113542014E-05
1.05941113542014E-05
1.05941113542014E-05
1.05941113542014E-05
1.05941113542014E-05
1.05941113542014E-05
1.05941113542014E-05
1.05941113542014E-05
1.05941113542014E-05
1.05941113542014E-05
1.05941113542014E-05
1.05941113542014E-05
1.05941113542014E-05
1.05941113542014E-05
1.05941113542014E-05
1.05941113542014E-05
1.05941113542014E-05
1.05941113542014E-05
1.05941113542014E-05
1.05941113542014E-05
1.05941113542014E-05
1.05941113542014E-05
1.03606049427712E-05
1.03606049427712E-05
1.03606049427712E-05
1.03606049427712E-05
1.03606049427712E-05
1.03606049427712E-05
1.03606049427712E-05
1.03606049427712E-05
1.03606049427712E-05
1.03606049427712E-05
1.03606049427712E-05
1.03606049427712E-05
1.03606049427712E-05
1.03606049427712E-05
1.03606049427712E-05
1.03606049427712E-05
1.03606049427712E-05
1.03606049427712E-05
1.03606049427712E-05
1.03606049427712E-05
1.03606049427712E-05
1.03606049427712E-05
1.03606049427712E-05
1.03606049427712E-05
1.03606049427712E-05
1.03606049427712E-05
1.03606049427712E-05
1.03606049427712E-05
1.03606049427712E-05
1.03606049427712E-05
1.03606049427712E-05
1.03606049427712E-05
1.03606049427712E-05
1.03606049427712E-05
1.03606049427712E-05
1.03606049427712E-05
1.03606049427712E-05
1.03606049427712E-05
1.03606049427712E-05
1.03606049427712E-05
1.03606049427712E-05
1.03606049427712E-05
1.03606049427712E-05
1.03606049427712E-05
1.03606049427712E-05
1.03606049427712E-05
1.03606049427712E-05
1.03606049427712E-05
1.03606049427712E-05
1.03606049427712E-05
1.03606049427712E-05
1.03606049427712E-05
1.03606049427712E-05
1.03606049427712E-05
1.03606049427712E-05
1.03606049427712E-05
1.03606049427712E-05
1.03606049427712E-05
1.03606049427712E-05
1.03606049427712E-05
1.03606049427712E-05
1.03606049427712E-05
1.03606049427712E-05
1.03606049427712E-05
1.03606049427712E-05
1.03606049427712E-05
1.03606049427712E-05
1.03606049427712E-05
1.03606049427712E-05
1.03606049427712E-05
1.03606049427712E-05
1.03606049427712E-05
1.03606049427712E-05
1.03606049427712E-05
1.03606049427712E-05
1.03606049427712E-05
1.03606049427712E-05
1.03606049427712E-05
1.03606049427712E-05
1.03606049427712E-05
1.03606049427712E-05
1.03606049427712E-05
1.03606049427712E-05
1.03606049427712E-05
1.03606049427712E-05
1.03606049427712E-05
1.03606049427712E-05
1.03606049427712E-05
1.03606049427712E-05
1.03606049427712E-05
1.03606049427712E-05
1.03606049427712E-05
1.03606049427712E-05
1.03606049427712E-05
1.03606049427712E-05
1.03606049427712E-05
1.03606049427712E-05
1.03606049427712E-05
1.03606049427712E-05
1.03606049427712E-05
1.03606049427712E-05
1.03606049427712E-05
1.01039841097986E-05
1.01039841097986E-05
1.01039841097986E-05
1.01039841097986E-05
1.01039841097986E-05
6.73690310111183E-06
6.64896558886717E-06
6.05141368395802E-06
6.05141368395802E-06
6.05141368395802E-06
6.05141368395802E-06
6.05141368395802E-06
4.99309293702073E-06
4.99309293702073E-06
4.99309293702073E-06
4.99309293702073E-06
4.99309293702073E-06
4.99309293702073E-06
4.99309293702073E-06
4.99309293702073E-06
4.99309293702073E-06
4.99309293702073E-06
4.99309293702073E-06
4.99309293702073E-06
4.99309293702073E-06
4.99309293702073E-06
4.99309293702073E-06
4.99309293702073E-06
4.99309293702073E-06
4.99309293702073E-06
4.99309293702073E-06
3.73237113073778E-06
3.73237113073778E-06
3.73237113073778E-06
3.73237113073778E-06
3.73237113073778E-06
3.73237113073778E-06
3.73237113073778E-06
3.73237113073778E-06
3.73237113073778E-06
3.73237113073778E-06
3.73237113073778E-06
3.73237113073778E-06
3.73237113073778E-06
3.73237113073778E-06
3.73237113073778E-06
3.73237113073778E-06
3.73237113073778E-06
3.73237113073778E-06
3.73237113073778E-06
3.73237113073778E-06
3.73237113073778E-06
3.73237113073778E-06
3.73237113073778E-06
3.50499306171659E-06
3.50499306171659E-06
3.50499306171659E-06
3.50499306171659E-06
3.50499306171659E-06
3.50499306171659E-06
3.50499306171659E-06
3.50499306171659E-06
3.50499306171659E-06
3.50499306171659E-06
3.50499306171659E-06
3.50499306171659E-06
3.50499306171659E-06
3.50499306171659E-06
3.50499306171659E-06
3.23973347274419E-06
3.23973347274419E-06
3.23973347274419E-06
3.23973347274419E-06
3.23973347274419E-06
3.23973347274419E-06
3.23973347274419E-06
3.23973347274419E-06
3.23973347274419E-06
3.23973347274419E-06
3.23973347274419E-06

