0.619158050619529
0.563930503342327
0.408295416403038
0.341053311644843
0.313172583244433
0.236102227283336
0.126274779784059
0.0658022847129467
0.0658022847129467
0.0658022847129467
0.0614593754746753
0.0469373810847672
0.0378691334174612
0.0290311753939008
0.0253771593054094
0.0242795137476998
0.0224229919332291
0.0224229919332291
0.00567751059739976
0.00567751059739976
0.00567751059739976
0.00567751059739976
0.00567751059739976
0.00567751059739976
0.00567751059739976
0.00567751059739976
0.00497271126190164
0.00497271126190164
0.00497271126190164
0.00497271126190164
0.00497271126190164
0.00497271126190164
0.00497271126190164
0.00497271126190164
0.00497271126190164
0.00497271126190164
0.00497271126190164
0.00497271126190164
0.00497271126190164
0.00497271126190164
0.00497271126190164
0.00487747607650451
0.00487747607650451
0.00487747607650451
0.00487747607650451
0.00487747607650451
0.00487747607650451
0.00487747607650451
0.00487747607650451
0.00487747607650451
0.00487747607650451
0.00331558099080136
0.00331558099080136
0.00331558099080136
0.00331558099080136
0.00331260435799283
0.00331260435799283
0.00331260435799283
0.00303785259281122
0.00303785259281122
0.00303785259281122
0.00303785259281122
0.00303785259281122
0.00303785259281122
0.00303785259281122
0.0028042512988171
0.0028042512988171
0.0028042512988171
0.0028042512988171
0.0028042512988171
0.0028042512988171
0.00273186839806434
0.00273186839806434
0.00273186839806434
0.00273186839806434
0.00273186839806434
0.00273186839806434
0.00273186839806434
0.00273186839806434
0.00268810446047451
0.00268810446047451
0.00268810446047451
0.00226042253663553
0.00226042253663553
0.00226042253663553
0.00226042253663553
0.00223035028548313
0.00223035028548313
0.00223035028548313
0.00223035028548313
0.00218067240067451
0.00218067240067451
0.00218067240067451
0.00218067240067451
0.00214751332385703
0.00206986544455218
0.00206986544455218
0.00206986544455218
0.00206986544455218
0.00206986544455218
0.00206986544455218
0.00206986544455218
0.00206986544455218
0.00206986544455218
0.00206196330298233
0.00206196330298233
0.00206196330298233
0.00199118298883672
0.00199118298883672
0.00199118298883672
0.00199118298883672
0.00199118298883672
0.00199118298883672
0.00199118298883672
0.00199118298883672
0.00199118298883672
0.00185143048818024
0.00185143048818024
0.00185143048818024
0.00185143048818024
0.00185143048818024
0.00185143048818024
0.00149636598586368
0.00149636598586368
0.00149636598586368
0.00149636598586368
0.00149636598586368
0.00149636598586368
0.00149636598586368
0.00149636598586368
0.00149636598586368
0.00149636598586368
0.00149636598586368
0.00149636598586368
0.00149636598586368
0.00149636598586368
0.00149636598586368
0.00142013850893788
0.00142013850893788
0.00142013850893788
0.00142013850893788
0.00142013850893788
0.00142013850893788
0.00142013850893788
0.00142013850893788
0.00142013850893788
0.00142013850893788
0.00130932821678253
0.00130932821678253
0.00130932821678253
0.00130932821678253
0.00130932821678253
0.00130932821678253
0.00130932821678253
0.00126208876550869
0.00126208876550869
0.00126208876550869
0.00126208876550869
0.00126208876550869
0.00126208876550869
0.00126208876550869
0.00126208876550869
0.00123685512916306
0.00123685512916306
0.00123685512916306
0.00123685512916306
0.00123685512916306
0.00123685512916306
0.00123685512916306
0.00123685512916306
0.00123685512916306
0.00123685512916306
0.00123535756873143
0.00123535756873143
0.00123535756873143
0.00123535756873143
0.00123535756873143
0.00123535756873143
0.00123535756873143
0.00123535756873143
0.00123535756873143
0.00123535756873143
0.00123535756873143
0.00123535756873143
0.00123535756873143
0.00115794002399482
0.00115794002399482
0.00114852604130022
0.00114852604130022
0.00111752924359188
0.00111752924359188
0.00111752924359188
0.00111752924359188
0.00111752924359188
0.00111752924359188
0.00111752924359188
0.00111752924359188
0.00111752924359188
0.00111752924359188
0.00111752924359188
0.000964490488655265
0.000964490488655265
0.000964490488655265
0.000947177913529128
0.000947177913529128
0.000947177913529128
0.000947177913529128
0.000947177913529128
0.000947177913529128
0.000945547195777135
0.000945547195777135
0.000945547195777135
0.0008668620098748
0.0008668620098748
0.0008668620098748
0.000837177720385513
0.000837177720385513
0.00075120632951364
0.00075120632951364
0.00075120632951364
0.00075120632951364
0.00075120632951364
0.00075120632951364
0.00075120632951364
0.00075120632951364
0.000713516330799863
0.000713516330799863
0.00070337315990381
0.00070337315990381
0.00070337315990381
0.00070337315990381
0.00070337315990381
0.00070337315990381
0.00070337315990381
0.00070337315990381
0.00070337315990381
0.00070337315990381
0.000603102867453242
0.000603102867453242
0.000603102867453242
0.000603102867453242
0.000538878195545386
0.000520720988994424
0.000520720988994424
0.000520720988994424
0.000520720988994424
0.000520720988994424
0.000520720988994424
0.000520720988994424
0.000520720988994424
0.000520720988994424
0.000513648384992712
0.000513648384992712
0.000513648384992712
0.000513648384992712
0.000513648384992712
0.000486230117610514
0.000486230117610514
0.000486230117610514
0.000486230117610514
0.000486230117610514
0.000486230117610514
0.000486230117610514
0.000485546824824273
0.000485546824824273
0.000478507923919673
0.000478507923919673
0.000478507923919673
0.000478507923919673
0.000478507923919673
0.000478507923919673
0.000478507923919673
0.000478507923919673
0.000478507923919673
0.000393097086809383
0.000393097086809383
0.000393097086809383
0.000393097086809383
0.000393097086809383
0.000393097086809383
0.000393097086809383
0.000393097086809383
0.000393097086809383
0.0003898101540809
0.00037586700696735
0.00037586700696735
0.000371257143572375
0.000371257143572375
0.000371257143572375
0.000371257143572375
0.000371257143572375
0.000371257143572375
0.000371257143572375
0.000371257143572375
0.000371257143572375
0.000371257143572375
0.000371257143572375
0.000371257143572375
0.000371257143572375
0.000160891464448056
0.000160891464448056
0.000153911763883836
0.000153911763883836
0.000153911763883836
0.000153911763883836
3.97584013016767E-05
3.97584013016767E-05
3.97584013016767E-05
3.82580803899752E-05
3.82580803899752E-05
3.82580803899752E-05
3.82580803899752E-05
3.82580803899752E-05
3.82580803899752E-05
3.82580803899752E-05
3.82580803899752E-05
3.82580803899752E-05
3.82580803899752E-05
3.82580803899752E-05
2.58745359993658E-05
2.58745359993658E-05
2.58745359993658E-05
2.58745359993658E-05
2.58539542828411E-05
2.58539542828411E-05
2.58539542828411E-05
2.58539542828411E-05
2.58539542828411E-05
2.58539542828411E-05
2.58539542828411E-05
2.58539542828411E-05
2.58539542828411E-05
2.58539542828411E-05
2.58539542828411E-05
2.58539542828411E-05
2.58539542828411E-05
2.58539542828411E-05
2.58539542828411E-05
2.58539542828411E-05
2.58539542828411E-05
2.58539542828411E-05
2.58539542828411E-05
2.58539542828411E-05
2.58539542828411E-05
2.58539542828411E-05
2.58539542828411E-05
2.58539542828411E-05
2.58539542828411E-05
2.58539542828411E-05
2.58539542828411E-05
2.58539542828411E-05
2.58539542828411E-05
2.58539542828411E-05
2.58539542828411E-05
2.58539542828411E-05
2.58539542828411E-05
2.58539542828411E-05
2.58539542828411E-05
2.58539542828411E-05
2.58539542828411E-05
2.58539542828411E-05
2.58539542828411E-05
2.58539542828411E-05
2.58539542828411E-05
2.35614844262199E-05
2.35614844262199E-05
2.35614844262199E-05
2.35614844262199E-05
2.35614844262199E-05
2.35614844262199E-05
1.96717880156139E-05
1.93448174079508E-05
1.93448174079508E-05
1.88592244294705E-05
1.88592244294705E-05
1.88592244294705E-05
1.88592244294705E-05
1.67982004098676E-05
1.67982004098676E-05
1.67982004098676E-05
1.67982004098676E-05
1.67982004098676E-05
1.67982004098676E-05
1.67982004098676E-05
1.33181840901999E-05
1.33181840901999E-05
1.33181840901999E-05
1.33181840901999E-05
1.33181840901999E-05
1.33181840901999E-05
1.33181840901999E-05
1.33181840901999E-05
1.33181840901999E-05
1.33181840901999E-05
1.33181840901999E-05
1.33181840901999E-05
1.33181840901999E-05
1.33181840901999E-05
1.33181840901999E-05
1.33181840901999E-05
1.33181840901999E-05
1.33181840901999E-05
1.33181840901999E-05
1.33181840901999E-05
1.33181840901999E-05
1.33181840901999E-05
1.33181840901999E-05
1.33181840901999E-05
1.33181840901999E-05
6.55209682965359E-06
6.55209682965359E-06
6.55209682965359E-06
6.55209682965359E-06
6.55209682965359E-06
6.55209682965359E-06
6.55209682965359E-06
6.55209682965359E-06
6.55209682965359E-06
6.55209682965359E-06
6.55209682965359E-06
6.55209682965359E-06
6.55209682965359E-06
6.55209682965359E-06
6.55209682965359E-06
6.55209682965359E-06
6.55209682965359E-06
6.55209682965359E-06
6.55209682965359E-06
6.45416154658943E-06
6.45416154658943E-06
6.45416154658943E-06
6.45416154658943E-06
6.45416154658943E-06
6.45416154658943E-06
6.45416154658943E-06
6.45416154658943E-06
6.45416154658943E-06
6.45416154658943E-06
6.45416154658943E-06
6.45416154658943E-06
6.45416154658943E-06
6.45416154658943E-06
6.45416154658943E-06
6.45416154658943E-06
6.45416154658943E-06
6.45416154658943E-06
6.45416154658943E-06
6.45416154658943E-06
6.45416154658943E-06
6.45416154658943E-06
6.45416154658943E-06
6.45416154658943E-06
6.45416154658943E-06
6.45416154658943E-06
6.45416154658943E-06
6.45416154658943E-06
6.45416154658943E-06
6.45416154658943E-06
6.45416154658943E-06
6.45416154658943E-06
6.45416154658943E-06
6.45416154658943E-06
6.45416154658943E-06
6.45416154658943E-06
6.45416154658943E-06
6.45416154658943E-06
6.45416154658943E-06
6.45416154658943E-06
6.45416154658943E-06
6.45416154658943E-06
6.45416154658943E-06
6.45416154658943E-06
6.45416154658943E-06
6.45416154658943E-06
6.45416154658943E-06
6.45416154658943E-06
6.45416154658943E-06
5.99587669413193E-06
5.99587669413193E-06
5.99587669413193E-06
5.99587669413193E-06
5.99587669413193E-06
5.99587669413193E-06
5.99587669413193E-06
5.99587669413193E-06
5.99587669413193E-06
5.99587669413193E-06
5.99587669413193E-06
5.99587669413193E-06
5.55012592643729E-06
5.55012592643729E-06
5.55012592643729E-06
5.55012592643729E-06
5.55012592643729E-06
5.55012592643729E-06
5.55012592643729E-06
5.55012592643729E-06
5.55012592643729E-06
5.55012592643729E-06
5.55012592643729E-06

