0.544935119848554
0.494663079006716
0.355808175193424
0.355808175193424
0.355808175193424
0.238537844504372
0.10377289258356
0.0807472812787446
0.0653748032383935
0.0545235904833155
0.0322853257711923
0.0247125502552064
0.0233850154845945
0.0172791689280326
0.0172791689280326
0.00841983960439814
0.00841983960439814
0.00841983960439814
0.00841983960439814
0.00841983960439814
0.00841983960439814
0.00841983960439814
0.00841983960439814
0.007788712015621
0.007788712015621
0.007788712015621
0.00689875800520438
0.00306062377698091
0.0028518769461804
0.00282877320661137
0.00282877320661137
0.00255513797514549
0.00255513797514549
0.00168468213944243
0.00166202767101627
0.00166202767101627
0.00166202767101627
0.00166202767101627
0.00166202767101627
0.00166202767101627
0.00166202767101627
0.00166202767101627
0.00166202767101627
0.00166202767101627
0.00166202767101627
0.000844138728485787
0.000844138728485787
0.000844138728485787
0.000844138728485787
0.000786568575361623
0.00065108295146279
0.00065108295146279
0.00065108295146279
0.00065108295146279
0.00065108295146279
0.00065108295146279
0.00065108295146279
0.000394975562463641
0.000394975562463641
0.000394975562463641
0.000394975562463641
0.000394975562463641
0.000394975562463641
0.000394975562463641
0.000394975562463641
0.000394975562463641
0.000394975562463641
0.000394975562463641
0.000394975562463641
0.000394975562463641
0.000394975562463641
0.000394975562463641
0.000394975562463641
0.000394975562463641
0.000394975562463641
0.000394975562463641
0.000394975562463641
0.000394975562463641
0.000328598017145476
0.000328598017145476
0.000328598017145476
0.000216231016904105
0.000216231016904105
0.000216231016904105
0.000216231016904105
0.000216231016904105
0.000216231016904105
0.000216231016904105
0.000216231016904105
0.000216231016904105
0.000216231016904105
0.000216231016904105
0.000216231016904105
0.000216231016904105
0.000216231016904105
0.000216231016904105
0.000216231016904105
0.000216231016904105
0.000216231016904105
0.000216231016904105
0.000216231016904105
0.000216231016904105
0.000216231016904105
0.000216231016904105
0.000216231016904105
0.000216231016904105
0.000216231016904105
0.000216231016904105
0.000206527418622931
0.000206527418622931
0.000206527418622931
0.000206527418622931
0.000206527418622931
0.000206527418622931
0.000206527418622931
0.000206527418622931
0.000206527418622931
0.000206527418622931
0.000206527418622931
0.000206527418622931
0.000206527418622931
0.000206527418622931
0.000206527418622931
0.000171974767574809
0.000129798203992099
0.000129798203992099
0.000127782510802077
0.000127782510802077
0.000127782510802077
0.000127782510802077
0.000127782510802077
0.000127782510802077
0.000127782510802077
0.000127782510802077
0.000127782510802077
0.000127782510802077
0.000127782510802077
0.000127782510802077
0.000127782510802077
0.000127782510802077
0.000127782510802077
0.000127782510802077
0.000127782510802077
0.000127782510802077
0.000127782510802077
0.000127782510802077
0.000127782510802077
0.000127782510802077
0.000127782510802077
0.000127782510802077
0.000127782510802077
0.000127782510802077
0.000127782510802077
0.000127782510802077
0.000126787124194976
0.000126787124194976
0.000126787124194976
0.000126787124194976
0.000126787124194976
0.000126787124194976
0.000126787124194976
0.000126787124194976
0.000126787124194976
0.000126787124194976
0.000126787124194976
0.000126787124194976
0.000126787124194976
0.000126787124194976
0.000126787124194976
0.000126787124194976
0.000126787124194976
0.000126787124194976
0.000126787124194976
0.000126787124194976
0.000126787124194976
0.000126787124194976
0.000126787124194976
0.000126787124194976
0.000126787124194976
0.000126787124194976
0.000126787124194976
0.000126787124194976
0.000126787124194976
0.000126787124194976
0.000126787124194976
0.000126787124194976
0.000126787124194976
0.000126787124194976
0.000126787124194976
0.000126787124194976
0.000126787124194976
0.000126787124194976
0.000126787124194976
0.000126787124194976
0.000114829211983751
0.000114829211983751
0.000114829211983751
0.000114829211983751
0.000114829211983751
0.000114829211983751
0.000114829211983751
0.000114829211983751
0.000114829211983751
0.000114829211983751
9.63254259737068E-05
9.63254259737068E-05
9.63254259737068E-05
9.63254259737068E-05
9.63254259737068E-05
9.63254259737068E-05
9.63254259737068E-05
9.63254259737068E-05
9.63254259737068E-05
7.01639409754335E-05
7.01639409754335E-05
5.2875177550663E-05
5.2875177550663E-05
5.2875177550663E-05
5.2875177550663E-05
5.2875177550663E-05
5.2875177550663E-05
5.2875177550663E-05
5.2875177550663E-05
5.2875177550663E-05
5.2875177550663E-05
5.2875177550663E-05
5.2875177550663E-05
5.2875177550663E-05
5.2875177550663E-05
5.2875177550663E-05
5.2875177550663E-05
5.2875177550663E-05
5.2875177550663E-05
5.2875177550663E-05
5.2875177550663E-05
5.19207290895508E-05
5.19207290895508E-05
5.19207290895508E-05
5.19207290895508E-05
5.19207290895508E-05
5.19207290895508E-05
5.19207290895508E-05
5.19207290895508E-05
5.19207290895508E-05
5.19207290895508E-05
5.19207290895508E-05
5.19207290895508E-05
5.19207290895508E-05
5.19207290895508E-05
5.19207290895508E-05
5.19207290895508E-05
5.19207290895508E-05
5.19207290895508E-05
5.19207290895508E-05
5.19207290895508E-05
5.19207290895508E-05
5.19207290895508E-05
5.19207290895508E-05
5.19207290895508E-05
5.19207290895508E-05
5.19207290895508E-05
5.19207290895508E-05
5.19207290895508E-05
5.19207290895508E-05
5.19207290895508E-05
5.19207290895508E-05
5.19207290895508E-05
5.19207290895508E-05
5.19207290895508E-05
5.19207290895508E-05
5.19207290895508E-05
5.19207290895508E-05
5.19207290895508E-05
5.19207290895508E-05
5.19207290895508E-05
5.19207290895508E-05
5.19207290895508E-05
5.19207290895508E-05
5.19207290895508E-05
5.19207290895508E-05
5.19207290895508E-05
5.19207290895508E-05
5.19207290895508E-05
5.19207290895508E-05
5.19207290895508E-05
5.19207290895508E-05
5.19207290895508E-05
5.19207290895508E-05
5.19207290895508E-05
5.19207290895508E-05
5.19207290895508E-05
5.19207290895508E-05
5.19207290895508E-05
5.19207290895508E-05
5.19207290895508E-05
5.19207290895508E-05
5.19207290895508E-05
5.19207290895508E-05
5.19207290895508E-05
5.19207290895508E-05
5.19207290895508E-05
5.19207290895508E-05
5.19207290895508E-05
5.19207290895508E-05
5.19207290895508E-05
5.19207290895508E-05
5.15179025743661E-05
5.15179025743661E-05
5.15179025743661E-05
4.33678424497354E-05
4.33678424497354E-05
4.33678424497354E-05
4.33678424497354E-05
4.33678424497354E-05
4.33678424497354E-05
4.33678424497354E-05
4.33678424497354E-05
4.33678424497354E-05
4.33678424497354E-05
4.33678424497354E-05
4.33678424497354E-05
4.33678424497354E-05
4.33678424497354E-05
4.33678424497354E-05
4.33678424497354E-05
4.33678424497354E-05
4.33678424497354E-05
4.33678424497354E-05
4.33678424497354E-05
4.33678424497354E-05
3.9717749346144E-05
3.9717749346144E-05
3.9717749346144E-05
3.9717749346144E-05
3.9717749346144E-05
3.9717749346144E-05
3.9717749346144E-05
3.78702374294074E-05
3.78702374294074E-05
3.78702374294074E-05
3.78702374294074E-05
3.78702374294074E-05
3.78702374294074E-05
3.78702374294074E-05
3.78702374294074E-05
3.78702374294074E-05
3.78702374294074E-05
3.78702374294074E-05
3.78702374294074E-05
3.76463324898688E-05
3.76463324898688E-05
3.76463324898688E-05
3.76463324898688E-05
3.76463324898688E-05
3.76463324898688E-05
3.76463324898688E-05
3.76463324898688E-05
3.31223992180165E-05
3.31223992180165E-05
3.31223992180165E-05
3.31223992180165E-05
3.31223992180165E-05
3.31223992180165E-05
3.31223992180165E-05
3.31223992180165E-05
3.31223992180165E-05
3.31223992180165E-05
3.31223992180165E-05
3.31223992180165E-05
3.31223992180165E-05
2.42568967993535E-05
2.42568967993535E-05
2.42568967993535E-05
2.42568967993535E-05
2.42568967993535E-05
2.32215185574791E-05
2.32215185574791E-05
2.32215185574791E-05
2.32215185574791E-05
2.32215185574791E-05
2.32215185574791E-05
2.32215185574791E-05
2.32215185574791E-05
2.32215185574791E-05
1.67849872062546E-05
1.67849872062546E-05
1.67849872062546E-05
1.67849872062546E-05
1.67849872062546E-05
1.67849872062546E-05
1.67849872062546E-05
1.67849872062546E-05
1.53978391550673E-05
1.53978391550673E-05
1.53978391550673E-05
1.53978391550673E-05
1.53978391550673E-05
1.53978391550673E-05
1.53978391550673E-05
1.53978391550673E-05
1.53978391550673E-05
1.53978391550673E-05
1.53978391550673E-05
1.53978391550673E-05
1.53978391550673E-05
1.53978391550673E-05
1.53978391550673E-05
1.53978391550673E-05
1.53978391550673E-05
1.48569420779601E-05
1.48569420779601E-05
1.48569420779601E-05
1.48569420779601E-05
1.42364487346861E-05
1.42364487346861E-05
1.42364487346861E-05
1.42364487346861E-05
1.42364487346861E-05
1.42364487346861E-05
1.42364487346861E-05
1.42364487346861E-05
1.42364487346861E-05
1.42364487346861E-05
1.42364487346861E-05
1.42364487346861E-05
1.42364487346861E-05
1.42364487346861E-05
1.42364487346861E-05
1.42364487346861E-05
1.42364487346861E-05
1.38768879559127E-05
1.38768879559127E-05
1.38768879559127E-05
1.38768879559127E-05
1.38768879559127E-05
1.38768879559127E-05
1.38768879559127E-05
1.38768879559127E-05
1.38768879559127E-05
1.38768879559127E-05
1.38768879559127E-05
1.38768879559127E-05
1.38768879559127E-05
1.38768879559127E-05
1.38768879559127E-05
1.38768879559127E-05
1.32015640298079E-05
1.32015640298079E-05
1.32015640298079E-05
1.32015640298079E-05
1.32015640298079E-05
1.32015640298079E-05
1.32015640298079E-05
1.07642700077417E-05
1.07642700077417E-05
1.07642700077417E-05
1.07642700077417E-05
1.07642700077417E-05
1.07642700077417E-05
1.07642700077417E-05
1.07642700077417E-05
1.07642700077417E-05
1.07642700077417E-05
1.07642700077417E-05
1.07642700077417E-05
1.07642700077417E-05
1.07642700077417E-05
1.07642700077417E-05
1.07642700077417E-05
1.07642700077417E-05
8.25220385761834E-06
8.25220385761834E-06
8.25220385761834E-06
8.25220385761834E-06
8.25220385761834E-06
8.25220385761834E-06
8.25220385761834E-06
6.73486912937412E-06
6.73486912937412E-06
6.56799569095379E-06
5.99436471331222E-06
5.99436471331222E-06
5.99436471331222E-06
5.99436471331222E-06
5.99436471331222E-06
5.99436471331222E-06
5.99436471331222E-06
5.99436471331222E-06
4.93321244336341E-06
4.93321244336341E-06
4.93321244336341E-06
4.93321244336341E-06
4.93321244336341E-06
4.93321244336341E-06
4.93321244336341E-06
4.93321244336341E-06
4.93321244336341E-06
4.93321244336341E-06
4.93321244336341E-06
4.93321244336341E-06

