0.520862716176302
0.465386269666043
0.367354610977541
0.334742515052557
0.309018018641119
0.269597091380966
0.256212169503689
0.233301259766642
0.169842288914232
0.0937157785600786
0.0937157785600786
0.0722059714701875
0.0722059714701875
0.0578840343520729
0.0578840343520729
0.0562256945278999
0.0562256945278999
0.0562256945278999
0.0334138646725166
0.0226352748517594
0.0226352748517594
0.0226352748517594
0.0226352748517594
0.0134787660383651
0.0106372028092202
0.00793704216479613
0.00793704216479613
0.00793704216479613
0.00574896562397241
0.00541082076264703
0.00446834406767808
0.00446834406767808
0.00231030799826648
0.00231030799826648
0.00231030799826648
0.00229998858691038
0.00229998858691038
0.00229998858691038
0.00229998858691038
0.0022832788030043
0.0022832788030043
0.0022832788030043
0.0022832788030043
0.0022832788030043
0.0022832788030043
0.0022832788030043
0.00188912051517662
0.00188912051517662
0.00188912051517662
0.00179478159288052
0.00165531452793443
0.00160120446479651
0.00160120446479651
0.00160120446479651
0.00160120446479651
0.00160120446479651
0.00160120446479651
0.00160120446479651
0.00160120446479651
0.00160120446479651
0.00160120446479651
0.00160120446479651
0.00159818823072358
0.00125772254462548
0.00125772254462548
0.00125772254462548
0.00125772254462548
0.00125772254462548
0.00125772254462548
0.00122981248337067
0.00122981248337067
0.00122981248337067
0.00112784887760869
0.00112784887760869
0.00112784887760869
0.00112784887760869
0.00112784887760869
0.00112784887760869
0.00112784887760869
0.00112784887760869
0.00112784887760869
0.000822719269930843
0.000822719269930843
0.000822719269930843
0.000822719269930843
0.000822719269930843
0.000822719269930843
0.000315613430484968
0.000315613430484968
0.000315613430484968
0.000315613430484968
0.000315613430484968
0.000315613430484968
0.000315613430484968
0.000315613430484968
0.000315613430484968
0.000315613430484968
0.000272666689550865
0.000272666689550865
0.000272666689550865
0.000272666689550865
0.000272666689550865
0.000272666689550865
0.000272666689550865
0.000272666689550865
0.000272666689550865
0.000272666689550865
0.000272666689550865
0.000249224506687893
0.000249224506687893
0.000249224506687893
0.000249224506687893
0.000249224506687893
0.000249224506687893
0.000249224506687893
0.000249224506687893
0.000249224506687893
0.000249224506687893
0.000249224506687893
0.000249224506687893
0.000249224506687893
0.000249224506687893
0.000249224506687893
0.000183327035423163
0.000183327035423163
0.000183327035423163
0.000183327035423163
0.000183327035423163
0.000183327035423163
0.000183327035423163
0.000183327035423163
0.000183327035423163
0.000183327035423163
0.000183327035423163
0.000183327035423163
0.000183327035423163
0.000183327035423163
0.000183327035423163
0.000157056214032434
0.000157056214032434
0.000157056214032434
0.000157056214032434
0.000157056214032434
0.000157056214032434
0.000157056214032434
0.000157056214032434
0.000157056214032434
0.000157056214032434
0.000157056214032434
0.000157056214032434
0.000157056214032434
0.000157056214032434
0.000157056214032434
0.000151684213525115
0.000151684213525115
0.000151684213525115
0.000138327456844464
0.000138327456844464
0.000138327456844464
9.60217881444954E-05
9.60217881444954E-05
9.60217881444954E-05
9.60217881444954E-05
9.60217881444954E-05
9.60217881444954E-05
9.60217881444954E-05
9.60217881444954E-05
9.60217881444954E-05
9.60217881444954E-05
8.7422335296806E-05
8.7422335296806E-05
8.7422335296806E-05
8.7422335296806E-05
8.7422335296806E-05
8.7422335296806E-05
8.7422335296806E-05
8.7422335296806E-05
8.7422335296806E-05
8.7422335296806E-05
8.7422335296806E-05
8.7422335296806E-05
8.7422335296806E-05
8.7422335296806E-05
8.7422335296806E-05
8.7422335296806E-05
8.7422335296806E-05
8.7422335296806E-05
8.7422335296806E-05
7.76284726330112E-05
7.76284726330112E-05
7.76284726330112E-05
7.76284726330112E-05
7.76284726330112E-05
7.76284726330112E-05
7.76284726330112E-05
7.76284726330112E-05
7.76284726330112E-05
7.76284726330112E-05
7.76284726330112E-05
7.76284726330112E-05
7.76284726330112E-05
7.76284726330112E-05
7.76284726330112E-05
7.76284726330112E-05
7.76284726330112E-05
7.76284726330112E-05
7.76284726330112E-05
6.68959438264837E-05
6.68959438264837E-05
6.68959438264837E-05
6.68959438264837E-05
6.63197179698401E-05
6.63197179698401E-05
6.63197179698401E-05
6.63197179698401E-05
6.63197179698401E-05
6.63197179698401E-05
6.63197179698401E-05
6.63197179698401E-05
6.63197179698401E-05
6.63197179698401E-05
6.63197179698401E-05
6.63197179698401E-05
6.63197179698401E-05
6.63197179698401E-05
6.63197179698401E-05
6.63197179698401E-05
6.63197179698401E-05
6.63197179698401E-05
6.63197179698401E-05
6.63197179698401E-05
6.37476068841311E-05
6.37476068841311E-05
6.37476068841311E-05
6.37476068841311E-05
6.37476068841311E-05
6.37476068841311E-05
6.37476068841311E-05
6.37476068841311E-05
6.37476068841311E-05
6.37476068841311E-05
6.37476068841311E-05
6.37476068841311E-05
6.37476068841311E-05
6.37476068841311E-05
6.37476068841311E-05
6.37476068841311E-05
6.37476068841311E-05
6.37476068841311E-05
6.37476068841311E-05
6.37476068841311E-05
6.37476068841311E-05
6.37476068841311E-05
6.37476068841311E-05
6.37476068841311E-05
6.37476068841311E-05
5.85136589752794E-05
4.42942106552042E-05
4.42942106552042E-05
4.42942106552042E-05
4.42942106552042E-05
4.42942106552042E-05
4.42942106552042E-05
4.42942106552042E-05
4.42942106552042E-05
4.40896524233375E-05
4.40896524233375E-05
4.40896524233375E-05
4.40896524233375E-05
4.40896524233375E-05
4.33731859115536E-05
4.33731859115536E-05
4.33731859115536E-05
4.33731859115536E-05
4.2717107825146E-05
4.2717107825146E-05
4.2717107825146E-05
4.2717107825146E-05
4.22829974835712E-05
4.22829974835712E-05
4.22829974835712E-05
4.22829974835712E-05
4.22829974835712E-05
4.22829974835712E-05
4.22829974835712E-05
4.22829974835712E-05
4.22829974835712E-05
4.22829974835712E-05
4.22829974835712E-05
4.22829974835712E-05
4.22829974835712E-05
4.22829974835712E-05
4.22829974835712E-05
4.22829974835712E-05
4.22829974835712E-05
4.22829974835712E-05
1.63909817110244E-05
1.63909817110244E-05
1.63909817110244E-05
1.63909817110244E-05
1.63909817110244E-05
1.63909817110244E-05
1.63909817110244E-05
1.63909817110244E-05
1.63909817110244E-05
1.63909817110244E-05
1.63909817110244E-05
1.63909817110244E-05
1.63909817110244E-05
1.63909817110244E-05
1.63909817110244E-05
1.63909817110244E-05
1.2718102698296E-05
1.2718102698296E-05
1.2718102698296E-05
1.2718102698296E-05
1.2718102698296E-05
1.2718102698296E-05
1.2718102698296E-05
1.2718102698296E-05
1.2718102698296E-05
1.2718102698296E-05
1.2718102698296E-05
1.2718102698296E-05
1.2718102698296E-05
1.2718102698296E-05
1.2718102698296E-05
1.2718102698296E-05
1.2718102698296E-05
1.05938744139845E-05
8.30465989535015E-06
8.30465989535015E-06
8.30465989535015E-06
8.30465989535015E-06
8.30465989535015E-06
8.24111731626839E-06
8.24111731626839E-06
5.20871061855869E-06
5.20871061855869E-06
5.20871061855869E-06
5.20871061855869E-06
5.20871061855869E-06
5.20871061855869E-06
5.20871061855869E-06
3.4818405109731E-06
3.4818405109731E-06
3.4818405109731E-06
3.4818405109731E-06
3.4818405109731E-06
3.4818405109731E-06
3.4818405109731E-06
3.4818405109731E-06
3.4818405109731E-06
3.4818405109731E-06
3.4818405109731E-06
3.4818405109731E-06
3.4818405109731E-06
2.71159317763234E-06
2.71159317763234E-06
2.71159317763234E-06
2.71159317763234E-06
2.71159317763234E-06
2.71159317763234E-06
2.71159317763234E-06
2.71159317763234E-06
2.71159317763234E-06
2.71159317763234E-06
2.71159317763234E-06
2.71159317763234E-06
2.71159317763234E-06
2.71159317763234E-06
2.71159317763234E-06
2.71159317763234E-06
2.71159317763234E-06
2.71159317763234E-06
2.71159317763234E-06
2.71159317763234E-06
2.71159317763234E-06
2.71159317763234E-06
2.71159317763234E-06
2.71159317763234E-06
2.71159317763234E-06
2.71159317763234E-06
2.71159317763234E-06
2.71159317763234E-06
2.71159317763234E-06
2.71159317763234E-06
2.71159317763234E-06
2.71159317763234E-06
2.71159317763234E-06
2.71159317763234E-06
2.52085377588927E-06
2.52085377588927E-06
2.52085377588927E-06
2.52085377588927E-06
2.52085377588927E-06
2.52085377588927E-06
2.52085377588927E-06
2.52085377588927E-06
2.52085377588927E-06
2.52085377588927E-06
2.52085377588927E-06
2.52085377588927E-06
2.52085377588927E-06
2.52085377588927E-06
2.52085377588927E-06
2.16406758561534E-06
2.16406758561534E-06
2.16406758561534E-06
2.16406758561534E-06
2.16406758561534E-06
2.16406758561534E-06
2.16406758561534E-06
2.16406758561534E-06
2.16406758561534E-06
2.16406758561534E-06
2.16406758561534E-06
2.16406758561534E-06
2.16406758561534E-06
2.16406758561534E-06
2.16406758561534E-06
2.16406758561534E-06
2.16406758561534E-06
2.16406758561534E-06
2.16406758561534E-06
2.16406758561534E-06
2.16406758561534E-06
2.16406758561534E-06
2.16406758561534E-06
2.16406758561534E-06
1.49133293960636E-06
1.49133293960636E-06
1.49133293960636E-06
1.49133293960636E-06
1.49133293960636E-06
1.49133293960636E-06
1.49133293960636E-06
1.49133293960636E-06
1.49133293960636E-06
1.49133293960636E-06
1.49133293960636E-06
1.49133293960636E-06
1.49133293960636E-06
1.49133293960636E-06
1.49133293960636E-06
1.49133293960636E-06
1.49133293960636E-06
1.49133293960636E-06
1.49133293960636E-06
1.49133293960636E-06
1.49133293960636E-06
1.49133293960636E-06
1.49133293960636E-06
1.49133293960636E-06
1.49133293960636E-06
1.49133293960636E-06
1.49133293960636E-06
1.49133293960636E-06
1.49133293960636E-06
1.49133293960636E-06
1.49133293960636E-06
1.04782786874345E-06
1.04782786874345E-06
1.04782786874345E-06
1.04782786874345E-06
1.04782786874345E-06
1.04782786874345E-06
1.04416585257136E-06
1.04416585257136E-06
1.04416585257136E-06
1.04416585257136E-06
1.04416585257136E-06
1.04416585257136E-06
1.04416585257136E-06
1.04416585257136E-06
1.04416585257136E-06
1.04416585257136E-06
1.01131752607305E-06
1.01131752607305E-06
1.01131752607305E-06
1.01131752607305E-06
1.01131752607305E-06
1.01131752607305E-06
1.01131752607305E-06
1.01131752607305E-06
1.01131752607305E-06
1.01131752607305E-06
1.01131752607305E-06
1.01131752607305E-06
1.01131752607305E-06
1.01131752607305E-06
1.01131752607305E-06
1.01131752607305E-06
1.01131752607305E-06
1.01131752607305E-06
1.01131752607305E-06
1.01131752607305E-06
1.01131752607305E-06
1.01131752607305E-06
1.01131752607305E-06

