0.386197396537188
0.386197396537188
0.280500838355752
0.0995785165649898
0.0389639396586361
0.0389639396586361
0.0389639396586361
0.0379806892373724
0.0379806892373724
0.0336730235921757
0.0309927955740534
0.0275036538007567
0.026429861237427
0.0237194464595548
0.0237194464595548
0.0191837245317549
0.0191837245317549
0.0191837245317549
0.01712282621865
0.01712282621865
0.0114489081566207
0.0114162051663897
0.0114162051663897
0.0112385038457336
0.0112372184868614
0.0112372184868614
0.0112372184868614
0.0112372184868614
0.0112372184868614
0.00775075144041491
0.00775075144041491
0.00775075144041491
0.00775075144041491
0.00775075144041491
0.00775075144041491
0.00775075144041491
0.00631850140993749
0.00631850140993749
0.00579279931195391
0.00579279931195391
0.00579279931195391
0.00537174638950431
0.00537174638950431
0.00537174638950431
0.00537174638950431
0.00537174638950431
0.00537174638950431
0.00537174638950431
0.00537174638950431
0.00537174638950431
0.00537174638950431
0.00537174638950431
0.00537174638950431
0.00537174638950431
0.00537174638950431
0.00537174638950431
0.00535451833855504
0.00535451833855504
0.00535451833855504
0.00535451833855504
0.00535451833855504
0.00535451833855504
0.00535451833855504
0.00275800423994409
0.00275800423994409
0.00275800423994409
0.00275800423994409
0.00275800423994409
0.00275800423994409
0.00275800423994409
0.00275800423994409
0.00275800423994409
0.000736552353385204
0.000736552353385204
0.000736552353385204
0.000736552353385204
0.000736552353385204
0.000736552353385204
0.000736552353385204
0.000736552353385204
0.000736552353385204
0.000736552353385204
0.000736552353385204
0.000736552353385204
0.000736552353385204
0.000736552353385204
0.000736552353385204
0.000736552353385204
0.000526624185649874
0.000526624185649874
0.000526624185649874
0.000526624185649874
0.000526624185649874
0.000526624185649874
0.000526624185649874
0.000526624185649874
0.000526624185649874
0.000526624185649874
0.000526624185649874
0.000526624185649874
0.000526624185649874
0.000526624185649874
0.000526624185649874
0.000526624185649874
0.000526624185649874
0.000526624185649874
0.000526624185649874
0.000526624185649874
0.000526624185649874
0.000526624185649874
0.000526624185649874
0.000526624185649874
0.000526624185649874
0.000444994798526804
0.000444994798526804
0.000444994798526804
0.000444994798526804
0.000444994798526804
0.000444994798526804
0.000444994798526804
0.000444994798526804
0.000344598090192869
0.000344598090192869
0.000344598090192869
0.000344598090192869
0.000344598090192869
0.000344598090192869
0.000344598090192869
0.000344598090192869
0.000317252166370637
0.000317252166370637
0.000317252166370637
0.000317252166370637
0.000317252166370637
0.000317252166370637
0.000317252166370637
0.000317252166370637
0.000317252166370637
0.000317252166370637
0.000317252166370637
0.000317252166370637
0.000317252166370637
0.000317252166370637
0.000317252166370637
0.000317252166370637
0.000317252166370637
0.000317252166370637
0.000317252166370637
0.000317252166370637
0.000317252166370637
0.000317252166370637
0.000317252166370637
0.000317252166370637
0.000317252166370637
0.000317252166370637
0.000317252166370637
0.000317252166370637
0.000317252166370637
0.000317252166370637
0.000317252166370637
0.000317252166370637
0.000317252166370637
0.000317252166370637
0.000290883760298191
0.000290883760298191
0.000290883760298191
0.000290883760298191
0.000290883760298191
0.000290883760298191
0.000290883760298191
0.000290883760298191
0.000290883760298191
0.000290883760298191
0.000290883760298191
0.000290883760298191
0.000290883760298191
0.000290883760298191
0.000290883760298191
0.000290883760298191
0.000290883760298191
0.000290883760298191
0.000290883760298191
0.000290883760298191
0.000290883760298191
0.000290883760298191
0.000290883760298191
0.000290883760298191
0.000290883760298191
0.000286307772744479
0.000286307772744479
0.000286307772744479
0.000286307772744479
0.000286307772744479
0.000286307772744479
0.000286307772744479
0.000286307772744479
0.000286307772744479
0.000286307772744479
0.000286307772744479
0.000286307772744479
0.000286307772744479
0.000286307772744479
0.000286307772744479
0.000286307772744479
0.000286307772744479
0.000286307772744479
0.000286307772744479
0.000286307772744479
0.000286307772744479
0.000286307772744479
0.000286307772744479
0.000286307772744479
0.000286307772744479
0.000286307772744479
0.000286307772744479
0.000286307772744479
0.000286307772744479
0.000286307772744479
0.000286307772744479
0.000286307772744479
0.000286307772744479
0.000286307772744479
0.000268782030435732
0.00020942650888954
0.00020942650888954
0.00020942650888954
0.00020942650888954
0.00020942650888954
0.00020942650888954
0.00020942650888954
0.00020942650888954
0.00020942650888954
0.00020942650888954
0.00020942650888954
0.00020942650888954
0.000167077623629858
0.000167077623629858
0.000167077623629858
0.000167077623629858
0.000167077623629858
0.000167077623629858
0.000167077623629858
0.000167077623629858
0.000167077623629858
0.000167077623629858
0.000162169900139876
0.000162169900139876
0.000162169900139876
0.000162169900139876
0.000150310098337707
0.000150310098337707
0.000150310098337707
0.000150310098337707
0.000150310098337707
0.000150310098337707
0.000150310098337707
0.000150310098337707
0.000150310098337707
0.000150310098337707
0.000150310098337707
0.000150310098337707
0.000150310098337707
0.000149943947182443
0.000149943947182443
0.000149943947182443
0.000149943947182443
0.000149943947182443
0.000149943947182443
0.000149943947182443
0.000149943947182443
0.000149943947182443
0.000149943947182443
0.000149943947182443
0.000149943947182443
0.000149943947182443
0.000149943947182443
0.000149943947182443
0.000149943947182443
0.000149943947182443
0.000149943947182443
0.000149943947182443
0.000149943947182443
0.000149943947182443
0.000149943947182443
0.000145200487423149
0.000145200487423149
0.000145200487423149
0.000145200487423149
0.000145200487423149
0.000145200487423149
0.000145200487423149
0.000145200487423149
0.000145200487423149
0.000145200487423149
0.000145200487423149
0.000145200487423149
0.000145200487423149
0.000145200487423149
0.000140645064038124
0.000140645064038124
0.000140645064038124
0.000140645064038124
0.000140645064038124
0.000140645064038124
0.000140645064038124
0.000140645064038124
0.000140645064038124
0.000140645064038124
0.000140645064038124
0.000140645064038124
0.000140645064038124
0.000140645064038124
0.000140645064038124
0.000140645064038124
0.000140645064038124
0.000140467576581406
0.000140467576581406
0.000137334595830783
0.000137334595830783
0.000137334595830783
0.000137334595830783
0.000137334595830783
0.000137334595830783
0.000137334595830783
0.000137334595830783
0.000137334595830783
0.000137334595830783
0.000137334595830783
0.000137334595830783
0.000137334595830783
0.000137334595830783
0.000137334595830783
0.000137334595830783
0.000137334595830783
0.000137334595830783
0.000137334595830783
0.000137334595830783
0.000137334595830783
0.000137334595830783
0.000137334595830783
0.000137334595830783
0.000137334595830783
0.000137334595830783
0.000136567988308529
0.000136567988308529
0.000136567988308529
0.000136567988308529
0.000136567988308529
0.000136567988308529
0.000136567988308529
8.91613545874193E-05
8.91613545874193E-05
8.91613545874193E-05
8.91613545874193E-05
8.91613545874193E-05
8.86221069446996E-05
8.86221069446996E-05
8.86221069446996E-05
8.86221069446996E-05
8.86221069446996E-05
7.41838101700337E-05
7.41838101700337E-05
7.41838101700337E-05
7.41838101700337E-05
7.41838101700337E-05
7.41838101700337E-05
7.41838101700337E-05
7.41838101700337E-05
7.41838101700337E-05
7.41838101700337E-05
7.41838101700337E-05
7.41838101700337E-05
5.06769531471857E-05
5.06769531471857E-05
5.06769531471857E-05
5.06769531471857E-05
5.06769531471857E-05
5.06769531471857E-05
5.06769531471857E-05
5.06769531471857E-05
5.04263937780164E-05
4.5550467440765E-05
4.5550467440765E-05
4.5550467440765E-05
4.45609491878871E-05
4.45609491878871E-05
4.45609491878871E-05
4.45609491878871E-05
4.45609491878871E-05
4.45609491878871E-05
4.45609491878871E-05
4.45609491878871E-05
4.45609491878871E-05
4.45609491878871E-05
4.45609491878871E-05
4.45609491878871E-05
4.1137346712232E-05
3.99473353400251E-05
3.99473353400251E-05
3.99473353400251E-05
3.99473353400251E-05
3.99473353400251E-05
3.99473353400251E-05
3.99473353400251E-05
3.99473353400251E-05
3.99473353400251E-05
3.35366850509888E-05
3.35366850509888E-05
3.35366850509888E-05
3.35366850509888E-05
3.35366850509888E-05
3.35366850509888E-05
3.35366850509888E-05
3.35366850509888E-05
3.35366850509888E-05
3.35366850509888E-05
3.35366850509888E-05
3.35366850509888E-05
3.35366850509888E-05
3.35366850509888E-05
3.35366850509888E-05
2.96115255895499E-05
2.96115255895499E-05
2.96115255895499E-05
2.96115255895499E-05
2.96115255895499E-05
2.96115255895499E-05
2.96115255895499E-05
2.96115255895499E-05
2.96115255895499E-05
2.96115255895499E-05
2.96115255895499E-05
2.96115255895499E-05
2.96115255895499E-05
2.96115255895499E-05
2.96115255895499E-05
2.96115255895499E-05
2.96115255895499E-05
2.96115255895499E-05
2.96115255895499E-05
2.96115255895499E-05
2.96115255895499E-05
2.96115255895499E-05
2.96115255895499E-05
2.96115255895499E-05
2.96115255895499E-05
2.96115255895499E-05
2.96115255895499E-05
2.96115255895499E-05
2.96115255895499E-05
2.96115255895499E-05
2.96115255895499E-05
2.96115255895499E-05
2.96115255895499E-05
2.96115255895499E-05
2.96115255895499E-05
2.96115255895499E-05
2.96115255895499E-05
2.96115255895499E-05
2.96115255895499E-05
2.96115255895499E-05
2.96115255895499E-05
2.96115255895499E-05
2.96115255895499E-05
2.96115255895499E-05
2.96115255895499E-05
2.81297542277098E-05
2.81297542277098E-05
2.81297542277098E-05
2.81006159076405E-05
2.81006159076405E-05
2.81006159076405E-05
2.81006159076405E-05
2.81006159076405E-05
2.81006159076405E-05
2.81006159076405E-05
2.81006159076405E-05
2.81006159076405E-05
2.81006159076405E-05
2.81006159076405E-05
2.81006159076405E-05
2.73153022986722E-05
2.72802767898178E-05
2.72802767898178E-05
2.72501123820199E-05
2.72501123820199E-05
2.72501123820199E-05
2.72501123820199E-05
2.72501123820199E-05
2.72501123820199E-05
2.45510879929717E-05
2.45510879929717E-05
2.45510879929717E-05
2.45510879929717E-05
2.45510879929717E-05
2.45510879929717E-05
2.45510879929717E-05
2.45510879929717E-05
2.45510879929717E-05
2.45510879929717E-05

