0.706058918815685
0.706058918815685
0.530253305014929
0.530253305014929
0.262664904617631
0.202038774838151
0.170626084793893
0.170626084793893
0.170626084793893
0.153689550968647
0.13952554568067
0.1282718440273
0.084886824388182
0.084886824388182
0.0760979900464418
0.0760979900464418
0.04612385877869
0.0424801411445761
0.0424801411445761
0.0424801411445761
0.0203087495479811
0.0203087495479811
0.0203087495479811
0.0173845916049663
0.0173845916049663
0.0173845916049663
0.0173845916049663
0.0140342847909814
0.0140342847909814
0.0116874349952538
0.0116874349952538
0.0103471043296251
0.0103471043296251
0.0103471043296251
0.00871952210955626
0.00871952210955626
0.00592130108784492
0.00592130108784492
0.0057112141545441
0.0057112141545441
0.00499563872017899
0.00463705576688123
0.00463705576688123
0.00463705576688123
0.00463705576688123
0.00463705576688123
0.00463705576688123
0.00463705576688123
0.00437313572186108
0.00437313572186108
0.00437313572186108
0.00437313572186108
0.00437313572186108
0.00437313572186108
0.00437313572186108
0.00437313572186108
0.00437313572186108
0.00437313572186108
0.00437313572186108
0.00298703580997553
0.00298703580997553
0.00298703580997553
0.00298703580997553
0.00298703580997553
0.00298703580997553
0.00298703580997553
0.00298703580997553
0.00298703580997553
0.00298703580997553
0.00298703580997553
0.00298703580997553
0.00298703580997553
0.00298703580997553
0.00298703580997553
0.00298703580997553
0.00298703580997553
0.00298703580997553
0.00298703580997553
0.00298703580997553
0.00298703580997553
0.00298703580997553
0.00298703580997553
0.0015438174948249
0.00148144977715104
0.00148144977715104
0.00148144977715104
0.0014382850715982
0.0014382850715982
0.0014382850715982
0.0014382850715982
0.0014382850715982
0.0014382850715982
0.0014382850715982
0.0014382850715982
0.0014382850715982
0.0014382850715982
0.0014382850715982
0.0014382850715982
0.00103915144285569
0.00103915144285569
0.00103915144285569
0.000793453650654996
0.000793453650654996
0.000793453650654996
0.000793453650654996
0.000793453650654996
0.000793453650654996
0.000793453650654996
0.000793453650654996
0.000793453650654996
0.000793453650654996
0.000793453650654996
0.000762413057095097
0.000762413057095097
0.000762413057095097
0.000762413057095097
0.000659932802974566
0.000659932802974566
0.000659932802974566
0.000659932802974566
0.000659932802974566
0.000659932802974566
0.000659932802974566
0.000659932802974566
0.000623382880346963
0.000623382880346963
0.000623382880346963
0.000623382880346963
0.000623382880346963
0.000623382880346963
0.000555516412463577
0.000555516412463577
0.000555516412463577
0.000555516412463577
0.000555516412463577
0.000555516412463577
0.000555516412463577
0.000555516412463577
0.000555516412463577
0.000555516412463577
0.000555516412463577
0.000555516412463577
0.000555516412463577
0.000555516412463577
0.000555516412463577
0.000555516412463577
0.000555516412463577
0.000555516412463577
0.000555516412463577
0.000555516412463577
0.000555516412463577
0.000555516412463577
0.000497093520082906
0.000497093520082906
0.000497093520082906
0.000497093520082906
0.000497093520082906
0.000497093520082906
0.000497093520082906
0.000497093520082906
0.000497093520082906
0.000497093520082906
0.000497093520082906
0.000497093520082906
0.000497093520082906
0.000497093520082906
0.000497093520082906
0.000497093520082906
0.000497093520082906
0.000497093520082906
0.000497093520082906
0.000497093520082906
0.000497093520082906
0.000497093520082906
0.000497093520082906
0.000497093520082906
0.000497093520082906
0.000497093520082906
0.000497093520082906
0.000497093520082906
0.000497093520082906
0.000497093520082906
0.000497093520082906
0.000497093520082906
0.000497093520082906
0.000493586454183069
0.000493586454183069
0.000493586454183069
0.000493586454183069
0.000493586454183069
0.000493586454183069
0.000493586454183069
0.000493586454183069
0.000493586454183069
0.000493586454183069
0.000493586454183069
0.000493586454183069
0.000406805773684615
0.000406805773684615
0.000406805773684615
0.000406805773684615
0.000406805773684615
0.000406805773684615
0.000406805773684615
0.000406805773684615
0.000406805773684615
0.000406805773684615
0.000406805773684615
0.00037233262709849
0.000301347334979699
0.000301347334979699
0.000301347334979699
0.000301347334979699
0.000301347334979699
0.000301347334979699
0.000301347334979699
0.000301347334979699
0.000301347334979699
0.000301347334979699
0.000301347334979699
0.000301347334979699
0.000278657626449198
0.000278657626449198
0.000278657626449198
0.000278657626449198
0.000278657626449198
0.000241221504323051
0.000241221504323051
0.000241221504323051
0.000201768728613374
0.000201768728613374
0.000201768728613374
0.000201768728613374
0.000201768728613374
0.000201768728613374
0.000184945260862065
0.000184945260862065
0.000184945260862065
0.000184945260862065
0.000184945260862065
0.000184945260862065
0.000184945260862065
0.000184945260862065
0.000184945260862065
0.000184945260862065
0.000184945260862065
0.000184945260862065
0.000184945260862065
0.000184945260862065
0.000184945260862065
0.000184945260862065
0.000184945260862065
0.000184945260862065
0.000156225586440869
0.000156225586440869
0.000156225586440869
0.000156225586440869
0.000156225586440869
0.000156225586440869
0.000156225586440869
0.000156225586440869
0.000118798312919828
0.000118798312919828
0.000118798312919828
0.000112856408202504
0.000112856408202504
0.000112856408202504
0.000112856408202504
0.000112856408202504
0.000112856408202504
0.000112856408202504
0.000112856408202504
0.000112856408202504
0.000112856408202504
0.000112856408202504
0.000112856408202504
0.000112856408202504
0.000112856408202504
0.000112856408202504
0.000112856408202504
0.000112856408202504
0.000112856408202504
0.000112856408202504
0.000112856408202504
0.000112856408202504
0.000112856408202504
0.000112856408202504
0.000112056217325394
0.000112056217325394
0.000112056217325394
0.000112056217325394
0.000112056217325394
0.000112056217325394
0.000112056217325394
0.000112056217325394
0.000112056217325394
0.000112056217325394
0.000112056217325394
0.000112056217325394
0.000112056217325394
0.00010120496505112
0.00010120496505112
0.00010120496505112
0.00010120496505112
0.00010120496505112
0.00010120496505112
0.00010120496505112
0.00010120496505112
0.00010120496505112
0.00010120496505112
0.00010120496505112
9.85714347207117E-05
9.85714347207117E-05
9.85714347207117E-05
9.85714347207117E-05
9.85714347207117E-05
9.85714347207117E-05
9.85714347207117E-05
9.85714347207117E-05
9.85714347207117E-05
9.85714347207117E-05
9.85714347207117E-05
9.85714347207117E-05
9.85714347207117E-05
9.85714347207117E-05
9.85714347207117E-05
9.85714347207117E-05
9.72376392890443E-05
9.67811870498339E-05
9.67811870498339E-05
9.67811870498339E-05
9.67811870498339E-05
9.67811870498339E-05
9.67811870498339E-05
9.67811870498339E-05
9.67811870498339E-05
9.67811870498339E-05
9.67811870498339E-05
9.67811870498339E-05
9.67811870498339E-05
8.12734551685444E-05
8.12734551685444E-05
8.12734551685444E-05
7.61688284444744E-05
6.8011898001613E-05
6.8011898001613E-05
6.8011898001613E-05
6.8011898001613E-05
6.8011898001613E-05
6.8011898001613E-05
6.8011898001613E-05
6.8011898001613E-05
6.8011898001613E-05
6.8011898001613E-05
6.8011898001613E-05
6.8011898001613E-05
6.8011898001613E-05
6.8011898001613E-05
6.77531913386877E-05
6.77531913386877E-05
6.77531913386877E-05
6.77531913386877E-05
6.77531913386877E-05
6.77531913386877E-05
6.77531913386877E-05
6.77531913386877E-05
6.77531913386877E-05
6.77531913386877E-05
6.77531913386877E-05
6.77531913386877E-05
6.77531913386877E-05
6.77531913386877E-05
6.77531913386877E-05
6.77531913386877E-05
6.77531913386877E-05
6.77531913386877E-05
6.77531913386877E-05
5.44351688232943E-05
5.44351688232943E-05
5.44351688232943E-05
5.44351688232943E-05
5.44351688232943E-05
5.44351688232943E-05
5.44351688232943E-05
5.44351688232943E-05
5.44351688232943E-05
5.44351688232943E-05
5.44351688232943E-05
5.44351688232943E-05
5.44351688232943E-05
5.44351688232943E-05
5.44351688232943E-05
5.12133453135126E-05
5.12133453135126E-05
5.12133453135126E-05
5.12133453135126E-05
5.12133453135126E-05
5.12133453135126E-05
5.12133453135126E-05
5.12133453135126E-05
5.12133453135126E-05
5.12133453135126E-05
5.12133453135126E-05
5.12133453135126E-05
5.12133453135126E-05
5.12133453135126E-05
5.12133453135126E-05
5.12133453135126E-05
5.12133453135126E-05
5.12133453135126E-05
5.12133453135126E-05
5.12133453135126E-05
5.12133453135126E-05
5.12133453135126E-05
5.12133453135126E-05
5.12133453135126E-05
5.12133453135126E-05
5.12133453135126E-05
5.12133453135126E-05
5.12133453135126E-05
5.12133453135126E-05
5.12133453135126E-05
5.12133453135126E-05
5.12133453135126E-05
5.12133453135126E-05
5.12133453135126E-05
5.12133453135126E-05
4.22519199701959E-05
4.22519199701959E-05
4.22519199701959E-05
4.22519199701959E-05
4.22519199701959E-05
4.22519199701959E-05
4.22519199701959E-05
4.22519199701959E-05
4.09063067025395E-05
4.09063067025395E-05
4.09063067025395E-05
4.09063067025395E-05
4.09063067025395E-05
4.09063067025395E-05
4.09063067025395E-05
4.09063067025395E-05
4.09063067025395E-05
4.09063067025395E-05
4.09063067025395E-05
4.09063067025395E-05
4.09063067025395E-05
4.09063067025395E-05
4.09063067025395E-05
4.09063067025395E-05
4.09063067025395E-05
4.09063067025395E-05
4.09063067025395E-05
4.09063067025395E-05
4.09063067025395E-05
4.09063067025395E-05
4.01097290468872E-05
4.01097290468872E-05
4.01097290468872E-05
4.01097290468872E-05
3.95008662309289E-05
3.95008662309289E-05
3.90239078184048E-05
3.51468134328371E-05
3.51468134328371E-05
3.51468134328371E-05
3.51468134328371E-05
3.51468134328371E-05
3.51468134328371E-05
3.51468134328371E-05
3.51468134328371E-05
3.51468134328371E-05
3.51468134328371E-05
3.51468134328371E-05
3.51468134328371E-05
3.51468134328371E-05
3.51468134328371E-05
3.51468134328371E-05
3.51468134328371E-05
3.51468134328371E-05
3.51468134328371E-05
3.51468134328371E-05
3.51468134328371E-05
3.51468134328371E-05
3.51468134328371E-05
3.51468134328371E-05
3.51468134328371E-05
3.51468134328371E-05
3.39415921246936E-05
3.39415921246936E-05
3.39415921246936E-05
3.39415921246936E-05
3.13169020550668E-05
3.13169020550668E-05
3.13169020550668E-05
3.13169020550668E-05
3.13169020550668E-05
3.13169020550668E-05
3.13169020550668E-05

