0.407820746000362
0.397794042562036
0.27351650307515
0.186635557467837
0.0845504714314971
0.0213264948940424
0.0213264948940424
0.00434749754394464
0.00434749754394464
0.00434749754394464
0.0036685493274803
0.0036685493274803
0.0036685493274803
0.0036685493274803
0.0036685493274803
0.0036685493274803
0.00119120946708686
0.00119120946708686
0.00119120946708686
0.00119120946708686
0.000737509856189811
0.000737509856189811
0.000737509856189811
0.000737509856189811
0.000737509856189811
0.000737509856189811
0.000737509856189811
0.000737509856189811
0.000737509856189811
0.000737509856189811
0.000737509856189811
0.000737509856189811
0.000737509856189811
0.000737509856189811
0.000737509856189811
0.000737509856189811
0.000737509856189811
0.000737509856189811
0.000737509856189811
0.000737509856189811
0.000737509856189811
0.000737509856189811
0.000737509856189811
0.000737509856189811
0.000737509856189811
0.000737509856189811
0.000737509856189811
0.000737509856189811
0.000737509856189811
0.000737509856189811
0.000737509856189811
0.000737509856189811
0.000737509856189811
0.000737509856189811
0.000737509856189811
0.000737509856189811
0.000737509856189811
0.000737509856189811
0.000737509856189811
0.000737509856189811
0.000737509856189811
0.000737509856189811
0.000737509856189811
0.000737509856189811
0.000737509856189811
0.000737509856189811
0.000737509856189811
0.000737509856189811
0.000737509856189811
0.000737509856189811
0.000562939402930188
0.000562939402930188
0.000562939402930188
0.000562939402930188
0.000562939402930188
0.000562939402930188
0.000562939402930188
0.000562939402930188
0.000562939402930188
0.000562939402930188
0.000562939402930188
0.000562939402930188
0.000562939402930188
0.000562939402930188
0.000562939402930188
0.000562939402930188
0.000562939402930188
0.000562939402930188
0.000294204226890852
0.000294204226890852
0.000294204226890852
0.000294204226890852
0.000294204226890852
0.000294204226890852
0.000294204226890852
0.000294204226890852
0.000294204226890852
0.000294204226890852
0.000294204226890852
0.000294204226890852
0.000294204226890852
0.000294204226890852
0.000294204226890852
0.000294204226890852
0.000294204226890852
0.000294204226890852
0.000294204226890852
0.000294204226890852
0.000294204226890852
0.000294204226890852
0.000294204226890852
0.000294204226890852
0.000294204226890852
0.000294204226890852
0.000294204226890852
0.000294204226890852
0.000294204226890852
0.000294204226890852
0.000294204226890852
0.000294204226890852
0.000294204226890852
0.000294204226890852
0.000294204226890852
0.000294204226890852
0.000294204226890852
0.000294204226890852
0.000260599828444298
0.000260599828444298
0.000260599828444298
0.000260599828444298
0.000208415220642539
0.000208415220642539
0.000208415220642539
0.000208415220642539
0.000208415220642539
0.000208415220642539
0.000208415220642539
0.000208415220642539
0.000208415220642539
0.000208415220642539
0.000208415220642539
0.000208415220642539
0.000208415220642539
0.000208415220642539
0.000208415220642539
0.000208415220642539
0.000208415220642539
0.000208415220642539
0.000208415220642539
0.000208415220642539
0.000208415220642539
0.000208415220642539
0.000208415220642539
0.000208415220642539
0.000208415220642539
0.000208415220642539
0.000208415220642539
0.000208415220642539
0.000208415220642539
0.000208415220642539
0.000208415220642539
0.000208415220642539
0.000208415220642539
0.000208415220642539
0.000208415220642539
0.000208415220642539
0.000208415220642539
0.000208415220642539
0.000208415220642539
0.000208415220642539
0.000208415220642539
0.000208415220642539
0.000208415220642539
0.000208415220642539
0.000208415220642539
0.000208415220642539
0.000208415220642539
0.000165485046171439
0.000165485046171439
0.000165485046171439
0.000165485046171439
0.000165485046171439
0.000165485046171439
0.000165485046171439
0.000165485046171439
0.000165485046171439
0.000165485046171439
0.000165485046171439
0.000165485046171439
0.000165485046171439
0.000165485046171439
0.000165485046171439
0.000165485046171439
0.000165485046171439
0.000165485046171439
0.000165485046171439
0.000165485046171439
0.000165485046171439
0.000165485046171439
0.000165485046171439
0.000165485046171439
0.000165485046171439
0.000165485046171439
0.000165485046171439
0.000165485046171439
0.000165485046171439
0.000165485046171439
0.000165485046171439
0.000165485046171439
0.000165485046171439
0.000165485046171439
0.000165485046171439
0.000165485046171439
0.000165485046171439
0.000165485046171439
0.000165485046171439
0.000165485046171439
0.000165485046171439
0.000165485046171439
0.000165485046171439
0.000165485046171439
0.000165485046171439
0.000165485046171439
0.000165485046171439
0.000165485046171439
0.000165485046171439
0.000165485046171439
0.000165485046171439
0.000165485046171439
0.000165485046171439
0.000165485046171439
0.000165485046171439
0.000165485046171439
0.000165485046171439
0.000165485046171439
0.000165485046171439
0.000165485046171439
0.000165485046171439
0.000165485046171439
0.000165485046171439
0.000165485046171439
0.000165485046171439
0.000165485046171439
0.000165485046171439
0.000165485046171439
0.000165485046171439
0.000165485046171439
0.000165485046171439
0.000165485046171439
0.000165485046171439
0.000165485046171439
0.000165485046171439
0.000165485046171439
0.000165485046171439
0.000165485046171439
0.000165485046171439
0.000165485046171439
0.000165485046171439
0.000165485046171439
0.000165485046171439
0.000165485046171439
0.000165485046171439
0.000165485046171439
0.000165485046171439
0.000165485046171439
0.000165485046171439
0.000165485046171439
0.000165485046171439
0.000165485046171439
0.000165485046171439
0.000165485046171439
0.000146861712880186
0.000146861712880186
0.000146861712880186
0.000146861712880186
0.000146861712880186
0.000146861712880186
0.000146861712880186
0.000146861712880186
0.000146861712880186
0.000146861712880186
0.000146861712880186
0.000146861712880186
0.000146861712880186
0.000146861712880186
0.000146861712880186
0.000146861712880186
0.000146861712880186
0.000146861712880186
0.000146861712880186
0.000146861712880186
0.000146861712880186
0.000146861712880186
0.000146861712880186
0.000146861712880186
0.000146861712880186
0.000146861712880186
0.000125371646060115
0.000125371646060115
0.000125371646060115
0.000125371646060115
0.000125371646060115
0.000125371646060115
0.000125371646060115
0.000125371646060115
0.000125371646060115
0.000125371646060115
0.000125371646060115
0.000125371646060115
0.000125371646060115
0.000125371646060115
0.000125371646060115
0.000125371646060115
0.000125371646060115
0.000125371646060115
0.000125371646060115
0.000125371646060115
0.000125371646060115
0.000125371646060115
0.000125371646060115
0.000125371646060115
0.000125371646060115
0.000125371646060115
0.000125371646060115
0.000125371646060115
0.000125371646060115
0.000125371646060115
0.000125371646060115
0.000125371646060115
0.000125371646060115
0.000125371646060115
0.000125371646060115
0.000125371646060115
0.000125371646060115
4.54494542092312E-05
4.54494542092312E-05
4.54494542092312E-05
4.54494542092312E-05
4.54494542092312E-05
4.54494542092312E-05
4.54494542092312E-05
4.54494542092312E-05
4.54494542092312E-05
4.54494542092312E-05
4.54494542092312E-05
4.54494542092312E-05
4.54494542092312E-05
4.54494542092312E-05
4.54494542092312E-05
4.54494542092312E-05
4.54494542092312E-05
4.54494542092312E-05
4.54494542092312E-05
4.54494542092312E-05
4.54494542092312E-05
4.54494542092312E-05
4.54494542092312E-05
4.54494542092312E-05
4.54494542092312E-05
4.54494542092312E-05
4.54494542092312E-05
4.54494542092312E-05
4.54494542092312E-05
4.54494542092312E-05
4.54494542092312E-05
4.54494542092312E-05
4.54494542092312E-05
4.54494542092312E-05
4.54494542092312E-05
4.54494542092312E-05
4.54494542092312E-05
4.54494542092312E-05
4.54494542092312E-05
4.54494542092312E-05
4.54494542092312E-05
4.54494542092312E-05
4.54494542092312E-05
4.54494542092312E-05
4.54494542092312E-05
4.54494542092312E-05
4.54494542092312E-05
4.54494542092312E-05
4.54494542092312E-05
4.54494542092312E-05
4.54494542092312E-05
4.54494542092312E-05
4.54494542092312E-05
4.54494542092312E-05
4.54494542092312E-05
4.54494542092312E-05
4.54494542092312E-05
4.54494542092312E-05
3.10657201164668E-05
3.10657201164668E-05
3.10657201164668E-05
3.10657201164668E-05
3.10657201164668E-05
3.10657201164668E-05
3.10657201164668E-05
3.10657201164668E-05
3.10657201164668E-05
3.10657201164668E-05
3.10657201164668E-05
3.10657201164668E-05
3.10657201164668E-05
3.10657201164668E-05
3.10657201164668E-05
3.10657201164668E-05
3.10657201164668E-05
3.10657201164668E-05
3.10657201164668E-05
3.10657201164668E-05
3.10657201164668E-05
3.10657201164668E-05
3.10657201164668E-05
3.10657201164668E-05
3.10657201164668E-05
3.10657201164668E-05
3.10657201164668E-05
3.10657201164668E-05
3.10657201164668E-05
3.10657201164668E-05
3.10657201164668E-05
3.10657201164668E-05
3.10657201164668E-05
3.10657201164668E-05
3.10657201164668E-05
3.10657201164668E-05
3.10657201164668E-05
3.10657201164668E-05
3.10657201164668E-05
3.10657201164668E-05
3.10657201164668E-05
3.10657201164668E-05
3.10657201164668E-05
3.10657201164668E-05
3.10657201164668E-05
3.10657201164668E-05
3.10657201164668E-05
3.10657201164668E-05
3.10657201164668E-05
3.10657201164668E-05
3.10657201164668E-05
3.10657201164668E-05
3.10657201164668E-05
3.10657201164668E-05
3.10657201164668E-05
3.10657201164668E-05
3.10657201164668E-05
3.10657201164668E-05
3.10657201164668E-05
3.10657201164668E-05
3.10657201164668E-05
3.10657201164668E-05
3.10657201164668E-05
3.10657201164668E-05
3.10657201164668E-05
3.10657201164668E-05
3.10657201164668E-05
3.10657201164668E-05
3.10657201164668E-05
3.10657201164668E-05
3.10657201164668E-05
3.10657201164668E-05
3.10657201164668E-05
3.10657201164668E-05
3.10657201164668E-05
3.10657201164668E-05
3.10657201164668E-05
3.10657201164668E-05
3.10657201164668E-05
3.10657201164668E-05
3.10657201164668E-05
3.10657201164668E-05
3.10657201164668E-05
3.10657201164668E-05
3.10657201164668E-05
3.10657201164668E-05
3.10657201164668E-05
3.10657201164668E-05
3.10657201164668E-05
3.10657201164668E-05
3.10657201164668E-05
3.10657201164668E-05
3.10657201164668E-05
3.10657201164668E-05
3.10657201164668E-05
3.10657201164668E-05
3.10657201164668E-05
3.10657201164668E-05
3.10657201164668E-05
3.10657201164668E-05
3.10657201164668E-05
3.10657201164668E-05
3.10657201164668E-05
3.10657201164668E-05
3.10657201164668E-05
3.10657201164668E-05
3.10657201164668E-05
3.10657201164668E-05

