0.625113471741785
0.584222881077085
0.24502231573519
0.0629892638881168
0.0629892638881168
0.0591652870911883
0.00981576259566228
0.00981576259566228
0.00981576259566228
0.00981576259566228
0.00981576259566228
0.00981576259566228
0.00849202326892122
0.00728880424646419
0.00728880424646419
0.00494493243230631
0.00494493243230631
0.00494493243230631
0.00494493243230631
0.00494493243230631
0.00494493243230631
0.00494493243230631
0.00494493243230631
0.00494493243230631
0.004904399749923
0.004904399749923
0.004904399749923
0.004904399749923
0.00489809491470159
0.00489809491470159
0.00313801500363366
0.00313801500363366
0.00313801500363366
0.00313801500363366
0.00313801500363366
0.00313801500363366
0.00313801500363366
0.00313801500363366
0.00313801500363366
0.00313801500363366
0.00313801500363366
0.00313801500363366
0.00313801500363366
0.00128545271445139
0.00128545271445139
0.00128545271445139
0.00128545271445139
0.00128545271445139
0.00128545271445139
0.00128545271445139
0.00128545271445139
0.00128545271445139
0.00128545271445139
0.00128545271445139
0.00128545271445139
0.00114050998251247
0.00114050998251247
0.00114050998251247
0.00114050998251247
0.00114050998251247
0.00114050998251247
0.000613877406273519
0.000613877406273519
0.000613877406273519
0.000613877406273519
0.000613877406273519
0.000613877406273519
0.000613877406273519
0.000613877406273519
0.000613877406273519
0.000613877406273519
0.000613877406273519
0.000613877406273519
0.000613877406273519
0.000613877406273519
7.5319978316499E-05
7.5319978316499E-05
7.5319978316499E-05
7.5319978316499E-05
7.5319978316499E-05
7.5319978316499E-05
7.5319978316499E-05
7.5319978316499E-05
7.5319978316499E-05
7.5319978316499E-05
7.5319978316499E-05
7.5319978316499E-05
7.5319978316499E-05
7.5319978316499E-05
3.72185654259503E-05
3.72185654259503E-05
3.72185654259503E-05
3.72185654259503E-05
3.72185654259503E-05
3.72185654259503E-05
3.72185654259503E-05
3.72185654259503E-05
3.72185654259503E-05
3.72185654259503E-05
3.72185654259503E-05
3.72185654259503E-05
3.72185654259503E-05
3.72185654259503E-05
3.72185654259503E-05
3.72185654259503E-05
3.72185654259503E-05
3.72185654259503E-05
3.72185654259503E-05
3.72185654259503E-05
3.72185654259503E-05
3.72185654259503E-05
3.72185654259503E-05
3.72185654259503E-05
3.72185654259503E-05
3.72185654259503E-05
3.72185654259503E-05
3.72185654259503E-05
3.72185654259503E-05
3.72185654259503E-05
3.72185654259503E-05
3.72185654259503E-05
3.72185654259503E-05
3.72185654259503E-05
3.72185654259503E-05
3.72185654259503E-05
3.72185654259503E-05
3.72185654259503E-05
3.72185654259503E-05
3.72185654259503E-05
3.72185654259503E-05
3.72185654259503E-05
3.72185654259503E-05
3.72185654259503E-05
3.72185654259503E-05
3.72185654259503E-05
3.72185654259503E-05
3.72185654259503E-05
3.72185654259503E-05
3.72185654259503E-05
3.72185654259503E-05
3.72185654259503E-05
3.72185654259503E-05
3.72185654259503E-05
3.72185654259503E-05
3.72185654259503E-05
3.72185654259503E-05
3.72185654259503E-05
3.72185654259503E-05
3.72185654259503E-05
3.72185654259503E-05
3.72185654259503E-05
3.72185654259503E-05
3.72185654259503E-05
3.72185654259503E-05
3.72185654259503E-05
3.72185654259503E-05
3.72185654259503E-05
3.72185654259503E-05
3.72185654259503E-05
3.72185654259503E-05
3.72185654259503E-05
3.72185654259503E-05
3.72185654259503E-05
3.72185654259503E-05
3.72185654259503E-05
3.72185654259503E-05
3.72185654259503E-05
3.72185654259503E-05
3.72185654259503E-05
3.72185654259503E-05
3.72185654259503E-05
3.72185654259503E-05
3.72185654259503E-05
3.72185654259503E-05
3.72185654259503E-05
3.72185654259503E-05
3.72185654259503E-05
3.72185654259503E-05
3.72185654259503E-05
3.72185654259503E-05
3.72185654259503E-05
3.72185654259503E-05
3.72185654259503E-05
3.72185654259503E-05
3.72185654259503E-05
3.72185654259503E-05
3.72185654259503E-05
3.72185654259503E-05
3.72185654259503E-05
3.72185654259503E-05
3.72185654259503E-05
3.72185654259503E-05
3.72185654259503E-05
3.72185654259503E-05
3.72185654259503E-05
3.72185654259503E-05
3.72185654259503E-05
3.72185654259503E-05
3.72185654259503E-05
3.72185654259503E-05
3.72185654259503E-05
3.72185654259503E-05
3.72185654259503E-05
3.72185654259503E-05
3.72185654259503E-05
3.72185654259503E-05
3.72185654259503E-05
3.72185654259503E-05
3.72185654259503E-05
3.72185654259503E-05
3.72185654259503E-05
3.72185654259503E-05
3.72185654259503E-05
3.72185654259503E-05
3.72185654259503E-05
3.72185654259503E-05
3.72185654259503E-05
3.72185654259503E-05
3.72185654259503E-05
3.72185654259503E-05
3.72185654259503E-05
3.72185654259503E-05
3.72185654259503E-05
3.72185654259503E-05
3.72185654259503E-05
3.72185654259503E-05
3.72185654259503E-05
3.72185654259503E-05
3.72185654259503E-05
3.72185654259503E-05
3.72185654259503E-05
3.72185654259503E-05
3.72185654259503E-05
3.72185654259503E-05
3.72185654259503E-05
3.72185654259503E-05
3.72185654259503E-05
3.72185654259503E-05
3.72185654259503E-05
3.72185654259503E-05
3.72185654259503E-05
3.72185654259503E-05
3.72185654259503E-05
3.72185654259503E-05
3.72185654259503E-05
3.72185654259503E-05
3.48181759815478E-05
3.48181759815478E-05
3.48181759815478E-05
3.48181759815478E-05
3.48181759815478E-05
3.48181759815478E-05
3.48181759815478E-05
3.48181759815478E-05
3.48181759815478E-05
3.48181759815478E-05
3.48181759815478E-05
3.48181759815478E-05
3.48181759815478E-05
3.48181759815478E-05
3.48181759815478E-05
3.48181759815478E-05
3.48181759815478E-05
3.48181759815478E-05
3.48181759815478E-05
3.48181759815478E-05
3.48181759815478E-05
3.48181759815478E-05
3.48181759815478E-05
3.48181759815478E-05
3.48181759815478E-05
3.48181759815478E-05
3.48181759815478E-05
3.48181759815478E-05
3.48181759815478E-05
3.48181759815478E-05
3.48181759815478E-05
3.48181759815478E-05
3.48181759815478E-05
3.48181759815478E-05
3.48181759815478E-05
3.48181759815478E-05
3.48181759815478E-05
3.48181759815478E-05
3.48181759815478E-05
3.48181759815478E-05
3.48181759815478E-05
3.48181759815478E-05
3.48181759815478E-05
3.48181759815478E-05
3.48181759815478E-05
3.48181759815478E-05
3.48181759815478E-05
3.48181759815478E-05
3.48181759815478E-05
3.48181759815478E-05
3.48181759815478E-05
3.48181759815478E-05
3.48181759815478E-05
3.48181759815478E-05
3.48181759815478E-05
3.48181759815478E-05
3.48181759815478E-05
3.48181759815478E-05
3.48181759815478E-05
3.48181759815478E-05
3.48181759815478E-05
3.48181759815478E-05
3.48181759815478E-05
3.48181759815478E-05
3.48181759815478E-05
3.48181759815478E-05
3.48181759815478E-05
3.48181759815478E-05
3.48181759815478E-05
3.48181759815478E-05
3.48181759815478E-05
3.48181759815478E-05
3.48181759815478E-05
3.48181759815478E-05
3.48181759815478E-05
3.48181759815478E-05
3.48181759815478E-05
3.48181759815478E-05
3.48181759815478E-05
3.48181759815478E-05
3.48181759815478E-05
3.48181759815478E-05
3.48181759815478E-05
3.48181759815478E-05
3.48181759815478E-05
3.48181759815478E-05
3.48181759815478E-05
3.48181759815478E-05
3.48181759815478E-05
3.48181759815478E-05
3.48181759815478E-05
3.48181759815478E-05
3.48181759815478E-05
3.48181759815478E-05
3.48181759815478E-05
3.48181759815478E-05
3.48181759815478E-05
3.48181759815478E-05
3.48181759815478E-05
3.48181759815478E-05
3.48181759815478E-05
3.48181759815478E-05
3.48181759815478E-05
3.48181759815478E-05
3.48181759815478E-05
3.48181759815478E-05
3.48181759815478E-05
3.48181759815478E-05
3.48181759815478E-05
3.48181759815478E-05
3.48181759815478E-05
3.48181759815478E-05
3.48181759815478E-05
3.48181759815478E-05
3.48181759815478E-05
3.48181759815478E-05
3.48181759815478E-05
3.48181759815478E-05
3.48181759815478E-05
3.48181759815478E-05
3.48181759815478E-05
3.48181759815478E-05
3.48181759815478E-05
3.48181759815478E-05
3.48181759815478E-05
3.48181759815478E-05
3.48181759815478E-05
3.48181759815478E-05
3.48181759815478E-05
3.48181759815478E-05
3.48181759815478E-05
3.48181759815478E-05
3.48181759815478E-05
3.48181759815478E-05
3.48181759815478E-05
3.48181759815478E-05
3.48181759815478E-05
3.48181759815478E-05
3.48181759815478E-05
3.48181759815478E-05
3.48181759815478E-05
3.48181759815478E-05
3.48181759815478E-05
3.48181759815478E-05
3.48181759815478E-05
3.48181759815478E-05
3.48181759815478E-05
3.48181759815478E-05
3.48181759815478E-05
1.65376416326307E-05
1.65376416326307E-05
1.65376416326307E-05
1.65376416326307E-05
1.65376416326307E-05
1.65376416326307E-05
1.65376416326307E-05
1.65376416326307E-05
1.65376416326307E-05
1.65376416326307E-05
1.65376416326307E-05
1.65376416326307E-05
1.65376416326307E-05
1.65376416326307E-05
1.65376416326307E-05
1.65376416326307E-05
1.65376416326307E-05
1.65376416326307E-05
1.65376416326307E-05
1.56672002947438E-05
1.56672002947438E-05
1.56672002947438E-05
1.56672002947438E-05
1.56672002947438E-05
1.56672002947438E-05
1.56672002947438E-05
1.56672002947438E-05
1.56672002947438E-05
1.56672002947438E-05
1.56672002947438E-05
1.56672002947438E-05
1.56672002947438E-05
1.56672002947438E-05
1.56672002947438E-05
1.56672002947438E-05
1.56672002947438E-05
1.56672002947438E-05
1.56672002947438E-05
1.56672002947438E-05
1.56672002947438E-05
1.56672002947438E-05
1.56672002947438E-05
1.56672002947438E-05
1.56672002947438E-05
1.56672002947438E-05
1.56672002947438E-05
1.56672002947438E-05
1.56672002947438E-05
1.56672002947438E-05
1.56672002947438E-05
1.56672002947438E-05
1.56672002947438E-05
1.56672002947438E-05
1.56672002947438E-05
1.56672002947438E-05
1.56672002947438E-05
1.56672002947438E-05
1.56672002947438E-05
1.56672002947438E-05
1.56672002947438E-05
1.56672002947438E-05
1.56672002947438E-05
1.56672002947438E-05
1.56672002947438E-05
1.56672002947438E-05
1.56672002947438E-05
1.56672002947438E-05
1.56672002947438E-05
1.56672002947438E-05
1.56672002947438E-05
1.56672002947438E-05
1.56672002947438E-05
1.56672002947438E-05
1.56672002947438E-05
1.56672002947438E-05
1.56672002947438E-05
1.56672002947438E-05
1.56672002947438E-05
1.56672002947438E-05
1.56672002947438E-05
1.56672002947438E-05
1.56672002947438E-05
1.56672002947438E-05
1.56672002947438E-05
1.56672002947438E-05
1.56672002947438E-05
1.50926287510369E-05
1.50926287510369E-05
1.50926287510369E-05
1.50926287510369E-05
1.50926287510369E-05
1.50926287510369E-05
1.50926287510369E-05
1.50926287510369E-05
1.50926287510369E-05
1.50926287510369E-05
1.50926287510369E-05
1.50926287510369E-05
1.50926287510369E-05
1.50926287510369E-05
1.50926287510369E-05
1.50926287510369E-05
1.50926287510369E-05
1.50926287510369E-05
1.50926287510369E-05

