1.28749379550623
0.276627594027638
0.246233049499527
0.0421799187985293
0.033525946439233
0.00412270280479498
0.00412270280479498
0.00412270280479498
0.00412270280479498
0.00412270280479498
0.00412270280479498
0.00412270280479498
0.00412270280479498
0.00412270280479498
0.00412270280479498
0.00412270280479498
0.00412270280479498
0.00412270280479498
0.00412270280479498
0.00412270280479498
0.00412270280479498
0.00412270280479498
0.00412270280479498
0.00412270280479498
0.00412270280479498
0.00412270280479498
0.00412270280479498
0.00412270280479498
0.00412270280479498
0.00412270280479498
0.00412270280479498
0.00412270280479498
0.00412270280479498
0.00315122042798617
0.00315122042798617
0.00315122042798617
0.00315122042798617
0.00185818614086897
0.00185818614086897
0.00185818614086897
0.00185818614086897
0.00185818614086897
0.00185818614086897
0.00185818614086897
0.00185818614086897
0.00185818614086897
0.00185818614086897
0.00185818614086897
0.00185818614086897
0.00185818614086897
0.00185818614086897
0.00185818614086897
0.00185818614086897
0.00185818614086897
0.00185818614086897
0.00185818614086897
0.00185818614086897
0.00185818614086897
0.00185818614086897
0.00185818614086897
0.00185818614086897
0.00185818614086897
0.00185818614086897
0.00185818614086897
0.00185818614086897
0.00185818614086897
0.00185818614086897
0.00185818614086897
0.00185818614086897
0.00185818614086897
0.00185818614086897
0.00185818614086897
0.00185818614086897
0.00148774367104149
0.00102772406764005
0.00102772406764005
0.00102772406764005
0.00102772406764005
0.00102772406764005
0.00102772406764005
0.00102772406764005
0.00102772406764005
0.000742676958166803
0.000742676958166803
0.000742676958166803
0.000742676958166803
0.000742676958166803
0.000742676958166803
0.000742676958166803
0.000742676958166803
0.000640473307857583
0.000640473307857583
0.000640473307857583
0.000640473307857583
0.000640473307857583
0.000640473307857583
0.000640473307857583
0.000640473307857583
0.000640473307857583
0.000640473307857583
0.000640473307857583
0.000640473307857583
0.000640473307857583
0.000640473307857583
0.000420504295975173
0.000420504295975173
0.000420504295975173
0.000420504295975173
0.000420504295975173
0.000420504295975173
0.000420504295975173
0.000420504295975173
0.000420504295975173
0.000420504295975173
0.000420504295975173
0.000420504295975173
0.000420504295975173
0.000420504295975173
0.000420504295975173
0.000420504295975173
0.000420504295975173
0.000420504295975173
0.000420504295975173
0.000420504295975173
0.000420504295975173
0.000420504295975173
0.000420504295975173
0.000420504295975173
0.000420504295975173
0.000420504295975173
0.000420504295975173
0.000420504295975173
0.000420504295975173
0.000420504295975173
0.000420504295975173
0.000420504295975173
0.000420504295975173
0.000420504295975173
0.000420504295975173
0.000420504295975173
0.000420504295975173
0.000420504295975173
0.000420504295975173
0.000420504295975173
0.000420504295975173
0.000420504295975173
0.000420504295975173
0.000420504295975173
0.000420504295975173
0.000103122856298937
0.000103122856298937
0.000103122856298937
0.000103122856298937
0.000103122856298937
0.000103122856298937
0.000103122856298937
0.000103122856298937
0.000103122856298937
0.000103122856298937
0.000103122856298937
0.000103122856298937
0.000103122856298937
0.000103122856298937
0.000103122856298937
0.000103122856298937
0.000103122856298937
0.000103122856298937
0.000103122856298937
0.000103122856298937
0.000103122856298937
0.000103122856298937
0.000103122856298937
0.000103122856298937
0.000103122856298937
0.000103122856298937
0.000103122856298937
0.000103122856298937
0.000103122856298937
0.000103122856298937
0.000103122856298937
0.000103122856298937
0.000103122856298937
0.000103122856298937
0.000103122856298937
0.000103122856298937
0.000103122856298937
0.000103122856298937
0.000103122856298937
0.000103122856298937
0.000103122856298937
0.000103122856298937
0.000103122856298937
0.000103122856298937
0.000103122856298937
0.000103122856298937
0.000103122856298937
0.000103122856298937
0.000103122856298937
0.000103122856298937
0.000103122856298937
0.000103122856298937
0.000103122856298937
0.000103122856298937
0.000103122856298937
0.000103122856298937
0.000103122856298937
0.000103122856298937
0.000103122856298937
0.000103122856298937
0.000103122856298937
0.000103122856298937
0.000103122856298937
0.000103122856298937
0.000103122856298937
0.000103122856298937
0.000103122856298937
0.000103122856298937
0.000103122856298937
0.000103122856298937
0.000103122856298937
0.000103122856298937
0.000103122856298937
0.000103122856298937
0.000103122856298937
0.000103122856298937
0.000103122856298937
0.000103122856298937
0.000103122856298937
0.000103122856298937
0.000103122856298937
0.000103122856298937
0.000103122856298937
0.000103122856298937
0.000103122856298937
0.000103122856298937
0.000103122856298937
0.000103122856298937
0.000103122856298937
0.000103122856298937
0.000103122856298937
0.000103122856298937
0.000103122856298937
0.000103122856298937
0.000103122856298937
0.000103122856298937
0.000103122856298937
0.000103122856298937
0.000103122856298937
0.000103122856298937
0.000103122856298937
0.000103122856298937
0.000103122856298937
0.000103122856298937
0.000103122856298937
0.000103122856298937
0.000103122856298937
0.000103122856298937
0.000103122856298937
0.000103122856298937
0.000103122856298937
0.000103122856298937
0.000103122856298937
0.000103122856298937
0.000103122856298937
0.000103122856298937
0.000103122856298937
0.000103122856298937
0.000103122856298937
0.000103122856298937
0.000103122856298937
0.000103122856298937
0.000103122856298937
0.000103122856298937
0.000103122856298937
0.000103122856298937
0.000103122856298937
0.000103122856298937
0.000103122856298937
0.000103122856298937
0.000103122856298937
0.000103122856298937
0.000103122856298937
0.000103122856298937
0.000103122856298937
0.000103122856298937
0.000103122856298937
0.000103122856298937
0.000103122856298937
0.000103122856298937
0.000103122856298937
0.000103122856298937
0.000103122856298937
0.000103122856298937
0.000103122856298937
0.000103122856298937
0.000103122856298937
0.000103122856298937
0.000103122856298937
0.000103122856298937
0.000103122856298937
0.000103122856298937
0.000103122856298937
0.000103122856298937
0.000103122856298937
0.000103122856298937
0.000103122856298937
0.000103122856298937
0.000103122856298937
0.000103122856298937
0.000103122856298937
0.000103122856298937
0.000103122856298937
0.000103122856298937
0.000103122856298937
0.000103122856298937
0.000103122856298937
0.000103122856298937
0.000103122856298937
0.000103122856298937
0.000103122856298937
0.000103122856298937
0.000103122856298937
0.000103122856298937
0.000103122856298937
0.000103122856298937
0.000103122856298937
0.000103122856298937
0.000103122856298937
0.000103122856298937
0.000103122856298937
0.000103122856298937
0.000103122856298937
0.000103122856298937
0.000103122856298937
0.000103122856298937
9.30265436206994E-05
2.91922204457872E-05
2.91922204457872E-05
2.91922204457872E-05
2.91922204457872E-05
2.91922204457872E-05
2.91922204457872E-05
2.91922204457872E-05
2.91922204457872E-05
2.91922204457872E-05
2.91922204457872E-05
2.91922204457872E-05
2.91922204457872E-05
2.91922204457872E-05
2.91922204457872E-05
2.91922204457872E-05
2.91922204457872E-05
2.91922204457872E-05
2.91922204457872E-05
2.91922204457872E-05
2.91922204457872E-05
2.91922204457872E-05
2.91922204457872E-05
2.91922204457872E-05
2.91922204457872E-05
2.91922204457872E-05
2.91922204457872E-05
2.91922204457872E-05
2.91922204457872E-05
2.91922204457872E-05
2.91922204457872E-05
2.91922204457872E-05
2.91922204457872E-05
2.91922204457872E-05
2.91922204457872E-05
2.91922204457872E-05
2.91922204457872E-05
2.91922204457872E-05
2.91922204457872E-05
2.91922204457872E-05
2.91922204457872E-05
2.91922204457872E-05
2.91922204457872E-05
2.91922204457872E-05
2.91922204457872E-05
2.91922204457872E-05
2.91922204457872E-05
2.91922204457872E-05
2.91922204457872E-05
2.91922204457872E-05
2.91922204457872E-05
2.91922204457872E-05
2.91922204457872E-05
2.91922204457872E-05
2.91922204457872E-05
2.91922204457872E-05
2.91922204457872E-05
2.91922204457872E-05
2.91922204457872E-05
2.91922204457872E-05
2.91922204457872E-05
2.91922204457872E-05
2.91922204457872E-05
2.91922204457872E-05
2.91922204457872E-05
2.91922204457872E-05
2.91922204457872E-05
2.91922204457872E-05
2.91922204457872E-05
2.91922204457872E-05
2.91922204457872E-05
2.91922204457872E-05
2.91922204457872E-05
2.91922204457872E-05
2.91922204457872E-05
2.91922204457872E-05
2.91922204457872E-05
2.91922204457872E-05
2.91922204457872E-05
2.91922204457872E-05
2.91922204457872E-05
2.91922204457872E-05
1.90411680359049E-05
1.90411680359049E-05
1.90411680359049E-05
1.90411680359049E-05
1.90411680359049E-05
1.90411680359049E-05
1.90411680359049E-05
1.90411680359049E-05
1.90411680359049E-05
1.90411680359049E-05
1.90411680359049E-05
1.90411680359049E-05
1.90411680359049E-05
1.90411680359049E-05
1.90411680359049E-05
1.90411680359049E-05
1.90411680359049E-05
1.90411680359049E-05
1.90411680359049E-05
1.90411680359049E-05
1.90411680359049E-05
1.90411680359049E-05
1.90411680359049E-05
1.90411680359049E-05
1.90411680359049E-05
1.90411680359049E-05
1.90411680359049E-05
1.90411680359049E-05
1.90411680359049E-05
1.90411680359049E-05
1.90411680359049E-05
1.90411680359049E-05
1.90411680359049E-05
1.90411680359049E-05
1.90411680359049E-05
1.90411680359049E-05
1.90411680359049E-05
1.90411680359049E-05
1.90411680359049E-05
1.90411680359049E-05
1.90411680359049E-05
1.90411680359049E-05
1.90411680359049E-05
1.90411680359049E-05
1.90411680359049E-05
1.90411680359049E-05
1.90411680359049E-05
1.90411680359049E-05
1.90411680359049E-05
1.90411680359049E-05
1.90411680359049E-05
1.90411680359049E-05
1.90411680359049E-05
1.90411680359049E-05
1.90411680359049E-05
1.90411680359049E-05
1.90411680359049E-05
1.90411680359049E-05
1.90411680359049E-05
1.90411680359049E-05
1.90411680359049E-05
1.90411680359049E-05
1.90411680359049E-05
1.90411680359049E-05
1.4375192530256E-05
1.4375192530256E-05
1.4375192530256E-05
1.4375192530256E-05
1.4375192530256E-05
1.4375192530256E-05
1.4375192530256E-05
1.4375192530256E-05
1.4375192530256E-05
1.4375192530256E-05
1.4375192530256E-05
1.4375192530256E-05
1.4375192530256E-05
1.4375192530256E-05
1.4375192530256E-05
1.4375192530256E-05
1.4375192530256E-05
1.4375192530256E-05
1.4375192530256E-05

