0.154073254803032
0.113134804809088
0.113134804809088
0.100944444846299
0.0990882183110124
0.0193864330400593
0.0193864330400593
0.0193864330400593
0.0177719980405117
0.0177719980405117
0.00415621449707379
0.0014765277158493
0.0014765277158493
0.0014765277158493
0.0014765277158493
0.0014765277158493
0.0014765277158493
0.0014765277158493
0.0014765277158493
0.0014765277158493
0.0014765277158493
0.0014765277158493
0.0014765277158493
0.0014765277158493
0.0014765277158493
0.0014765277158493
0.0014765277158493
0.00099086317355704
0.00099086317355704
0.000926771736149097
0.000926771736149097
0.000926771736149097
0.000926771736149097
0.000926771736149097
0.000926771736149097
0.000926771736149097
0.000926771736149097
0.000926771736149097
0.000926771736149097
0.000926771736149097
0.000926771736149097
0.000926771736149097
0.000926771736149097
0.000926771736149097
0.000926771736149097
0.000926771736149097
0.000926771736149097
0.000797929921761952
0.000797929921761952
0.000797929921761952
0.000797929921761952
0.000797929921761952
0.000797929921761952
0.000797929921761952
0.000797929921761952
0.000797929921761952
0.000797929921761952
0.000797929921761952
0.000797929921761952
0.000797929921761952
0.000797929921761952
0.000797929921761952
0.000253681801666422
0.000253681801666422
0.000253681801666422
0.000253681801666422
0.000253681801666422
0.000253681801666422
0.000253681801666422
0.000253681801666422
0.000253681801666422
0.000253681801666422
0.000253681801666422
0.000253681801666422
0.000253681801666422
0.000253681801666422
0.000253681801666422
0.000253681801666422
0.000253681801666422
0.000253681801666422
0.000253681801666422
0.000253681801666422
0.000253681801666422
0.000253681801666422
0.000253681801666422
0.000253681801666422
0.000253681801666422
0.000253681801666422
0.000253681801666422
0.000253681801666422
0.000253681801666422
0.000253681801666422
0.000253681801666422
0.000253681801666422
0.000253681801666422
0.000253681801666422
0.000253681801666422
0.000253681801666422
0.000253681801666422
0.000253681801666422
0.000253681801666422
0.000253681801666422
0.000253681801666422
0.000253681801666422
0.000253681801666422
0.000253681801666422
0.000253681801666422
0.000253681801666422
0.000253681801666422
0.000253681801666422
0.000253681801666422
0.000253681801666422
0.000253681801666422
0.000253681801666422
0.000253681801666422
0.000253681801666422
0.000253681801666422
0.000253681801666422
0.000253681801666422
0.000253681801666422
0.000253681801666422
0.000253681801666422
0.000253681801666422
0.000253681801666422
0.000253681801666422
0.000253681801666422
0.000253681801666422
0.000253681801666422
0.000253681801666422
0.000253681801666422
0.000253681801666422
0.000253681801666422
0.000132833171444575
0.000132833171444575
0.000132833171444575
0.000132833171444575
0.000132833171444575
0.000132833171444575
0.000132833171444575
0.000132833171444575
0.000132833171444575
0.000132833171444575
0.000132833171444575
0.000132833171444575
0.000132833171444575
0.000132833171444575
0.000132833171444575
0.000132833171444575
0.000132833171444575
0.000132833171444575
0.000132833171444575
0.000132833171444575
0.000132833171444575
0.000132833171444575
0.000132833171444575
0.000132833171444575
0.000132833171444575
0.000132833171444575
0.000132833171444575
0.000132833171444575
0.000132833171444575
0.000132833171444575
0.000132833171444575
0.000132833171444575
0.000132833171444575
0.000132833171444575
0.000132833171444575
0.000132833171444575
0.000132833171444575
0.000132833171444575
0.000132833171444575
0.000132833171444575
0.000132833171444575
0.000132833171444575
0.000132833171444575
0.000132833171444575
0.000132833171444575
0.000132833171444575
0.000132833171444575
0.000132833171444575
0.000132833171444575
0.000132833171444575
0.000132833171444575
0.000132833171444575
0.000132833171444575
0.000132833171444575
0.000132833171444575
0.000132833171444575
0.000132833171444575
0.000132833171444575
0.000132833171444575
0.000132833171444575
0.000132833171444575
0.000131825423211909
0.000131825423211909
0.000131825423211909
0.000131825423211909
0.000131825423211909
0.000131825423211909
0.000131825423211909
0.000131825423211909
0.000131825423211909
0.000131825423211909
0.000131825423211909
0.000131825423211909
0.000131825423211909
0.000131825423211909
0.000131825423211909
0.000131825423211909
0.000131825423211909
0.000131825423211909
0.000131825423211909
0.000131825423211909
0.000131825423211909
0.000131825423211909
0.000131825423211909
0.000131825423211909
0.000131825423211909
0.000131825423211909
0.000131825423211909
0.000131825423211909
0.000131825423211909
0.000131825423211909
0.000131825423211909
0.000131825423211909
0.000131825423211909
0.000131825423211909
0.000131825423211909
0.000131825423211909
0.000131825423211909
0.000131825423211909
0.000131825423211909
0.000131825423211909
0.000131825423211909
0.000131825423211909
0.000131825423211909
0.000131825423211909
0.000131825423211909
0.000131825423211909
0.000131825423211909
0.000131825423211909
0.000131825423211909
0.000131825423211909
0.000131825423211909
0.000131825423211909
0.000131825423211909
0.000131825423211909
0.000131825423211909
0.000131825423211909
0.000131825423211909
0.000131825423211909
0.000131825423211909
0.000131825423211909
0.000131825423211909
0.000131825423211909
0.000131825423211909
7.60408568977475E-05
7.60408568977475E-05
7.60408568977475E-05
7.60408568977475E-05
7.60408568977475E-05
7.60408568977475E-05
7.60408568977475E-05
7.60408568977475E-05
7.60408568977475E-05
7.60408568977475E-05
7.60408568977475E-05
7.60408568977475E-05
7.60408568977475E-05
7.60408568977475E-05
7.60408568977475E-05
7.60408568977475E-05
7.60408568977475E-05
7.60408568977475E-05
7.60408568977475E-05
7.60408568977475E-05
7.60408568977475E-05
7.60408568977475E-05
7.60408568977475E-05
7.60408568977475E-05
7.60408568977475E-05
7.60408568977475E-05
7.60408568977475E-05
7.60408568977475E-05
7.60408568977475E-05
7.60408568977475E-05
7.60408568977475E-05
7.60408568977475E-05
7.60408568977475E-05
7.60408568977475E-05
7.60408568977475E-05
7.60408568977475E-05
7.60408568977475E-05
7.60408568977475E-05
7.60408568977475E-05
7.60408568977475E-05
7.60408568977475E-05
7.60408568977475E-05
7.60408568977475E-05
7.60408568977475E-05
7.60408568977475E-05
7.60408568977475E-05
4.22770927644525E-05
4.22770927644525E-05
4.22770927644525E-05
4.22770927644525E-05
4.22770927644525E-05
4.22770927644525E-05
4.22770927644525E-05
4.22770927644525E-05
4.22770927644525E-05
4.22770927644525E-05
4.22770927644525E-05
4.22770927644525E-05
4.22770927644525E-05
4.22770927644525E-05
4.22770927644525E-05
4.13835116613496E-05
4.13835116613496E-05
4.13835116613496E-05
4.13835116613496E-05
4.13835116613496E-05
4.13835116613496E-05
4.13835116613496E-05
4.13835116613496E-05
4.13835116613496E-05
4.13835116613496E-05
4.13835116613496E-05
4.13835116613496E-05
4.13835116613496E-05
4.13835116613496E-05
4.13835116613496E-05
4.13835116613496E-05
4.13835116613496E-05
4.13835116613496E-05
4.13835116613496E-05
4.13835116613496E-05
4.13835116613496E-05
4.13835116613496E-05
4.13835116613496E-05
4.13835116613496E-05
4.13835116613496E-05
4.13835116613496E-05
4.13835116613496E-05
4.13835116613496E-05
4.13835116613496E-05
4.13835116613496E-05
4.13835116613496E-05
4.13835116613496E-05
4.13835116613496E-05
4.13835116613496E-05
4.13835116613496E-05
4.13835116613496E-05
4.13835116613496E-05
4.13835116613496E-05
4.13835116613496E-05
4.13835116613496E-05
4.13835116613496E-05
4.13835116613496E-05
4.13835116613496E-05
4.13835116613496E-05
4.13835116613496E-05
4.13835116613496E-05
4.13835116613496E-05
4.13835116613496E-05
4.13835116613496E-05
4.13835116613496E-05
4.13835116613496E-05
4.13835116613496E-05
4.13835116613496E-05
4.13835116613496E-05
4.13835116613496E-05
4.13835116613496E-05
4.13835116613496E-05
4.13835116613496E-05
4.13835116613496E-05
4.13835116613496E-05
4.13835116613496E-05
4.13835116613496E-05
4.13835116613496E-05
4.13835116613496E-05
4.13835116613496E-05
4.13835116613496E-05
4.13835116613496E-05
4.13835116613496E-05
4.13835116613496E-05
4.13835116613496E-05
4.13835116613496E-05
4.13835116613496E-05
4.13835116613496E-05
4.13835116613496E-05
4.13835116613496E-05
4.13835116613496E-05
4.13835116613496E-05
4.13835116613496E-05
4.13835116613496E-05
4.13835116613496E-05
4.13835116613496E-05
4.13835116613496E-05
4.13835116613496E-05
4.13835116613496E-05
4.13835116613496E-05
4.13835116613496E-05
4.13835116613496E-05
4.13835116613496E-05
4.13835116613496E-05
4.13835116613496E-05
4.13835116613496E-05
4.13835116613496E-05
4.13835116613496E-05
4.13835116613496E-05
4.13835116613496E-05
4.13835116613496E-05
4.13835116613496E-05
4.13835116613496E-05
4.13835116613496E-05
4.13835116613496E-05
4.13835116613496E-05
4.13835116613496E-05
4.13835116613496E-05
4.13835116613496E-05
4.13835116613496E-05
4.13835116613496E-05
4.13835116613496E-05
4.13835116613496E-05
4.13835116613496E-05
4.13835116613496E-05
4.13835116613496E-05
4.13835116613496E-05
4.13835116613496E-05
4.13835116613496E-05
4.13835116613496E-05
4.13835116613496E-05
4.13835116613496E-05
4.13835116613496E-05
4.13835116613496E-05
4.13835116613496E-05
4.13835116613496E-05
4.13835116613496E-05
4.13835116613496E-05
4.13835116613496E-05
4.13835116613496E-05
4.13835116613496E-05
4.13835116613496E-05
4.13835116613496E-05
4.13835116613496E-05
4.13835116613496E-05
4.13835116613496E-05
4.13835116613496E-05
4.13835116613496E-05
4.13835116613496E-05
4.13835116613496E-05
4.13835116613496E-05
4.13835116613496E-05
4.13835116613496E-05
4.13835116613496E-05
4.13835116613496E-05
4.13835116613496E-05
4.13835116613496E-05
1.99768401230901E-05
1.99768401230901E-05
1.99768401230901E-05
1.99768401230901E-05
1.99768401230901E-05
1.99768401230901E-05
1.99768401230901E-05
1.99768401230901E-05
1.99768401230901E-05
1.99768401230901E-05
1.99768401230901E-05
1.99768401230901E-05
1.99768401230901E-05
1.99768401230901E-05
1.99768401230901E-05
1.99768401230901E-05
1.99768401230901E-05
1.99768401230901E-05
1.99768401230901E-05
1.99768401230901E-05
1.99768401230901E-05
1.99768401230901E-05
1.99768401230901E-05
1.99768401230901E-05
1.99768401230901E-05
1.99768401230901E-05
1.99768401230901E-05
1.99768401230901E-05
1.99768401230901E-05
1.99768401230901E-05
1.99768401230901E-05
1.99768401230901E-05
1.99768401230901E-05
1.99768401230901E-05
1.99768401230901E-05
1.99768401230901E-05
1.99768401230901E-05
1.99768401230901E-05
1.99768401230901E-05
1.99768401230901E-05
1.99768401230901E-05

