0.320600792946108
0.289115881478976
0.289115881478976
0.0483847575849548
0.0352434276979131
0.0352434276979131
0.0105828107280457
0.00832049581114758
0.00832049581114758
0.00832049581114758
0.00832049581114758
0.00832049581114758
0.00832049581114758
0.00832049581114758
0.00832049581114758
0.00832049581114758
0.00467201918949799
0.00467201918949799
0.00467201918949799
0.00430785119804239
0.00430785119804239
0.00430785119804239
0.00430785119804239
0.00430785119804239
0.00430785119804239
0.00430785119804239
0.00430785119804239
0.00430785119804239
0.00430785119804239
0.00430785119804239
0.00430785119804239
0.00430785119804239
0.00430785119804239
0.00430785119804239
0.00430785119804239
0.00430785119804239
0.00430785119804239
0.00430785119804239
0.00430785119804239
0.00430785119804239
0.00430785119804239
0.00430785119804239
0.00430785119804239
0.00416558119727566
0.00416558119727566
0.00416558119727566
0.00416558119727566
0.00416558119727566
0.00400502370948747
0.00400502370948747
0.00400502370948747
0.00400502370948747
0.00400502370948747
0.00400502370948747
0.00347181315350514
0.00214885590045794
0.00214885590045794
0.00214885590045794
0.00214885590045794
0.00214885590045794
0.00214885590045794
0.00197151816992717
0.00197151816992717
0.000110027865338853
0.000110027865338853
0.000110027865338853
0.000110027865338853
0.000110027865338853
0.000110027865338853
0.000110027865338853
0.000110027865338853
0.000110027865338853
0.000110027865338853
0.000110027865338853
0.000110027865338853
0.000110027865338853
0.000110027865338853
0.000110027865338853
0.000110027865338853
0.000110027865338853
0.000110027865338853
0.000110027865338853
0.000110027865338853
0.000110027865338853
0.000110027865338853
0.000110027865338853
0.000110027865338853
0.000110027865338853
0.000110027865338853
0.000110027865338853
0.000110027865338853
0.000110027865338853
0.000110027865338853
0.000110027865338853
0.000110027865338853
0.000110027865338853
0.000110027865338853
0.000110027865338853
0.000110027865338853
0.000110027865338853
0.000110027865338853
0.000110027865338853
0.000110027865338853
0.000110027865338853
0.000110027865338853
0.000110027865338853
0.000110027865338853
0.000110027865338853
0.000110027865338853
0.000110027865338853
0.000110027865338853
0.000110027865338853
0.000110027865338853
0.000110027865338853
0.000110027865338853
0.000110027865338853
0.000110027865338853
0.000110027865338853
0.000110027865338853
0.000110027865338853
0.000110027865338853
0.000110027865338853
0.000110027865338853
0.000110027865338853
0.000110027865338853
0.000110027865338853
0.000110027865338853
0.000110027865338853
0.000110027865338853
0.000110027865338853
0.000110027865338853
0.000110027865338853
0.000110027865338853
0.000110027865338853
0.000110027865338853
0.000110027865338853
0.000110027865338853
0.000110027865338853
0.000110027865338853
0.000110027865338853
0.000110027865338853
0.000110027865338853
0.000110027865338853
0.000110027865338853
0.000110027865338853
0.000110027865338853
0.000110027865338853
0.000110027865338853
0.000110027865338853
0.000110027865338853
0.000110027865338853
0.000110027865338853
0.000110027865338853
0.000110027865338853
0.000110027865338853
0.000110027865338853
0.000110027865338853
0.000110027865338853
0.000110027865338853
0.000110027865338853
0.000110027865338853
0.000110027865338853
0.000110027865338853
0.000110027865338853
0.000110027865338853
0.000110027865338853
0.000110027865338853
0.000110027865338853
0.000110027865338853
0.000110027865338853
0.000110027865338853
0.000110027865338853
0.000110027865338853
0.000110027865338853
0.000110027865338853
0.000110027865338853
0.000110027865338853
0.000110027865338853
0.000110027865338853
0.000110027865338853
0.000110027865338853
0.000110027865338853
0.000110027865338853
0.000110027865338853
0.000110027865338853
0.000110027865338853
0.000110027865338853
0.000110027865338853
0.000110027865338853
0.000110027865338853
0.000110027865338853
0.000110027865338853
0.000110027865338853
0.000110027865338853
0.000110027865338853
0.000110027865338853
0.000110027865338853
0.000110027865338853
0.000110027865338853
0.000110027865338853
0.000110027865338853
0.000110027865338853
0.000110027865338853
0.000110027865338853
0.000110027865338853
0.000110027865338853
0.000110027865338853
0.000110027865338853
0.000110027865338853
0.000110027865338853
0.000110027865338853
0.000110027865338853
0.000110027865338853
0.000110027865338853
0.000110027865338853
0.000110027865338853
0.000110027865338853
0.000110027865338853
0.000110027865338853
0.000110027865338853
0.000110027865338853
0.000110027865338853
0.000110027865338853
0.000110027865338853
0.000110027865338853
0.000110027865338853
0.000110027865338853
0.000110027865338853
0.000110027865338853
0.000110027865338853
0.000110027865338853
0.000110027865338853
0.000110027865338853
6.87147862415963E-05
6.87147862415963E-05
6.87147862415963E-05
6.87147862415963E-05
6.87147862415963E-05
6.87147862415963E-05
6.87147862415963E-05
6.87147862415963E-05
6.87147862415963E-05
6.87147862415963E-05
6.87147862415963E-05
6.87147862415963E-05
6.87147862415963E-05
6.87147862415963E-05
6.87147862415963E-05
6.87147862415963E-05
6.87147862415963E-05
1.94694452634137E-05
1.94694452634137E-05
1.94694452634137E-05
1.94694452634137E-05
1.94694452634137E-05
1.94694452634137E-05
1.94694452634137E-05
1.94694452634137E-05
1.94694452634137E-05
1.94694452634137E-05
1.94694452634137E-05
1.94694452634137E-05
1.94694452634137E-05
1.94694452634137E-05
1.94694452634137E-05
1.94694452634137E-05
1.94694452634137E-05
1.94694452634137E-05
1.94694452634137E-05
1.94694452634137E-05
1.94694452634137E-05
1.94694452634137E-05
1.94694452634137E-05
1.94694452634137E-05
1.94694452634137E-05
1.94694452634137E-05
1.94694452634137E-05
1.94694452634137E-05
1.94694452634137E-05
1.94694452634137E-05
1.94694452634137E-05
1.94694452634137E-05
1.94694452634137E-05
1.94694452634137E-05
1.94694452634137E-05
1.94694452634137E-05
1.94694452634137E-05
1.94694452634137E-05
1.94694452634137E-05
1.94694452634137E-05
1.94694452634137E-05
1.94694452634137E-05
1.94694452634137E-05
1.94694452634137E-05
1.94694452634137E-05
1.94694452634137E-05
1.94694452634137E-05
1.94694452634137E-05
1.94694452634137E-05
1.94694452634137E-05
1.94694452634137E-05
1.94694452634137E-05
1.94694452634137E-05
1.94694452634137E-05
1.94694452634137E-05
1.94694452634137E-05
1.94694452634137E-05
1.94694452634137E-05
1.94694452634137E-05
1.94694452634137E-05
1.94694452634137E-05
1.94694452634137E-05
1.94694452634137E-05
1.94694452634137E-05
1.94694452634137E-05
1.94694452634137E-05
1.94694452634137E-05
1.94694452634137E-05
1.94694452634137E-05
1.94694452634137E-05
1.94694452634137E-05
1.94694452634137E-05
1.94694452634137E-05
1.94694452634137E-05
1.94694452634137E-05
1.94694452634137E-05
1.94694452634137E-05
1.94694452634137E-05
1.94694452634137E-05
1.94694452634137E-05
1.94694452634137E-05
1.94694452634137E-05
1.94694452634137E-05
1.94694452634137E-05
1.94694452634137E-05
1.94694452634137E-05
1.94694452634137E-05
1.94694452634137E-05
1.94694452634137E-05
1.94694452634137E-05
1.94694452634137E-05
1.94694452634137E-05
1.94694452634137E-05
1.94694452634137E-05
1.94694452634137E-05
1.94694452634137E-05
1.94694452634137E-05
1.94694452634137E-05
1.94694452634137E-05
1.94694452634137E-05
1.94694452634137E-05
1.94694452634137E-05
1.94694452634137E-05
1.94694452634137E-05
1.94694452634137E-05
1.94694452634137E-05
1.94694452634137E-05
1.94694452634137E-05
1.94694452634137E-05
1.94694452634137E-05
1.94694452634137E-05
1.94694452634137E-05
1.94694452634137E-05
1.94694452634137E-05
1.94694452634137E-05
1.94694452634137E-05
1.94694452634137E-05
1.94694452634137E-05
1.94694452634137E-05
1.94694452634137E-05
1.94694452634137E-05
1.94694452634137E-05
1.94694452634137E-05
1.94694452634137E-05
1.94694452634137E-05
1.94694452634137E-05
1.94694452634137E-05
1.94694452634137E-05
1.94694452634137E-05
1.94694452634137E-05
1.94694452634137E-05
1.94694452634137E-05
1.94694452634137E-05
1.94694452634137E-05
1.94694452634137E-05
1.94694452634137E-05
1.94694452634137E-05
1.94694452634137E-05
1.94694452634137E-05
1.94694452634137E-05
1.94694452634137E-05
1.94694452634137E-05
1.94694452634137E-05
1.94694452634137E-05
1.94694452634137E-05
1.94694452634137E-05
1.94694452634137E-05
1.94694452634137E-05
1.94694452634137E-05
1.94694452634137E-05
1.94694452634137E-05
1.94694452634137E-05
1.94694452634137E-05
1.94694452634137E-05
1.94694452634137E-05
1.94694452634137E-05
1.94694452634137E-05
1.94694452634137E-05
1.94694452634137E-05
1.94694452634137E-05
1.94694452634137E-05
1.94694452634137E-05
1.94694452634137E-05
1.94694452634137E-05
1.94694452634137E-05
1.94694452634137E-05
1.94694452634137E-05
1.94694452634137E-05
1.94694452634137E-05
1.94694452634137E-05
1.94694452634137E-05
1.94694452634137E-05
1.94694452634137E-05
1.94694452634137E-05
1.94694452634137E-05
1.94694452634137E-05
1.94694452634137E-05
1.94694452634137E-05
1.94694452634137E-05
1.94694452634137E-05
1.94694452634137E-05
1.94694452634137E-05
1.94694452634137E-05
1.94694452634137E-05
1.94694452634137E-05
1.94694452634137E-05
1.94694452634137E-05
1.94694452634137E-05
1.94694452634137E-05
1.94694452634137E-05
1.94694452634137E-05
1.94694452634137E-05
1.94694452634137E-05
1.94694452634137E-05
1.94694452634137E-05
1.94694452634137E-05
1.94694452634137E-05
1.94694452634137E-05
1.94694452634137E-05
1.94694452634137E-05
1.94694452634137E-05
1.94694452634137E-05
1.94694452634137E-05
1.94694452634137E-05
1.94694452634137E-05
1.94694452634137E-05
1.94694452634137E-05
1.94694452634137E-05
1.94694452634137E-05
1.94694452634137E-05
1.94694452634137E-05
1.94694452634137E-05
1.94694452634137E-05
1.94694452634137E-05
1.94694452634137E-05
1.94694452634137E-05
1.94694452634137E-05
1.94694452634137E-05
1.94694452634137E-05
1.94694452634137E-05
1.94694452634137E-05
1.94694452634137E-05
1.94694452634137E-05
1.94694452634137E-05
1.94694452634137E-05
1.94694452634137E-05
1.94694452634137E-05
1.94694452634137E-05
1.94694452634137E-05
1.94694452634137E-05
1.94694452634137E-05
1.94694452634137E-05
1.94694452634137E-05
1.59901957745613E-05
1.59901957745613E-05
1.59901957745613E-05
1.59901957745613E-05
1.59901957745613E-05
1.59901957745613E-05
1.59901957745613E-05
1.59901957745613E-05
1.59901957745613E-05
1.59901957745613E-05
1.59901957745613E-05
1.59901957745613E-05
1.59901957745613E-05
1.59901957745613E-05
1.59901957745613E-05
1.59901957745613E-05
1.59901957745613E-05

