0.16649745828381
0.0906133194978333
0.052476733775967
0.0339043328242922
0.0277010602973917
0.0251472678787904
0.0175036707510773
0.0146186434411688
0.0123910376641614
0.0110082350030733
0.00968278671174276
0.00854313598153568
0.00680444061715699
0.00635370766653566
0.00552302353317922
0.00405454041813778
0.00382875315059629
0.0035644154023877
0.00334487842192555
0.00293169301913963
0.0023872740497705
0.00200488325882153
0.00182620859233703
0.00171261059219307
0.00158118230843773
0.00153235719124284
0.00140781502995923
0.00134277571460984
0.00125131810567576
0.00120113159641056
0.00113416264502662
0.00108175336682776
0.00100971160014603
0.000879773535156312
0.000669321219995339
0.000591491657094105
0.000553561896578009
0.000511670933326041
0.000469991949400539
0.000443779294217748
0.000417674026022674
0.000367078055248951
0.000329564167005819
0.000312627451833332
0.000289174612706447
0.000268716820311046
0.000254124177278573
0.000239456191686304
0.000210348794372992
0.000198611690293764
0.00018732862543318
0.00017018438501452
0.000154622626075047
0.000147741298020999
0.000141997737396861
0.000136974878000103
0.000131792550373863
0.000125189824943751
0.00011690291360292
0.000110106976793909
9.32188329600444E-05
9.03313476227289E-05
8.56556528557513E-05
7.74199976045215E-05
7.15364560234404E-05
6.32167735519524E-05
5.9543289314269E-05
5.7135448055768E-05
5.64638373537119E-05
5.11244670182997E-05
4.91295908306437E-05
4.85597029127253E-05
4.57748730184016E-05
4.52131907730605E-05
4.24225529098867E-05
4.02013797539694E-05
3.72057404606494E-05
3.36614957981808E-05
3.32978101998144E-05
3.28745289280621E-05
3.08038529515296E-05
2.79325341142275E-05
2.68583280693025E-05
2.63574101697851E-05
2.53567963879189E-05
2.39667138507989E-05
2.32846727754313E-05
2.10523643602918E-05
2.03020360688771E-05
1.95351382866542E-05
1.90107515841742E-05
1.82450215108435E-05
1.75638665961165E-05
1.65647336673361E-05
1.64855512615204E-05
1.6045049525924E-05
1.5777445337186E-05
1.37945736057364E-05
1.35843787190908E-05
1.31808759866663E-05
1.28953319062286E-05
1.2555892716066E-05
1.19712728965568E-05
1.16360602854101E-05
1.1340885290268E-05
1.04807288180788E-05
1.03988477015402E-05
1.02797438186703E-05
1.01632106108994E-05
9.90118837074232E-06
9.42984824014005E-06
8.50862750288308E-06
8.42225942971422E-06
8.11073897039719E-06
8.07117831338728E-06
7.99099497167156E-06
7.83114578300482E-06
7.81552326296398E-06
6.71896045138144E-06
6.66070895774539E-06
6.64289571769501E-06
6.60911035138953E-06
6.55353209779046E-06
6.43355602585031E-06
6.29243666010365E-06
6.16554125200416E-06
5.95217096732402E-06
5.88847541715244E-06
5.69516426668591E-06
5.53373496540951E-06
5.48102508782658E-06
5.39170324235982E-06
5.23185882772728E-06
5.07261925370436E-06
5.05095949634314E-06
5.03921221071236E-06
5.00529538173944E-06
4.90673011022264E-06
2.88607110487733E-06
2.88237995517445E-06
2.86054481960114E-06
2.84075543845581E-06
2.81320226704076E-06
2.78432272622136E-06
2.77830487447996E-06
2.74256481940918E-06
2.73013858928704E-06
2.72351668106128E-06
2.7174785999925E-06
2.70154470985079E-06
2.68953933162474E-06
2.59742203113935E-06
2.59014714727089E-06
2.55421670823136E-06
2.54813667463225E-06
2.54305369600042E-06
2.53979982869839E-06
2.53627762542314E-06
2.53502382652877E-06
2.52603804873842E-06
2.52428717931587E-06
2.51928573667759E-06
2.5168889205034E-06
2.4195132101282E-06
2.41648867243994E-06
2.4121572088241E-06
2.40869313146397E-06
2.40645134045991E-06
2.40473502263406E-06
2.39782776298172E-06
2.39704966561306E-06
2.39162000943159E-06
2.39091046440462E-06
2.39085011984908E-06
2.38875840838506E-06
2.38695312104093E-06
2.38435925489949E-06
2.38167706950333E-06
2.37937899471347E-06
2.37842098203429E-06
2.37831606656022E-06
2.37751147570508E-06
2.37656165989921E-06
2.37631064508687E-06
2.37557763375937E-06
2.35226499354323E-06
2.35210651084895E-06
2.01856521378514E-06
2.01373952782137E-06
2.01369807683346E-06
2.01348566055303E-06
1.34939092115313E-06
1.34922119363488E-06
1.34868119863624E-06
1.29573315242482E-06
1.29538984652906E-06
1.29457689092785E-06
1.29426589281204E-06
1.29404827882089E-06
1.29398917314508E-06
1.29382713862544E-06
1.29376061966249E-06
1.29348023062035E-06
1.29309176900428E-06
1.29299001365247E-06
1.29296787444686E-06
1.29280097753269E-06
1.21724936100356E-06
8.56187937327487E-07
8.56008928330648E-07
5.61252275204597E-07
5.60973784590095E-07
5.60872317028302E-07
4.38807707317209E-07
4.38764687325167E-07
4.38617028483206E-07
4.37975457012858E-07
4.368430007108E-07
4.3454480588359E-07
4.27546874496183E-07
4.27332695401645E-07
4.23047870395548E-07
4.22985011166212E-07
4.22978873470699E-07
3.91945433871921E-07
3.73465819790585E-07
3.7326298110015E-07
3.73032321324761E-07
3.73001724839318E-07
3.72215282639445E-07
3.5190924778665E-07
3.3160199084604E-07
3.16503305572399E-07
3.05794612177607E-07
3.00205701541994E-07
3.00119438685139E-07
3.00119065292572E-07
3.00105289148354E-07
2.9828421828491E-07
2.95727340349547E-07
2.95584505102679E-07
2.95575024000149E-07
2.95557937538411E-07
2.94179869617982E-07
2.93943795005328E-07
2.93906153017147E-07
2.92494485607561E-07
2.92031740432974E-07
2.91513683572059E-07
2.91420224559293E-07
2.91419620648437E-07
2.91416208621236E-07
2.91414189093858E-07
2.91406742254815E-07
2.90670294345674E-07
2.90294565404007E-07
2.90116354533378E-07
2.89984175977825E-07
2.89872865013438E-07
2.89816453171625E-07
2.87828172764137E-07
2.87324822448253E-07
2.87221343090403E-07
2.87179036148177E-07
2.87149626330832E-07
2.86487065585098E-07
2.8647945634809E-07
2.8646764641822E-07
2.86463579929503E-07
2.8613644876957E-07
2.86129396074733E-07
2.86124416386693E-07
2.86118476726296E-07
2.86115732391788E-07
2.86112268682328E-07
2.86110334716571E-07
2.86086819108431E-07
2.85974214721844E-07
2.85973242689636E-07
2.8596913301932E-07
2.85933862401696E-07
2.85921555667241E-07
2.85919419471931E-07
2.85918192696201E-07
2.85913844281237E-07
2.85903691717739E-07
2.85903234911286E-07
2.85903159076702E-07
2.85899978414176E-07
2.85899272968487E-07
2.85865595974601E-07
2.85862361307156E-07
2.85858207111876E-07
2.8582892650957E-07
2.85794576039345E-07
2.85793807453315E-07
2.85748730390387E-07
2.85708373174938E-07
2.85685378121646E-07
2.85667612576941E-07
2.85641240844068E-07
2.85618558450974E-07
2.85590825233684E-07
1.86228962213445E-07
1.86228427094628E-07
1.86227631607227E-07
1.86227547171189E-07
1.86225282859412E-07
1.86220681636647E-07
1.2599361001798E-07
1.25982674073053E-07
4.33314464940687E-08
4.33179069062326E-08
4.33043860374882E-08
4.32938204180286E-08
4.32864253349437E-08
4.32788517291533E-08
4.32674996815131E-08
4.32536881642339E-08
4.32536495064827E-08
4.32535883038367E-08
4.3253356617246E-08
4.32532361087017E-08
4.3253234072783E-08
4.32509200607625E-08
3.93151681991182E-08
3.93151207435656E-08
3.93118567465014E-08
2.16421726805914E-08
2.16420091986188E-08
2.16353415207307E-08
2.16333242335814E-08
2.16331357469663E-08
2.16329115582437E-08
2.16323855110964E-08
2.16323576269959E-08
2.16320994224617E-08
2.16314381779515E-08
2.16314358117588E-08
2.16314356411279E-08
1.9964194297072E-08
1.81294974384238E-08
1.81294908737203E-08
1.80827247211166E-08
1.79959171027669E-08
1.79958977344809E-08
1.79958580515992E-08
1.79173658114203E-08
1.79173182114517E-08
1.7855771029876E-08
1.7855767052535E-08
1.78557336205281E-08
1.78555645928044E-08
1.78555596581822E-08
1.78555542454058E-08
1.78555379173448E-08
1.32806407667719E-08
1.29366420474623E-08
1.13631712045346E-08
1.13630479507965E-08
1.13598126412478E-08
8.85221849991131E-09
8.85217476216657E-09
8.85217413015945E-09
8.85217388903289E-09
8.84498190489031E-09
8.83819814545044E-09
8.83819552622816E-09
8.83187905086981E-09
7.36258493341989E-09
7.36185334263277E-09
6.25995737449243E-09
6.25956235995388E-09
5.38345275344251E-09
5.38311186201348E-09
5.38293679827655E-09
5.3828245723861E-09
5.3827426234296E-09
5.38266697314723E-09
5.38261809819057E-09
5.3825868688852E-09
5.38256411918586E-09
5.16723133516241E-09
4.79185797582823E-09
4.5844627115745E-09
4.58443860240041E-09
4.53550170428387E-09
4.53549826092716E-09
4.5354897408305E-09
4.53546258250543E-09
4.53545517313683E-09
4.53545393274017E-09
4.53545307582682E-09
4.5354513103853E-09
4.53542628994131E-09
4.5354217893662E-09
4.53541682208771E-09
4.53540420190744E-09
4.53540405247932E-09
4.53540087831888E-09
4.53540043382095E-09
4.53539431452276E-09
4.53539376829303E-09
4.53539365765298E-09
4.53423799506795E-09
4.53423796078114E-09
4.53423658032861E-09
4.53423574024786E-09
4.53344380895627E-09
4.53344240360328E-09
4.53344234309438E-09
4.53313401788575E-09
4.53313296980479E-09
4.53313255789659E-09
4.53313117865198E-09
4.53313042995544E-09
4.53313011399104E-09
4.53312975934077E-09
4.53312975267943E-09
4.5330855347168E-09
4.53295051304091E-09
4.53285234320382E-09
4.53278061752237E-09
4.53272750844227E-09
4.53268942520896E-09
4.53266146071039E-09
4.53266130999306E-09
4.53266124626436E-09
4.53266124124332E-09
4.53265518814992E-09
4.518643578731E-09
4.51864351253582E-09
4.51748865347237E-09
4.51748823123409E-09
4.51744770107642E-09
4.51744713345296E-09
4.51744710123849E-09
4.51502306008474E-09
4.51502303059111E-09
4.50729014373214E-09
4.50729013369782E-09
4.50729010692595E-09
4.50729008626658E-09
4.50729003706541E-09
4.50612671397501E-09
4.50612670186384E-09
4.5055367523203E-09
4.50553673280265E-09
4.50553667461946E-09
4.5048721618149E-09
4.50487207743762E-09
4.50487204052016E-09
4.50445524947404E-09
4.50445522262509E-09
4.50445522258685E-09
4.50445520613499E-09
4.50445519222802E-09
4.50445517438069E-09
4.50445517005973E-09
4.50445514890512E-09
4.50445513022346E-09
4.50445510027599E-09
4.50445509941858E-09
4.50392208129871E-09
4.50365252920068E-09
4.50365247102503E-09
4.50352032479236E-09
4.50351587391612E-09
4.50351586427884E-09
4.50335675487736E-09
4.50335674377412E-09
4.50335672573499E-09
4.5033135302517E-09
4.50331353024476E-09
4.50331353024352E-09
4.50331353017035E-09
4.50331352792504E-09
4.50331350904271E-09
4.50331350819092E-09
4.50328803837632E-09
4.50328801428966E-09
4.50328801009708E-09
4.50328800490644E-09
4.50328798227551E-09
4.50328798200708E-09
4.50328798161617E-09
4.50321875400645E-09
4.50321875169005E-09
4.50321874444587E-09
4.50321874444587E-09
4.50321874390482E-09
4.50321874390482E-09
4.50321873861709E-09
4.50321873861011E-09
4.50320535356597E-09
4.50320535353334E-09
4.50320535340811E-09
4.50320535340811E-09
4.50320535164007E-09
4.50320535163901E-09

