0.128875479252878
0.100818045332518
0.0327312840332272
0.0327312840332272
0.0202626836355428
0.0131865708961584
0.00262920730693095
0.00262920730693095
0.00262920730693095
0.00219248447353348
0.00204299574086764
0.000713187303397755
0.000713187303397755
0.000713187303397755
0.000592501868175277
0.000592501868175277
0.000526899168667216
0.000526899168667216
0.00037397573155673
0.00037397573155673
0.00037397573155673
0.00037397573155673
0.000329445704231324
0.000110921857512825
0.000110921857512825
0.000110921857512825
0.000110921857512825
0.000110921857512825
0.000110921857512825
4.49257292929328E-05
4.49257292929328E-05
4.49257292929328E-05
4.49257292929328E-05
4.49257292929328E-05
4.49257292929328E-05
1.37537528840381E-05
1.37537528840381E-05
1.37537528840381E-05
1.37537528840381E-05
1.37537528840381E-05
1.37537528840381E-05
1.37537528840381E-05
1.37537528840381E-05
1.37537528840381E-05
1.37537528840381E-05
1.37537528840381E-05
1.37537528840381E-05
1.37537528840381E-05
1.37537528840381E-05
1.37537528840381E-05
1.37537528840381E-05
1.37537528840381E-05
1.37537528840381E-05
1.37537528840381E-05
1.37537528840381E-05
1.37537528840381E-05
1.37537528840381E-05
1.37537528840381E-05
1.37537528840381E-05
1.37537528840381E-05
1.37537528840381E-05
1.37537528840381E-05
7.76056741425002E-06
7.76056741425002E-06
7.76056741425002E-06
7.76056741425002E-06
7.76056741425002E-06
7.76056741425002E-06
7.76056741425002E-06
7.76056741425002E-06
7.76056741425002E-06
7.76056741425002E-06
4.09130422218684E-06
4.09130422218684E-06
4.09130422218684E-06
4.09130422218684E-06
4.09130422218684E-06
4.09130422218684E-06
4.09130422218684E-06
4.09130422218684E-06
4.09130422218684E-06
4.09130422218684E-06
4.09130422218684E-06
4.09130422218684E-06
4.09130422218684E-06
4.09130422218684E-06
2.97874587329439E-06
2.97874587329439E-06
2.97874587329439E-06
2.97874587329439E-06
2.97874587329439E-06
2.97874587329439E-06
2.97874587329439E-06
2.97874587329439E-06
2.97874587329439E-06
2.97874587329439E-06
2.97874587329439E-06
2.97874587329439E-06
7.44614561565271E-07
7.44614561565271E-07
7.44614561565271E-07
7.44614561565271E-07
7.44614561565271E-07
7.44614561565271E-07
7.44614561565271E-07
7.44614561565271E-07
7.44614561565271E-07
7.44614561565271E-07
7.44614561565271E-07
7.44614561565271E-07
7.44614561565271E-07
7.44614561565271E-07
7.44614561565271E-07
7.44614561565271E-07
7.44614561565271E-07
7.44614561565271E-07
7.44614561565271E-07
7.44614561565271E-07
7.44614561565271E-07
7.44614561565271E-07
7.44614561565271E-07
7.44614561565271E-07
7.44614561565271E-07
7.44614561565271E-07
7.44614561565271E-07
7.44614561565271E-07
6.32365098840459E-07
6.32365098840459E-07
6.32365098840459E-07
6.32365098840459E-07
6.32365098840459E-07
6.32365098840459E-07
6.32365098840459E-07
6.32365098840459E-07
6.32365098840459E-07
6.32365098840459E-07
6.32365098840459E-07
6.32365098840459E-07
6.32365098840459E-07
6.32365098840459E-07
6.32365098840459E-07
6.32365098840459E-07
6.32365098840459E-07
6.32365098840459E-07
6.32365098840459E-07
6.32365098840459E-07
6.32365098840459E-07
6.32365098840459E-07
6.32365098840459E-07
6.32365098840459E-07
6.32365098840459E-07
3.37457609300706E-07
3.37457609300706E-07
3.37457609300706E-07
3.37457609300706E-07
3.37457609300706E-07
3.37457609300706E-07
3.37457609300706E-07
3.37457609300706E-07
3.37457609300706E-07
3.37457609300706E-07
3.37457609300706E-07
3.37457609300706E-07
3.37457609300706E-07
3.37457609300706E-07
3.37457609300706E-07
3.37457609300706E-07
3.37457609300706E-07
3.37457609300706E-07
3.37457609300706E-07
1.61269056997426E-07
1.61269056997426E-07
1.61269056997426E-07
1.61269056997426E-07
1.61269056997426E-07
1.61269056997426E-07
1.61269056997426E-07
1.61269056997426E-07
1.61269056997426E-07
1.61269056997426E-07
1.61269056997426E-07
1.61269056997426E-07
1.61269056997426E-07
1.61269056997426E-07
1.61269056997426E-07
1.61269056997426E-07
1.61269056997426E-07
1.61269056997426E-07
1.61269056997426E-07
1.61269056997426E-07
1.61269056997426E-07
1.61269056997426E-07
1.61269056997426E-07
1.61269056997426E-07
1.61269056997426E-07
1.61269056997426E-07
1.61269056997426E-07
1.61269056997426E-07
1.61269056997426E-07
1.61269056997426E-07
1.61269056997426E-07
1.61269056997426E-07
6.73144268104053E-08
6.73144268104053E-08
6.73144268104053E-08
6.73144268104053E-08
6.73144268104053E-08
6.73144268104053E-08
6.73144268104053E-08
6.73144268104053E-08
6.73144268104053E-08
6.73144268104053E-08
6.73144268104053E-08
6.73144268104053E-08
6.73144268104053E-08
6.73144268104053E-08
6.73144268104053E-08
6.73144268104053E-08
6.73144268104053E-08
5.10514833740316E-08
5.10514833740316E-08
5.10514833740316E-08
5.10514833740316E-08
5.10514833740316E-08
5.10514833740316E-08
5.10514833740316E-08
5.10514833740316E-08
5.10514833740316E-08
5.10514833740316E-08
5.10514833740316E-08
5.10514833740316E-08
5.10514833740316E-08
5.10514833740316E-08
5.10514833740316E-08
5.10514833740316E-08
5.10514833740316E-08
5.10514833740316E-08
5.10514833740316E-08
5.10514833740316E-08
5.10514833740316E-08
5.10514833740316E-08
5.10514833740316E-08
5.10514833740316E-08
5.10514833740316E-08
5.10514833740316E-08
5.10514833740316E-08
5.10514833740316E-08
5.10514833740316E-08
5.10514833740316E-08
5.10514833740316E-08
5.10514833740316E-08
5.10514833740316E-08
5.10514833740316E-08
5.10514833740316E-08
5.10514833740316E-08
5.10514833740316E-08
5.10514833740316E-08
5.10514833740316E-08
5.10514833740316E-08
5.10514833740316E-08
5.10514833740316E-08
5.10514833740316E-08
5.10514833740316E-08
5.10514833740316E-08
5.10514833740316E-08
5.10514833740316E-08
5.10514833740316E-08
5.10514833740316E-08
5.10514833740316E-08
5.10514833740316E-08
5.10514833740316E-08
5.10514833740316E-08
5.10514833740316E-08
5.10514833740316E-08
5.10514833740316E-08
5.10514833740316E-08
5.10514833740316E-08
5.10514833740316E-08
5.10514833740316E-08
5.10514833740316E-08
5.10514833740316E-08
5.10514833740316E-08
5.10514833740316E-08
5.10514833740316E-08
5.10514833740316E-08
5.10514833740316E-08
5.10514833740316E-08
5.10514833740316E-08
5.10514833740316E-08
5.10514833740316E-08
5.10514833740316E-08
5.10514833740316E-08
5.10514833740316E-08
5.10514833740316E-08
5.10514833740316E-08
5.10514833740316E-08
5.10514833740316E-08
5.10514833740316E-08
5.10514833740316E-08
5.10514833740316E-08
5.10514833740316E-08
5.10514833740316E-08
5.10514833740316E-08
5.10514833740316E-08
5.10514833740316E-08
3.44464471391248E-08
3.44464471391248E-08
3.44464471391248E-08
3.44464471391248E-08
3.44464471391248E-08
3.44464471391248E-08
3.44464471391248E-08
3.44464471391248E-08
3.44464471391248E-08
3.44464471391248E-08
3.44464471391248E-08
3.44464471391248E-08
3.44464471391248E-08
3.44464471391248E-08
3.44464471391248E-08
3.44464471391248E-08
3.44464471391248E-08
3.08663136161513E-08
3.08663136161513E-08
3.08663136161513E-08
3.08663136161513E-08
3.08663136161513E-08
3.08663136161513E-08
3.08663136161513E-08
3.08663136161513E-08
3.08663136161513E-08
3.08663136161513E-08
3.08663136161513E-08
3.08663136161513E-08
3.08663136161513E-08
2.78067391334957E-08
2.78067391334957E-08
2.78067391334957E-08
2.78067391334957E-08
2.78067391334957E-08
2.78067391334957E-08
2.78067391334957E-08
2.78067391334957E-08
2.78067391334957E-08
2.78067391334957E-08
2.78067391334957E-08
2.78067391334957E-08
2.78067391334957E-08
2.78067391334957E-08
2.78067391334957E-08
2.78067391334957E-08
2.78067391334957E-08
2.78067391334957E-08
2.78067391334957E-08
2.78067391334957E-08
2.78067391334957E-08
2.78067391334957E-08
2.78067391334957E-08
2.78067391334957E-08
2.78067391334957E-08
2.78067391334957E-08
2.78067391334957E-08
2.78067391334957E-08
2.78067391334957E-08
2.78067391334957E-08
2.78067391334957E-08
2.43241027320096E-08
2.43241027320096E-08
7.24645254912559E-09
7.24645254912559E-09
5.68228308850394E-09
5.68228308850394E-09
5.68228308850394E-09
5.68228308850394E-09
5.68228308850394E-09
5.68228308850394E-09
5.68228308850394E-09
5.68228308850394E-09
5.68228308850394E-09
5.68228308850394E-09
5.68228308850394E-09
5.68228308850394E-09
5.68228308850394E-09
5.68228308850394E-09
5.68228308850394E-09
5.68228308850394E-09
5.68228308850394E-09
5.68228308850394E-09
5.68228308850394E-09
5.68228308850394E-09
5.68228308850394E-09
5.68228308850394E-09
5.68228308850394E-09
5.68228308850394E-09
5.68228308850394E-09
5.68228308850394E-09
5.68228308850394E-09
5.68228308850394E-09
5.68228308850394E-09
5.68228308850394E-09
5.68228308850394E-09
5.68228308850394E-09
5.68228308850394E-09
5.68228308850394E-09
5.68228308850394E-09
5.68228308850394E-09
5.68228308850394E-09
5.68228308850394E-09
5.68228308850394E-09
5.68228308850394E-09
5.16552967066986E-09
5.16552967066986E-09
5.16552967066986E-09
5.16552967066986E-09
5.16552967066986E-09
5.16552967066986E-09
5.16552967066986E-09
5.16552967066986E-09
5.16552967066986E-09
5.16552967066986E-09
5.16552967066986E-09
5.16552967066986E-09
5.16552967066986E-09
5.16552967066986E-09
5.16552967066986E-09
5.16552967066986E-09
5.16552967066986E-09
3.42757067173238E-09
3.42757067173238E-09
3.42757067173238E-09
3.42757067173238E-09
3.42757067173238E-09
3.42757067173238E-09
3.42757067173238E-09
3.42757067173238E-09
3.42757067173238E-09
3.42757067173238E-09
3.42757067173238E-09
3.42757067173238E-09
3.42757067173238E-09
3.42757067173238E-09
3.42757067173238E-09
3.42757067173238E-09
3.42757067173238E-09
3.42757067173238E-09
3.42757067173238E-09
3.42757067173238E-09
3.42757067173238E-09
3.42757067173238E-09
3.42757067173238E-09
3.42757067173238E-09
3.42757067173238E-09
3.42757067173238E-09
3.42757067173238E-09
3.42757067173238E-09
3.42757067173238E-09
3.42757067173238E-09
3.42757067173238E-09
3.42757067173238E-09
3.42757067173238E-09
3.42757067173238E-09
3.42757067173238E-09
3.42757067173238E-09
3.42757067173238E-09
3.42757067173238E-09
3.42757067173238E-09
3.42757067173238E-09
3.42757067173238E-09
3.01065028462943E-09
3.01065028462943E-09
3.01065028462943E-09
3.01065028462943E-09
3.01065028462943E-09
3.01065028462943E-09
3.01065028462943E-09
3.01065028462943E-09
3.01065028462943E-09
3.01065028462943E-09
5.80303138875138E-10
5.80303138875138E-10
5.80303138875138E-10
5.80303138875138E-10
5.80303138875138E-10
5.80303138875138E-10
5.80303138875138E-10
5.80303138875138E-10
5.80303138875138E-10
5.80303138875138E-10
5.80303138875138E-10
5.80303138875138E-10
5.80303138875138E-10
5.80303138875138E-10
5.80303138875138E-10
5.80303138875138E-10
5.80303138875138E-10
5.80303138875138E-10
5.80303138875138E-10
5.80303138875138E-10
5.80303138875138E-10
5.80303138875138E-10

