0.283205645514309
0.229463207565997
0.0816753106816984
0.0773786279086902
0.0168717954335621
0.0105777015156261
0.0105777015156261
0.000679357669198244
0.000679357669198244
0.000679357669198244
0.000679357669198244
0.000679357669198244
0.000679357669198244
0.000679357669198244
0.000679357669198244
0.000679357669198244
0.000679357669198244
0.000679357669198244
0.00061736563071968
0.000248216440280502
0.000248216440280502
0.000248216440280502
0.000248216440280502
0.000236839616976514
0.000236839616976514
0.000236839616976514
0.000138384868159758
0.000138384868159758
0.000136627787455934
0.000136627787455934
0.000136627787455934
0.000136627787455934
0.000123617297495215
0.000123617297495215
0.000123617297495215
0.00011479021642935
3.44254347396378E-05
3.44254347396378E-05
3.44254347396378E-05
2.18537764444804E-05
2.18537764444804E-05
3.24252770267375E-06
3.24252770267375E-06
3.24252770267375E-06
3.24252770267375E-06
3.24252770267375E-06
3.24252770267375E-06
3.24252770267375E-06
3.24252770267375E-06
3.24252770267375E-06
3.24252770267375E-06
3.24252770267375E-06
3.24252770267375E-06
3.24252770267375E-06
3.24252770267375E-06
3.24252770267375E-06
3.24252770267375E-06
3.24252770267375E-06
3.24252770267375E-06
3.24252770267375E-06
3.24252770267375E-06
3.24252770267375E-06
3.24252770267375E-06
3.24252770267375E-06
3.24252770267375E-06
3.24252770267375E-06
3.13747920555052E-06
3.13747920555052E-06
3.13747920555052E-06
3.13747920555052E-06
3.13747920555052E-06
3.13747920555052E-06
3.13747920555052E-06
3.13747920555052E-06
3.13747920555052E-06
3.13747920555052E-06
3.13747920555052E-06
3.13747920555052E-06
2.95808425099242E-06
2.95808425099242E-06
2.95808425099242E-06
2.95808425099242E-06
2.95808425099242E-06
2.95808425099242E-06
2.95808425099242E-06
2.95808425099242E-06
2.35605059673016E-06
2.35605059673016E-06
2.35605059673016E-06
2.35605059673016E-06
2.35605059673016E-06
2.35605059673016E-06
2.35605059673016E-06
2.35605059673016E-06
2.35605059673016E-06
2.35605059673016E-06
2.35605059673016E-06
2.35605059673016E-06
2.35605059673016E-06
2.35605059673016E-06
2.35605059673016E-06
2.35605059673016E-06
2.35605059673016E-06
2.35605059673016E-06
1.85568034649641E-06
1.85568034649641E-06
1.85568034649641E-06
1.85568034649641E-06
1.22132980606704E-06
1.22132980606704E-06
1.22132980606704E-06
1.22132980606704E-06
1.22132980606704E-06
1.22132980606704E-06
1.22132980606704E-06
1.22132980606704E-06
1.18847922991883E-06
1.18847922991883E-06
1.18847922991883E-06
1.18847922991883E-06
1.18847922991883E-06
1.18847922991883E-06
1.18847922991883E-06
1.18847922991883E-06
1.18847922991883E-06
1.18847922991883E-06
1.18847922991883E-06
1.18847922991883E-06
1.18847922991883E-06
1.18847922991883E-06
1.18847922991883E-06
1.18847922991883E-06
1.18847922991883E-06
9.9867811609311E-07
9.9867811609311E-07
9.9867811609311E-07
9.9867811609311E-07
9.9867811609311E-07
3.14436087722747E-07
3.14436087722747E-07
3.14436087722747E-07
3.14436087722747E-07
3.14436087722747E-07
3.14436087722747E-07
3.14436087722747E-07
3.14436087722747E-07
3.14436087722747E-07
3.14436087722747E-07
3.14436087722747E-07
3.14436087722747E-07
3.14436087722747E-07
3.14436087722747E-07
3.14436087722747E-07
3.14436087722747E-07
3.14436087722747E-07
3.14436087722747E-07
3.14436087722747E-07
3.14436087722747E-07
3.14436087722747E-07
3.14436087722747E-07
3.14436087722747E-07
3.14436087722747E-07
3.14436087722747E-07
3.14436087722747E-07
3.14436087722747E-07
3.14436087722747E-07
3.14436087722747E-07
3.14436087722747E-07
3.14436087722747E-07
3.14436087722747E-07
3.14436087722747E-07
3.14436087722747E-07
3.14436087722747E-07
3.14436087722747E-07
3.14436087722747E-07
3.14436087722747E-07
3.14436087722747E-07
3.14436087722747E-07
3.14436087722747E-07
3.14436087722747E-07
3.14436087722747E-07
3.14436087722747E-07
3.14436087722747E-07
3.14436087722747E-07
3.14436087722747E-07
3.14436087722747E-07
3.14436087722747E-07
3.14436087722747E-07
3.14436087722747E-07
3.14436087722747E-07
3.14436087722747E-07
3.14436087722747E-07
3.14436087722747E-07
3.14436087722747E-07
3.14436087722747E-07
3.14436087722747E-07
3.14436087722747E-07
3.14436087722747E-07
1.10713463619128E-07
1.10713463619128E-07
1.10713463619128E-07
1.10713463619128E-07
1.10713463619128E-07
1.10713463619128E-07
1.10713463619128E-07
1.10713463619128E-07
1.10713463619128E-07
1.10713463619128E-07
1.10713463619128E-07
1.10713463619128E-07
1.10713463619128E-07
1.10713463619128E-07
1.10713463619128E-07
1.10713463619128E-07
1.10713463619128E-07
1.10713463619128E-07
8.35767343110305E-08
8.35767343110305E-08
8.35767343110305E-08
8.35767343110305E-08
8.35767343110305E-08
8.35767343110305E-08
8.35767343110305E-08
8.35767343110305E-08
8.35767343110305E-08
8.35767343110305E-08
8.35767343110305E-08
8.35767343110305E-08
8.35767343110305E-08
8.35767343110305E-08
8.35767343110305E-08
8.35767343110305E-08
8.35767343110305E-08
8.35767343110305E-08
8.35767343110305E-08
8.35767343110305E-08
8.35767343110305E-08
8.35767343110305E-08
8.35767343110305E-08
8.35767343110305E-08
8.35767343110305E-08
8.35767343110305E-08
8.35767343110305E-08
8.35767343110305E-08
8.35767343110305E-08
8.35767343110305E-08
8.35767343110305E-08
8.35767343110305E-08
8.35767343110305E-08
8.35767343110305E-08
8.35767343110305E-08
8.35767343110305E-08
8.35767343110305E-08
8.35767343110305E-08
8.35767343110305E-08
8.35767343110305E-08
8.35767343110305E-08
8.35767343110305E-08
8.35767343110305E-08
8.35767343110305E-08
8.35767343110305E-08
8.35767343110305E-08
8.35767343110305E-08
8.35767343110305E-08
8.35767343110305E-08
8.35767343110305E-08
8.35767343110305E-08
8.35767343110305E-08
8.35767343110305E-08
8.35767343110305E-08
8.35767343110305E-08
8.35767343110305E-08
8.35767343110305E-08
8.35767343110305E-08
8.35767343110305E-08
8.35767343110305E-08
8.35767343110305E-08
8.35767343110305E-08
8.35767343110305E-08
8.35767343110305E-08
8.35767343110305E-08
8.35767343110305E-08
8.35767343110305E-08
8.35767343110305E-08
8.35767343110305E-08
8.35767343110305E-08
8.35767343110305E-08
8.35767343110305E-08
8.15530228903683E-08
3.59559781948349E-08
3.59559781948349E-08
3.59559781948349E-08
3.59559781948349E-08
3.59559781948349E-08
3.59559781948349E-08
3.59559781948349E-08
3.59559781948349E-08
3.59559781948349E-08
4.41458525290983E-09
4.41458525290983E-09
4.41458525290983E-09
4.41458525290983E-09
4.41458525290983E-09
4.41458525290983E-09
4.41458525290983E-09
4.41458525290983E-09
4.41458525290983E-09
4.41458525290983E-09
4.41458525290983E-09
4.41458525290983E-09
4.41458525290983E-09
4.41458525290983E-09
4.41458525290983E-09
4.41458525290983E-09
4.41458525290983E-09
4.41458525290983E-09
4.41458525290983E-09
4.41458525290983E-09
4.41458525290983E-09
4.41458525290983E-09
4.41458525290983E-09
4.41458525290983E-09
4.41458525290983E-09
4.41458525290983E-09
4.41458525290983E-09
4.41458525290983E-09
4.41458525290983E-09
4.41458525290983E-09
4.41458525290983E-09
4.41458525290983E-09
4.41458525290983E-09
4.41458525290983E-09
4.41458525290983E-09
4.41458525290983E-09
4.41458525290983E-09
4.41458525290983E-09
4.41458525290983E-09
4.41458525290983E-09
4.41458525290983E-09
4.41458525290983E-09
4.41458525290983E-09
3.66987717992373E-09
3.66987717992373E-09
3.66987717992373E-09
3.66987717992373E-09
3.66987717992373E-09
3.66987717992373E-09
3.66987717992373E-09
3.66987717992373E-09
3.66987717992373E-09
3.66987717992373E-09
3.66987717992373E-09
3.66987717992373E-09
3.66987717992373E-09
3.66987717992373E-09
3.66987717992373E-09
3.66987717992373E-09
3.66987717992373E-09
3.66987717992373E-09
3.66987717992373E-09
3.66987717992373E-09
3.66987717992373E-09
3.66987717992373E-09
3.66987717992373E-09
3.66987717992373E-09
3.66987717992373E-09
3.66987717992373E-09
3.66987717992373E-09
3.66987717992373E-09
3.66987717992373E-09
3.66987717992373E-09
3.66987717992373E-09
3.66987717992373E-09
3.66987717992373E-09
3.29110116936704E-09
3.29110116936704E-09
3.29110116936704E-09
3.29110116936704E-09
3.29110116936704E-09
3.29110116936704E-09
3.29110116936704E-09
3.29110116936704E-09
3.29110116936704E-09
3.29110116936704E-09
3.29110116936704E-09
3.29110116936704E-09
3.29110116936704E-09
3.29110116936704E-09
3.29110116936704E-09
3.29110116936704E-09
3.29110116936704E-09
3.29110116936704E-09
3.29110116936704E-09
3.29110116936704E-09
3.29110116936704E-09
3.29110116936704E-09
3.29110116936704E-09
3.29110116936704E-09
3.29110116936704E-09
3.29110116936704E-09
3.29110116936704E-09
3.29110116936704E-09
3.29110116936704E-09
3.29110116936704E-09
3.29110116936704E-09
3.29110116936704E-09
3.29110116936704E-09
3.29110116936704E-09
3.29110116936704E-09
3.29110116936704E-09
3.29110116936704E-09
3.29110116936704E-09
2.77501466250385E-09
2.77501466250385E-09
2.77501466250385E-09
2.77501466250385E-09
2.77501466250385E-09
2.77501466250385E-09
2.77501466250385E-09
2.77501466250385E-09
2.77501466250385E-09
2.77501466250385E-09
2.77501466250385E-09
2.77501466250385E-09
2.77501466250385E-09
2.77501466250385E-09
2.77501466250385E-09
2.77501466250385E-09
2.77501466250385E-09
2.77501466250385E-09
2.77501466250385E-09
2.77501466250385E-09
2.77501466250385E-09
2.77501466250385E-09
2.77501466250385E-09
2.77501466250385E-09
2.77501466250385E-09
2.77501466250385E-09
2.77501466250385E-09
2.77501466250385E-09
2.77501466250385E-09
2.77501466250385E-09
2.77501466250385E-09
2.77501466250385E-09
2.77501466250385E-09
2.77501466250385E-09
2.77501466250385E-09
2.77501466250385E-09
2.77501466250385E-09
2.77501466250385E-09
2.77501466250385E-09
2.77501466250385E-09
2.77501466250385E-09
2.77501466250385E-09
2.77501466250385E-09
2.77501466250385E-09
9.88833681603296E-10
9.88833681603296E-10
9.88833681603296E-10
9.88833681603296E-10
9.88833681603296E-10
9.88833681603296E-10
9.88833681603296E-10
9.88833681603296E-10
9.88833681603296E-10
9.88833681603296E-10
9.88833681603296E-10
9.88833681603296E-10
9.88833681603296E-10
9.88833681603296E-10
9.88833681603296E-10
9.88833681603296E-10
9.88833681603296E-10
9.88833681603296E-10
9.88833681603296E-10
9.88833681603296E-10
9.88833681603296E-10
9.88833681603296E-10
9.88833681603296E-10
9.88833681603296E-10
9.88833681603296E-10
9.88833681603296E-10
9.88833681603296E-10
9.88833681603296E-10
9.88833681603296E-10
9.88833681603296E-10
9.88833681603296E-10
9.88833681603296E-10
9.88833681603296E-10
9.88833681603296E-10
9.88833681603296E-10
9.88833681603296E-10
9.88833681603296E-10
9.88833681603296E-10
9.88833681603296E-10
9.88833681603296E-10
9.88833681603296E-10
9.88833681603296E-10
9.88833681603296E-10
9.88833681603296E-10

