0.193198235967857
0.137065143147606
0.12334876996007
0.0818457105694839
0.0818457105694839
0.0641477955017462
0.0106823572258738
0.0106823572258738
0.0106823572258738
0.00470068007227173
0.00470068007227173
0.00470068007227173
0.00470068007227173
0.00470068007227173
0.00470068007227173
0.00468628829541204
0.00261433146116546
0.00261433146116546
0.00167328457764859
0.000661039686783271
0.000661039686783271
0.00031113504945135
0.000274647557162999
0.000274647557162999
0.000274647557162999
0.00023779415096381
0.00023779415096381
0.00023779415096381
0.00023779415096381
0.00023779415096381
0.00023779415096381
0.000156618204109504
0.000156618204109504
0.000156618204109504
1.20089536344015E-05
1.20089536344015E-05
1.20089536344015E-05
1.20089536344015E-05
1.20089536344015E-05
1.20089536344015E-05
1.20089536344015E-05
1.20089536344015E-05
1.20089536344015E-05
1.20089536344015E-05
1.20089536344015E-05
1.20089536344015E-05
1.20089536344015E-05
1.20089536344015E-05
1.20089536344015E-05
1.20089536344015E-05
1.20089536344015E-05
1.20089536344015E-05
1.20089536344015E-05
1.20089536344015E-05
1.20089536344015E-05
1.20089536344015E-05
1.20089536344015E-05
1.20089536344015E-05
1.20089536344015E-05
4.10174346998637E-06
4.10174346998637E-06
4.10174346998637E-06
4.10174346998637E-06
4.10174346998637E-06
4.10174346998637E-06
4.10174346998637E-06
4.10174346998637E-06
4.10174346998637E-06
4.10174346998637E-06
4.10174346998637E-06
4.10174346998637E-06
4.10174346998637E-06
4.10174346998637E-06
4.10174346998637E-06
4.10174346998637E-06
4.10174346998637E-06
4.10174346998637E-06
4.10174346998637E-06
4.10174346998637E-06
4.10174346998637E-06
4.10174346998637E-06
4.10174346998637E-06
4.10174346998637E-06
4.10174346998637E-06
4.10174346998637E-06
4.10174346998637E-06
3.52499507400017E-06
3.52499507400017E-06
3.52499507400017E-06
3.52499507400017E-06
3.52499507400017E-06
3.52499507400017E-06
3.52499507400017E-06
3.52499507400017E-06
3.52499507400017E-06
3.52499507400017E-06
3.06097521307613E-06
3.06097521307613E-06
3.06097521307613E-06
3.06097521307613E-06
3.06097521307613E-06
3.06097521307613E-06
3.06097521307613E-06
3.06097521307613E-06
3.06097521307613E-06
3.06097521307613E-06
3.06097521307613E-06
3.06097521307613E-06
3.06097521307613E-06
3.06097521307613E-06
2.34282676314646E-06
2.34282676314646E-06
2.34282676314646E-06
2.34282676314646E-06
2.34282676314646E-06
2.34282676314646E-06
2.34282676314646E-06
2.34282676314646E-06
2.34282676314646E-06
2.34282676314646E-06
2.34282676314646E-06
2.34282676314646E-06
2.34282676314646E-06
2.34282676314646E-06
2.34282676314646E-06
2.34282676314646E-06
2.34282676314646E-06
2.34282676314646E-06
2.34282676314646E-06
2.34282676314646E-06
2.2674738230366E-06
2.2674738230366E-06
2.2674738230366E-06
2.2674738230366E-06
2.2674738230366E-06
2.2674738230366E-06
1.48844803210535E-06
1.48844803210535E-06
1.48844803210535E-06
1.48844803210535E-06
1.48844803210535E-06
1.48844803210535E-06
1.48844803210535E-06
1.48844803210535E-06
1.48844803210535E-06
1.48844803210535E-06
1.48844803210535E-06
1.48844803210535E-06
1.48844803210535E-06
1.48844803210535E-06
1.48844803210535E-06
1.48844803210535E-06
1.48844803210535E-06
1.48844803210535E-06
8.72531026707701E-07
8.72531026707701E-07
8.72531026707701E-07
8.72531026707701E-07
8.72531026707701E-07
8.72531026707701E-07
8.72531026707701E-07
8.72531026707701E-07
8.72531026707701E-07
8.72531026707701E-07
8.72531026707701E-07
4.81989563316798E-07
4.81989563316798E-07
4.81989563316798E-07
4.81989563316798E-07
4.81989563316798E-07
4.81989563316798E-07
4.81989563316798E-07
4.81989563316798E-07
2.06211677011847E-07
2.06211677011847E-07
2.06211677011847E-07
2.06211677011847E-07
2.06211677011847E-07
2.06211677011847E-07
2.06211677011847E-07
2.06211677011847E-07
2.06211677011847E-07
2.06211677011847E-07
2.06211677011847E-07
2.06211677011847E-07
2.06211677011847E-07
2.06211677011847E-07
2.06211677011847E-07
2.06211677011847E-07
2.06211677011847E-07
2.06211677011847E-07
2.06211677011847E-07
2.06211677011847E-07
2.06211677011847E-07
2.06211677011847E-07
2.06211677011847E-07
2.06211677011847E-07
2.06211677011847E-07
2.06211677011847E-07
2.06211677011847E-07
2.06211677011847E-07
2.06211677011847E-07
2.06211677011847E-07
2.06211677011847E-07
2.06211677011847E-07
2.06211677011847E-07
2.06211677011847E-07
2.06211677011847E-07
2.06211677011847E-07
2.06211677011847E-07
2.06211677011847E-07
2.06211677011847E-07
2.06211677011847E-07
2.06211677011847E-07
2.06211677011847E-07
2.06211677011847E-07
2.06211677011847E-07
2.06211677011847E-07
2.06211677011847E-07
2.06211677011847E-07
2.06211677011847E-07
2.06211677011847E-07
2.06211677011847E-07
2.06211677011847E-07
2.06211677011847E-07
2.06211677011847E-07
2.06211677011847E-07
2.06211677011847E-07
2.06211677011847E-07
2.06211677011847E-07
2.06211677011847E-07
2.06211677011847E-07
2.06211677011847E-07
2.06211677011847E-07
2.06211677011847E-07
2.06211677011847E-07
2.06211677011847E-07
2.06211677011847E-07
2.06211677011847E-07
2.06211677011847E-07
2.06211677011847E-07
2.06211677011847E-07
2.06211677011847E-07
2.06211677011847E-07
2.06211677011847E-07
2.06211677011847E-07
2.06211677011847E-07
2.06211677011847E-07
2.06211677011847E-07
2.06211677011847E-07
2.06211677011847E-07
2.06211677011847E-07
2.06211677011847E-07
2.06211677011847E-07
2.06211677011847E-07
2.06211677011847E-07
2.06211677011847E-07
2.06211677011847E-07
2.06211677011847E-07
2.06211677011847E-07
2.06211677011847E-07
2.06211677011847E-07
2.06211677011847E-07
2.06211677011847E-07
2.06211677011847E-07
2.06211677011847E-07
2.02062120979729E-07
2.02062120979729E-07
2.02062120979729E-07
2.02062120979729E-07
2.02062120979729E-07
2.02062120979729E-07
2.02062120979729E-07
2.02062120979729E-07
2.02062120979729E-07
2.02062120979729E-07
2.02062120979729E-07
2.02062120979729E-07
2.02062120979729E-07
2.02062120979729E-07
2.02062120979729E-07
2.02062120979729E-07
2.02062120979729E-07
2.02062120979729E-07
2.02062120979729E-07
2.02062120979729E-07
9.48616414864212E-08
9.48616414864212E-08
9.48616414864212E-08
9.48616414864212E-08
9.48616414864212E-08
9.48616414864212E-08
9.48616414864212E-08
9.48616414864212E-08
9.48616414864212E-08
9.48616414864212E-08
9.48616414864212E-08
9.48616414864212E-08
9.48616414864212E-08
9.48616414864212E-08
9.48616414864212E-08
9.48616414864212E-08
9.48616414864212E-08
9.48616414864212E-08
9.48616414864212E-08
9.48616414864212E-08
9.48616414864212E-08
9.48616414864212E-08
9.48616414864212E-08
9.48616414864212E-08
9.48616414864212E-08
9.48616414864212E-08
9.48616414864212E-08
9.48616414864212E-08
9.48616414864212E-08
9.48616414864212E-08
9.48616414864212E-08
9.48616414864212E-08
9.48616414864212E-08
8.30905080295707E-08
8.30905080295707E-08
8.30905080295707E-08
3.78566853420637E-08
3.78566853420637E-08
3.78566853420637E-08
3.78566853420637E-08
3.78566853420637E-08
3.78566853420637E-08
3.78566853420637E-08
3.78566853420637E-08
3.78566853420637E-08
3.78566853420637E-08
3.78566853420637E-08
3.78566853420637E-08
3.78566853420637E-08
3.78566853420637E-08
3.78566853420637E-08
3.78566853420637E-08
3.78566853420637E-08
3.78566853420637E-08
3.78566853420637E-08
1.88048630556104E-08
1.88048630556104E-08
1.88048630556104E-08
1.88048630556104E-08
1.88048630556104E-08
1.88048630556104E-08
1.88048630556104E-08
1.88048630556104E-08
1.88048630556104E-08
1.88048630556104E-08
1.88048630556104E-08
1.88048630556104E-08
1.88048630556104E-08
1.88048630556104E-08
1.88048630556104E-08
1.88048630556104E-08
1.88048630556104E-08
1.88048630556104E-08
1.88048630556104E-08
1.88048630556104E-08
1.88048630556104E-08
1.41334425274309E-08
1.41334425274309E-08
1.41334425274309E-08
1.41334425274309E-08
1.41334425274309E-08
1.41334425274309E-08
1.41334425274309E-08
1.41334425274309E-08
1.41334425274309E-08
1.41334425274309E-08
1.41334425274309E-08
1.41334425274309E-08
1.41334425274309E-08
1.41334425274309E-08
1.41334425274309E-08
1.41334425274309E-08
1.41334425274309E-08
1.41334425274309E-08
1.41334425274309E-08
1.41334425274309E-08
1.41334425274309E-08
1.41334425274309E-08
1.41334425274309E-08
1.41334425274309E-08
1.41334425274309E-08
1.41334425274309E-08
1.41334425274309E-08
1.41334425274309E-08
1.41334425274309E-08
1.41334425274309E-08
1.41334425274309E-08
1.41334425274309E-08
1.41334425274309E-08
1.41334425274309E-08
1.41334425274309E-08
1.41334425274309E-08
1.41334425274309E-08
1.41334425274309E-08
1.41334425274309E-08
1.41334425274309E-08
1.41334425274309E-08
1.41334425274309E-08
1.41334425274309E-08
1.41334425274309E-08
1.41334425274309E-08
1.41334425274309E-08
1.41334425274309E-08
1.41334425274309E-08
1.41334425274309E-08
1.41334425274309E-08
1.41334425274309E-08
1.41334425274309E-08
1.41334425274309E-08
1.41334425274309E-08
1.41334425274309E-08
1.41334425274309E-08
1.41334425274309E-08
1.41334425274309E-08
1.41334425274309E-08
1.41334425274309E-08
1.41334425274309E-08
1.41334425274309E-08
1.41334425274309E-08
1.41334425274309E-08
1.41334425274309E-08
1.41334425274309E-08
1.41334425274309E-08
1.41334425274309E-08
1.41334425274309E-08
1.41334425274309E-08
1.41334425274309E-08
1.41334425274309E-08
1.41334425274309E-08
1.41334425274309E-08
1.41334425274309E-08
1.41334425274309E-08
1.41334425274309E-08
1.41334425274309E-08
1.41334425274309E-08
1.41334425274309E-08
1.41334425274309E-08
1.41334425274309E-08
1.41334425274309E-08
1.41334425274309E-08
1.41334425274309E-08
1.41334425274309E-08
1.41334425274309E-08
1.41334425274309E-08
1.41334425274309E-08
1.41334425274309E-08
1.41334425274309E-08
1.41334425274309E-08
1.41334425274309E-08
1.41334425274309E-08
1.41334425274309E-08
1.41334425274309E-08
1.41334425274309E-08
1.41334425274309E-08
1.41334425274309E-08
1.41334425274309E-08
1.41334425274309E-08
7.89532389466885E-09
7.89532389466885E-09
7.89532389466885E-09
7.89532389466885E-09
7.89532389466885E-09
7.89532389466885E-09
7.89532389466885E-09
7.89532389466885E-09
7.89532389466885E-09
3.72401975923253E-09
3.72401975923253E-09
3.72401975923253E-09
3.72401975923253E-09
3.72401975923253E-09
3.72401975923253E-09
3.72401975923253E-09
3.72401975923253E-09
3.72401975923253E-09
3.72401975923253E-09
3.72401975923253E-09
3.72401975923253E-09
3.72401975923253E-09
3.72401975923253E-09
3.72401975923253E-09
3.72401975923253E-09
3.72401975923253E-09
3.72401975923253E-09
3.72401975923253E-09
3.72401975923253E-09
3.72401975923253E-09
3.72401975923253E-09
3.72401975923253E-09
3.72401975923253E-09
3.72401975923253E-09
3.72401975923253E-09
3.72401975923253E-09
3.72401975923253E-09

