0.0950717490284082
0.0950717490284082
0.066322405620089
0.0509125358576944
0.0509125358576944
0.0414497882505098
0.0395921100363988
0.0395921100363988
0.0032777727165772
0.0032777727165772
0.0032777727165772
0.0032777727165772
0.0032777727165772
0.0032777727165772
0.0032777727165772
0.0032777727165772
0.00315113190340022
0.00315113190340022
0.00315113190340022
0.00306623605496303
0.00306623605496303
0.00144040307266807
0.00144040307266807
0.00144040307266807
0.00144040307266807
0.00144040307266807
0.00144040307266807
0.00144040307266807
0.00131773537796298
0.00070179736563919
0.000367681028336175
0.000284697399557721
0.000284697399557721
0.000284697399557721
0.000284697399557721
0.000284697399557721
0.000284697399557721
0.000284697399557721
0.000284697399557721
0.000257930415726471
0.000257930415726471
0.000257930415726471
0.000257930415726471
0.000257930415726471
0.000257930415726471
0.000257930415726471
0.000257930415726471
0.000181196764421798
0.000181196764421798
0.000181196764421798
0.000181196764421798
0.000181196764421798
0.000181196764421798
0.000181196764421798
0.000181196764421798
0.000181196764421798
5.25823522069535E-05
5.25823522069535E-05
5.25823522069535E-05
5.25823522069535E-05
5.25823522069535E-05
5.25823522069535E-05
5.25823522069535E-05
5.25823522069535E-05
5.25823522069535E-05
5.25823522069535E-05
5.25823522069535E-05
4.57259566118418E-05
4.44677983231223E-05
4.44677983231223E-05
4.44677983231223E-05
4.44677983231223E-05
4.17998472185266E-06
4.17998472185266E-06
4.17998472185266E-06
4.17998472185266E-06
4.17998472185266E-06
4.17998472185266E-06
4.17998472185266E-06
4.17998472185266E-06
4.17998472185266E-06
4.17998472185266E-06
4.17998472185266E-06
4.17998472185266E-06
4.17998472185266E-06
4.17998472185266E-06
4.17998472185266E-06
4.17998472185266E-06
4.17998472185266E-06
4.17998472185266E-06
4.17998472185266E-06
4.17998472185266E-06
4.17998472185266E-06
4.17998472185266E-06
4.17998472185266E-06
4.17998472185266E-06
4.17998472185266E-06
4.17998472185266E-06
4.17998472185266E-06
4.17998472185266E-06
4.17998472185266E-06
4.17998472185266E-06
2.07104513033629E-06
2.07104513033629E-06
2.07104513033629E-06
2.07104513033629E-06
2.07104513033629E-06
2.07104513033629E-06
2.07104513033629E-06
2.07104513033629E-06
2.07104513033629E-06
2.07104513033629E-06
2.07104513033629E-06
2.07104513033629E-06
2.07104513033629E-06
2.07104513033629E-06
2.07104513033629E-06
2.07104513033629E-06
2.07104513033629E-06
2.07104513033629E-06
2.07104513033629E-06
2.07104513033629E-06
2.07104513033629E-06
2.07104513033629E-06
2.07104513033629E-06
2.07104513033629E-06
2.07104513033629E-06
2.07104513033629E-06
1.78211067419776E-06
1.78211067419776E-06
1.09590859537212E-06
1.09590859537212E-06
1.09590859537212E-06
1.09590859537212E-06
1.09590859537212E-06
1.09590859537212E-06
1.09590859537212E-06
1.09590859537212E-06
1.09590859537212E-06
1.09590859537212E-06
1.09590859537212E-06
1.09590859537212E-06
1.09590859537212E-06
1.09590859537212E-06
1.09590859537212E-06
1.09590859537212E-06
1.09590859537212E-06
1.09590859537212E-06
1.09590859537212E-06
1.09590859537212E-06
1.09590859537212E-06
1.09590859537212E-06
5.13618850450648E-07
5.13618850450648E-07
5.13618850450648E-07
5.13618850450648E-07
5.13618850450648E-07
5.13618850450648E-07
5.13618850450648E-07
5.13618850450648E-07
5.13618850450648E-07
5.13618850450648E-07
5.13618850450648E-07
5.13618850450648E-07
5.13618850450648E-07
5.13618850450648E-07
5.13618850450648E-07
5.13618850450648E-07
5.13618850450648E-07
5.13618850450648E-07
5.13618850450648E-07
5.13618850450648E-07
5.13618850450648E-07
5.13618850450648E-07
5.13618850450648E-07
5.13618850450648E-07
5.13618850450648E-07
5.13618850450648E-07
5.13618850450648E-07
5.13618850450648E-07
5.13618850450648E-07
5.13618850450648E-07
5.13618850450648E-07
5.13618850450648E-07
5.13618850450648E-07
5.13618850450648E-07
5.13618850450648E-07
5.13618850450648E-07
5.13618850450648E-07
5.13618850450648E-07
5.13618850450648E-07
5.13618850450648E-07
5.13618850450648E-07
5.13618850450648E-07
3.63443328987856E-07
3.63443328987856E-07
3.63443328987856E-07
3.63443328987856E-07
3.63443328987856E-07
3.63443328987856E-07
3.63443328987856E-07
3.63443328987856E-07
3.63443328987856E-07
3.63443328987856E-07
3.63443328987856E-07
3.63443328987856E-07
3.63443328987856E-07
3.63443328987856E-07
3.63443328987856E-07
3.63443328987856E-07
3.63443328987856E-07
3.63443328987856E-07
3.63443328987856E-07
3.63443328987856E-07
3.63443328987856E-07
3.63443328987856E-07
3.63443328987856E-07
3.63443328987856E-07
3.63443328987856E-07
3.63443328987856E-07
3.63443328987856E-07
3.63443328987856E-07
3.63443328987856E-07
3.63443328987856E-07
3.63443328987856E-07
3.63443328987856E-07
3.63443328987856E-07
3.63443328987856E-07
3.63443328987856E-07
3.63443328987856E-07
3.63443328987856E-07
3.63443328987856E-07
2.49195223400722E-07
2.49195223400722E-07
2.49195223400722E-07
2.49195223400722E-07
2.49195223400722E-07
2.49195223400722E-07
2.49195223400722E-07
2.49195223400722E-07
2.49195223400722E-07
2.49195223400722E-07
2.49195223400722E-07
2.49195223400722E-07
1.21464541980032E-07
1.21464541980032E-07
1.21464541980032E-07
1.21464541980032E-07
1.21464541980032E-07
1.21464541980032E-07
1.21464541980032E-07
1.21464541980032E-07
1.21464541980032E-07
1.21464541980032E-07
1.21464541980032E-07
1.21464541980032E-07
1.21464541980032E-07
1.21464541980032E-07
1.21464541980032E-07
5.20557175698322E-08
5.20557175698322E-08
5.20557175698322E-08
5.20557175698322E-08
5.20557175698322E-08
5.20557175698322E-08
5.20557175698322E-08
5.20557175698322E-08
5.20557175698322E-08
5.20557175698322E-08
5.20557175698322E-08
5.20557175698322E-08
5.20557175698322E-08
5.20557175698322E-08
5.20557175698322E-08
5.20557175698322E-08
5.20557175698322E-08
5.20557175698322E-08
5.20557175698322E-08
5.20557175698322E-08
5.20557175698322E-08
5.20557175698322E-08
5.20557175698322E-08
5.20557175698322E-08
5.20557175698322E-08
5.20557175698322E-08
5.20557175698322E-08
5.20557175698322E-08
5.20557175698322E-08
5.20557175698322E-08
5.20557175698322E-08
5.20557175698322E-08
5.20557175698322E-08
5.20557175698322E-08
5.20557175698322E-08
5.20557175698322E-08
5.20557175698322E-08
5.20557175698322E-08
5.20557175698322E-08
5.20557175698322E-08
5.20557175698322E-08
5.20557175698322E-08
5.20557175698322E-08
5.20557175698322E-08
5.20557175698322E-08
5.20557175698322E-08
3.08182011576896E-08
3.08182011576896E-08
3.08182011576896E-08
3.08182011576896E-08
3.08182011576896E-08
3.08182011576896E-08
3.08182011576896E-08
3.08182011576896E-08
3.08182011576896E-08
3.08182011576896E-08
3.08182011576896E-08
3.08182011576896E-08
3.08182011576896E-08
3.08182011576896E-08
3.08182011576896E-08
3.08182011576896E-08
3.08182011576896E-08
3.08182011576896E-08
3.08182011576896E-08
3.08182011576896E-08
3.08182011576896E-08
3.08182011576896E-08
3.08182011576896E-08
3.08182011576896E-08
3.08182011576896E-08
3.08182011576896E-08
3.08182011576896E-08
3.08182011576896E-08
3.08182011576896E-08
3.08182011576896E-08
3.08182011576896E-08
3.08182011576896E-08
3.08182011576896E-08
3.08182011576896E-08
3.08182011576896E-08
3.08182011576896E-08
3.08182011576896E-08
3.08182011576896E-08
3.08182011576896E-08
3.08182011576896E-08
3.08182011576896E-08
3.08182011576896E-08
3.08182011576896E-08
3.08182011576896E-08
3.08182011576896E-08
3.08182011576896E-08
3.08182011576896E-08
2.61047242156032E-08
2.61047242156032E-08
2.61047242156032E-08
2.61047242156032E-08
2.61047242156032E-08
2.61047242156032E-08
2.61047242156032E-08
2.61047242156032E-08
2.61047242156032E-08
2.61047242156032E-08
2.61047242156032E-08
2.61047242156032E-08
2.61047242156032E-08
2.61047242156032E-08
2.61047242156032E-08
2.61047242156032E-08
2.61047242156032E-08
2.61047242156032E-08
2.61047242156032E-08
2.61047242156032E-08
2.61047242156032E-08
2.61047242156032E-08
2.61047242156032E-08
2.61047242156032E-08
2.61047242156032E-08
2.61047242156032E-08
2.61047242156032E-08
2.61047242156032E-08
2.61047242156032E-08
2.61047242156032E-08
2.61047242156032E-08
2.61047242156032E-08
2.61047242156032E-08
2.61047242156032E-08
2.61047242156032E-08
2.61047242156032E-08
2.61047242156032E-08
2.61047242156032E-08
2.61047242156032E-08
2.61047242156032E-08
2.61047242156032E-08
2.61047242156032E-08
2.61047242156032E-08
1.56674205276097E-08
1.19551989419264E-08
1.19551989419264E-08
1.19551989419264E-08
1.19551989419264E-08
1.19551989419264E-08
1.19551989419264E-08
1.19551989419264E-08
1.19551989419264E-08
1.19551989419264E-08
1.19551989419264E-08
1.19551989419264E-08
1.19551989419264E-08
1.19551989419264E-08
1.19551989419264E-08
1.19551989419264E-08
1.19551989419264E-08
1.19551989419264E-08
1.19551989419264E-08
1.19551989419264E-08
1.19551989419264E-08
1.19551989419264E-08
1.19551989419264E-08
1.19551989419264E-08
1.19551989419264E-08
1.19551989419264E-08
1.19551989419264E-08
1.19551989419264E-08
1.19551989419264E-08
1.19551989419264E-08
1.19551989419264E-08
1.19551989419264E-08
1.19551989419264E-08
1.19551989419264E-08
1.19551989419264E-08
1.19551989419264E-08
1.19551989419264E-08
1.19551989419264E-08
1.19551989419264E-08
1.19551989419264E-08
1.19551989419264E-08
9.63762225580922E-09
9.63762225580922E-09
9.63762225580922E-09
9.63762225580922E-09
9.63762225580922E-09
9.63762225580922E-09
9.63762225580922E-09
9.63762225580922E-09
9.63762225580922E-09
9.63762225580922E-09
9.63762225580922E-09
9.63762225580922E-09
9.63762225580922E-09
9.63762225580922E-09
9.63762225580922E-09
5.48585438187033E-09
5.48585438187033E-09
5.48585438187033E-09
5.48585438187033E-09
5.48585438187033E-09
5.48585438187033E-09
5.48585438187033E-09
5.48585438187033E-09
5.48585438187033E-09
5.48585438187033E-09
5.48585438187033E-09
5.48585438187033E-09
5.48585438187033E-09
5.48585438187033E-09
5.48585438187033E-09
5.48585438187033E-09
5.48585438187033E-09
5.48585438187033E-09
5.48585438187033E-09
5.48585438187033E-09
5.48585438187033E-09
5.48585438187033E-09
5.48585438187033E-09
5.48585438187033E-09
5.48585438187033E-09
5.48585438187033E-09
5.48585438187033E-09
5.48585438187033E-09
5.48585438187033E-09
5.48585438187033E-09
5.48585438187033E-09
4.17155054943663E-09
4.17155054943663E-09
4.17155054943663E-09
4.17155054943663E-09
4.17155054943663E-09
4.17155054943663E-09
4.17155054943663E-09
4.17155054943663E-09
4.17155054943663E-09
4.17155054943663E-09
4.17155054943663E-09
4.17155054943663E-09
1.54250462403027E-09
1.54250462403027E-09
1.54250462403027E-09
1.54250462403027E-09
1.54250462403027E-09
1.54250462403027E-09

