0.0430735268874397
0.038162102106664
0.0194660356076513
0.0194660356076513
0.0194660356076513
0.00387121589066713
0.00387121589066713
0.00387121589066713
0.00387121589066713
0.00387121589066713
0.00387121589066713
0.00387121589066713
0.00387121589066713
0.00387121589066713
0.00387121589066713
0.00387121589066713
0.00234825964147067
0.00234825964147067
0.00234825964147067
0.00234825964147067
0.00229639285215799
0.00136430095388307
0.00136430095388307
0.000356118772368685
0.000356118772368685
0.000356118772368685
0.000356118772368685
0.000356118772368685
0.000356118772368685
0.000356118772368685
0.000356118772368685
0.000100099467582049
0.000100099467582049
0.000100099467582049
0.000100099467582049
0.000100099467582049
0.000100099467582049
0.000100099467582049
7.84381795921607E-05
7.84381795921607E-05
7.84381795921607E-05
7.84381795921607E-05
7.84381795921607E-05
7.84381795921607E-05
7.84381795921607E-05
7.84381795921607E-05
3.82757245585008E-05
3.82757245585008E-05
3.82757245585008E-05
3.82757245585008E-05
3.82757245585008E-05
3.82757245585008E-05
3.82757245585008E-05
3.82757245585008E-05
4.15454880856037E-06
4.15454880856037E-06
4.15454880856037E-06
4.15454880856037E-06
4.15454880856037E-06
4.15454880856037E-06
4.15454880856037E-06
4.15454880856037E-06
4.15454880856037E-06
4.15454880856037E-06
4.15454880856037E-06
4.15454880856037E-06
4.15454880856037E-06
4.15454880856037E-06
4.15454880856037E-06
4.15454880856037E-06
4.15454880856037E-06
4.15454880856037E-06
4.15454880856037E-06
4.15454880856037E-06
4.15454880856037E-06
4.15454880856037E-06
4.15454880856037E-06
4.15454880856037E-06
4.15454880856037E-06
4.15454880856037E-06
4.15454880856037E-06
4.15454880856037E-06
4.15454880856037E-06
4.15454880856037E-06
4.15454880856037E-06
4.15454880856037E-06
4.15454880856037E-06
4.15454880856037E-06
4.15454880856037E-06
4.15454880856037E-06
4.15454880856037E-06
4.15454880856037E-06
4.15454880856037E-06
4.15454880856037E-06
4.15454880856037E-06
4.15454880856037E-06
4.15454880856037E-06
4.15454880856037E-06
4.15454880856037E-06
4.15454880856037E-06
4.15454880856037E-06
4.15454880856037E-06
4.15454880856037E-06
4.15454880856037E-06
4.15454880856037E-06
4.15454880856037E-06
4.15454880856037E-06
4.15454880856037E-06
4.15454880856037E-06
4.15454880856037E-06
4.15454880856037E-06
4.15454880856037E-06
4.15454880856037E-06
4.15454880856037E-06
4.15454880856037E-06
4.15454880856037E-06
4.15454880856037E-06
4.15454880856037E-06
4.15454880856037E-06
4.15454880856037E-06
4.15454880856037E-06
4.15454880856037E-06
4.15454880856037E-06
4.15454880856037E-06
4.15454880856037E-06
4.15454880856037E-06
4.15454880856037E-06
4.15454880856037E-06
4.15454880856037E-06
4.15454880856037E-06
4.15454880856037E-06
4.15454880856037E-06
4.15454880856037E-06
4.15454880856037E-06
4.15454880856037E-06
4.15454880856037E-06
4.15454880856037E-06
4.15454880856037E-06
4.15454880856037E-06
4.15454880856037E-06
4.15454880856037E-06
3.37032416122818E-06
3.37032416122818E-06
3.37032416122818E-06
3.37032416122818E-06
3.37032416122818E-06
3.35790360039834E-06
3.35790360039834E-06
3.35790360039834E-06
3.35790360039834E-06
3.35790360039834E-06
2.98252674418853E-06
2.19932742659412E-06
2.19932742659412E-06
1.98791182554059E-06
1.98791182554059E-06
1.98791182554059E-06
1.98791182554059E-06
1.98791182554059E-06
1.98791182554059E-06
1.98791182554059E-06
1.98791182554059E-06
1.83547843302101E-06
1.83547843302101E-06
1.83547843302101E-06
1.83547843302101E-06
1.83547843302101E-06
1.83547843302101E-06
1.83547843302101E-06
1.45822624708636E-06
1.45822624708636E-06
1.45822624708636E-06
1.45822624708636E-06
1.45822624708636E-06
1.45822624708636E-06
1.45822624708636E-06
1.45822624708636E-06
1.45822624708636E-06
1.45822624708636E-06
1.45822624708636E-06
1.45822624708636E-06
1.45822624708636E-06
1.45822624708636E-06
1.45822624708636E-06
1.45822624708636E-06
1.45822624708636E-06
1.45822624708636E-06
1.29502986867536E-06
1.29502986867536E-06
1.29502986867536E-06
1.29502986867536E-06
1.62756706917344E-07
1.62756706917344E-07
1.62756706917344E-07
1.62756706917344E-07
1.62756706917344E-07
1.62756706917344E-07
1.62756706917344E-07
1.62756706917344E-07
1.62756706917344E-07
1.62756706917344E-07
1.62756706917344E-07
1.62756706917344E-07
1.62756706917344E-07
1.62756706917344E-07
1.62756706917344E-07
1.62756706917344E-07
1.62756706917344E-07
1.62756706917344E-07
1.62756706917344E-07
1.62756706917344E-07
1.62756706917344E-07
1.62756706917344E-07
1.62756706917344E-07
1.62756706917344E-07
1.62756706917344E-07
1.62756706917344E-07
1.62756706917344E-07
1.62756706917344E-07
1.62756706917344E-07
1.62756706917344E-07
1.62756706917344E-07
1.62756706917344E-07
1.62756706917344E-07
1.62756706917344E-07
1.62756706917344E-07
1.62756706917344E-07
1.62756706917344E-07
1.62756706917344E-07
1.62756706917344E-07
1.62756706917344E-07
1.62756706917344E-07
1.62756706917344E-07
1.62756706917344E-07
1.62756706917344E-07
1.56142072493815E-07
1.56142072493815E-07
1.56142072493815E-07
1.56142072493815E-07
1.56142072493815E-07
1.56142072493815E-07
1.56142072493815E-07
1.56142072493815E-07
1.56142072493815E-07
1.56142072493815E-07
1.56142072493815E-07
1.56142072493815E-07
1.56142072493815E-07
1.56142072493815E-07
1.56142072493815E-07
1.56142072493815E-07
1.56142072493815E-07
1.56142072493815E-07
1.56142072493815E-07
1.56142072493815E-07
1.56142072493815E-07
1.56142072493815E-07
1.56142072493815E-07
1.56142072493815E-07
1.56142072493815E-07
1.56142072493815E-07
1.56142072493815E-07
1.56142072493815E-07
1.56142072493815E-07
1.56142072493815E-07
1.56142072493815E-07
1.56142072493815E-07
1.56142072493815E-07
1.56142072493815E-07
1.56142072493815E-07
1.56142072493815E-07
1.56142072493815E-07
1.56142072493815E-07
1.56142072493815E-07
5.67221942471274E-08
5.67221942471274E-08
5.67221942471274E-08
5.67221942471274E-08
5.67221942471274E-08
5.67221942471274E-08
5.67221942471274E-08
5.67221942471274E-08
5.67221942471274E-08
5.67221942471274E-08
5.67221942471274E-08
5.67221942471274E-08
5.67221942471274E-08
5.67221942471274E-08
5.67221942471274E-08
5.67221942471274E-08
5.67221942471274E-08
5.67221942471274E-08
5.67221942471274E-08
5.67221942471274E-08
5.67221942471274E-08
5.67221942471274E-08
5.67221942471274E-08
5.67221942471274E-08
5.67221942471274E-08
5.67221942471274E-08
5.67221942471274E-08
5.67221942471274E-08
5.67221942471274E-08
5.67221942471274E-08
5.67221942471274E-08
5.67221942471274E-08
5.67221942471274E-08
5.67221942471274E-08
5.67221942471274E-08
5.67221942471274E-08
5.67221942471274E-08
5.67221942471274E-08
5.67221942471274E-08
5.67221942471274E-08
5.67221942471274E-08
5.67221942471274E-08
5.67221942471274E-08
5.67221942471274E-08
5.67221942471274E-08
5.67221942471274E-08
5.67221942471274E-08
5.67221942471274E-08
5.67221942471274E-08
5.67221942471274E-08
5.67221942471274E-08
5.67221942471274E-08
5.67221942471274E-08
5.67221942471274E-08
5.67221942471274E-08
5.67221942471274E-08
5.67221942471274E-08
5.67221942471274E-08
5.67221942471274E-08
4.39954068731652E-08
4.39954068731652E-08
4.39954068731652E-08
4.39954068731652E-08
4.18542182023529E-08
4.18542182023529E-08
4.18542182023529E-08
4.18542182023529E-08
4.18542182023529E-08
4.18542182023529E-08
4.18542182023529E-08
4.18542182023529E-08
4.18542182023529E-08
4.18542182023529E-08
4.18542182023529E-08
4.18542182023529E-08
4.18542182023529E-08
4.18542182023529E-08
4.18542182023529E-08
4.18542182023529E-08
4.18542182023529E-08
4.18542182023529E-08
4.18542182023529E-08
4.18542182023529E-08
4.18542182023529E-08
4.18542182023529E-08
4.18542182023529E-08
4.18542182023529E-08
4.18542182023529E-08
3.62202612069762E-08
3.62202612069762E-08
3.62202612069762E-08
3.62202612069762E-08
3.62202612069762E-08
2.27830772303594E-08
2.27830772303594E-08
2.27830772303594E-08
2.27830772303594E-08
2.27830772303594E-08
2.27830772303594E-08
2.27830772303594E-08
2.27830772303594E-08
2.27830772303594E-08
2.27830772303594E-08
2.27830772303594E-08
2.27830772303594E-08
2.27830772303594E-08
2.27830772303594E-08
2.27830772303594E-08
2.27830772303594E-08
2.27830772303594E-08
2.27830772303594E-08
2.27830772303594E-08
2.27830772303594E-08
9.37727226424379E-09
9.37727226424379E-09
9.37727226424379E-09
9.37727226424379E-09
9.37727226424379E-09
9.37727226424379E-09
9.37727226424379E-09
9.37727226424379E-09
9.37727226424379E-09
9.37727226424379E-09
9.37727226424379E-09
9.37727226424379E-09
9.37727226424379E-09
9.37727226424379E-09
9.37727226424379E-09
9.37727226424379E-09
9.37727226424379E-09
9.37727226424379E-09
9.37727226424379E-09
9.37727226424379E-09
9.37727226424379E-09
9.37727226424379E-09
9.37727226424379E-09
2.86566748108896E-09
2.86566748108896E-09
2.86566748108896E-09
2.86566748108896E-09
2.86566748108896E-09
2.86566748108896E-09
2.86566748108896E-09
2.86566748108896E-09
2.86566748108896E-09
2.86566748108896E-09
2.86566748108896E-09
2.86566748108896E-09
2.86566748108896E-09
2.86566748108896E-09
2.86566748108896E-09
2.86566748108896E-09
2.86566748108896E-09
2.86566748108896E-09
2.86566748108896E-09
2.86566748108896E-09
2.86566748108896E-09
2.86566748108896E-09
2.86566748108896E-09
2.86566748108896E-09
2.86566748108896E-09
2.86566748108896E-09
2.86566748108896E-09
2.86566748108896E-09
2.86566748108896E-09
2.86566748108896E-09
2.86566748108896E-09
2.86566748108896E-09
2.86566748108896E-09
2.86566748108896E-09
2.86566748108896E-09
2.86566748108896E-09
2.86566748108896E-09
2.86566748108896E-09
2.86566748108896E-09
2.86566748108896E-09
2.86566748108896E-09
2.86566748108896E-09
2.86566748108896E-09
2.86566748108896E-09
2.86566748108896E-09
2.86566748108896E-09
2.86566748108896E-09
2.86566748108896E-09
2.86566748108896E-09
2.86566748108896E-09
2.86566748108896E-09
2.86566748108896E-09
2.86566748108896E-09
2.86566748108896E-09
2.86566748108896E-09
2.86566748108896E-09
2.86566748108896E-09
2.86566748108896E-09
2.86566748108896E-09
2.86566748108896E-09
2.86566748108896E-09
2.86566748108896E-09
2.86566748108896E-09
2.86566748108896E-09
2.86566748108896E-09
2.86566748108896E-09
2.86566748108896E-09
2.86566748108896E-09
2.86566748108896E-09
2.86566748108896E-09
2.86566748108896E-09
2.86566748108896E-09
2.86566748108896E-09
2.86566748108896E-09
2.86566748108896E-09
2.86566748108896E-09
2.86566748108896E-09
2.86566748108896E-09
2.86566748108896E-09
2.86566748108896E-09
2.86566748108896E-09
2.86566748108896E-09
2.86566748108896E-09
2.21116880361194E-09
2.21116880361194E-09
2.21116880361194E-09
2.21116880361194E-09
2.21116880361194E-09
2.21116880361194E-09
2.21116880361194E-09

