0.0352520224284765
0.0352520224284765
0.0327436552335543
0.0327436552335543
0.00144820097660592
0.00117524854315232
0.00117524854315232
0.00109423888081894
0.00109423888081894
0.00109423888081894
0.000794338475994638
0.000794338475994638
0.000794338475994638
0.000794338475994638
0.000794338475994638
0.000794338475994638
0.000794338475994638
0.000794338475994638
0.000325296912484729
0.000325296912484729
0.000325296912484729
0.000285307822608272
0.000285307822608272
0.000285307822608272
0.000285307822608272
0.000285307822608272
0.000265712164509435
0.000265712164509435
0.000265712164509435
8.91574647414739E-05
8.91574647414739E-05
8.91574647414739E-05
8.91574647414739E-05
8.91574647414739E-05
8.91574647414739E-05
8.91574647414739E-05
8.91574647414739E-05
8.91574647414739E-05
8.91574647414739E-05
8.91574647414739E-05
8.91574647414739E-05
8.91574647414739E-05
8.91574647414739E-05
8.91574647414739E-05
8.91574647414739E-05
8.91574647414739E-05
8.91574647414739E-05
8.91574647414739E-05
8.91574647414739E-05
8.91574647414739E-05
8.91574647414739E-05
8.91574647414739E-05
4.76976131764673E-05
4.76976131764673E-05
4.76976131764673E-05
4.76976131764673E-05
4.76976131764673E-05
3.75348099823647E-05
3.66475817816792E-05
3.66475817816792E-05
1.40993066901629E-05
1.40993066901629E-05
5.60469493671167E-06
4.08074929969526E-06
4.08074929969526E-06
4.08074929969526E-06
4.08074929969526E-06
4.08074929969526E-06
4.08074929969526E-06
4.08074929969526E-06
4.08074929969526E-06
4.08074929969526E-06
4.08074929969526E-06
4.08074929969526E-06
4.08074929969526E-06
4.08074929969526E-06
4.08074929969526E-06
4.08074929969526E-06
4.08074929969526E-06
4.08074929969526E-06
4.08074929969526E-06
4.08074929969526E-06
4.08074929969526E-06
4.08074929969526E-06
4.08074929969526E-06
4.08074929969526E-06
4.08074929969526E-06
4.08074929969526E-06
4.08074929969526E-06
4.08074929969526E-06
4.08074929969526E-06
4.08074929969526E-06
4.08074929969526E-06
4.08074929969526E-06
4.08074929969526E-06
4.08074929969526E-06
4.08074929969526E-06
4.08074929969526E-06
3.42627982130583E-06
3.42627982130583E-06
3.42627982130583E-06
3.42627982130583E-06
3.42627982130583E-06
3.42627982130583E-06
3.42627982130583E-06
3.42627982130583E-06
3.42627982130583E-06
3.42627982130583E-06
3.42627982130583E-06
3.42627982130583E-06
3.42627982130583E-06
3.42627982130583E-06
3.42627982130583E-06
3.42627982130583E-06
3.42627982130583E-06
3.42627982130583E-06
3.42627982130583E-06
2.7767645832677E-06
2.7767645832677E-06
2.7767645832677E-06
2.7767645832677E-06
2.7767645832677E-06
2.7767645832677E-06
2.7767645832677E-06
2.7767645832677E-06
2.7767645832677E-06
2.7767645832677E-06
2.7767645832677E-06
2.7767645832677E-06
2.33688074469107E-06
2.33688074469107E-06
2.33688074469107E-06
1.80448594622185E-06
1.80448594622185E-06
1.80448594622185E-06
1.80448594622185E-06
1.80448594622185E-06
1.80448594622185E-06
1.1299209332627E-06
1.1299209332627E-06
1.1299209332627E-06
1.1299209332627E-06
8.34121798853893E-07
8.34121798853893E-07
8.34121798853893E-07
8.34121798853893E-07
8.34121798853893E-07
8.34121798853893E-07
8.34121798853893E-07
8.34121798853893E-07
8.34121798853893E-07
4.80109004996621E-07
4.80109004996621E-07
4.80109004996621E-07
4.80109004996621E-07
4.80109004996621E-07
4.80109004996621E-07
4.80109004996621E-07
4.80109004996621E-07
4.80109004996621E-07
4.80109004996621E-07
4.80109004996621E-07
4.80109004996621E-07
4.80109004996621E-07
4.80109004996621E-07
4.80109004996621E-07
4.80109004996621E-07
4.80109004996621E-07
4.80109004996621E-07
4.80109004996621E-07
4.80109004996621E-07
4.80109004996621E-07
4.80109004996621E-07
4.80109004996621E-07
4.80109004996621E-07
4.80109004996621E-07
4.80109004996621E-07
4.80109004996621E-07
4.80109004996621E-07
4.80109004996621E-07
4.80109004996621E-07
4.80109004996621E-07
4.80109004996621E-07
4.80109004996621E-07
4.80109004996621E-07
4.80109004996621E-07
4.80109004996621E-07
4.80109004996621E-07
4.80109004996621E-07
4.80109004996621E-07
3.69818703660485E-07
3.69818703660485E-07
3.69818703660485E-07
3.69818703660485E-07
3.69818703660485E-07
3.24703199106047E-07
3.24703199106047E-07
3.24703199106047E-07
3.24703199106047E-07
3.24703199106047E-07
3.24703199106047E-07
3.24703199106047E-07
3.24703199106047E-07
3.24703199106047E-07
3.24703199106047E-07
3.24703199106047E-07
3.24703199106047E-07
3.24703199106047E-07
3.24703199106047E-07
3.24703199106047E-07
3.24703199106047E-07
3.24703199106047E-07
3.24703199106047E-07
3.24703199106047E-07
3.24703199106047E-07
3.24703199106047E-07
3.24703199106047E-07
3.24703199106047E-07
3.24703199106047E-07
3.24703199106047E-07
3.24703199106047E-07
3.24703199106047E-07
3.24703199106047E-07
3.24703199106047E-07
1.94336362779879E-07
1.94336362779879E-07
1.94336362779879E-07
1.94336362779879E-07
1.94336362779879E-07
1.94336362779879E-07
1.94336362779879E-07
1.94336362779879E-07
1.94336362779879E-07
1.94336362779879E-07
1.94336362779879E-07
1.94336362779879E-07
1.94336362779879E-07
1.94336362779879E-07
1.94336362779879E-07
1.94336362779879E-07
1.94336362779879E-07
1.94336362779879E-07
1.94336362779879E-07
1.94336362779879E-07
1.94336362779879E-07
1.94336362779879E-07
1.94336362779879E-07
1.94336362779879E-07
1.94336362779879E-07
1.48460604476597E-07
1.48460604476597E-07
1.48460604476597E-07
1.48460604476597E-07
1.48460604476597E-07
1.48460604476597E-07
1.48460604476597E-07
1.48460604476597E-07
1.48460604476597E-07
1.48460604476597E-07
1.48460604476597E-07
1.48460604476597E-07
1.48460604476597E-07
1.48460604476597E-07
1.48460604476597E-07
1.48460604476597E-07
1.48460604476597E-07
1.48460604476597E-07
1.48460604476597E-07
1.48460604476597E-07
1.48460604476597E-07
1.48460604476597E-07
1.48460604476597E-07
1.48460604476597E-07
1.48460604476597E-07
1.48460604476597E-07
1.48460604476597E-07
1.48460604476597E-07
1.48460604476597E-07
1.48460604476597E-07
1.48460604476597E-07
1.48460604476597E-07
1.48460604476597E-07
1.48460604476597E-07
1.48460604476597E-07
1.48460604476597E-07
1.48460604476597E-07
1.48460604476597E-07
1.48460604476597E-07
1.48460604476597E-07
1.48460604476597E-07
1.48460604476597E-07
1.48460604476597E-07
1.48460604476597E-07
1.48460604476597E-07
1.48460604476597E-07
1.48460604476597E-07
1.48460604476597E-07
1.48460604476597E-07
1.48460604476597E-07
1.48460604476597E-07
1.48460604476597E-07
1.48460604476597E-07
1.48460604476597E-07
1.22731562579581E-07
1.22731562579581E-07
1.22731562579581E-07
8.67369416290842E-08
8.67369416290842E-08
8.67369416290842E-08
8.67369416290842E-08
8.67369416290842E-08
8.67369416290842E-08
3.0057233924019E-08
3.0057233924019E-08
3.0057233924019E-08
3.0057233924019E-08
3.0057233924019E-08
3.0057233924019E-08
3.0057233924019E-08
3.0057233924019E-08
3.0057233924019E-08
3.0057233924019E-08
3.0057233924019E-08
3.0057233924019E-08
3.0057233924019E-08
3.0057233924019E-08
3.0057233924019E-08
3.0057233924019E-08
3.0057233924019E-08
3.0057233924019E-08
3.0057233924019E-08
3.0057233924019E-08
3.0057233924019E-08
3.0057233924019E-08
3.0057233924019E-08
3.0057233924019E-08
3.0057233924019E-08
3.0057233924019E-08
3.0057233924019E-08
3.0057233924019E-08
3.0057233924019E-08
3.0057233924019E-08
3.0057233924019E-08
3.0057233924019E-08
3.0057233924019E-08
3.0057233924019E-08
3.0057233924019E-08
3.0057233924019E-08
3.0057233924019E-08
3.0057233924019E-08
3.0057233924019E-08
3.0057233924019E-08
9.47912437432308E-09
9.47912437432308E-09
9.47912437432308E-09
9.47912437432308E-09
9.47912437432308E-09
9.47912437432308E-09
9.47912437432308E-09
9.47912437432308E-09
9.47912437432308E-09
9.47912437432308E-09
9.47912437432308E-09
9.47912437432308E-09
9.47912437432308E-09
9.47912437432308E-09
9.47912437432308E-09
9.47912437432308E-09
9.47912437432308E-09
9.47912437432308E-09
9.47912437432308E-09
8.89140328030891E-09
8.89140328030891E-09
8.89140328030891E-09
8.89140328030891E-09
8.89140328030891E-09
8.89140328030891E-09
8.89140328030891E-09
8.89140328030891E-09
8.89140328030891E-09
8.89140328030891E-09
8.89140328030891E-09
8.89140328030891E-09
8.89140328030891E-09
8.89140328030891E-09
8.89140328030891E-09
8.89140328030891E-09
8.89140328030891E-09
8.89140328030891E-09
8.89140328030891E-09
8.89140328030891E-09
8.89140328030891E-09
8.89140328030891E-09
8.89140328030891E-09
8.89140328030891E-09
8.89140328030891E-09
8.89140328030891E-09
8.89140328030891E-09
8.89140328030891E-09
8.89140328030891E-09
8.89140328030891E-09
8.89140328030891E-09
8.89140328030891E-09
8.89140328030891E-09
8.89140328030891E-09
8.89140328030891E-09
8.89140328030891E-09
8.89140328030891E-09
8.89140328030891E-09
8.89140328030891E-09
8.89140328030891E-09
8.89140328030891E-09
8.89140328030891E-09
8.89140328030891E-09
8.89140328030891E-09
8.89140328030891E-09
1.28751609373978E-09
1.28751609373978E-09
1.28751609373978E-09
1.28751609373978E-09
1.28751609373978E-09
1.28751609373978E-09
1.28751609373978E-09
1.28751609373978E-09
1.28751609373978E-09
1.28751609373978E-09
1.28751609373978E-09
1.28751609373978E-09
1.28751609373978E-09
1.28751609373978E-09
1.28751609373978E-09
1.28751609373978E-09
1.28751609373978E-09
1.28751609373978E-09
1.28751609373978E-09
1.28751609373978E-09
1.28751609373978E-09
1.28751609373978E-09
1.28751609373978E-09
1.28751609373978E-09
1.28751609373978E-09
1.28751609373978E-09
1.28751609373978E-09
1.28751609373978E-09
1.28751609373978E-09
1.28751609373978E-09
1.28751609373978E-09
1.28751609373978E-09
1.28751609373978E-09
1.28751609373978E-09
1.28751609373978E-09
1.28751609373978E-09
1.28751609373978E-09
1.28751609373978E-09
1.28751609373978E-09
1.28751609373978E-09
1.28751609373978E-09
1.28751609373978E-09
1.28751609373978E-09
1.28751609373978E-09
1.28751609373978E-09
1.28751609373978E-09
1.28751609373978E-09
1.28751609373978E-09
1.28751609373978E-09
1.28751609373978E-09
1.28751609373978E-09
1.28751609373978E-09
1.28751609373978E-09
1.28751609373978E-09
1.28751609373978E-09
1.28751609373978E-09
1.28751609373978E-09
1.28751609373978E-09
1.28751609373978E-09
1.28751609373978E-09
1.28751609373978E-09
1.28751609373978E-09
1.28751609373978E-09
1.28751609373978E-09
1.28751609373978E-09
1.28751609373978E-09
1.28751609373978E-09
1.28751609373978E-09
1.28751609373978E-09
1.28751609373978E-09
1.28751609373978E-09
1.28751609373978E-09
1.28751609373978E-09
1.28751609373978E-09
1.28751609373978E-09
1.28751609373978E-09
1.28751609373978E-09
1.28751609373978E-09
1.28751609373978E-09
1.28751609373978E-09
1.28751609373978E-09
1.28751609373978E-09
1.28751609373978E-09
1.28751609373978E-09

