0.0552697020933691
0.0552697020933691
0.00984328224331615
0.00984328224331615
0.00876233186027769
0.00625960611874692
0.00625960611874692
0.00625960611874692
0.00210894236250406
0.00135952277494701
0.00135952277494701
0.00135952277494701
0.00120496911931549
0.00120496911931549
0.00120496911931549
0.00120496911931549
0.000529789160195804
0.000529789160195804
0.000529789160195804
0.000529789160195804
0.000529789160195804
0.000529789160195804
0.000529789160195804
0.000529789160195804
0.000529789160195804
0.000197693766669421
0.000197693766669421
0.000197693766669421
0.000197693766669421
0.000197693766669421
0.000197693766669421
0.000197693766669421
3.55136669923373E-05
3.55136669923373E-05
3.55136669923373E-05
3.55136669923373E-05
3.55136669923373E-05
3.55136669923373E-05
3.55136669923373E-05
3.55136669923373E-05
3.55136669923373E-05
3.55136669923373E-05
3.55136669923373E-05
3.55136669923373E-05
3.55136669923373E-05
3.55136669923373E-05
3.55136669923373E-05
3.55136669923373E-05
3.55136669923373E-05
3.55136669923373E-05
3.55136669923373E-05
3.55136669923373E-05
3.55136669923373E-05
3.55136669923373E-05
3.55136669923373E-05
3.55136669923373E-05
3.55136669923373E-05
3.55136669923373E-05
3.55136669923373E-05
3.55136669923373E-05
3.55136669923373E-05
3.55136669923373E-05
3.55136669923373E-05
3.55136669923373E-05
3.55136669923373E-05
3.55136669923373E-05
3.55136669923373E-05
3.55136669923373E-05
3.55136669923373E-05
3.55136669923373E-05
3.55136669923373E-05
3.55136669923373E-05
3.55136669923373E-05
3.55136669923373E-05
3.55136669923373E-05
3.55136669923373E-05
3.55136669923373E-05
3.55136669923373E-05
3.55136669923373E-05
3.55136669923373E-05
3.55136669923373E-05
3.55136669923373E-05
3.55136669923373E-05
3.55136669923373E-05
3.55136669923373E-05
3.55136669923373E-05
3.55136669923373E-05
2.54608482148644E-05
2.54608482148644E-05
2.54608482148644E-05
1.71060179545435E-05
1.71060179545435E-05
1.71060179545435E-05
1.71060179545435E-05
1.71060179545435E-05
1.71060179545435E-05
1.71060179545435E-05
1.71060179545435E-05
1.71060179545435E-05
1.71060179545435E-05
1.71060179545435E-05
1.71060179545435E-05
1.71060179545435E-05
1.71060179545435E-05
1.71060179545435E-05
1.71060179545435E-05
1.71060179545435E-05
1.71060179545435E-05
1.71060179545435E-05
1.71060179545435E-05
1.71060179545435E-05
1.71060179545435E-05
1.71060179545435E-05
1.71060179545435E-05
1.71060179545435E-05
1.71060179545435E-05
1.71060179545435E-05
1.71060179545435E-05
1.71060179545435E-05
1.71060179545435E-05
1.71060179545435E-05
1.71060179545435E-05
1.71060179545435E-05
1.71060179545435E-05
1.71060179545435E-05
1.71060179545435E-05
1.71060179545435E-05
1.71060179545435E-05
1.71060179545435E-05
1.71060179545435E-05
1.71060179545435E-05
1.71060179545435E-05
1.71060179545435E-05
1.38755292155568E-05
1.38755292155568E-05
1.38755292155568E-05
1.38755292155568E-05
1.38755292155568E-05
1.38755292155568E-05
1.38755292155568E-05
1.38755292155568E-05
1.38755292155568E-05
1.38755292155568E-05
1.38755292155568E-05
1.38755292155568E-05
1.38755292155568E-05
1.38755292155568E-05
1.38755292155568E-05
1.38755292155568E-05
1.38755292155568E-05
1.38755292155568E-05
1.38755292155568E-05
1.38755292155568E-05
1.38755292155568E-05
1.38755292155568E-05
1.38755292155568E-05
1.38755292155568E-05
1.38755292155568E-05
1.38755292155568E-05
1.38755292155568E-05
1.38755292155568E-05
1.38755292155568E-05
1.38755292155568E-05
1.38755292155568E-05
1.38755292155568E-05
1.38755292155568E-05
1.38755292155568E-05
1.38755292155568E-05
1.07464943215896E-05
1.07464943215896E-05
1.07464943215896E-05
1.07464943215896E-05
1.07464943215896E-05
1.07464943215896E-05
1.07464943215896E-05
1.07464943215896E-05
1.07464943215896E-05
1.07464943215896E-05
1.07464943215896E-05
1.07464943215896E-05
1.07464943215896E-05
5.48354136198359E-06
5.48354136198359E-06
5.48354136198359E-06
5.48354136198359E-06
5.48354136198359E-06
5.48354136198359E-06
5.48354136198359E-06
5.48354136198359E-06
5.48354136198359E-06
5.48354136198359E-06
5.48354136198359E-06
5.48354136198359E-06
5.48354136198359E-06
5.48354136198359E-06
5.48354136198359E-06
5.48354136198359E-06
5.48354136198359E-06
5.48354136198359E-06
5.48354136198359E-06
5.48354136198359E-06
5.48354136198359E-06
5.48354136198359E-06
5.48354136198359E-06
5.48354136198359E-06
5.48354136198359E-06
5.48354136198359E-06
5.48354136198359E-06
5.48354136198359E-06
5.48354136198359E-06
5.48354136198359E-06
5.48354136198359E-06
5.48354136198359E-06
5.48354136198359E-06
5.48354136198359E-06
7.46845086219139E-07
7.46845086219139E-07
7.46845086219139E-07
7.46845086219139E-07
7.46845086219139E-07
7.46845086219139E-07
7.46845086219139E-07
7.46845086219139E-07
7.46845086219139E-07
7.46845086219139E-07
7.46845086219139E-07
5.20445050194995E-07
5.20445050194995E-07
5.20445050194995E-07
5.20445050194995E-07
5.20445050194995E-07
5.20445050194995E-07
5.20445050194995E-07
5.20445050194995E-07
5.20445050194995E-07
5.20445050194995E-07
5.20445050194995E-07
5.20445050194995E-07
5.20445050194995E-07
5.20445050194995E-07
5.20445050194995E-07
5.20445050194995E-07
5.20445050194995E-07
5.20445050194995E-07
5.20445050194995E-07
5.20445050194995E-07
5.20445050194995E-07
5.20445050194995E-07
5.20445050194995E-07
5.20445050194995E-07
5.20445050194995E-07
5.20445050194995E-07
5.20445050194995E-07
5.20445050194995E-07
5.20445050194995E-07
5.20445050194995E-07
5.20445050194995E-07
5.20445050194995E-07
5.20445050194995E-07
5.20445050194995E-07
5.20445050194995E-07
5.20445050194995E-07
5.20445050194995E-07
5.20445050194995E-07
5.20445050194995E-07
5.20445050194995E-07
5.20445050194995E-07
5.20445050194995E-07
5.20445050194995E-07
5.20445050194995E-07
5.20445050194995E-07
5.20445050194995E-07
5.20445050194995E-07
4.70740029401284E-07
4.70740029401284E-07
4.70740029401284E-07
4.70740029401284E-07
4.70740029401284E-07
4.70740029401284E-07
4.70740029401284E-07
4.70740029401284E-07
4.70740029401284E-07
4.70740029401284E-07
4.70740029401284E-07
4.70740029401284E-07
4.70740029401284E-07
4.70740029401284E-07
4.70740029401284E-07
4.70740029401284E-07
4.70740029401284E-07
4.70740029401284E-07
4.70740029401284E-07
4.70740029401284E-07
4.70740029401284E-07
4.70740029401284E-07
4.70740029401284E-07
4.70740029401284E-07
4.70740029401284E-07
4.70740029401284E-07
4.70740029401284E-07
4.70740029401284E-07
4.70740029401284E-07
4.70740029401284E-07
4.70740029401284E-07
4.70740029401284E-07
4.70740029401284E-07
4.70740029401284E-07
3.89467925465681E-07
3.89467925465681E-07
3.89467925465681E-07
3.89467925465681E-07
3.89467925465681E-07
3.89467925465681E-07
3.89467925465681E-07
3.89467925465681E-07
3.89467925465681E-07
3.89467925465681E-07
3.89467925465681E-07
3.89467925465681E-07
3.89467925465681E-07
3.89467925465681E-07
3.89467925465681E-07
3.89467925465681E-07
3.89467925465681E-07
3.89467925465681E-07
3.89467925465681E-07
3.89467925465681E-07
3.89467925465681E-07
3.89467925465681E-07
3.89467925465681E-07
3.89467925465681E-07
3.89467925465681E-07
3.89467925465681E-07
3.89467925465681E-07
3.89467925465681E-07
3.89467925465681E-07
3.89467925465681E-07
3.89467925465681E-07
3.89467925465681E-07
3.89467925465681E-07
3.89467925465681E-07
3.89467925465681E-07
3.89467925465681E-07
3.89467925465681E-07
3.89467925465681E-07
3.89467925465681E-07
3.89467925465681E-07
3.89467925465681E-07
3.89467925465681E-07
3.89467925465681E-07
3.89467925465681E-07
3.89467925465681E-07
3.89467925465681E-07
3.89467925465681E-07
3.89467925465681E-07
3.89467925465681E-07
3.89467925465681E-07
3.89467925465681E-07
3.89467925465681E-07
3.89467925465681E-07
3.89467925465681E-07
3.89467925465681E-07
3.89467925465681E-07
3.89467925465681E-07
3.89467925465681E-07
3.89467925465681E-07
3.89467925465681E-07
3.89467925465681E-07
3.89467925465681E-07
3.89467925465681E-07
3.89467925465681E-07
3.89467925465681E-07
3.89467925465681E-07
3.89467925465681E-07
3.89467925465681E-07
2.81813585134572E-07
2.81813585134572E-07
2.81813585134572E-07
2.81813585134572E-07
2.81813585134572E-07
2.81813585134572E-07
2.81813585134572E-07
2.81813585134572E-07
2.81813585134572E-07
2.81813585134572E-07
2.81813585134572E-07
2.81813585134572E-07
2.81813585134572E-07
2.81813585134572E-07
2.81813585134572E-07
2.81813585134572E-07
2.81813585134572E-07
2.81813585134572E-07
2.81813585134572E-07
2.81813585134572E-07
2.81813585134572E-07
2.81813585134572E-07
2.81813585134572E-07
2.81813585134572E-07
2.81813585134572E-07
2.81813585134572E-07
2.81813585134572E-07
2.81813585134572E-07
2.81813585134572E-07
2.81813585134572E-07
2.81813585134572E-07
2.81813585134572E-07
2.81813585134572E-07
2.81813585134572E-07
2.81813585134572E-07
2.81813585134572E-07
2.81813585134572E-07
2.81813585134572E-07
2.81813585134572E-07
2.81813585134572E-07
2.81813585134572E-07
2.81813585134572E-07
2.81813585134572E-07
2.81813585134572E-07
2.81813585134572E-07
2.81813585134572E-07
2.81813585134572E-07
2.81813585134572E-07
2.81813585134572E-07
2.81813585134572E-07
2.10825218727173E-07
2.10825218727173E-07
2.10825218727173E-07
2.10825218727173E-07
2.10825218727173E-07
2.10825218727173E-07
2.10825218727173E-07
2.10825218727173E-07
2.10825218727173E-07
2.10825218727173E-07
2.10825218727173E-07
2.10825218727173E-07
2.10825218727173E-07
2.10825218727173E-07
2.10825218727173E-07
2.10825218727173E-07
2.10825218727173E-07
2.10825218727173E-07
2.10825218727173E-07
2.10825218727173E-07
2.10825218727173E-07
2.10825218727173E-07
2.10825218727173E-07
2.10825218727173E-07
2.10825218727173E-07
2.10825218727173E-07
2.10825218727173E-07
2.10825218727173E-07
2.10825218727173E-07
2.10825218727173E-07
2.10825218727173E-07
2.10825218727173E-07
2.10825218727173E-07
2.10825218727173E-07
2.10825218727173E-07
2.10825218727173E-07
2.10825218727173E-07
2.10825218727173E-07
2.10825218727173E-07
2.10825218727173E-07
2.10825218727173E-07
2.10825218727173E-07
2.10825218727173E-07
2.10825218727173E-07
2.10825218727173E-07
2.10825218727173E-07
2.10825218727173E-07
2.10825218727173E-07
2.10825218727173E-07
2.10825218727173E-07
2.10825218727173E-07
2.10825218727173E-07
2.10825218727173E-07
2.10825218727173E-07
2.10825218727173E-07
2.10825218727173E-07
7.74693057759013E-08
7.74693057759013E-08
7.74693057759013E-08
7.74693057759013E-08
7.74693057759013E-08
7.74693057759013E-08
7.74693057759013E-08
7.74693057759013E-08
7.74693057759013E-08
7.74693057759013E-08
7.74693057759013E-08
7.74693057759013E-08
7.74693057759013E-08
7.74693057759013E-08
7.74693057759013E-08
7.74693057759013E-08
7.74693057759013E-08
7.74693057759013E-08
7.74693057759013E-08

