0.204479731181329
0.13615577774498
0.0457270585315601
0.00582919931662243
0.00582919931662243
0.00396659297706529
0.00396659297706529
0.00396659297706529
0.000818964533639579
0.000818964533639579
0.000818964533639579
0.000818964533639579
0.00055938679895929
0.00055938679895929
0.00055938679895929
0.00055938679895929
0.00055938679895929
0.00055938679895929
0.00055938679895929
0.000356546404168813
0.000356546404168813
0.000356546404168813
0.000356546404168813
0.000356546404168813
0.000356546404168813
0.000356546404168813
0.000356546404168813
0.000356546404168813
0.000356546404168813
0.000347822155068065
0.000347822155068065
0.000268776017343816
0.000268776017343816
0.000268776017343816
0.000268776017343816
0.000268776017343816
0.000268776017343816
0.000268776017343816
0.000268776017343816
0.000268776017343816
0.000253381922707251
0.000253381922707251
0.000253381922707251
0.000203210827574116
0.000160526618078642
0.000101699255410124
0.000101699255410124
0.000101699255410124
0.000101699255410124
0.000101699255410124
0.000101699255410124
0.000101699255410124
0.000101699255410124
8.63141623555531E-05
7.95998220748219E-05
7.95998220748219E-05
7.95998220748219E-05
7.06976047268127E-05
7.06976047268127E-05
7.06976047268127E-05
7.06976047268127E-05
1.73881756837246E-05
1.73881756837246E-05
1.73881756837246E-05
1.73881756837246E-05
1.73881756837246E-05
1.73881756837246E-05
1.73881756837246E-05
1.73881756837246E-05
1.73881756837246E-05
1.73881756837246E-05
1.73881756837246E-05
1.73881756837246E-05
1.73881756837246E-05
1.73881756837246E-05
1.73881756837246E-05
1.73881756837246E-05
1.73881756837246E-05
1.73881756837246E-05
1.73881756837246E-05
1.73881756837246E-05
1.73881756837246E-05
1.73881756837246E-05
1.73881756837246E-05
1.73881756837246E-05
1.73881756837246E-05
1.73881756837246E-05
1.73881756837246E-05
1.73881756837246E-05
1.73881756837246E-05
1.73881756837246E-05
1.73881756837246E-05
1.73881756837246E-05
1.73881756837246E-05
1.73881756837246E-05
1.73881756837246E-05
1.73881756837246E-05
1.73881756837246E-05
1.73881756837246E-05
1.73881756837246E-05
1.73881756837246E-05
1.73881756837246E-05
1.73881756837246E-05
1.73881756837246E-05
1.73881756837246E-05
1.73881756837246E-05
1.73881756837246E-05
1.48744059761865E-05
1.48744059761865E-05
1.48744059761865E-05
1.48744059761865E-05
1.48744059761865E-05
1.48744059761865E-05
1.48744059761865E-05
1.48744059761865E-05
1.48744059761865E-05
1.48744059761865E-05
1.48744059761865E-05
1.48744059761865E-05
1.48744059761865E-05
1.48744059761865E-05
1.48744059761865E-05
1.48744059761865E-05
1.48744059761865E-05
1.48744059761865E-05
1.47847468393789E-05
5.79598504174463E-06
5.79598504174463E-06
5.79598504174463E-06
5.79598504174463E-06
5.79598504174463E-06
5.79598504174463E-06
5.79598504174463E-06
5.79598504174463E-06
5.79598504174463E-06
5.79598504174463E-06
5.79598504174463E-06
5.79598504174463E-06
5.79598504174463E-06
5.79598504174463E-06
5.79598504174463E-06
5.79598504174463E-06
5.79598504174463E-06
5.79598504174463E-06
5.79598504174463E-06
5.79598504174463E-06
5.79598504174463E-06
5.79598504174463E-06
5.01041383470235E-06
5.01041383470235E-06
5.01041383470235E-06
5.01041383470235E-06
3.05390503538804E-06
3.05390503538804E-06
3.05390503538804E-06
3.05390503538804E-06
3.05390503538804E-06
3.05390503538804E-06
3.05390503538804E-06
3.05390503538804E-06
3.05390503538804E-06
2.31023414872921E-06
2.31023414872921E-06
2.31023414872921E-06
2.31023414872921E-06
2.31023414872921E-06
2.31023414872921E-06
2.31023414872921E-06
2.31023414872921E-06
2.31023414872921E-06
2.31023414872921E-06
2.31023414872921E-06
2.31023414872921E-06
2.31023414872921E-06
2.31023414872921E-06
1.77965248146072E-06
1.77965248146072E-06
1.77965248146072E-06
1.77965248146072E-06
1.77965248146072E-06
1.77965248146072E-06
1.77965248146072E-06
1.77965248146072E-06
1.77965248146072E-06
1.77965248146072E-06
1.77965248146072E-06
1.77965248146072E-06
1.77965248146072E-06
1.77965248146072E-06
1.77965248146072E-06
1.77965248146072E-06
1.77965248146072E-06
1.77965248146072E-06
1.77965248146072E-06
1.77965248146072E-06
9.25527470494944E-07
9.25527470494944E-07
9.25527470494944E-07
9.25527470494944E-07
9.25527470494944E-07
9.25527470494944E-07
9.25527470494944E-07
9.25527470494944E-07
9.25527470494944E-07
9.25527470494944E-07
9.25527470494944E-07
9.25527470494944E-07
9.25527470494944E-07
9.25527470494944E-07
9.25527470494944E-07
9.25527470494944E-07
9.25527470494944E-07
9.25527470494944E-07
9.25527470494944E-07
9.25527470494944E-07
9.25527470494944E-07
9.25527470494944E-07
9.25527470494944E-07
9.25527470494944E-07
9.25527470494944E-07
9.25527470494944E-07
9.25527470494944E-07
9.25527470494944E-07
9.25527470494944E-07
9.25527470494944E-07
9.25527470494944E-07
9.25527470494944E-07
9.25527470494944E-07
7.66817674377994E-07
7.66817674377994E-07
7.66817674377994E-07
7.66817674377994E-07
4.61125310541669E-07
4.61125310541669E-07
4.61125310541669E-07
4.61125310541669E-07
4.61125310541669E-07
4.61125310541669E-07
4.61125310541669E-07
4.61125310541669E-07
4.61125310541669E-07
4.61125310541669E-07
4.61125310541669E-07
4.61125310541669E-07
4.61125310541669E-07
4.61125310541669E-07
4.61125310541669E-07
4.61125310541669E-07
4.61125310541669E-07
4.61125310541669E-07
4.61125310541669E-07
4.61125310541669E-07
4.61125310541669E-07
4.61125310541669E-07
4.61125310541669E-07
4.61125310541669E-07
4.61125310541669E-07
4.61125310541669E-07
4.61125310541669E-07
4.61125310541669E-07
4.61125310541669E-07
4.61125310541669E-07
4.61125310541669E-07
4.61125310541669E-07
4.61125310541669E-07
4.61125310541669E-07
4.61125310541669E-07
4.61125310541669E-07
4.61125310541669E-07
4.61125310541669E-07
4.61125310541669E-07
4.61125310541669E-07
4.61125310541669E-07
4.61125310541669E-07
4.61125310541669E-07
4.61125310541669E-07
4.61125310541669E-07
4.61125310541669E-07
4.61125310541669E-07
4.61125310541669E-07
4.61125310541669E-07
4.61125310541669E-07
4.61125310541669E-07
4.61125310541669E-07
4.61125310541669E-07
3.32141159461313E-07
3.32141159461313E-07
3.32141159461313E-07
3.32141159461313E-07
3.32141159461313E-07
3.32141159461313E-07
3.32141159461313E-07
3.32141159461313E-07
3.32141159461313E-07
3.32141159461313E-07
3.32141159461313E-07
3.32141159461313E-07
3.32141159461313E-07
3.32141159461313E-07
3.32141159461313E-07
3.32141159461313E-07
3.32141159461313E-07
3.32141159461313E-07
3.32141159461313E-07
3.32141159461313E-07
3.32141159461313E-07
3.32141159461313E-07
3.32141159461313E-07
3.32141159461313E-07
3.32141159461313E-07
3.32141159461313E-07
3.32141159461313E-07
3.32141159461313E-07
3.32141159461313E-07
3.32141159461313E-07
3.32141159461313E-07
3.32141159461313E-07
3.32141159461313E-07
3.32141159461313E-07
3.32141159461313E-07
3.32141159461313E-07
3.32141159461313E-07
3.32141159461313E-07
3.32141159461313E-07
3.32141159461313E-07
3.32141159461313E-07
3.32141159461313E-07
3.32141159461313E-07
3.32141159461313E-07
3.32141159461313E-07
3.32141159461313E-07
3.32141159461313E-07
3.32141159461313E-07
3.32141159461313E-07
3.32141159461313E-07
3.32141159461313E-07
3.32141159461313E-07
3.32141159461313E-07
3.32141159461313E-07
3.32141159461313E-07
3.32141159461313E-07
3.32141159461313E-07
3.32141159461313E-07
3.32141159461313E-07
3.32141159461313E-07
3.32141159461313E-07
3.32141159461313E-07
3.32141159461313E-07
3.32141159461313E-07
3.32141159461313E-07
3.32141159461313E-07
3.32141159461313E-07
3.32141159461313E-07
3.32141159461313E-07
3.32141159461313E-07
3.32141159461313E-07
3.32141159461313E-07
3.32141159461313E-07
3.32141159461313E-07
3.32141159461313E-07
3.32141159461313E-07
3.32141159461313E-07
3.32141159461313E-07
3.32141159461313E-07
3.32141159461313E-07
3.32141159461313E-07
3.32141159461313E-07
3.32141159461313E-07
3.32141159461313E-07
3.32141159461313E-07
3.32141159461313E-07
3.32141159461313E-07
3.32141159461313E-07
3.32141159461313E-07
3.32141159461313E-07
3.32141159461313E-07
3.32141159461313E-07
3.32141159461313E-07
1.60461705154928E-07
1.60461705154928E-07
1.60461705154928E-07
1.60461705154928E-07
1.60461705154928E-07
1.60461705154928E-07
1.60461705154928E-07
1.60461705154928E-07
5.56512351219257E-08
5.56512351219257E-08
5.56512351219257E-08
5.56512351219257E-08
5.56512351219257E-08
5.56512351219257E-08
5.56512351219257E-08
5.56512351219257E-08
5.56512351219257E-08
5.56512351219257E-08
5.56512351219257E-08
5.56512351219257E-08
5.56512351219257E-08
5.56512351219257E-08
5.56512351219257E-08
5.56512351219257E-08
4.49680451191509E-08
4.49680451191509E-08
4.49680451191509E-08
4.49680451191509E-08
4.49680451191509E-08
4.49680451191509E-08
4.49680451191509E-08
4.49680451191509E-08
4.49680451191509E-08
4.49680451191509E-08
4.49680451191509E-08
4.49680451191509E-08
4.49680451191509E-08
4.49680451191509E-08
4.49680451191509E-08
4.49680451191509E-08
4.49680451191509E-08
4.49680451191509E-08
4.49680451191509E-08
4.49680451191509E-08
4.49680451191509E-08
4.49680451191509E-08
4.49680451191509E-08
4.49680451191509E-08
4.49680451191509E-08
4.49680451191509E-08
4.49680451191509E-08
4.49680451191509E-08
4.49680451191509E-08
4.49680451191509E-08
4.49680451191509E-08
4.49680451191509E-08
4.49680451191509E-08
4.49680451191509E-08
4.49680451191509E-08
4.49680451191509E-08
4.49680451191509E-08
4.49680451191509E-08
4.49680451191509E-08
4.49680451191509E-08
4.49680451191509E-08
4.49680451191509E-08
4.49680451191509E-08
4.49680451191509E-08
4.49680451191509E-08
4.49680451191509E-08
4.49680451191509E-08
4.49680451191509E-08
4.49680451191509E-08
4.49680451191509E-08
4.49680451191509E-08
4.49680451191509E-08
4.49680451191509E-08
4.49680451191509E-08
4.49680451191509E-08
4.49680451191509E-08
4.49680451191509E-08
4.49680451191509E-08
4.49680451191509E-08
4.49680451191509E-08
4.49680451191509E-08
4.49680451191509E-08
4.49680451191509E-08
4.49680451191509E-08
4.49680451191509E-08
4.49680451191509E-08
4.49680451191509E-08
4.49680451191509E-08
4.49680451191509E-08
4.49680451191509E-08
4.49680451191509E-08
4.49680451191509E-08
4.49680451191509E-08
4.49680451191509E-08
4.49680451191509E-08
4.49680451191509E-08
4.49680451191509E-08
4.49680451191509E-08
4.49680451191509E-08
4.49680451191509E-08
4.49680451191509E-08
4.49680451191509E-08
4.49680451191509E-08
4.49680451191509E-08
4.49680451191509E-08
4.49680451191509E-08
4.49680451191509E-08
4.49680451191509E-08
4.49680451191509E-08
4.49680451191509E-08
4.49680451191509E-08
4.49680451191509E-08
4.49680451191509E-08
4.49680451191509E-08
4.49680451191509E-08
4.49680451191509E-08
4.49680451191509E-08
4.49680451191509E-08

