0.733033794505623
0.705254176332127
0.567127425767693
0.555579968258454
0.383361197417081
0.362644677176945
0.283389743781937
0.224396222060449
0.208589946856261
0.141111436971461
0.105296112299012
0.0851902469300104
0.0851902469300104
0.0730353765712941
0.0548924675695838
0.0502481585486947
0.0294792600200096
0.0294792600200096
0.0180356188822898
0.0180356188822898
0.0180356188822898
0.0180356188822898
0.0180356188822898
0.0180356188822898
0.017389454217687
0.017389454217687
0.0152011442429577
0.0107717940756958
0.0107717940756958
0.00226588473561229
0.00226588473561229
0.00226588473561229
0.00226588473561229
0.00226588473561229
0.00226588473561229
0.00226588473561229
0.00226588473561229
0.00226588473561229
0.00226588473561229
0.00226588473561229
0.00226588473561229
0.00226588473561229
0.00226588473561229
0.00226588473561229
0.00226588473561229
0.00226588473561229
0.00226588473561229
0.00226588473561229
0.00226588473561229
0.00196608124231222
0.00196608124231222
0.00196608124231222
0.00196608124231222
0.00196608124231222
0.00196608124231222
0.00196608124231222
0.00196608124231222
0.00196608124231222
0.00196608124231222
0.00196608124231222
0.0017754861301795
0.0017754861301795
0.0017754861301795
0.0017754861301795
0.0017754861301795
0.0017754861301795
0.0017754861301795
0.0017754861301795
0.0017754861301795
0.00166186205905119
0.00166186205905119
0.00166186205905119
0.00166186205905119
0.00166186205905119
0.00166186205905119
0.00166186205905119
0.00166186205905119
0.00166186205905119
0.00166186205905119
0.00166186205905119
0.00115367665583215
0.00115367665583215
0.00115367665583215
0.00115367665583215
0.00115367665583215
0.00115367665583215
0.00115367665583215
0.00115367665583215
0.00115367665583215
0.00115367665583215
0.00115367665583215
0.00115367665583215
0.00115367665583215
0.00115367665583215
0.00115367665583215
0.00115367665583215
0.00115367665583215
0.00115367665583215
0.00115367665583215
0.00115367665583215
0.00115367665583215
0.00115367665583215
0.00115367665583215
0.00115367665583215
0.00115367665583215
0.00115367665583215
0.00115367665583215
0.000556967986728417
0.000556967986728417
0.000556967986728417
0.000556967986728417
0.000556967986728417
0.000556967986728417
0.000556967986728417
0.000556967986728417
0.000556967986728417
0.000556967986728417
0.000556967986728417
0.000556967986728417
0.000556967986728417
0.000556967986728417
0.000556967986728417
0.000556967986728417
0.000556967986728417
0.000556967986728417
0.000556967986728417
0.000556967986728417
0.000556967986728417
0.000556967986728417
0.000556967986728417
0.000556967986728417
0.000556967986728417
0.000556967986728417
0.000556967986728417
0.000556967986728417
0.000556967986728417
0.000556967986728417
0.000556967986728417
0.000556967986728417
0.000556967986728417
0.000556967986728417
0.000556967986728417
0.000556967986728417
0.000556967986728417
0.000556967986728417
0.000556967986728417
0.000556967986728417
0.000556967986728417
0.000556967986728417
0.000556967986728417
0.000556967986728417
0.000556967986728417
0.000556967986728417
0.000556967986728417
0.000556967986728417
0.000556967986728417
0.000556967986728417
0.000556967986728417
0.000556967986728417
0.000556967986728417
0.000556967986728417
0.000556967986728417
0.000556967986728417
0.000556967986728417
0.000556967986728417
0.000556967986728417
0.000556967986728417
0.000556967986728417
0.000556967986728417
0.000556967986728417
0.000556967986728417
0.000556967986728417
0.000556967986728417
0.000556967986728417
0.000556967986728417
0.000556967986728417
0.000556967986728417
0.000556967986728417
0.000556967986728417
0.000556967986728417
0.000556967986728417
0.000556967986728417
0.000496298880794345
0.000496298880794345
0.000496298880794345
0.000496298880794345
0.000496298880794345
0.000496298880794345
0.000496298880794345
0.000496298880794345
0.000496298880794345
0.000496298880794345
0.000496298880794345
0.000496298880794345
0.000496298880794345
0.000496298880794345
0.000496298880794345
0.000496298880794345
0.000496298880794345
0.000496298880794345
0.000496298880794345
0.000496298880794345
0.000496298880794345
0.000496298880794345
0.000496298880794345
0.000496298880794345
0.000496298880794345
0.000496298880794345
0.000496298880794345
0.000496298880794345
0.000496298880794345
0.000334578632091324
0.000334578632091324
0.000334578632091324
0.000334578632091324
0.000334578632091324
0.000334578632091324
0.000334578632091324
0.000334578632091324
0.000334578632091324
0.000334578632091324
0.000334578632091324
0.000334578632091324
0.000334578632091324
0.000334578632091324
0.000334578632091324
0.000334578632091324
0.000334578632091324
0.000334578632091324
0.000334578632091324
0.000334578632091324
0.000334578632091324
0.000334578632091324
0.000334578632091324
0.000334578632091324
0.000334578632091324
0.000334578632091324
0.000334578632091324
0.000334578632091324
0.000334578632091324
0.000334578632091324
0.000334578632091324
0.000334578632091324
0.000295436437988696
0.000295436437988696
0.000295436437988696
0.000295436437988696
0.000295436437988696
0.000295436437988696
0.000295436437988696
0.000260561980567108
0.000260561980567108
0.000260561980567108
0.000260561980567108
0.000260561980567108
0.000260561980567108
0.000260561980567108
0.000260561980567108
0.000260561980567108
0.000260561980567108
0.000260561980567108
0.000260561980567108
0.000260561980567108
0.000260561980567108
0.000260561980567108
0.000260561980567108
0.000260561980567108
0.000260561980567108
0.000260561980567108
0.000260561980567108
0.000260561980567108
0.000260561980567108
0.000260561980567108
0.000260561980567108
0.000260561980567108
0.000260561980567108
0.000260561980567108
0.000260561980567108
0.000260561980567108
0.000260561980567108
0.000260561980567108
0.000260561980567108
0.000260561980567108
0.000260561980567108
0.000260561980567108
0.000260561980567108
0.000260561980567108
0.000260561980567108
0.000260561980567108
0.00024295408210408
0.000213785562828037
0.000213785562828037
0.000213785562828037
0.000213785562828037
0.000213785562828037
0.000213785562828037
0.000213785562828037
0.000213785562828037
0.000213785562828037
0.000213785562828037
0.000213785562828037
0.000129714601906402
0.000129714601906402
0.000129714601906402
0.000129714601906402
0.000129714601906402
0.000129714601906402
0.000129714601906402
0.000129714601906402
0.000129714601906402
0.000129714601906402
0.000129714601906402
0.000129714601906402
0.000129714601906402
0.000129714601906402
0.000129714601906402
0.000129714601906402
0.000129714601906402
0.000129714601906402
0.000129714601906402
0.000129714601906402
0.000129714601906402
0.000129714601906402
0.000129714601906402
0.000129714601906402
0.000129714601906402
0.000129714601906402
0.000129714601906402
0.000129714601906402
0.000129714601906402
0.000129714601906402
0.000129714601906402
0.000129714601906402
0.000129714601906402
0.000129714601906402
0.000129714601906402
0.000106928382942684
0.000106928382942684
0.000106928382942684
0.000106928382942684
0.000106928382942684
0.000106928382942684
0.000106928382942684
0.000106928382942684
0.000106928382942684
0.000106928382942684
0.000106928382942684
0.000106928382942684
0.000106928382942684
0.000106928382942684
0.000106928382942684
0.000106928382942684
0.000106928382942684
0.000106928382942684
0.000106928382942684
0.000106928382942684
0.000106928382942684
0.000106928382942684
0.000106928382942684
0.000106928382942684
0.000106928382942684
0.000106928382942684
0.000106928382942684
0.000106928382942684
0.000106928382942684
0.000106928382942684
0.000106928382942684
0.000106928382942684
0.000106928382942684
0.000106928382942684
0.000106928382942684
0.000106928382942684
0.000106928382942684
0.000106928382942684
0.000106928382942684
0.000106928382942684
0.000106928382942684
0.000106928382942684
0.000106928382942684
0.000106928382942684
0.000106928382942684
0.000106928382942684
0.000106928382942684
9.85159335511253E-05
9.85159335511253E-05
9.85159335511253E-05
9.85159335511253E-05
7.96949565373991E-05
7.96949565373991E-05
7.96949565373991E-05
7.96949565373991E-05
7.96949565373991E-05
7.96949565373991E-05
7.96949565373991E-05
7.96949565373991E-05
7.96949565373991E-05
7.96949565373991E-05
7.96949565373991E-05
7.96949565373991E-05
7.96949565373991E-05
7.96949565373991E-05
7.96949565373991E-05
7.96949565373991E-05
7.96949565373991E-05
7.96949565373991E-05
7.96949565373991E-05
7.96949565373991E-05
7.51854454489886E-05
7.51854454489886E-05
7.51854454489886E-05
7.51854454489886E-05
7.51854454489886E-05
7.51854454489886E-05
5.28045174082106E-05
5.28045174082106E-05
5.28045174082106E-05
5.28045174082106E-05
5.28045174082106E-05
5.28045174082106E-05
5.28045174082106E-05
5.28045174082106E-05
5.28045174082106E-05
5.28045174082106E-05
5.28045174082106E-05
5.28045174082106E-05
5.28045174082106E-05
5.28045174082106E-05
5.28045174082106E-05
5.28045174082106E-05
5.28045174082106E-05
5.28045174082106E-05
5.28045174082106E-05
5.28045174082106E-05
4.53773044544107E-05
4.53773044544107E-05
4.53773044544107E-05
4.53773044544107E-05
4.53773044544107E-05
4.53773044544107E-05
4.53773044544107E-05
4.53773044544107E-05
4.53773044544107E-05
4.53773044544107E-05
4.53773044544107E-05
4.53773044544107E-05
4.53773044544107E-05
4.53773044544107E-05
4.53773044544107E-05
4.53773044544107E-05
4.53773044544107E-05
4.11291335545038E-05
3.22978190343948E-05
3.22978190343948E-05
3.22978190343948E-05
3.22978190343948E-05
3.22978190343948E-05
3.22978190343948E-05
3.22978190343948E-05
3.22978190343948E-05
3.22978190343948E-05
3.22978190343948E-05
3.22978190343948E-05
3.22978190343948E-05
3.22978190343948E-05
3.22978190343948E-05
3.22978190343948E-05
3.22978190343948E-05
3.22978190343948E-05
3.22978190343948E-05
3.22978190343948E-05
3.22978190343948E-05
3.22978190343948E-05
3.22978190343948E-05
3.22978190343948E-05
3.22978190343948E-05
3.22978190343948E-05
3.22978190343948E-05
3.22978190343948E-05
3.22978190343948E-05
3.22978190343948E-05
3.22978190343948E-05
3.22978190343948E-05
3.22978190343948E-05
2.84651427010746E-05
2.84651427010746E-05
2.84651427010746E-05
2.84651427010746E-05
2.84651427010746E-05
2.84651427010746E-05
2.84651427010746E-05
2.84651427010746E-05
2.84651427010746E-05
2.84651427010746E-05
2.84651427010746E-05
2.84651427010746E-05
2.84651427010746E-05
2.84651427010746E-05
2.84651427010746E-05
2.84651427010746E-05
2.84651427010746E-05

