1.45953600903016
0.466073893416515
0.28575658185778
0.037734121141796
0.037734121141796
0.0260322802818978
0.011705227443284
0.011705227443284
0.011705227443284
0.00354328947503081
0.00225642976421729
0.00225642976421729
0.00225642976421729
0.00225642976421729
0.00225642976421729
0.00225642976421729
0.00225642976421729
0.00225642976421729
0.00225642976421729
0.00225642976421729
0.00225642976421729
0.00225642976421729
0.00225642976421729
0.00225642976421729
0.00225642976421729
0.00225642976421729
0.00225642976421729
0.00225642976421729
0.00225642976421729
0.00225642976421729
0.00225642976421729
0.00225642976421729
0.00225642976421729
0.00225642976421729
0.00225642976421729
0.00225642976421729
0.000843883712881556
0.000843883712881556
0.000843883712881556
0.000843883712881556
0.000843883712881556
0.000843883712881556
0.000843883712881556
0.000843883712881556
0.000843883712881556
0.000843883712881556
0.000843883712881556
0.000843883712881556
0.000843883712881556
0.000843883712881556
0.000843883712881556
0.000843883712881556
0.000843883712881556
0.000843883712881556
0.000843883712881556
0.000843883712881556
0.000843883712881556
0.000843883712881556
0.000843883712881556
0.000843883712881556
0.000843883712881556
0.000843883712881556
0.000843883712881556
0.000843883712881556
0.000843883712881556
0.000843883712881556
0.000843883712881556
0.000843883712881556
0.000843883712881556
0.000361094971506191
0.000361094971506191
0.000361094971506191
0.000361094971506191
0.000361094971506191
0.000361094971506191
0.000361094971506191
0.000361094971506191
0.000361094971506191
0.000361094971506191
0.000361094971506191
0.000361094971506191
0.000361094971506191
0.000361094971506191
0.000361094971506191
0.000361094971506191
0.000361094971506191
0.000361094971506191
0.000361094971506191
0.000361094971506191
0.000361094971506191
0.000361094971506191
0.000361094971506191
0.000361094971506191
0.000361094971506191
0.000361094971506191
0.000361094971506191
0.000361094971506191
0.000361094971506191
0.000361094971506191
0.000361094971506191
0.000361094971506191
0.000361094971506191
0.000361094971506191
0.000361094971506191
0.000361094971506191
0.000361094971506191
0.000361094971506191
0.000361094971506191
0.000361094971506191
0.000361094971506191
0.000361094971506191
0.000361094971506191
0.000361094971506191
0.000361094971506191
0.000361094971506191
0.000361094971506191
0.000361094971506191
0.000361094971506191
0.000361094971506191
0.000361094971506191
0.000361094971506191
0.000361094971506191
0.000361094971506191
0.000361094971506191
0.000361094971506191
0.000361094971506191
0.000361094971506191
0.000361094971506191
0.000361094971506191
0.000361094971506191
0.000361094971506191
0.000361094971506191
0.000361094971506191
0.000361094971506191
0.000361094971506191
0.000361094971506191
0.000361094971506191
0.000361094971506191
0.000361094971506191
0.000361094971506191
0.000361094971506191
0.000361094971506191
0.000361094971506191
0.000361094971506191
0.000361094971506191
0.000361094971506191
0.000361094971506191
0.000361094971506191
0.000361094971506191
0.000361094971506191
0.000361094971506191
0.000361094971506191
0.000361094971506191
0.000361094971506191
0.000361094971506191
0.000361094971506191
0.000361094971506191
0.000361094971506191
0.000361094971506191
0.000361094971506191
0.000361094971506191
0.000361094971506191
0.000361094971506191
0.000361094971506191
0.000361094971506191
0.000361094971506191
0.000361094971506191
0.000361094971506191
0.000361094971506191
0.000361094971506191
0.000293268413628579
0.000293268413628579
0.000293268413628579
0.000293268413628579
0.000293268413628579
0.000293268413628579
0.000293268413628579
0.000293268413628579
0.000293268413628579
0.000293268413628579
0.000293268413628579
0.000293268413628579
0.000293268413628579
0.000293268413628579
0.000293268413628579
0.000293268413628579
0.000293268413628579
0.000293268413628579
0.000293268413628579
0.000293268413628579
0.000293268413628579
0.000293268413628579
0.000293268413628579
0.000293268413628579
0.000293268413628579
0.000282433919341183
0.000282433919341183
0.000282433919341183
0.000282433919341183
0.000282433919341183
0.000282433919341183
0.000282433919341183
0.000282433919341183
0.000282433919341183
0.000282433919341183
0.000282433919341183
0.000282433919341183
0.000282433919341183
0.000282433919341183
0.000282433919341183
0.000282433919341183
0.000282433919341183
0.000282433919341183
0.000282433919341183
0.000282433919341183
0.000282433919341183
0.000282433919341183
6.92009200407468E-05
6.92009200407468E-05
6.92009200407468E-05
6.92009200407468E-05
6.92009200407468E-05
6.92009200407468E-05
6.92009200407468E-05
6.92009200407468E-05
6.92009200407468E-05
6.92009200407468E-05
6.92009200407468E-05
6.92009200407468E-05
6.92009200407468E-05
6.92009200407468E-05
6.92009200407468E-05
6.92009200407468E-05
6.92009200407468E-05
6.92009200407468E-05
6.92009200407468E-05
6.92009200407468E-05
6.92009200407468E-05
6.92009200407468E-05
6.92009200407468E-05
6.92009200407468E-05
6.92009200407468E-05
6.92009200407468E-05
6.92009200407468E-05
6.92009200407468E-05
6.92009200407468E-05
6.92009200407468E-05
6.92009200407468E-05
6.92009200407468E-05
6.92009200407468E-05
6.92009200407468E-05
6.92009200407468E-05
6.92009200407468E-05
6.92009200407468E-05
6.92009200407468E-05
6.92009200407468E-05
6.92009200407468E-05
6.92009200407468E-05
6.92009200407468E-05
6.92009200407468E-05
6.92009200407468E-05
6.92009200407468E-05
6.92009200407468E-05
6.92009200407468E-05
6.92009200407468E-05
6.92009200407468E-05
6.92009200407468E-05
6.92009200407468E-05
6.92009200407468E-05
6.92009200407468E-05
6.92009200407468E-05
6.92009200407468E-05
6.92009200407468E-05
6.92009200407468E-05
6.92009200407468E-05
6.92009200407468E-05
6.92009200407468E-05
6.92009200407468E-05
6.92009200407468E-05
6.92009200407468E-05
6.92009200407468E-05
6.92009200407468E-05
6.92009200407468E-05
6.92009200407468E-05
6.92009200407468E-05
6.92009200407468E-05
6.92009200407468E-05
6.92009200407468E-05
6.92009200407468E-05
6.92009200407468E-05
6.92009200407468E-05
6.92009200407468E-05
6.92009200407468E-05
6.92009200407468E-05
6.92009200407468E-05
6.92009200407468E-05
6.92009200407468E-05
6.92009200407468E-05
6.92009200407468E-05
6.92009200407468E-05
6.92009200407468E-05
6.92009200407468E-05
6.92009200407468E-05
6.92009200407468E-05
6.92009200407468E-05
6.92009200407468E-05
6.92009200407468E-05
6.92009200407468E-05
6.92009200407468E-05
6.92009200407468E-05
6.92009200407468E-05
6.92009200407468E-05
6.92009200407468E-05
6.92009200407468E-05
6.92009200407468E-05
6.92009200407468E-05
6.92009200407468E-05
6.92009200407468E-05
6.92009200407468E-05
6.92009200407468E-05
6.92009200407468E-05
6.92009200407468E-05
6.92009200407468E-05
6.92009200407468E-05
6.92009200407468E-05
6.92009200407468E-05
4.28788274957652E-05
4.28788274957652E-05
4.28788274957652E-05
4.28788274957652E-05
4.28788274957652E-05
4.28788274957652E-05
4.28788274957652E-05
4.28788274957652E-05
4.28788274957652E-05
4.28788274957652E-05
4.28788274957652E-05
4.28788274957652E-05
4.28788274957652E-05
4.28788274957652E-05
4.28788274957652E-05
4.28788274957652E-05
4.28788274957652E-05
4.28788274957652E-05
4.28788274957652E-05
4.28788274957652E-05
4.28788274957652E-05
4.28788274957652E-05
4.28788274957652E-05
4.28788274957652E-05
4.28788274957652E-05
4.28788274957652E-05
4.28788274957652E-05
4.28788274957652E-05
4.28788274957652E-05
4.28788274957652E-05
4.28788274957652E-05
4.28788274957652E-05
4.28788274957652E-05
4.28788274957652E-05
4.28788274957652E-05
4.28788274957652E-05
4.28788274957652E-05
4.28788274957652E-05
4.28788274957652E-05
4.28788274957652E-05
4.28788274957652E-05
4.28788274957652E-05
4.28788274957652E-05
4.28788274957652E-05
4.28788274957652E-05
4.28788274957652E-05
4.28788274957652E-05
4.28788274957652E-05
4.28788274957652E-05
4.28788274957652E-05
4.28788274957652E-05
4.28788274957652E-05
4.28788274957652E-05
4.28788274957652E-05
4.28788274957652E-05
4.28788274957652E-05
4.28788274957652E-05
4.28788274957652E-05
4.28788274957652E-05
4.28788274957652E-05
4.28788274957652E-05
4.28788274957652E-05
4.28788274957652E-05
4.28788274957652E-05
4.28788274957652E-05
4.28788274957652E-05
4.28788274957652E-05
4.28788274957652E-05
4.28788274957652E-05
4.28788274957652E-05
4.28788274957652E-05
4.28788274957652E-05
4.28788274957652E-05
4.28788274957652E-05
4.28788274957652E-05
4.28788274957652E-05
4.28788274957652E-05
4.28788274957652E-05
4.28788274957652E-05
4.28788274957652E-05
4.28788274957652E-05
4.28788274957652E-05
4.28788274957652E-05
4.28788274957652E-05
4.28788274957652E-05
4.28788274957652E-05
4.28788274957652E-05
4.28788274957652E-05
4.28788274957652E-05
4.28788274957652E-05
4.28788274957652E-05
4.28788274957652E-05
4.28788274957652E-05
4.28788274957652E-05
4.28788274957652E-05
4.28788274957652E-05
4.28788274957652E-05
4.28788274957652E-05
4.28788274957652E-05
4.28788274957652E-05
4.28788274957652E-05
4.28788274957652E-05
4.28788274957652E-05
4.28788274957652E-05
4.28788274957652E-05
4.28788274957652E-05
4.28788274957652E-05
4.28788274957652E-05
4.28788274957652E-05
4.28788274957652E-05
4.28788274957652E-05
4.28788274957652E-05
4.28788274957652E-05
4.28788274957652E-05
4.28788274957652E-05
4.28788274957652E-05
4.28788274957652E-05
4.28788274957652E-05
4.28788274957652E-05
4.28788274957652E-05
4.28788274957652E-05
4.28788274957652E-05
4.28788274957652E-05
4.28788274957652E-05
4.28788274957652E-05
4.28788274957652E-05
4.28788274957652E-05
4.28788274957652E-05
4.28788274957652E-05
4.28788274957652E-05
4.28788274957652E-05
4.28788274957652E-05
4.28788274957652E-05
4.28788274957652E-05
4.28788274957652E-05
4.28788274957652E-05
4.28788274957652E-05
4.28788274957652E-05
4.28788274957652E-05
4.28788274957652E-05
4.28788274957652E-05
4.28788274957652E-05
4.28788274957652E-05
4.28788274957652E-05
4.28788274957652E-05
4.28788274957652E-05
4.28788274957652E-05
4.28788274957652E-05
4.28788274957652E-05
4.28788274957652E-05
4.28788274957652E-05
4.28788274957652E-05
4.28788274957652E-05
4.28788274957652E-05
4.28788274957652E-05
4.28788274957652E-05
4.28788274957652E-05
4.28788274957652E-05
4.28788274957652E-05
4.28788274957652E-05
4.28788274957652E-05
4.28788274957652E-05
4.28788274957652E-05
4.28788274957652E-05
4.28788274957652E-05
4.28788274957652E-05
4.28788274957652E-05
4.28788274957652E-05
4.28788274957652E-05
4.28788274957652E-05
4.28788274957652E-05
4.28788274957652E-05
4.28788274957652E-05
4.28788274957652E-05

