0.395002134155421
0.395002134155421
0.0743459719254111
0.0663986254104359
0.0214425215946858
0.0214425215946858
0.0214425215946858
0.00686969013136399
0.00686969013136399
0.00686969013136399
0.00525448123206938
0.00525448123206938
0.00235631810367227
0.00235631810367227
0.00235631810367227
0.00235631810367227
0.00230098522473684
0.00230098522473684
0.00230098522473684
0.00230098522473684
0.00230098522473684
0.00230098522473684
0.00230098522473684
0.00230098522473684
0.00230098522473684
0.00230098522473684
0.00230098522473684
0.00230098522473684
0.00230098522473684
0.00230098522473684
0.00230098522473684
0.00230098522473684
0.00230098522473684
0.00230098522473684
0.00177761719516333
0.00177761719516333
0.00177761719516333
0.00177761719516333
0.00177761719516333
0.00177761719516333
0.00177761719516333
0.00177761719516333
0.00177761719516333
0.00177761719516333
0.00177761719516333
0.000341206739222608
0.000341206739222608
0.000341206739222608
0.000341206739222608
0.000341206739222608
0.000341206739222608
0.000341206739222608
0.000341206739222608
0.000341206739222608
0.000341206739222608
0.000341206739222608
0.000341206739222608
0.000341206739222608
0.000341206739222608
0.000341206739222608
0.000341206739222608
0.000341206739222608
0.000341206739222608
0.000341206739222608
0.000341206739222608
0.000341206739222608
0.000341206739222608
0.000341206739222608
0.000341206739222608
0.000341206739222608
0.000341206739222608
0.000341206739222608
0.000341206739222608
0.000341206739222608
0.000341206739222608
0.000341206739222608
0.000341206739222608
0.000341206739222608
0.000341206739222608
0.000341206739222608
0.000341206739222608
0.000341206739222608
0.000341206739222608
0.000341206739222608
0.000341206739222608
0.000341206739222608
0.000341206739222608
0.000341206739222608
0.000341206739222608
0.000341206739222608
0.000341206739222608
0.000341206739222608
0.000341206739222608
0.000341206739222608
0.000341206739222608
0.000341206739222608
0.000341206739222608
0.000341206739222608
0.000341206739222608
0.000341206739222608
0.000341206739222608
0.000341206739222608
0.000341206739222608
0.000341206739222608
0.000341206739222608
0.000341206739222608
0.000341206739222608
0.000341206739222608
0.000341206739222608
0.000341206739222608
0.000182407114057746
0.000182407114057746
0.000182407114057746
0.000182407114057746
0.000182407114057746
0.000182407114057746
0.000182407114057746
0.000182407114057746
0.000182407114057746
0.000182407114057746
0.000182407114057746
0.000182407114057746
0.000182407114057746
0.000182407114057746
0.000182407114057746
0.000182407114057746
0.000182407114057746
0.000182407114057746
0.000182407114057746
0.000182407114057746
0.000182407114057746
0.000182407114057746
0.000182407114057746
0.000182407114057746
0.000182407114057746
0.000182407114057746
0.000182407114057746
0.000182407114057746
0.000182407114057746
0.000182407114057746
0.000182407114057746
0.000182407114057746
0.000182407114057746
0.000182407114057746
0.000182407114057746
0.000182407114057746
0.000182407114057746
0.000182407114057746
0.000182407114057746
0.000182407114057746
0.000182407114057746
0.000182407114057746
0.000182407114057746
0.000182407114057746
0.000182407114057746
0.000182407114057746
0.000182407114057746
0.000182407114057746
0.000182407114057746
0.000182407114057746
0.000182407114057746
0.000182407114057746
0.000182407114057746
0.000182407114057746
0.000182407114057746
0.000182407114057746
0.000182407114057746
0.000182407114057746
0.000182407114057746
0.000182407114057746
0.000182407114057746
0.000182407114057746
0.000182407114057746
0.000182407114057746
0.000182407114057746
0.000182407114057746
0.000182407114057746
0.000115904023752135
0.000115904023752135
0.000115904023752135
0.000115904023752135
0.000115904023752135
0.000115904023752135
0.000115904023752135
0.000115904023752135
0.000115904023752135
0.000115904023752135
0.000115904023752135
0.000115904023752135
0.000115904023752135
0.000115904023752135
0.000115904023752135
0.000115904023752135
0.000115904023752135
0.000115904023752135
0.000115904023752135
0.000115904023752135
0.000115904023752135
0.000115904023752135
0.000115904023752135
0.000115904023752135
0.000115904023752135
0.000115904023752135
0.000115904023752135
0.000115904023752135
0.000115904023752135
0.000115904023752135
0.000115904023752135
0.000115904023752135
0.000115904023752135
0.000115904023752135
0.000115904023752135
0.000115904023752135
0.000115904023752135
0.000115904023752135
0.000115904023752135
0.000115904023752135
0.000115904023752135
0.000115904023752135
0.000115904023752135
0.000115904023752135
0.000115904023752135
0.000115904023752135
0.000115904023752135
0.000115904023752135
0.000115904023752135
0.000115904023752135
0.000115904023752135
0.000115904023752135
0.000115904023752135
0.000115904023752135
0.000115904023752135
0.000115904023752135
0.000115904023752135
0.000115904023752135
0.000115904023752135
0.000115904023752135
0.000115904023752135
0.000115904023752135
2.72080204141675E-05
2.72080204141675E-05
2.72080204141675E-05
2.72080204141675E-05
2.72080204141675E-05
2.72080204141675E-05
2.72080204141675E-05
2.72080204141675E-05
2.72080204141675E-05
2.72080204141675E-05
2.72080204141675E-05
2.72080204141675E-05
2.72080204141675E-05
2.72080204141675E-05
2.72080204141675E-05
2.72080204141675E-05
2.72080204141675E-05
2.72080204141675E-05
2.72080204141675E-05
2.72080204141675E-05
2.72080204141675E-05
2.72080204141675E-05
2.72080204141675E-05
2.72080204141675E-05
2.72080204141675E-05
2.72080204141675E-05
2.72080204141675E-05
2.72080204141675E-05
2.72080204141675E-05
2.72080204141675E-05
2.72080204141675E-05
2.72080204141675E-05
2.72080204141675E-05
2.72080204141675E-05
2.72080204141675E-05
2.72080204141675E-05
2.72080204141675E-05
2.72080204141675E-05
2.72080204141675E-05
2.72080204141675E-05
2.72080204141675E-05
2.72080204141675E-05
2.72080204141675E-05
2.72080204141675E-05
2.72080204141675E-05
2.72080204141675E-05
2.72080204141675E-05
2.72080204141675E-05
2.72080204141675E-05
2.72080204141675E-05
2.72080204141675E-05
2.72080204141675E-05
2.72080204141675E-05
2.72080204141675E-05
2.72080204141675E-05
2.72080204141675E-05
2.72080204141675E-05
2.72080204141675E-05
2.72080204141675E-05
2.72080204141675E-05
2.72080204141675E-05
2.72080204141675E-05
2.72080204141675E-05
2.72080204141675E-05
2.72080204141675E-05
2.72080204141675E-05
2.72080204141675E-05
2.72080204141675E-05
2.72080204141675E-05
2.72080204141675E-05
2.72080204141675E-05
2.72080204141675E-05
2.72080204141675E-05
2.72080204141675E-05
2.72080204141675E-05
2.72080204141675E-05
2.72080204141675E-05
2.72080204141675E-05
2.72080204141675E-05
2.72080204141675E-05
2.72080204141675E-05
2.72080204141675E-05
2.72080204141675E-05
2.72080204141675E-05
2.72080204141675E-05
2.72080204141675E-05
2.72080204141675E-05
2.72080204141675E-05
2.72080204141675E-05
2.72080204141675E-05
2.72080204141675E-05
2.72080204141675E-05
2.72080204141675E-05
2.72080204141675E-05
2.72080204141675E-05
1.94259981018731E-05
1.94259981018731E-05
1.94259981018731E-05
1.94259981018731E-05
1.94259981018731E-05
1.94259981018731E-05
1.94259981018731E-05
1.94259981018731E-05
1.94259981018731E-05
1.94259981018731E-05
1.94259981018731E-05
1.94259981018731E-05
1.94259981018731E-05
1.94259981018731E-05
1.94259981018731E-05
1.94259981018731E-05
1.94259981018731E-05
1.94259981018731E-05
1.94259981018731E-05
1.94259981018731E-05
1.94259981018731E-05
1.94259981018731E-05
1.94259981018731E-05
1.94259981018731E-05
1.94259981018731E-05
1.94259981018731E-05
1.94259981018731E-05
1.94259981018731E-05
1.94259981018731E-05
1.94259981018731E-05
1.94259981018731E-05
1.94259981018731E-05
1.94259981018731E-05
1.94259981018731E-05
1.94259981018731E-05
1.94259981018731E-05
1.94259981018731E-05
1.94259981018731E-05
1.94259981018731E-05
1.94259981018731E-05
1.94259981018731E-05
1.94259981018731E-05
1.94259981018731E-05
1.94259981018731E-05
1.94259981018731E-05
1.94259981018731E-05
1.94259981018731E-05
1.94259981018731E-05
1.94259981018731E-05
1.94259981018731E-05
1.94259981018731E-05
1.94259981018731E-05
1.94259981018731E-05
1.94259981018731E-05
1.94259981018731E-05
1.94259981018731E-05
1.94259981018731E-05
1.94259981018731E-05
1.94259981018731E-05
1.94259981018731E-05
1.94259981018731E-05
1.94259981018731E-05
1.94259981018731E-05
1.94259981018731E-05
1.94259981018731E-05
1.94259981018731E-05
1.94259981018731E-05
1.94259981018731E-05
1.94259981018731E-05
1.94259981018731E-05
1.94259981018731E-05
1.94259981018731E-05
1.94259981018731E-05
1.94259981018731E-05
1.94259981018731E-05
1.94259981018731E-05
1.94259981018731E-05
1.94259981018731E-05
1.94259981018731E-05
1.94259981018731E-05
1.94259981018731E-05
1.94259981018731E-05
1.94259981018731E-05
1.94259981018731E-05
1.94259981018731E-05
1.94259981018731E-05
1.94259981018731E-05
1.94259981018731E-05
1.94259981018731E-05
1.94259981018731E-05
1.94259981018731E-05
1.94259981018731E-05
1.94259981018731E-05
1.94259981018731E-05
1.94259981018731E-05
1.94259981018731E-05
1.94259981018731E-05
1.94259981018731E-05
1.94259981018731E-05
1.94259981018731E-05
1.94259981018731E-05
1.94259981018731E-05
1.94259981018731E-05
1.94259981018731E-05
1.94259981018731E-05
1.94259981018731E-05
1.94259981018731E-05
1.94259981018731E-05
1.94259981018731E-05
1.94259981018731E-05
1.94259981018731E-05
1.94259981018731E-05
1.94259981018731E-05
1.94259981018731E-05
1.94259981018731E-05
1.94259981018731E-05
1.94259981018731E-05
1.94259981018731E-05
1.94259981018731E-05
1.94259981018731E-05
1.94259981018731E-05
1.94259981018731E-05
1.94259981018731E-05
1.94259981018731E-05
1.94259981018731E-05
1.94259981018731E-05
1.94259981018731E-05
1.94259981018731E-05
1.94259981018731E-05
1.94259981018731E-05
1.94259981018731E-05
1.94259981018731E-05
1.94259981018731E-05
1.94259981018731E-05
1.94259981018731E-05
1.94259981018731E-05
1.94259981018731E-05
1.94259981018731E-05
1.94259981018731E-05
1.94259981018731E-05
1.94259981018731E-05
1.94259981018731E-05
1.94259981018731E-05
1.94259981018731E-05
1.94259981018731E-05
1.94259981018731E-05
1.94259981018731E-05
1.94259981018731E-05
1.94259981018731E-05
1.94259981018731E-05
1.94259981018731E-05
1.94259981018731E-05
1.94259981018731E-05
1.94259981018731E-05
1.94259981018731E-05
1.94259981018731E-05
1.94259981018731E-05
1.94259981018731E-05
1.94259981018731E-05
1.94259981018731E-05
1.94259981018731E-05
1.94259981018731E-05
1.94259981018731E-05
1.94259981018731E-05
1.94259981018731E-05
1.94259981018731E-05

