0.146188408058665
0.0671863421885216
0.0635838714484992
0.0634784462618229
0.0308328867371443
0.00490423737754242
0.00447026039276821
0.00393542182853934
0.0033648155554975
0.0033648155554975
0.00101600488739262
0.00101600488739262
0.000803438182424232
0.000803438182424232
0.000803438182424232
0.000803438182424232
0.000778158469140089
0.000714076283668708
0.000657315877736875
0.000654761340583399
0.00058085652615647
0.00058085652615647
0.00058085652615647
0.00058085652615647
0.000580329146506076
0.000190054473819923
0.000188064918938635
0.000188064918938635
0.000163185255725451
2.27966458768991E-05
2.09622874319804E-05
2.09622874319804E-05
2.09622874319804E-05
1.30735935587323E-05
1.30735935587323E-05
1.30735935587323E-05
1.30735935587323E-05
1.30735935587323E-05
1.30735935587323E-05
1.30735935587323E-05
1.15843983290453E-05
1.15843983290453E-05
1.15843983290453E-05
1.15843983290453E-05
1.15843983290453E-05
1.06460167224043E-05
1.06460167224043E-05
1.06460167224043E-05
6.24482636812917E-06
6.24482636812917E-06
6.24482636812917E-06
6.24482636812917E-06
6.24482636812917E-06
6.24482636812917E-06
3.36585786275823E-06
2.32649221842962E-06
1.71655140768223E-06
1.71655140768223E-06
1.71655140768223E-06
1.71655140768223E-06
1.71655140768223E-06
1.71655140768223E-06
1.71655140768223E-06
1.71655140768223E-06
1.71655140768223E-06
1.71655140768223E-06
1.71655140768223E-06
1.71655140768223E-06
1.71655140768223E-06
1.71655140768223E-06
1.71655140768223E-06
1.71655140768223E-06
1.71655140768223E-06
1.64066072061431E-06
1.64066072061431E-06
1.64066072061431E-06
1.64066072061431E-06
1.64066072061431E-06
1.64066072061431E-06
1.64066072061431E-06
1.64066072061431E-06
1.64066072061431E-06
1.64066072061431E-06
1.64066072061431E-06
1.64066072061431E-06
1.64066072061431E-06
1.64066072061431E-06
1.51216578470059E-06
1.51216578470059E-06
1.51216578470059E-06
1.51216578470059E-06
1.51216578470059E-06
1.51216578470059E-06
1.51216578470059E-06
1.02871213825129E-06
1.02871213825129E-06
1.02871213825129E-06
1.02871213825129E-06
1.02871213825129E-06
1.02871213825129E-06
1.02871213825129E-06
4.93905585319254E-08
4.93905585319254E-08
4.93905585319254E-08
4.93905585319254E-08
4.93905585319254E-08
4.93905585319254E-08
4.93905585319254E-08
4.93905585319254E-08
4.93905585319254E-08
4.93905585319254E-08
4.93905585319254E-08
4.93905585319254E-08
4.93905585319254E-08
4.93905585319254E-08
4.93905585319254E-08
4.93905585319254E-08
4.93905585319254E-08
4.93905585319254E-08
4.93905585319254E-08
4.93905585319254E-08
4.93905585319254E-08
4.93905585319254E-08
4.93905585319254E-08
4.93905585319254E-08
4.93905585319254E-08
4.93905585319254E-08
4.93905585319254E-08
4.93905585319254E-08
4.93905585319254E-08
4.93905585319254E-08
4.93905585319254E-08
4.93905585319254E-08
4.93905585319254E-08
4.93905585319254E-08
4.93905585319254E-08
4.93905585319254E-08
4.93905585319254E-08
4.93905585319254E-08
4.93905585319254E-08
4.93905585319254E-08
4.93905585319254E-08
4.93905585319254E-08
4.93905585319254E-08
4.93905585319254E-08
4.93905585319254E-08
4.93905585319254E-08
4.93905585319254E-08
4.93905585319254E-08
4.93905585319254E-08
4.93905585319254E-08
4.93905585319254E-08
4.93905585319254E-08
4.93905585319254E-08
4.93905585319254E-08
4.93905585319254E-08
4.93905585319254E-08
4.93905585319254E-08
4.93905585319254E-08
4.93905585319254E-08
4.93905585319254E-08
4.93905585319254E-08
4.93905585319254E-08
4.93905585319254E-08
4.93905585319254E-08
4.93905585319254E-08
4.93905585319254E-08
4.93905585319254E-08
4.93905585319254E-08
4.93905585319254E-08
4.93905585319254E-08
4.93905585319254E-08
4.93905585319254E-08
4.93905585319254E-08
4.93905585319254E-08
4.93905585319254E-08
4.93905585319254E-08
4.93905585319254E-08
4.93905585319254E-08
4.93905585319254E-08
4.93905585319254E-08
4.93905585319254E-08
4.93905585319254E-08
4.93905585319254E-08
4.93905585319254E-08
4.93905585319254E-08
4.93905585319254E-08
4.93905585319254E-08
4.93905585319254E-08
4.93905585319254E-08
4.93905585319254E-08
4.93905585319254E-08
4.93905585319254E-08
4.93905585319254E-08
4.93905585319254E-08
4.93905585319254E-08
4.93905585319254E-08
4.93905585319254E-08
4.93905585319254E-08
4.93905585319254E-08
4.93905585319254E-08
4.93905585319254E-08
1.71831775475084E-08
1.71831775475084E-08
1.71831775475084E-08
1.71831775475084E-08
1.71831775475084E-08
1.71831775475084E-08
1.71831775475084E-08
1.71831775475084E-08
1.71831775475084E-08
1.71831775475084E-08
9.00347529864121E-09
9.00347529864121E-09
9.00347529864121E-09
9.00347529864121E-09
9.00347529864121E-09
9.00347529864121E-09
9.00347529864121E-09
9.00347529864121E-09
9.00347529864121E-09
9.00347529864121E-09
9.00347529864121E-09
9.00347529864121E-09
9.00347529864121E-09
9.00347529864121E-09
9.00347529864121E-09
9.00347529864121E-09
9.00347529864121E-09
9.00347529864121E-09
1.34880839830487E-09
1.34880839830487E-09
1.34880839830487E-09
1.34880839830487E-09
1.34880839830487E-09
1.34880839830487E-09
1.34880839830487E-09
1.34880839830487E-09
1.34880839830487E-09
1.34880839830487E-09
1.34880839830487E-09
1.34880839830487E-09
1.34880839830487E-09
1.34880839830487E-09
1.34880839830487E-09
1.34880839830487E-09
1.34880839830487E-09
1.34880839830487E-09
1.34880839830487E-09
1.34880839830487E-09
1.34880839830487E-09
1.34880839830487E-09
1.34880839830487E-09
1.34880839830487E-09
1.34880839830487E-09
1.34880839830487E-09
1.34880839830487E-09
1.34880839830487E-09
1.34880839830487E-09
1.34880839830487E-09
1.34880839830487E-09
1.34880839830487E-09
1.34880839830487E-09
1.34880839830487E-09
1.34880839830487E-09
1.34880839830487E-09
1.34880839830487E-09
1.34880839830487E-09
1.34880839830487E-09
1.34880839830487E-09
1.34880839830487E-09
1.34880839830487E-09
1.34880839830487E-09
1.34880839830487E-09
1.34880839830487E-09
1.34880839830487E-09
1.34880839830487E-09
1.34880839830487E-09
1.34880839830487E-09
1.34880839830487E-09
1.34880839830487E-09
1.34880839830487E-09
1.34880839830487E-09
1.34880839830487E-09
1.34880839830487E-09
1.34880839830487E-09
1.34880839830487E-09
1.34880839830487E-09
1.34880839830487E-09
1.34880839830487E-09
1.34880839830487E-09
1.34880839830487E-09
1.34880839830487E-09
1.34880839830487E-09
1.34880839830487E-09
1.34880839830487E-09
1.34880839830487E-09
1.34880839830487E-09
1.34880839830487E-09
1.34880839830487E-09
1.34880839830487E-09
1.34880839830487E-09
1.34880839830487E-09
1.34880839830487E-09
1.34880839830487E-09
1.34880839830487E-09
1.34880839830487E-09
1.34880839830487E-09
1.34880839830487E-09
1.34880839830487E-09
1.34880839830487E-09
1.34880839830487E-09
1.34880839830487E-09
1.34880839830487E-09
1.34880839830487E-09
1.34880839830487E-09
1.34880839830487E-09
1.34880839830487E-09
1.34880839830487E-09
1.34880839830487E-09
1.34880839830487E-09
1.34880839830487E-09
1.34880839830487E-09
1.34880839830487E-09
1.34880839830487E-09
1.34880839830487E-09
1.34880839830487E-09
1.34880839830487E-09
1.34880839830487E-09
1.34880839830487E-09
1.34880839830487E-09
1.34880839830487E-09
1.34880839830487E-09
1.34880839830487E-09
1.34880839830487E-09
1.34880839830487E-09
1.34880839830487E-09
1.34880839830487E-09
1.34880839830487E-09
1.34880839830487E-09
1.34880839830487E-09
1.34880839830487E-09
1.34880839830487E-09
1.34880839830487E-09
1.34880839830487E-09
1.34880839830487E-09
1.34880839830487E-09
1.34880839830487E-09
1.34880839830487E-09
1.34880839830487E-09
1.34880839830487E-09
1.34880839830487E-09
1.34880839830487E-09
1.34880839830487E-09
1.34880839830487E-09
1.34880839830487E-09
1.34880839830487E-09
1.34880839830487E-09
1.34880839830487E-09
1.34880839830487E-09
1.34880839830487E-09
1.34880839830487E-09
1.34880839830487E-09
1.34880839830487E-09
1.34880839830487E-09
1.34880839830487E-09
1.34880839830487E-09
1.34880839830487E-09
1.34880839830487E-09
1.34880839830487E-09
1.34880839830487E-09
1.34880839830487E-09
1.34880839830487E-09
1.34880839830487E-09
1.34880839830487E-09
1.34880839830487E-09
1.34880839830487E-09
1.34880839830487E-09
1.34880839830487E-09
1.34880839830487E-09
1.34880839830487E-09
1.34880839830487E-09
1.34880839830487E-09
1.34880839830487E-09
1.34880839830487E-09
1.34880839830487E-09
1.34880839830487E-09
1.34880839830487E-09
1.34880839830487E-09
1.34880839830487E-09
1.34880839830487E-09
1.34880839830487E-09
1.34880839830487E-09
1.34880839830487E-09
1.34880839830487E-09
1.34880839830487E-09
1.34880839830487E-09
1.34880839830487E-09
1.34880839830487E-09
1.34880839830487E-09
1.34880839830487E-09
1.34880839830487E-09
1.34880839830487E-09
1.34880839830487E-09
1.34880839830487E-09
1.34880839830487E-09
1.34880839830487E-09
1.34880839830487E-09
1.34880839830487E-09
1.34880839830487E-09
1.34880839830487E-09
1.34880839830487E-09
1.34880839830487E-09
1.34880839830487E-09
1.34880839830487E-09
1.34880839830487E-09
1.34880839830487E-09
1.34880839830487E-09
1.34880839830487E-09
1.34880839830487E-09
1.34880839830487E-09
1.34880839830487E-09
1.34880839830487E-09
1.34880839830487E-09
1.34880839830487E-09
1.34880839830487E-09
1.34880839830487E-09
1.34880839830487E-09
1.34880839830487E-09
1.34880839830487E-09
1.34880839830487E-09
1.34880839830487E-09
2.2013202372051E-10
2.2013202372051E-10
2.2013202372051E-10
2.2013202372051E-10
2.2013202372051E-10
2.2013202372051E-10
2.2013202372051E-10
2.2013202372051E-10
2.2013202372051E-10
2.2013202372051E-10
2.2013202372051E-10
2.2013202372051E-10
2.2013202372051E-10
2.2013202372051E-10
2.2013202372051E-10
2.2013202372051E-10
2.2013202372051E-10
2.2013202372051E-10
2.2013202372051E-10
2.2013202372051E-10
2.2013202372051E-10
2.2013202372051E-10
2.2013202372051E-10
2.2013202372051E-10
2.2013202372051E-10
2.2013202372051E-10
2.2013202372051E-10
2.2013202372051E-10
2.2013202372051E-10
2.2013202372051E-10
2.2013202372051E-10
2.2013202372051E-10
2.2013202372051E-10
2.2013202372051E-10
2.2013202372051E-10
2.2013202372051E-10
2.2013202372051E-10
2.2013202372051E-10
2.2013202372051E-10
2.2013202372051E-10
2.2013202372051E-10
2.2013202372051E-10
2.2013202372051E-10
2.2013202372051E-10
2.2013202372051E-10
2.2013202372051E-10
2.2013202372051E-10
2.2013202372051E-10
2.2013202372051E-10
2.2013202372051E-10
2.2013202372051E-10
2.2013202372051E-10
2.2013202372051E-10
2.2013202372051E-10
2.2013202372051E-10
2.2013202372051E-10
2.2013202372051E-10
2.2013202372051E-10
2.2013202372051E-10
2.2013202372051E-10
2.2013202372051E-10
2.2013202372051E-10
2.2013202372051E-10
2.2013202372051E-10
2.2013202372051E-10
2.2013202372051E-10
2.2013202372051E-10
2.2013202372051E-10

