0.225323920839846
0.225323920839846
0.160441270201786
0.138418936949898
0.00995215904694846
0.00993056753048105
0.00314059652456189
0.00314059652456189
0.00301423099284182
0.00300986439237372
0.00300986439237372
0.00296202260859579
0.00296202260859579
0.00283010154988861
0.00266050610021018
0.00208167765234102
0.00183064826175505
0.000734151972710428
0.000521387561018938
0.000518916565468208
0.000423201950367491
0.00040804386035731
0.000370449749216406
0.000262126894369774
0.000262126894369774
0.000202470083363826
0.000192955559710439
0.000192955559710439
0.000192955559710439
0.000192955559710439
7.76680942772279E-05
7.76680942772279E-05
7.76680942772279E-05
5.80430343819494E-05
5.80430343819494E-05
5.26711068624675E-05
4.37830110942006E-05
4.37830110942006E-05
4.11394117816322E-05
4.11394117816322E-05
4.11394117816322E-05
1.30368128188341E-05
1.28977047809675E-05
1.23394911065722E-05
1.23394911065722E-05
7.67993415318191E-06
7.67993415318191E-06
6.41225648401189E-06
6.41225648401189E-06
6.41225648401189E-06
6.41225648401189E-06
6.41225648401189E-06
6.41225648401189E-06
6.41225648401189E-06
6.41225648401189E-06
6.41225648401189E-06
6.41225648401189E-06
6.41225648401189E-06
6.41225648401189E-06
6.41225648401189E-06
1.48647496167609E-06
1.48647496167609E-06
1.48647496167609E-06
1.48647496167609E-06
1.48647496167609E-06
1.33949064307082E-06
1.33949064307082E-06
1.33949064307082E-06
1.33949064307082E-06
1.33949064307082E-06
1.33949064307082E-06
7.86806831021281E-07
7.86806831021281E-07
7.86806831021281E-07
7.86806831021281E-07
7.86806831021281E-07
7.86806831021281E-07
5.55717426187208E-07
5.55717426187208E-07
5.55717426187208E-07
5.55717426187208E-07
5.55717426187208E-07
5.55717426187208E-07
5.55717426187208E-07
5.55717426187208E-07
5.55717426187208E-07
5.55717426187208E-07
5.55717426187208E-07
5.55717426187208E-07
5.55717426187208E-07
4.14325128872406E-07
4.14325128872406E-07
4.14325128872406E-07
4.14325128872406E-07
4.14325128872406E-07
4.14325128872406E-07
4.14325128872406E-07
4.14325128872406E-07
2.35439465590126E-07
2.35439465590126E-07
2.35439465590126E-07
2.35439465590126E-07
2.35439465590126E-07
2.35439465590126E-07
2.35439465590126E-07
2.35439465590126E-07
2.35439465590126E-07
2.35439465590126E-07
2.35439465590126E-07
2.35439465590126E-07
2.35439465590126E-07
2.35439465590126E-07
2.35439465590126E-07
2.35439465590126E-07
2.35439465590126E-07
2.35439465590126E-07
2.35439465590126E-07
2.35439465590126E-07
2.35439465590126E-07
2.35439465590126E-07
2.35439465590126E-07
2.35439465590126E-07
2.35439465590126E-07
2.35439465590126E-07
2.35439465590126E-07
2.35439465590126E-07
2.35439465590126E-07
2.35439465590126E-07
2.35439465590126E-07
2.35439465590126E-07
2.35439465590126E-07
2.35439465590126E-07
2.35439465590126E-07
2.35439465590126E-07
2.35439465590126E-07
2.35439465590126E-07
2.35439465590126E-07
1.88462973449433E-07
1.88462973449433E-07
1.88462973449433E-07
1.88462973449433E-07
1.88462973449433E-07
1.88462973449433E-07
1.88462973449433E-07
1.88462973449433E-07
1.88462973449433E-07
1.88462973449433E-07
1.20870595754496E-07
1.20870595754496E-07
1.20870595754496E-07
1.20870595754496E-07
1.20870595754496E-07
1.20870595754496E-07
1.20870595754496E-07
1.20870595754496E-07
1.20870595754496E-07
1.20870595754496E-07
2.52072145379145E-08
2.52072145379145E-08
2.52072145379145E-08
2.52072145379145E-08
2.52072145379145E-08
2.52072145379145E-08
2.52072145379145E-08
2.52072145379145E-08
2.52072145379145E-08
2.52072145379145E-08
2.52072145379145E-08
2.52072145379145E-08
2.52072145379145E-08
2.52072145379145E-08
2.52072145379145E-08
2.52072145379145E-08
2.52072145379145E-08
2.52072145379145E-08
2.52072145379145E-08
2.52072145379145E-08
2.52072145379145E-08
2.52072145379145E-08
2.52072145379145E-08
2.52072145379145E-08
2.52072145379145E-08
2.52072145379145E-08
2.52072145379145E-08
2.52072145379145E-08
2.52072145379145E-08
2.52072145379145E-08
2.52072145379145E-08
2.52072145379145E-08
2.52072145379145E-08
2.52072145379145E-08
2.52072145379145E-08
2.52072145379145E-08
1.65649588490524E-08
1.65649588490524E-08
1.65649588490524E-08
1.65649588490524E-08
1.65649588490524E-08
1.65649588490524E-08
1.65649588490524E-08
1.65649588490524E-08
1.65649588490524E-08
1.65649588490524E-08
1.65649588490524E-08
1.65649588490524E-08
1.65649588490524E-08
1.65649588490524E-08
1.65649588490524E-08
1.65649588490524E-08
1.65649588490524E-08
1.65649588490524E-08
1.65649588490524E-08
1.65649588490524E-08
1.65649588490524E-08
1.65649588490524E-08
1.65649588490524E-08
1.65649588490524E-08
1.65649588490524E-08
1.65649588490524E-08
1.65649588490524E-08
1.65649588490524E-08
1.65649588490524E-08
1.65649588490524E-08
1.65649588490524E-08
1.65649588490524E-08
1.65649588490524E-08
1.65649588490524E-08
1.65649588490524E-08
1.65649588490524E-08
1.65649588490524E-08
1.37012359235911E-08
1.37012359235911E-08
1.37012359235911E-08
1.37012359235911E-08
1.37012359235911E-08
1.37012359235911E-08
1.37012359235911E-08
1.37012359235911E-08
1.37012359235911E-08
1.37012359235911E-08
1.37012359235911E-08
1.37012359235911E-08
1.37012359235911E-08
1.37012359235911E-08
1.37012359235911E-08
1.37012359235911E-08
1.37012359235911E-08
1.37012359235911E-08
1.37012359235911E-08
1.37012359235911E-08
1.37012359235911E-08
1.37012359235911E-08
1.37012359235911E-08
1.37012359235911E-08
1.37012359235911E-08
1.37012359235911E-08
1.37012359235911E-08
1.37012359235911E-08
1.37012359235911E-08
1.37012359235911E-08
1.37012359235911E-08
1.37012359235911E-08
1.37012359235911E-08
1.37012359235911E-08
1.37012359235911E-08
1.37012359235911E-08
7.39248917636104E-09
7.39248917636104E-09
7.02666325125278E-09
7.02666325125278E-09
7.02666325125278E-09
7.02666325125278E-09
7.02666325125278E-09
7.02666325125278E-09
7.02666325125278E-09
7.02666325125278E-09
7.02666325125278E-09
7.02666325125278E-09
7.02666325125278E-09
7.02666325125278E-09
7.02666325125278E-09
7.02666325125278E-09
7.02666325125278E-09
7.02666325125278E-09
7.02666325125278E-09
7.02666325125278E-09
7.02666325125278E-09
7.02666325125278E-09
7.02666325125278E-09
7.02666325125278E-09
7.02666325125278E-09
7.02666325125278E-09
7.02666325125278E-09
7.02666325125278E-09
7.02666325125278E-09
7.02666325125278E-09
7.02666325125278E-09
7.02666325125278E-09
7.02666325125278E-09
7.02666325125278E-09
7.02666325125278E-09
7.02666325125278E-09
7.02666325125278E-09
7.02666325125278E-09
7.02666325125278E-09
7.02666325125278E-09
7.02666325125278E-09
7.02666325125278E-09
7.02666325125278E-09
7.02666325125278E-09
7.02666325125278E-09
7.02666325125278E-09
7.02666325125278E-09
7.02666325125278E-09
7.02666325125278E-09
7.02666325125278E-09
7.02666325125278E-09
6.10135975076531E-09
6.10135975076531E-09
6.10135975076531E-09
6.10135975076531E-09
6.10135975076531E-09
6.10135975076531E-09
6.10135975076531E-09
6.10135975076531E-09
6.10135975076531E-09
6.10135975076531E-09
6.10135975076531E-09
6.10135975076531E-09
6.10135975076531E-09
6.10135975076531E-09
6.10135975076531E-09
6.10135975076531E-09
6.10135975076531E-09
6.10135975076531E-09
4.9338538810062E-09
4.9338538810062E-09
4.9338538810062E-09
4.9338538810062E-09
4.9338538810062E-09
4.9338538810062E-09
4.9338538810062E-09
3.12170367333664E-09
3.12170367333664E-09
3.12170367333664E-09
3.12170367333664E-09
3.12170367333664E-09
3.12170367333664E-09
3.12170367333664E-09
3.12170367333664E-09
3.12170367333664E-09
3.12170367333664E-09
3.12170367333664E-09
3.12170367333664E-09
3.12170367333664E-09
3.12170367333664E-09
3.12170367333664E-09
3.12170367333664E-09
3.12170367333664E-09
3.12170367333664E-09
3.12170367333664E-09
3.12170367333664E-09
3.12170367333664E-09
3.12170367333664E-09
3.12170367333664E-09
3.12170367333664E-09
3.12170367333664E-09
3.12170367333664E-09
3.12170367333664E-09
3.12170367333664E-09
3.12170367333664E-09
3.12170367333664E-09
3.12170367333664E-09
2.89407875442294E-09
2.70004441027538E-09
2.70004441027538E-09
2.70004441027538E-09
2.70004441027538E-09
2.70004441027538E-09
2.70004441027538E-09
2.70004441027538E-09
2.70004441027538E-09
2.70004441027538E-09
2.70004441027538E-09
2.70004441027538E-09
2.70004441027538E-09
2.70004441027538E-09
2.70004441027538E-09
2.70004441027538E-09
2.70004441027538E-09
2.70004441027538E-09
2.70004441027538E-09
2.70004441027538E-09
2.09485184754499E-09
2.09485184754499E-09
2.09485184754499E-09
2.09485184754499E-09
2.09485184754499E-09
1.99455241212121E-09
1.99455241212121E-09
1.99455241212121E-09
1.99455241212121E-09
1.99455241212121E-09
1.99455241212121E-09
1.99455241212121E-09
1.35746047735807E-09
1.35746047735807E-09
1.35746047735807E-09
1.35746047735807E-09
1.35746047735807E-09
1.35746047735807E-09
1.35746047735807E-09
1.35746047735807E-09
1.35746047735807E-09
1.35746047735807E-09
1.35746047735807E-09
1.35746047735807E-09
1.35746047735807E-09
1.35746047735807E-09
1.35746047735807E-09
1.35746047735807E-09
1.35746047735807E-09
1.35746047735807E-09
1.35746047735807E-09
1.35746047735807E-09
1.35746047735807E-09
1.35746047735807E-09
1.35746047735807E-09
1.35746047735807E-09
1.35746047735807E-09
1.35746047735807E-09
1.35746047735807E-09
1.35746047735807E-09
1.35746047735807E-09
1.35746047735807E-09
1.35746047735807E-09
1.35746047735807E-09
8.72477423641271E-10
8.72477423641271E-10
8.72477423641271E-10
8.72477423641271E-10
8.72477423641271E-10
8.72477423641271E-10
8.72477423641271E-10
8.72477423641271E-10
8.72477423641271E-10
8.72477423641271E-10
8.72477423641271E-10
8.72477423641271E-10
8.72477423641271E-10
8.72477423641271E-10
8.72477423641271E-10
8.72477423641271E-10
8.72477423641271E-10
8.72477423641271E-10
8.72477423641271E-10
7.664254786377E-10
7.664254786377E-10
7.664254786377E-10
7.664254786377E-10
7.664254786377E-10
7.56950169211734E-10
7.56950169211734E-10
7.56950169211734E-10
7.56950169211734E-10
7.56950169211734E-10
7.56950169211734E-10
7.56950169211734E-10
7.56950169211734E-10
7.56950169211734E-10
7.56950169211734E-10
7.56950169211734E-10
7.56950169211734E-10
7.56950169211734E-10
7.56950169211734E-10
7.56950169211734E-10
7.56950169211734E-10
7.56950169211734E-10
7.56950169211734E-10
2.91969781684998E-10
2.91969781684998E-10
2.91969781684998E-10
2.91969781684998E-10
2.91969781684998E-10
2.91969781684998E-10
2.91969781684998E-10
2.91969781684998E-10
2.91969781684998E-10
2.91969781684998E-10
2.91969781684998E-10
2.91969781684998E-10
2.91969781684998E-10
2.91969781684998E-10
2.91969781684998E-10
2.91969781684998E-10
2.91969781684998E-10
2.91969781684998E-10
2.91969781684998E-10
2.91969781684998E-10
2.91969781684998E-10

