0.223829799946069
0.222178244533643
0.140385325791216
0.0812252268437882
0.0473898492144175
0.0137197598359663
0.00507579025147442
0.00331772930683172
0.00331216097693166
0.00331216097693166
0.00289645436716079
0.00229599573624817
0.0022863366341892
0.0022863366341892
0.00222004451116276
0.00222004451116276
0.0018263962017504
0.00180482133045357
0.000833090269422909
0.00082605927278856
0.00082605927278856
0.000753719798324726
0.000753719798324726
0.000753719798324726
0.000538415918975188
0.000147194407748685
9.50267519250758E-05
8.27272028474102E-05
6.7084138588358E-05
6.55920444759817E-05
6.55920444759817E-05
6.55920444759817E-05
4.26199116135839E-05
4.26199116135839E-05
4.16062872684586E-05
4.16062872684586E-05
4.16062872684586E-05
4.16062872684586E-05
3.94620435063553E-05
3.94620435063553E-05
3.94620435063553E-05
3.94620435063553E-05
3.49616110211226E-05
3.49616110211226E-05
3.49616110211226E-05
3.49616110211226E-05
3.0730133929735E-05
2.49897928435994E-05
2.49897928435994E-05
1.13514821437066E-05
1.13514821437066E-05
1.13514821437066E-05
1.13514821437066E-05
1.13514821437066E-05
1.03755913314352E-05
1.02202592633382E-05
1.02202592633382E-05
1.02202592633382E-05
4.7640081110023E-06
3.81851601827243E-06
3.81851601827243E-06
3.81851601827243E-06
3.81851601827243E-06
3.81851601827243E-06
3.81851601827243E-06
3.81851601827243E-06
3.81851601827243E-06
3.81851601827243E-06
3.81851601827243E-06
3.81851601827243E-06
3.81851601827243E-06
2.62197820244392E-06
2.62197820244392E-06
2.62197820244392E-06
2.62197820244392E-06
2.62197820244392E-06
2.62197820244392E-06
2.38496168003532E-06
2.38496168003532E-06
2.38496168003532E-06
2.0427495811548E-06
2.0427495811548E-06
2.0427495811548E-06
2.0427495811548E-06
7.20780724772219E-07
7.20780724772219E-07
7.20780724772219E-07
7.20780724772219E-07
7.20780724772219E-07
7.20780724772219E-07
7.20780724772219E-07
7.20780724772219E-07
7.20780724772219E-07
7.20780724772219E-07
7.20780724772219E-07
7.20780724772219E-07
7.20780724772219E-07
7.20780724772219E-07
7.20780724772219E-07
7.20780724772219E-07
7.20780724772219E-07
7.20780724772219E-07
7.20780724772219E-07
7.20780724772219E-07
7.20780724772219E-07
7.20780724772219E-07
7.20780724772219E-07
7.20780724772219E-07
7.20780724772219E-07
7.20780724772219E-07
7.20780724772219E-07
3.96628989651759E-08
3.96628989651759E-08
3.96628989651759E-08
3.96628989651759E-08
3.96628989651759E-08
3.96628989651759E-08
3.96628989651759E-08
3.96628989651759E-08
3.96628989651759E-08
3.96628989651759E-08
3.96628989651759E-08
3.96628989651759E-08
3.96628989651759E-08
3.96628989651759E-08
3.96628989651759E-08
3.96628989651759E-08
3.96628989651759E-08
3.96628989651759E-08
3.96628989651759E-08
3.96628989651759E-08
3.96628989651759E-08
3.96628989651759E-08
3.96628989651759E-08
3.96628989651759E-08
3.96628989651759E-08
3.96628989651759E-08
3.96628989651759E-08
3.96628989651759E-08
3.96628989651759E-08
3.96628989651759E-08
3.96628989651759E-08
3.96628989651759E-08
3.96628989651759E-08
3.96628989651759E-08
3.96628989651759E-08
3.96628989651759E-08
3.96628989651759E-08
3.96628989651759E-08
3.96628989651759E-08
3.96628989651759E-08
3.96628989651759E-08
3.96628989651759E-08
3.96628989651759E-08
3.96628989651759E-08
3.96628989651759E-08
3.96628989651759E-08
3.96628989651759E-08
3.96628989651759E-08
3.96628989651759E-08
3.96628989651759E-08
3.96628989651759E-08
3.96628989651759E-08
3.96628989651759E-08
3.96628989651759E-08
3.96628989651759E-08
3.96628989651759E-08
3.96628989651759E-08
3.96628989651759E-08
3.96628989651759E-08
3.96628989651759E-08
3.96628989651759E-08
3.96628989651759E-08
3.96628989651759E-08
3.96628989651759E-08
3.96628989651759E-08
3.96628989651759E-08
3.96628989651759E-08
3.96628989651759E-08
3.96628989651759E-08
3.96628989651759E-08
3.96628989651759E-08
1.55910067078935E-08
1.55910067078935E-08
1.55910067078935E-08
1.55910067078935E-08
1.55910067078935E-08
1.55910067078935E-08
1.55910067078935E-08
1.55910067078935E-08
1.55910067078935E-08
1.55910067078935E-08
1.55910067078935E-08
1.55910067078935E-08
1.55910067078935E-08
1.55910067078935E-08
1.55910067078935E-08
1.55910067078935E-08
1.55910067078935E-08
1.55910067078935E-08
1.55910067078935E-08
1.55910067078935E-08
1.55910067078935E-08
1.55910067078935E-08
1.55910067078935E-08
1.55910067078935E-08
1.55910067078935E-08
1.55910067078935E-08
1.55910067078935E-08
1.55910067078935E-08
1.55910067078935E-08
1.55910067078935E-08
1.55910067078935E-08
1.55910067078935E-08
1.55910067078935E-08
1.55910067078935E-08
1.55910067078935E-08
1.55910067078935E-08
1.55910067078935E-08
1.55910067078935E-08
1.55910067078935E-08
1.55910067078935E-08
1.55910067078935E-08
1.55910067078935E-08
1.55910067078935E-08
1.55910067078935E-08
1.55910067078935E-08
1.55910067078935E-08
1.2925685521914E-08
1.2925685521914E-08
1.2925685521914E-08
1.2925685521914E-08
1.2925685521914E-08
1.2925685521914E-08
1.2925685521914E-08
1.2925685521914E-08
1.2925685521914E-08
1.2925685521914E-08
1.2925685521914E-08
1.2925685521914E-08
1.2925685521914E-08
1.2925685521914E-08
1.2925685521914E-08
1.2925685521914E-08
1.2925685521914E-08
1.2925685521914E-08
1.2925685521914E-08
1.2925685521914E-08
1.2925685521914E-08
1.2925685521914E-08
1.2925685521914E-08
1.2925685521914E-08
1.2925685521914E-08
1.2925685521914E-08
1.2925685521914E-08
1.2925685521914E-08
1.2925685521914E-08
1.2925685521914E-08
1.2925685521914E-08
1.2925685521914E-08
1.2925685521914E-08
1.2925685521914E-08
1.2925685521914E-08
1.2925685521914E-08
1.2925685521914E-08
1.2925685521914E-08
1.2925685521914E-08
1.2925685521914E-08
1.2925685521914E-08
1.2925685521914E-08
1.2925685521914E-08
1.2925685521914E-08
1.2925685521914E-08
1.2925685521914E-08
1.2925685521914E-08
1.2925685521914E-08
6.97297175555889E-09
6.97297175555889E-09
5.27105459280364E-09
5.27105459280364E-09
5.27105459280364E-09
5.27105459280364E-09
5.27105459280364E-09
5.27105459280364E-09
5.27105459280364E-09
5.27105459280364E-09
5.27105459280364E-09
5.27105459280364E-09
5.27105459280364E-09
5.27105459280364E-09
5.27105459280364E-09
5.27105459280364E-09
5.27105459280364E-09
5.27105459280364E-09
5.27105459280364E-09
5.27105459280364E-09
5.27105459280364E-09
5.27105459280364E-09
5.27105459280364E-09
5.27105459280364E-09
5.27105459280364E-09
5.27105459280364E-09
5.27105459280364E-09
5.27105459280364E-09
5.27105459280364E-09
5.27105459280364E-09
5.27105459280364E-09
5.27105459280364E-09
5.27105459280364E-09
5.27105459280364E-09
5.27105459280364E-09
5.27105459280364E-09
5.27105459280364E-09
5.27105459280364E-09
4.28149815601131E-09
4.28149815601131E-09
4.28149815601131E-09
4.28149815601131E-09
4.28149815601131E-09
4.28149815601131E-09
4.28149815601131E-09
4.28149815601131E-09
4.28149815601131E-09
4.28149815601131E-09
2.63605659522881E-09
1.45381340299622E-09
1.45381340299622E-09
1.45381340299622E-09
1.45381340299622E-09
1.45381340299622E-09
1.45381340299622E-09
1.45381340299622E-09
1.45381340299622E-09
1.45381340299622E-09
1.45381340299622E-09
1.45381340299622E-09
1.45381340299622E-09
1.45381340299622E-09
7.35960514752776E-10
7.35960514752776E-10
7.35960514752776E-10
7.35960514752776E-10
7.35960514752776E-10
7.35960514752776E-10
7.35960514752776E-10
7.35960514752776E-10
7.35960514752776E-10
7.35960514752776E-10
7.35960514752776E-10
7.35960514752776E-10
7.35960514752776E-10
7.35960514752776E-10
7.35960514752776E-10
7.35960514752776E-10
7.35960514752776E-10
7.35960514752776E-10
7.35960514752776E-10
7.35960514752776E-10
7.35960514752776E-10
7.35960514752776E-10
7.35960514752776E-10
7.35960514752776E-10
7.35960514752776E-10
7.35960514752776E-10
7.35960514752776E-10
7.35960514752776E-10
7.35960514752776E-10
7.35960514752776E-10
7.35960514752776E-10
7.35960514752776E-10
7.35960514752776E-10
7.35960514752776E-10
7.35960514752776E-10
7.35960514752776E-10
7.35960514752776E-10
7.35960514752776E-10
7.35960514752776E-10
7.35960514752776E-10
7.35960514752776E-10
7.35960514752776E-10
7.35960514752776E-10
7.35960514752776E-10
7.35960514752776E-10
7.35960514752776E-10
7.35960514752776E-10
7.35960514752776E-10
7.35960514752776E-10
7.35960514752776E-10
7.35960514752776E-10
7.35960514752776E-10
7.35960514752776E-10
7.35960514752776E-10
7.35960514752776E-10
7.35960514752776E-10
7.35960514752776E-10
7.35960514752776E-10
7.35960514752776E-10
7.35960514752776E-10
7.35960514752776E-10
7.35960514752776E-10
7.35960514752776E-10
7.35960514752776E-10
7.12192305130088E-10
7.12192305130088E-10
7.12192305130088E-10
7.12192305130088E-10
7.12192305130088E-10
7.12192305130088E-10
7.12192305130088E-10
7.12192305130088E-10
7.12192305130088E-10
7.12192305130088E-10
7.12192305130088E-10
7.12192305130088E-10
7.12192305130088E-10
7.12192305130088E-10
7.12192305130088E-10
7.12192305130088E-10
7.12192305130088E-10
7.12192305130088E-10
7.12192305130088E-10
7.12192305130088E-10
3.67492147823612E-10
3.67492147823612E-10
3.67492147823612E-10
3.67492147823612E-10
3.67492147823612E-10
3.67492147823612E-10
3.67492147823612E-10
3.67492147823612E-10
3.67492147823612E-10
3.67492147823612E-10
3.67492147823612E-10
3.67492147823612E-10
3.67492147823612E-10
3.67492147823612E-10
3.67492147823612E-10
3.67492147823612E-10
3.67492147823612E-10
3.67492147823612E-10
3.67492147823612E-10
3.67492147823612E-10
3.67492147823612E-10
3.67492147823612E-10
3.67492147823612E-10
3.67492147823612E-10
3.67492147823612E-10
3.67492147823612E-10
3.67492147823612E-10
3.67492147823612E-10
3.67492147823612E-10
3.67492147823612E-10
3.67492147823612E-10
3.67492147823612E-10
3.67492147823612E-10
3.67492147823612E-10
3.67492147823612E-10
3.67492147823612E-10
3.67492147823612E-10
3.67492147823612E-10
3.67492147823612E-10
3.67492147823612E-10
3.67492147823612E-10
3.67492147823612E-10
3.67492147823612E-10
3.67492147823612E-10
3.67492147823612E-10
3.67492147823612E-10
3.67492147823612E-10
3.67492147823612E-10
3.67492147823612E-10
3.67492147823612E-10
3.67492147823612E-10
3.67492147823612E-10
3.67492147823612E-10
3.67492147823612E-10
3.67492147823612E-10
1.39290023959404E-10
1.39290023959404E-10
1.39290023959404E-10
1.39290023959404E-10
1.39290023959404E-10
1.39290023959404E-10
1.39290023959404E-10
1.39290023959404E-10
1.39290023959404E-10
1.39290023959404E-10
6.15334450060345E-11
6.15334450060345E-11
6.15334450060345E-11
6.15334450060345E-11
6.15334450060345E-11
6.15334450060345E-11
6.15334450060345E-11
6.15334450060345E-11
6.15334450060345E-11
6.15334450060345E-11
6.15334450060345E-11
6.15334450060345E-11
6.15334450060345E-11

