0.175271220471213
0.175271220471213
0.149835586865041
0.0490796737817463
0.038516261280243
0.0356452173280818
0.0115877717498023
0.0105131836659108
0.00224630653147417
0.000615622830703821
0.000285133130108917
0.000285133130108917
0.000285133130108917
0.000285133130108917
0.000285133130108917
0.000285133130108917
0.000281214133946661
0.000281214133946661
0.000273465123291849
0.000273465123291849
0.000273465123291849
0.000273465123291849
0.000273465123291849
0.000273465123291849
0.000273465123291849
0.000256219817995729
0.000253628731212596
0.000253628731212596
0.000113901760444901
0.000112845363853475
0.000112845363853475
0.000112845363853475
0.000108209078564458
0.000108209078564458
0.000108209078564458
0.000108209078564458
0.000107502006395865
0.000107502006395865
5.74842688640942E-05
2.49930258159337E-05
2.49930258159337E-05
2.49930258159337E-05
2.49930258159337E-05
2.40489179222925E-05
7.46916283422827E-06
7.46916283422827E-06
7.46916283422827E-06
7.46916283422827E-06
7.46916283422827E-06
7.46916283422827E-06
7.46916283422827E-06
7.46916283422827E-06
7.04158415354428E-06
7.04158415354428E-06
6.89375867024555E-06
6.89375867024555E-06
6.89375867024555E-06
6.89375867024555E-06
6.89375867024555E-06
6.89375867024555E-06
6.89375867024555E-06
2.58988007661998E-06
2.33584560171973E-06
2.33584560171973E-06
2.33584560171973E-06
2.33584560171973E-06
2.33584560171973E-06
2.33584560171973E-06
2.33584560171973E-06
2.33584560171973E-06
1.40735416453985E-06
1.40735416453985E-06
1.40735416453985E-06
1.40735416453985E-06
1.40735416453985E-06
1.40735416453985E-06
1.40735416453985E-06
1.40735416453985E-06
1.40735416453985E-06
1.40735416453985E-06
1.40735416453985E-06
1.40735416453985E-06
1.40735416453985E-06
1.40735416453985E-06
1.40735416453985E-06
1.40735416453985E-06
1.22396408230863E-06
1.08529053211015E-06
1.08529053211015E-06
1.08529053211015E-06
1.08529053211015E-06
1.08529053211015E-06
1.08529053211015E-06
1.08529053211015E-06
1.08529053211015E-06
1.08529053211015E-06
1.08529053211015E-06
9.15022440262092E-07
9.15022440262092E-07
9.15022440262092E-07
8.98427713669214E-07
8.98427713669214E-07
8.98427713669214E-07
8.98427713669214E-07
8.98427713669214E-07
8.98427713669214E-07
8.98427713669214E-07
8.98427713669214E-07
8.98427713669214E-07
8.98427713669214E-07
8.98427713669214E-07
4.25433705486533E-07
4.25433705486533E-07
4.25433705486533E-07
4.25433705486533E-07
4.15985231816407E-07
4.15985231816407E-07
4.15985231816407E-07
4.15985231816407E-07
4.15985231816407E-07
4.15985231816407E-07
1.91472149135841E-07
1.91472149135841E-07
1.91472149135841E-07
1.91472149135841E-07
1.91472149135841E-07
1.91472149135841E-07
1.91472149135841E-07
1.91472149135841E-07
1.91472149135841E-07
1.91472149135841E-07
1.91472149135841E-07
1.91472149135841E-07
1.36440743481181E-07
1.36440743481181E-07
1.36440743481181E-07
1.36440743481181E-07
1.36440743481181E-07
1.36440743481181E-07
1.36440743481181E-07
1.36440743481181E-07
1.36440743481181E-07
1.36440743481181E-07
1.36440743481181E-07
1.36440743481181E-07
1.36440743481181E-07
1.36440743481181E-07
1.36440743481181E-07
1.36440743481181E-07
1.36440743481181E-07
1.36440743481181E-07
1.36440743481181E-07
1.36440743481181E-07
1.36440743481181E-07
1.36440743481181E-07
1.36440743481181E-07
1.36440743481181E-07
1.36440743481181E-07
1.36440743481181E-07
1.36440743481181E-07
1.36440743481181E-07
1.36440743481181E-07
1.36440743481181E-07
1.36440743481181E-07
1.36440743481181E-07
1.36440743481181E-07
1.36440743481181E-07
1.36440743481181E-07
1.36440743481181E-07
1.36440743481181E-07
1.36440743481181E-07
1.36440743481181E-07
1.36440743481181E-07
1.36440743481181E-07
1.36440743481181E-07
1.36440743481181E-07
1.36440743481181E-07
1.36440743481181E-07
1.36440743481181E-07
1.36440743481181E-07
1.36440743481181E-07
1.36440743481181E-07
1.36440743481181E-07
1.36440743481181E-07
1.36440743481181E-07
1.33327669238348E-07
1.33327669238348E-07
1.33327669238348E-07
1.33327669238348E-07
1.33327669238348E-07
1.33327669238348E-07
1.33327669238348E-07
1.33327669238348E-07
1.33327669238348E-07
1.33327669238348E-07
1.33327669238348E-07
1.33327669238348E-07
1.33327669238348E-07
7.47628996489169E-08
7.47628996489169E-08
7.47628996489169E-08
7.47628996489169E-08
7.47628996489169E-08
7.47628996489169E-08
7.47628996489169E-08
7.47628996489169E-08
7.47628996489169E-08
7.47628996489169E-08
7.47628996489169E-08
7.47628996489169E-08
7.47628996489169E-08
7.47628996489169E-08
7.47628996489169E-08
7.47628996489169E-08
7.47628996489169E-08
7.47628996489169E-08
7.47628996489169E-08
6.25812752730326E-08
6.25812752730326E-08
6.25812752730326E-08
6.25812752730326E-08
6.25812752730326E-08
6.25812752730326E-08
6.25812752730326E-08
6.25812752730326E-08
6.25812752730326E-08
2.03841351575917E-08
2.03841351575917E-08
2.03841351575917E-08
2.03841351575917E-08
2.03841351575917E-08
2.03841351575917E-08
2.03841351575917E-08
2.03841351575917E-08
2.03841351575917E-08
2.03841351575917E-08
2.03841351575917E-08
2.03841351575917E-08
2.03841351575917E-08
2.03841351575917E-08
2.03841351575917E-08
2.03841351575917E-08
2.03841351575917E-08
2.03841351575917E-08
2.03841351575917E-08
2.03841351575917E-08
9.16207787415857E-09
9.16207787415857E-09
9.16207787415857E-09
9.16207787415857E-09
9.16207787415857E-09
9.16207787415857E-09
9.16207787415857E-09
9.16207787415857E-09
9.37815602952696E-10
9.37815602952696E-10
9.37815602952696E-10
9.37815602952696E-10
9.37815602952696E-10
9.37815602952696E-10
9.37815602952696E-10
9.37815602952696E-10
9.37815602952696E-10
9.37815602952696E-10
9.37815602952696E-10
9.37815602952696E-10
9.37815602952696E-10
9.37815602952696E-10
9.37815602952696E-10
9.37815602952696E-10
9.37815602952696E-10
9.37815602952696E-10
9.37815602952696E-10
9.37815602952696E-10
9.37815602952696E-10
9.37815602952696E-10
9.37815602952696E-10
9.37815602952696E-10
9.37815602952696E-10
9.37815602952696E-10
9.37815602952696E-10
9.37815602952696E-10
9.37815602952696E-10
9.37815602952696E-10
9.37815602952696E-10
9.37815602952696E-10
9.37815602952696E-10
9.37815602952696E-10
9.37815602952696E-10
9.37815602952696E-10
9.37815602952696E-10
9.37815602952696E-10
9.37815602952696E-10
9.37815602952696E-10
9.37815602952696E-10
9.37815602952696E-10
9.37815602952696E-10
9.37815602952696E-10
9.37815602952696E-10
9.37815602952696E-10
9.37815602952696E-10
9.37815602952696E-10
9.37815602952696E-10
9.37815602952696E-10
9.37815602952696E-10
9.37815602952696E-10
9.37815602952696E-10
9.37815602952696E-10
9.37815602952696E-10
9.37815602952696E-10
9.37815602952696E-10
9.37815602952696E-10
9.37815602952696E-10
9.37815602952696E-10
9.37815602952696E-10
9.37815602952696E-10
9.37815602952696E-10
9.37815602952696E-10
9.37815602952696E-10
9.37815602952696E-10
9.37815602952696E-10
9.37815602952696E-10
9.37815602952696E-10
9.37815602952696E-10
9.37815602952696E-10
9.37815602952696E-10
9.37815602952696E-10
9.37815602952696E-10
9.37815602952696E-10
9.37815602952696E-10
9.37815602952696E-10
9.37815602952696E-10
9.37815602952696E-10
9.37815602952696E-10
9.37815602952696E-10
9.37815602952696E-10
9.37815602952696E-10
9.37815602952696E-10
9.37815602952696E-10
9.37815602952696E-10
9.37815602952696E-10
9.37815602952696E-10
9.37815602952696E-10
9.37815602952696E-10
9.37815602952696E-10
9.37815602952696E-10
9.37815602952696E-10
9.37815602952696E-10
9.37815602952696E-10
9.37815602952696E-10
9.37815602952696E-10
9.37815602952696E-10
9.37815602952696E-10
9.37815602952696E-10
9.37815602952696E-10
9.37815602952696E-10
9.37815602952696E-10
9.37815602952696E-10
9.37815602952696E-10
9.37815602952696E-10
9.37815602952696E-10
9.37815602952696E-10
9.37815602952696E-10
9.37815602952696E-10
9.37815602952696E-10
9.37815602952696E-10
9.37815602952696E-10
9.37815602952696E-10
9.37815602952696E-10
9.37815602952696E-10
9.37815602952696E-10
9.37815602952696E-10
9.37815602952696E-10
9.37815602952696E-10
9.37815602952696E-10
9.37815602952696E-10
9.37815602952696E-10
9.37815602952696E-10
9.37815602952696E-10
9.37815602952696E-10
9.37815602952696E-10
9.37815602952696E-10
9.37815602952696E-10
9.37815602952696E-10
9.37815602952696E-10
9.37815602952696E-10
9.37815602952696E-10
9.37815602952696E-10
9.37815602952696E-10
9.37815602952696E-10
2.57258325753185E-10
2.57258325753185E-10
2.57258325753185E-10
2.57258325753185E-10
2.57258325753185E-10
2.57258325753185E-10
2.57258325753185E-10
2.57258325753185E-10
2.57258325753185E-10
2.57258325753185E-10
2.57258325753185E-10
2.57258325753185E-10
2.57258325753185E-10
2.57258325753185E-10
2.57258325753185E-10
2.57258325753185E-10
2.57258325753185E-10
2.57258325753185E-10
2.57258325753185E-10
2.57258325753185E-10
2.57258325753185E-10
2.57258325753185E-10
2.57258325753185E-10
2.57258325753185E-10
2.57258325753185E-10
2.57258325753185E-10
2.57258325753185E-10
2.57258325753185E-10
2.57258325753185E-10
2.57258325753185E-10
2.57258325753185E-10
2.57258325753185E-10
2.57258325753185E-10
2.57258325753185E-10
2.57258325753185E-10
2.57258325753185E-10
2.57258325753185E-10
2.57258325753185E-10
2.57258325753185E-10
2.57258325753185E-10
2.57258325753185E-10
2.57258325753185E-10
2.57258325753185E-10
2.57258325753185E-10
2.57258325753185E-10
2.57258325753185E-10
2.57258325753185E-10
2.57258325753185E-10
2.57258325753185E-10
2.57258325753185E-10
2.57258325753185E-10
2.57258325753185E-10
2.57258325753185E-10
2.57258325753185E-10
2.57258325753185E-10
2.57258325753185E-10
2.57258325753185E-10
2.57258325753185E-10
2.57258325753185E-10
2.57258325753185E-10
2.57258325753185E-10
2.57258325753185E-10
2.57258325753185E-10
2.57258325753185E-10
2.57258325753185E-10
2.57258325753185E-10
2.57258325753185E-10
2.57258325753185E-10
2.57258325753185E-10
2.57258325753185E-10
2.57258325753185E-10
2.57258325753185E-10
2.57258325753185E-10
2.57258325753185E-10
2.57258325753185E-10
2.57258325753185E-10
2.57258325753185E-10
2.57258325753185E-10
2.57258325753185E-10
2.57258325753185E-10
2.57258325753185E-10
2.57258325753185E-10
2.57258325753185E-10
2.57258325753185E-10
2.57258325753185E-10
2.57258325753185E-10
2.57258325753185E-10
2.57258325753185E-10
2.57258325753185E-10
2.57258325753185E-10
2.57258325753185E-10
2.57258325753185E-10
2.22811991079652E-10
2.22811991079652E-10
2.22811991079652E-10
2.22811991079652E-10
2.22811991079652E-10
2.22811991079652E-10
2.22811991079652E-10
2.22811991079652E-10
2.22811991079652E-10
2.22811991079652E-10
1.2013190442417E-10
1.2013190442417E-10
1.2013190442417E-10
1.2013190442417E-10
1.2013190442417E-10
1.2013190442417E-10
1.2013190442417E-10
1.2013190442417E-10

