6.15101294320074
3.11655254150683
1.31200979144091
1.05804478248227
1.03994680889371
0.914267193403818
0.909548280377372
0.909548280377372
0.760462981341073
0.760462981341073
0.667231491005215
0.667231491005215
0.614626372162049
0.594079505550085
0.592326626606876
0.588726493347314
0.512415454603003
0.42543561772639
0.424940976151866
0.406212565611377
0.406212565611377
0.384480034799743
0.384480034799743
0.38132820666323
0.304029324339611
0.279213191538414
0.275638312169677
0.243785807538732
0.243785807538732
0.230263697267847
0.207115095657094
0.17827607857292
0.140618065040186
0.140618065040186
0.130935713404504
0.115041948580612
0.115041948580612
0.115041948580612
0.114950509512294
0.114828392345082
0.108414537769032
0.108233326078537
0.0945817957497149
0.0840171167012705
0.0840171167012705
0.0776338653627174
0.0776338653627174
0.0755334908055218
0.0755334908055218
0.0745626444381045
0.0696347203782784
0.0696347203782784
0.0696347203782784
0.0696347203782784
0.0693048305147912
0.0653388322965012
0.0514378733534101
0.050780083726437
0.0403262336661432
0.0403262336661432
0.0403262336661432
0.0403262336661432
0.0403262336661432
0.0403262336661432
0.0403262336661432
0.0400081414232286
0.0307368755885061
0.0307368755885061
0.0307368755885061
0.0241147927633295
0.0241147927633295
0.0241147927633295
0.0241147927633295
0.0241147927633295
0.0241147927633295
0.0241147927633295
0.0241147927633295
0.0241147927633295
0.0241147927633295
0.0241147927633295
0.0241147927633295
0.0241147927633295
0.0241147927633295
0.0241147927633295
0.0232676998463544
0.0232676998463544
0.0232676998463544
0.0232676998463544
0.0209051529469519
0.0209051529469519
0.0209051529469519
0.0209051529469519
0.0209051529469519
0.0209051529469519
0.0209051529469519
0.0209051529469519
0.0209051529469519
0.0201847202062258
0.0201847202062258
0.0201847202062258
0.0198881359052968
0.0198881359052968
0.0181950300074436
0.0181950300074436
0.0181950300074436
0.0181950300074436
0.0181950300074436
0.0173114605422836
0.0166107152325484
0.0155620707027254
0.0155620707027254
0.0155620707027254
0.0155620707027254
0.0155620707027254
0.0155620707027254
0.0155620707027254
0.0151166280384952
0.0151166280384952
0.0151166280384952
0.0151166280384952
0.0151166280384952
0.0151166280384952
0.0151166280384952
0.0151166280384952
0.0151166280384952
0.0142564907627797
0.0142564907627797
0.0135943917334997
0.013333291387142
0.013333291387142
0.013333291387142
0.0129689992813957
0.0125187942026745
0.0125187942026745
0.0125187942026745
0.0125187942026745
0.0120772043178672
0.0114778223120289
0.0114778223120289
0.0114778223120289
0.0114778223120289
0.0111743702423598
0.0111743702423598
0.0111743702423598
0.0111743702423598
0.0104332701909804
0.00882719885038265
0.00882719885038265
0.00882719885038265
0.00882719885038265
0.00882719885038265
0.00882719885038265
0.00882719885038265
0.00882719885038265
0.00882719885038265
0.00882719885038265
0.00882719885038265
0.00882719885038265
0.00882719885038265
0.00724100448439337
0.00724100448439337
0.00712043461544866
0.00712043461544866
0.00712043461544866
0.00712043461544866
0.00712036015018318
0.00706047817166558
0.00706047817166558
0.00648908698910074
0.00648908698910074
0.00648908698910074
0.00648908698910074
0.00648908698910074
0.00648908698910074
0.00562377690964302
0.00562377690964302
0.00543002054635056
0.00543002054635056
0.00543002054635056
0.00543002054635056
0.00543002054635056
0.00543002054635056
0.00543002054635056
0.00543002054635056
0.00539622445169216
0.00539622445169216
0.00503891946663013
0.00503891946663013
0.00503891946663013
0.00503891946663013
0.00503891946663013
0.00461799211917935
0.00461799211917935
0.0038149601278209
0.0038149601278209
0.0034736487642283
0.0034736487642283
0.00307648423585106
0.00307648423585106
0.00307648423585106
0.00307648423585106
0.00307648423585106
0.00307648423585106
0.00307648423585106
0.00307632425602338
0.00289566326211101
0.00289566326211101
0.00289566326211101
0.00289566326211101
0.00289566326211101
0.0026920760054994
0.0026920760054994
0.0026920760054994
0.0026920760054994
0.0026920760054994
0.0026920760054994
0.0026920760054994
0.0026920760054994
0.0026920760054994
0.0026920760054994
0.0026920760054994
0.00269168780389789
0.00269168780389789
0.00269168780389789
0.00269168780389789
0.00269168780389789
0.00269168780389789
0.00269168780389789
0.00269168780389789
0.00269168780389789
0.00269168780389789
0.00269168780389789
0.00200403710755867
0.00200403710755867
0.00200403710755867
0.00200403710755867
0.00200403710755867
0.00200403710755867
0.00200403710755867
0.00200403710755867
0.0018821417282754
0.0018821417282754
0.0018821417282754
0.0018821417282754
0.0018821417282754
0.0018821417282754
0.00183342445244202
0.00183284585094634
0.00183284585094634
0.00183284585094634
0.00170769061772735
0.00170769061772735
0.00170769061772735
0.00170769061772735
0.00170769061772735
0.00170769061772735
0.00170769061772735
0.001450489256375
0.001450489256375
0.001450489256375
0.001450489256375
0.00110795619024931
0.00110795619024931
0.00110795619024931
0.00110795619024931
0.00110795619024931
0.00110795619024931
0.00110795619024931
0.0010569288730717
0.0010569288730717
0.0010546114819325
0.00105102493227499
0.00105102493227499
0.00105102493227499
0.00105102493227499
0.00105102493227499
0.00105102493227499
0.00105102493227499
0.00105102493227499
0.00105102493227499
0.00105102493227499
0.000978182425677608
0.000978182425677608
0.000978182425677608
0.000978182425677608
0.000978182425677608
0.000978182425677608
0.000971827427728879
0.000971827427728879
0.000971827427728879
0.000971827427728879
0.000971827427728879
0.000971827427728879
0.000898816733937918
0.00084022339150535
0.00084022339150535
0.00084022339150535
0.00084022339150535
0.00084022339150535
0.000835630797772626
0.000835630797772626
0.000835630797772626
0.000835630797772626
0.000835630797772626
0.000683861921518704
0.000682921799895822
0.000682921799895822
0.000682921799895822
0.000559514228734494
0.000559514228734494
0.000559514228734494
0.000559514228734494
0.000555826935323903
0.000555826935323903
0.000555826935323903
0.000528721501628798
0.000528721501628798
0.000528721501628798
0.000526342594020001
0.000526342594020001
0.000526342594020001
0.000526342594020001
0.000508037108036705
0.000508037108036705
0.000508037108036705
0.000508037108036705
0.000508037108036705
0.000508037108036705
0.000508037108036705
0.000500591071232296
0.000500591071232296
0.000500591071232296
0.000483136993774797
0.000483136993774797
0.000483136993774797
0.000458246547544321
0.000458246547544321
0.000458246547544321
0.000458246547544321
0.000458246547544321
0.000458246547544321
0.000458246547544321
0.000457560848192514
0.000457543954638714
0.000457543954638714
0.000457543954638714
0.000457543954638714
0.000457543954638714
0.000457543954638714
0.000457543954638714
0.000457543954638714
0.000457543954638714
0.000457543954638714
0.000457543954638714
0.000457543954638714
0.000439662723729423
0.000439662723729423
0.000439662723729423
0.000439637951517346
0.000439637951517346
0.000439637951517346
0.000391399166376198
0.000391399166376198
0.000391399166376198
0.000391399166376198
0.000391399166376198
0.00037590846910347
0.00037590846910347
0.00037590846910347
0.00037590846910347
0.00037590846910347
0.000373155562013974
0.000373155562013974
0.000373155562013974
0.000373155562013974
0.000372808052604999
0.000372808052604999
0.000372679154575606
0.000372679154575606
0.000372679154575606
0.000364140258029298
0.00036409801589737
0.00036409801589737
0.00036409801589737
0.00036409801589737
0.00036409801589737
0.00036409801589737
0.00036409801589737
0.00036409801589737
0.00036409801589737
0.00036409801589737
0.00036409801589737
0.00036409801589737
0.00036409801589737
0.00036409801589737
0.000288853454388215
0.000288853454388215
0.000288853454388215
0.000288853454388215
0.000288853454388215
0.000288853454388215
0.000283261905417902
0.000283261905417902
0.000283261905417902
0.000283261905417902
0.000283261905417902
0.000247265641040514
0.000247200968036871
0.000247151192667898
0.000247151192667898
0.000247151192667898
0.000247151192667898
0.000247150864268416
0.000244797584859622
0.000244797584859622
0.000244797584859622
0.000244797584859622
0.000244797584859622
0.000241854834450174
0.000241854834450174
0.000237256161681246
0.000237256161681246
0.000237256161681246
0.000216151583218266
0.000216151583218266
0.000216151583218266
0.000216151583218266
0.000216151583218266
0.000216151583218266
0.000216151583218266
0.000216151583218266
0.000216151583218266
0.000216151583218266
0.000216151583218266
0.000216151583218266
0.000216151583218266
0.000216151583218266
0.000215450296764517
0.000215450296764517
0.000215450296764517
0.000215450296764517
0.000215450296764517
0.000169442401654406
0.000169442401654406
0.000169442401654406
0.000169442401654406
0.000169442401654406
0.000169442401654406
0.000169442401654406
0.000169442401654406
0.000169442401654406
0.000169442401654406
0.000169442401654406
0.000169442401654406
0.000169442401654406
0.000148625324260152
0.000148625324260152
0.000148625324260152
0.000148625324260152
0.000148625324260152
0.000148625324260152
0.000148625324260152
0.000148625324260152
0.000148625324260152
9.78434637982818E-05
9.78434637982818E-05
9.78434637982818E-05
9.78434637982818E-05
9.78434637982818E-05
9.78434637982818E-05
9.78434637982818E-05
9.78434637982818E-05
9.78434637982818E-05
8.80683474611044E-05
8.80683474611044E-05
8.80683474611044E-05
8.80683474611044E-05
8.80683474611044E-05
8.80683474611044E-05
8.80683474611044E-05
8.80683474611044E-05
8.80683474611044E-05
8.80683474611044E-05
8.80683474611044E-05
8.80683474611044E-05
8.80683474611044E-05
8.80683474611044E-05
8.80683474611044E-05
8.80683474611044E-05
8.80683474611044E-05
8.80683474611044E-05
8.80683474611044E-05
8.80683474611044E-05
8.80683474611044E-05
8.80683474611044E-05
8.80683474611044E-05
8.80683474611044E-05
8.80683474611044E-05
8.80683474611044E-05
8.80683474611044E-05

