6.62552060680593
3.99433365204493
1.6612995143833
1.59163960514992
0.933808225009037
0.712689154778938
0.603515219950227
0.603515219950227
0.603515219950227
0.60351374406693
0.603131585723742
0.577962220247057
0.531236034431155
0.530521518170187
0.523257637874411
0.482137481246304
0.458836893409547
0.458836893409547
0.448391017625498
0.430061821188478
0.362266017025041
0.36182422327622
0.352779555504536
0.352779555504536
0.308595629117875
0.302285541189981
0.302285541189981
0.248000482726569
0.247883039322615
0.228050480958228
0.18842959494678
0.18113908945601
0.172509567564166
0.171483410889129
0.171483410889129
0.162600643357677
0.147167060493317
0.145758436858247
0.138007173272622
0.136134126560372
0.105883658891712
0.0876995455337198
0.0876995455337198
0.0876995455337198
0.0876995455337198
0.0831418311198444
0.0816676620504441
0.0816676620504441
0.0775707035365816
0.0653936075271219
0.0576249821672594
0.0562275050516399
0.0495521790821363
0.0495521790821363
0.0485857675333951
0.0485857675333951
0.0485857675333951
0.0482703741024811
0.0482703741024811
0.0468597759708379
0.0401714201655491
0.0401714201655491
0.0401714201655491
0.0401714201655491
0.0392324297947389
0.0392324297947389
0.0392324297947389
0.0392324297947389
0.0392324297947389
0.0392324297947389
0.0314735514762894
0.0314735514762894
0.0304631042098879
0.0304631042098879
0.0304631042098879
0.0304631042098879
0.0304631042098879
0.0304631042098879
0.0293732963657524
0.0293732963657524
0.0293732963657524
0.026794467317493
0.026794467317493
0.0264134793398573
0.0207750499371774
0.0207750499371774
0.0206506759160443
0.0187588903120342
0.0187588903120342
0.0187588903120342
0.0182491165647566
0.0177528919837109
0.0177528919837109
0.0164578237750382
0.0164578237750382
0.0151101959521412
0.014964483514359
0.014964483514359
0.014964483514359
0.014964483514359
0.00881253310772213
0.00881253310772213
0.00881253310772213
0.00881253310772213
0.00881253310772213
0.00881253310772213
0.00803019246914639
0.00803019246914639
0.00803019246914639
0.00803019246914639
0.00803019246914639
0.00803019246914639
0.00803019246914639
0.00803019246914639
0.00803019246914639
0.00801942038670779
0.00801942038670779
0.00801592820441442
0.00801592820441442
0.00801592820441442
0.00801541978314029
0.00801541978314029
0.00801541978314029
0.00801541978314029
0.00801541978314029
0.00801541978314029
0.00801541978314029
0.00801541978314029
0.00801541978314029
0.00801541978314029
0.00801541978314029
0.00801541978314029
0.00801541978314029
0.00801541978314029
0.00701616065537186
0.00701616065537186
0.00701616065537186
0.00701616065537186
0.00607513554463953
0.00607513554463953
0.00607513554463953
0.00607513554463953
0.00607513554463953
0.00607513554463953
0.00591965540299994
0.00591965540299994
0.00591965540299994
0.00591965540299994
0.00591965540299994
0.00507806682354964
0.00507806682354964
0.00507779466532124
0.00507779466532124
0.00507779466532124
0.00507779466532124
0.00507779466532124
0.00507779466532124
0.00507779466532124
0.00507779466532124
0.0050693116902202
0.00504582752979699
0.00504582752979699
0.00504582752979699
0.00504582752979699
0.00504582752979699
0.00504529657317018
0.00504529657317018
0.00504529657317018
0.00489593171183867
0.00489106684735948
0.00483114585185577
0.00483114585185577
0.00483114585185577
0.00483114585185577
0.00483114585185577
0.00483114585185577
0.00483114585185577
0.00483114585185577
0.00479849172032283
0.00479849172032283
0.00479849172032283
0.00466203418060082
0.00466203418060082
0.00466203418060082
0.00466203418060082
0.00465779153740525
0.00465779153740525
0.00457265371102006
0.00457265371102006
0.00457265371102006
0.00388319227562416
0.00387952263484814
0.00387952263484814
0.00387937226766805
0.0037748839087274
0.00289941750335668
0.00289941750335668
0.00289941750335668
0.00289941750335668
0.00289016417866447
0.00289016417866447
0.00289016417866447
0.00289016417866447
0.00289016417866447
0.00289016417866447
0.00289016417866447
0.00285722064928225
0.00285722064928225
0.00285722064928225
0.00285722064928225
0.00285722064928225
0.00285722064928225
0.00285722064928225
0.00285722064928225
0.00285722064928225
0.00285722064928225
0.00285722064928225
0.00285722064928225
0.00285722064928225
0.00285722064928225
0.00285722064928225
0.00285722064928225
0.00279211931180487
0.00279211931180487
0.00279211931180487
0.00279211931180487
0.00279211931180487
0.00279211931180487
0.00279211931180487
0.00279211931180487
0.00279211931180487
0.00279211931180487
0.00279211931180487
0.00279211931180487
0.00267370729156484
0.00267370729156484
0.00261598585566023
0.00261515895379463
0.00258959287555974
0.00258959287555974
0.00257702980859672
0.00242849404773044
0.00242849404773044
0.00242849404773044
0.00242849404773044
0.00242849404773044
0.00242849404773044
0.00242849404773044
0.00242849404773044
0.00242849404773044
0.00236252346676793
0.00236252346676793
0.00236252346676793
0.00212296631483856
0.00212296631483856
0.00212257393903912
0.00184133995144916
0.00184133995144916
0.00184133995144916
0.00184133995144916
0.00184133995144916
0.00184133995144916
0.00184133995144916
0.00184133995144916
0.00184133995144916
0.00184133995144916
0.00184133995144916
0.00184133995144916
0.00184133995144916
0.00184133995144916
0.00184133995144916
0.00181319318496534
0.00181319318496534
0.00181319318496534
0.00181319318496534
0.00181319318496534
0.00161818984262468
0.0014449615016737
0.0014449615016737
0.00142290795321953
0.00142290795321953
0.00142290795321953
0.00142290795321953
0.00142290795321953
0.00142290795321953
0.00142290795321953
0.00142290795321953
0.00140437165028786
0.00140437165028786
0.00139670257742053
0.00139670257742053
0.00139670257742053
0.00139668484748268
0.00139668484748268
0.00139666862618215
0.00134340330871768
0.00134340330871768
0.00134340330871768
0.00134148234141762
0.00134148234141762
0.00134148234141762
0.00134148234141762
0.00134148234141762
0.00134148234141762
0.00134148234141762
0.00132614570445176
0.00132614570445176
0.00132614570445176
0.00132614570445176
0.00114803021260046
0.00114803021260046
0.00114803021260046
0.00110736855828534
0.00110736855828534
0.00110736855828534
0.00110736855828534
0.00102580601347684
0.00102580601347684
0.00102580601347684
0.00102580601347684
0.000959405434674225
0.000959405434674225
0.000959405434674225
0.000959405434674225
0.000959405434674225
0.000825686497212769
0.000672022425224701
0.000672022425224701
0.000672022425224701
0.000672022425224701
0.000672022425224701
0.000672022425224701
0.00055301231698907
0.000551495577579584
0.000551495577579584
0.000551495577579584
0.000551495577579584
0.000535288486816844
0.000535288486816844
0.000535288486816844
0.000535288486816844
0.000535288486816844
0.000535288486816844
0.000535288486816844
0.000535288486816844
0.000535288486816844
0.000535288486816844
0.000535288486816844
0.000535288486816844
0.000535288486816844
0.000535288486816844
0.000535288486816844
0.000535288486816844
0.000516699326101199
0.000516699326101199
0.000516581113637648
0.000514958005457488
0.000514958005457488
0.000514958005457488
0.000514958005457488
0.000514841108066698
0.000514841108066698
0.000514841108066698
0.000514841108066698
0.000496367044426021
0.000391186486948654
0.000391186486948654
0.000391186486948654
0.000391186486948654
0.000391186486948654
0.000291317894829815
0.000291317894829815
0.000291317894829815
0.000290402783862642
0.000290402783862642
0.000290402783862642
0.000290402783862642
0.000290402783862642
0.000290402783862642
0.000265796007421626
0.000265796007421626
0.000265796007421626
0.000265796007421626
0.000265796007421626
0.000265796007421626
0.000265796007421626
0.000265796007421626
0.000264468023754397
0.000264468023754397
0.000264468023754397
0.000264468023754397
0.000264468023754397
0.000264468023754397
0.000264392779866971
0.000264392779866971
0.000264368093670352
0.000249572887449219
0.000246827767030439
0.000246827767030439
0.000246827767030439
0.000246674559816389
0.000246674559816389
0.000246674559816389
0.000246674559816389
0.000246674559816389
0.000242041254911357
0.000242041254911357
0.000242041254911357
0.000242041254911357
0.000242041254911357
0.000242041254911357
0.000237790485618984
0.000237790485618984
0.000237790485618984
0.000237790485618984
0.000237790485618984
0.000237790485618984
0.000237790485618984
0.000237790485618984
0.000237790485618984
0.000237790485618984
0.000237790485618984
0.000237790485618984
0.000237790485618984
0.000237790485618984
0.000230093551538473
0.000230093551538473
0.000230093551538473
0.00021562682052119
0.00021562682052119
0.00021562682052119
0.00021562682052119
0.00021562682052119
0.000196822288007604
0.000196822288007604
0.000196822288007604
0.000196822288007604
0.000141004994764388
0.000141004994764388
0.000141004994764388
0.000141004994764388
0.000140613861670584
0.000140613861670584
0.000140613861670584
0.000140613861670584
0.000140613861670584
0.000140613861670584
0.000140613861670584
0.000139288646850745
0.000139288646850745
0.000139288646850745
0.000139288646850745
0.000139288646850745
0.000139288646850745
0.000139288646850745
0.000139288646850745
0.000139288646850745
0.000139288646850745
0.000139288646850745
0.000139288646850745
0.000139288646850745
0.000139288646850745
0.000139288646850745
0.000139288646850745
0.000139285306383207
0.000139285306383207
0.000139285306383207
0.000139285306383207
0.000139285306383207
0.000139285306383207
0.000139285306383207
0.000139285306383207
0.000139285306383207
0.000139285306383207
0.000139285306383207
0.000139285306383207
0.000139285306383207
0.000139285306383207
0.000139285306383207
0.000139285306383207
0.000139285306383207
0.000139285306383207
0.000139285306383207
0.000139210570677632
0.000139210570677632
0.000139210570677632
0.000139210570677632
0.000139210570677632
0.000139210570677632
0.000139210570677632
0.000139210570677632
0.000139210570677632
0.000139210570677632
0.000139210570677632
0.000139210570677632
0.000139210570677632
0.000139210570677632
0.000139210570677632
0.000139210570677632
0.000139210570677632

