7.1199441065109
2.42986352317308
1.55232463131248
1.0395656799028
0.916845898115397
0.916845898115397
0.796250580395837
0.761540472257631
0.761540472257631
0.761540472257631
0.761540472257631
0.737377573128643
0.733730113548209
0.708463876720852
0.708463876720852
0.7011563455503
0.661156630279082
0.625818258070575
0.574517180996044
0.5436496175904
0.543575167277436
0.543561694335755
0.526533668471564
0.502219876338166
0.501825550670608
0.438380492235252
0.435679682844563
0.423867784897412
0.403677998452764
0.29340896795256
0.29340896795256
0.29340896795256
0.280966990702802
0.280966990702802
0.273769169369541
0.271231448431294
0.237081091032945
0.214673383980376
0.191611726992133
0.18812955406781
0.172861230048158
0.141958389736438
0.141958389736438
0.141958389736438
0.141958389736438
0.128689789466294
0.114588439786919
0.0982362498649074
0.0943907402723827
0.0943907402723827
0.0943907402723827
0.0917312186085244
0.0917312186085244
0.0917312186085244
0.0917312186085244
0.0916828265191859
0.0910759538510188
0.0863959770011635
0.0814283848419791
0.0814283848419791
0.0736769583436516
0.0736769583436516
0.0736769583436516
0.0736769583436516
0.0736750064870209
0.0676642102913272
0.0653534487003422
0.0653534487003422
0.0653534487003422
0.061221865713912
0.0495314484685694
0.041746807026521
0.041746807026521
0.041746807026521
0.0362022156690684
0.0362022156690684
0.0359074865993982
0.0359074865993982
0.0346170654359247
0.0346170654359247
0.0346170654359247
0.0284780078803412
0.0284780078803412
0.0284780078803412
0.0246991506094445
0.0246991506094445
0.0246014068292919
0.0246014068292919
0.0246014068292919
0.0232737239186209
0.0232737239186209
0.0232737239186209
0.0232737239186209
0.0231195830085997
0.0231195830085997
0.0231195830085997
0.0231195830085997
0.0203052258614105
0.0158359122904591
0.0158359122904591
0.0158359122904591
0.0158359122904591
0.0158359122904591
0.0158359122904591
0.0132780499920483
0.0132780499920483
0.0132780499920483
0.0129981384227809
0.0129981384227809
0.0129981384227809
0.0129981384227809
0.0129981384227809
0.0127581860767195
0.0116450044124822
0.0116450044124822
0.0116450044124822
0.0109656871368373
0.0109656871368373
0.0109656871368373
0.0109656871368373
0.0105823040571929
0.0105823040571929
0.0103174977634246
0.0103174977634246
0.0103173943342547
0.0103173943342547
0.0103173943342547
0.0103173943342547
0.0103173943342547
0.0103173943342547
0.0103173943342547
0.0103173943342547
0.0103173943342547
0.0103173943342547
0.0103173943342547
0.0103173943342547
0.0103133143549413
0.0103133143549413
0.0100942336585413
0.0100942336585413
0.0100942336585413
0.0100942336585413
0.0100942336585413
0.0100942336585413
0.0100942336585413
0.0100942336585413
0.0100563884236725
0.00999305977787327
0.00859162993684276
0.00859162993684276
0.00859162993684276
0.00859162993684276
0.00859162993684276
0.00859162993684276
0.00859162993684276
0.00859162993684276
0.00859162993684276
0.00859162993684276
0.00811354943422583
0.00811354943422583
0.00811354943422583
0.00811354943422583
0.0079646888358615
0.00792037868605939
0.00792037868605939
0.00792037868605939
0.00792037868605939
0.00792037868605939
0.00792037868605939
0.00792037868605939
0.00792037868605939
0.00792037868605939
0.00792037868605939
0.00792037868605939
0.00792037868605939
0.00773675653220513
0.0069526233733456
0.0063441210944489
0.0063441210944489
0.00578050033225295
0.00578050033225295
0.00578050033225295
0.00578050033225295
0.00578050033225295
0.00578050033225295
0.00571603789292549
0.00319900791957225
0.00319900791957225
0.00319900791957225
0.00319900791957225
0.00319900791957225
0.00319900791957225
0.00319900791957225
0.00308043953389654
0.00308043953389654
0.00308043953389654
0.00308043953389654
0.00308043953389654
0.00308043953389654
0.00308043953389654
0.00308043953389654
0.00258331262894367
0.00258331262894367
0.00250892025974952
0.00250892025974952
0.00250892025974952
0.00250892025974952
0.00250892025974952
0.00227078429493564
0.00225747925810513
0.00225747925810513
0.00225747925810513
0.00225747925810513
0.00225747925810513
0.00225747925810513
0.00225747925810513
0.00225747925810513
0.00225747925810513
0.00225747925810513
0.00217582399198875
0.00217582399198875
0.00217582399198875
0.00217582399198875
0.00217582399198875
0.00201766368627651
0.00201766368627651
0.00201329240454642
0.00201329240454642
0.00201329240454642
0.00177762192913179
0.00177762192913179
0.00177762192913179
0.00177762192913179
0.00177762192913179
0.00177762192913179
0.00177762192913179
0.00177762192913179
0.00177762192913179
0.00177762192913179
0.00177762192913179
0.00177762192913179
0.00177762192913179
0.00177762192913179
0.00177762192913179
0.00177762192913179
0.00168935517556542
0.00168935517556542
0.00167785736749063
0.00144288229287672
0.00144288229287672
0.00144288229287672
0.00144288229287672
0.00144288229287672
0.00144288229287672
0.00144288229287672
0.00139795260311176
0.00139795260311176
0.00139795260311176
0.00139795260311176
0.00139795260311176
0.00139795260311176
0.00139795260311176
0.00139795260311176
0.00139795260311176
0.00139795260311176
0.00139795260311176
0.00139795260311176
0.00139795260311176
0.00139795260311176
0.00138071276199357
0.00138071276199357
0.00138071276199357
0.00138071276199357
0.00138071276199357
0.00138071276199357
0.00132131841528102
0.00132131841528102
0.00132131841528102
0.00132131841528102
0.00128860699612948
0.00128860699612948
0.00102925180164782
0.00102925180164782
0.00102925180164782
0.00102925180164782
0.00102925180164782
0.00102925180164782
0.00102925180164782
0.00102925180164782
0.00102925180164782
0.00102925180164782
0.00102925180164782
0.00102925180164782
0.00102925180164782
0.00102925180164782
0.00102925180164782
0.00102925180164782
0.00102925180164782
0.00102925180164782
0.000928330234618523
0.000928330234618523
0.000924137090922637
0.000924137090922637
0.000924137090922637
0.000924137090922637
0.000869577815540344
0.000869577815540344
0.000869577815540344
0.000869577815540344
0.000761649232093245
0.000761649232093245
0.000761649232093245
0.000620971247373961
0.000620971247373961
0.000611147297275762
0.000611147297275762
0.000611147297275762
0.000611147297275762
0.000611147297275762
0.000611147297275762
0.000586083269340043
0.000586083269340043
0.000586083269340043
0.000586083269340043
0.000586083269340043
0.000586083269340043
0.000586083269340043
0.000586083269340043
0.000573634568466545
0.000573634568466545
0.000519729448956349
0.000519729448956349
0.000519729448956349
0.000519729448956349
0.000519729448956349
0.000442438623929306
0.000442438623929306
0.000442438623929306
0.000436784455208345
0.000436784455208345
0.000436784455208345
0.000436784455208345
0.000436784455208345
0.000436784455208345
0.000436784455208345
0.000436709108881311
0.000436709108881311
0.000436709108881311
0.000436709108881311
0.000436709108881311
0.000436709108881311
0.000436709108881311
0.000436709108881311
0.000436709108881311
0.000436709108881311
0.000436709108881311
0.000433215243547794
0.000433215243547794
0.000433215243547794
0.000433215243547794
0.000433215243547794
0.000403132538456569
0.000403132538456569
0.000403132538456569
0.000403132538456569
0.000403132538456569
0.000403132538456569
0.000403132538456569
0.000400685651710971
0.000400685651710971
0.000400535664350855
0.000379884011320743
0.000379884011320743
0.000379884011320743
0.000379884011320743
0.000379884011320743
0.000379675532612576
0.000379675532612576
0.000379675532612576
0.000379675532612576
0.000379675532612576
0.000377908156106583
0.000377908156106583
0.000377908156106583
0.000377908156106583
0.000377908156106583
0.000377908156106583
0.000377908156106583
0.000377908156106583
0.000377908156106583
0.000377908156106583
0.000371847898631925
0.000371847898631925
0.000371847898631925
0.000366455895058369
0.000366455895058369
0.000362262260214421
0.000362262260214421
0.000362262260214421
0.000362262260214421
0.000362262260214421
0.000359736020905902
0.000359736020905902
0.000359736020905902
0.000359736020905902
0.000359736020905902
0.000359736020905902
0.000359736020905902
0.000359736020905902
0.000359736020905902
0.000359736020905902
0.000359736020905902
0.000357766842141996
0.000357766842141996
0.000357766842141996
0.000357766842141996
0.000357766842141996
0.000357766842141996
0.000357766842141996
0.000354529848022427
0.00035437145959695
0.00035437145959695
0.00035437145959695
0.00035437145959695
0.00035437145959695
0.00035437145959695
0.000339028751121211
0.000339028751121211
0.000339028751121211
0.000339028751121211
0.000338925844985892
0.000338925844985892
0.000338925844985892
0.000331468435617212
0.000298739816479904
0.000298739816479904
0.000298739816479904
0.000298739816479904
0.000298739816479904
0.000298739816479904
0.000298739816479904
0.000298739816479904
0.000298739816479904
0.000292667305800412
0.000292667305800412
0.000292667305800412
0.000281005824295982
0.000281005824295982
0.000281005824295982
0.000281005824295982
0.000281005824295982
0.000281005824295982
0.000251899106949959
0.000251899106949959
0.000244779488599144
0.000244751173333901
0.000244751173333901
0.000244751173333901
0.000244525989459246
0.000244525989459246
0.000244525989459246
0.000244525989459246
0.000244525989459246
0.000244525989459246
0.000244525989459246
0.00023184227230186
0.00022254993817378
0.00022254993817378
0.00022254993817378
0.00022254993817378
0.00022254993817378
0.00022254993817378
0.00022254993817378
0.00022254993817378
0.000212776731010016
0.000212776731010016
0.000212776731010016
0.000212776731010016
0.000212776731010016
0.000212776731010016
0.000212776731010016
0.000212461123249931
0.000212461123249931
0.000212461123249931
0.000212461123249931
0.000212461123249931
0.000208130712965114
0.000208130712965114
0.000192009181294662
0.000192009181294662
0.000192009181294662
0.000192009181294662
0.000192009181294662
0.000192009181294662
0.000192009181294662
0.000183318763727161
0.000183318763727161
0.000183318763727161
0.000183318763727161
0.000183318763727161

