6.98243245110034
3.51454035559032
1.94200540579211
1.35309552456433
0.942968985062986
0.930791423864108
0.859583468543243
0.845597876705791
0.813369525536972
0.759886837558961
0.7578350394441
0.7578350394441
0.678233543633826
0.630716358034922
0.577775342449722
0.575478701789689
0.575478701789689
0.519062044465864
0.504474607145984
0.504474607145984
0.470585260705581
0.392317531838038
0.392317531838038
0.392317531838038
0.337496869482766
0.334056487822803
0.249188518064924
0.184331593894642
0.183915370867751
0.183915370867751
0.145950143786017
0.145451594524744
0.141796368024007
0.117955701264237
0.117955701264237
0.117637128217192
0.117637128217192
0.117637128217192
0.112863262893745
0.0932139888931625
0.0932139888931625
0.0932139888931625
0.0932122720715949
0.0663511525246561
0.0663511525246561
0.0561065244288861
0.0561065244288861
0.0514380155091817
0.0514380155091817
0.0514380155091817
0.0514380155091817
0.0460452497996073
0.0460452497996073
0.0406310147183709
0.0406310147183709
0.0406310147183709
0.0406310147183709
0.0406310147183709
0.0406310147183709
0.0406310147183709
0.0406310147183709
0.0406310147183709
0.0406310147183709
0.0406310147183709
0.0345636745617749
0.0345636745617749
0.033343334701375
0.033343334701375
0.033343334701375
0.033343334701375
0.028354756040198
0.0239649281995732
0.0239649281995732
0.0239649281995732
0.0239649281995732
0.0239649281995732
0.0239649281995732
0.0239649281995732
0.023805414786637
0.023805414786637
0.022279552801193
0.022279552801193
0.0215953152251246
0.0215953152251246
0.0213268176966908
0.0213268176966908
0.0213268176966908
0.0213268176966908
0.0213268176966908
0.0213268176966908
0.0213268176966908
0.0184670846403315
0.0184670846403315
0.0184670846403315
0.0178699636196091
0.0178699636196091
0.0178699636196091
0.0178699636196091
0.0168240599390837
0.0160676413982673
0.0159844263026532
0.0159844263026532
0.0159844263026532
0.0159844263026532
0.0159844263026532
0.0140477406311926
0.0140477406311926
0.0140477406311926
0.0139824612574599
0.0139824612574599
0.0139824612574599
0.0130562443669779
0.0130562443669779
0.0130468502520548
0.0130468502520548
0.0130468502520548
0.0130468502520548
0.0123607729698195
0.0123607729698195
0.0123607729698195
0.0123607729698195
0.0123607729698195
0.0123607729698195
0.0123607729698195
0.011663589982424
0.011663589982424
0.011663589982424
0.0116242323347875
0.0116242323347875
0.0116242323347875
0.0116242323347875
0.0116242323347875
0.0116242323347875
0.0116242323347875
0.0110149802427826
0.0110149802427826
0.0110149802427826
0.0107295035404649
0.00770498064536096
0.00770498064536096
0.00770498064536096
0.00770498064536096
0.00770498064536096
0.00675430148522105
0.00675430148522105
0.00675430148522105
0.00675430148522105
0.00627478589269511
0.00627478589269511
0.00627478589269511
0.00589140471037547
0.00589140471037547
0.00589140471037547
0.00589140471037547
0.00588452950158947
0.00588452950158947
0.00508253707505149
0.00508253707505149
0.00508253707505149
0.00506980867068516
0.00506980867068516
0.00506980867068516
0.00506980867068516
0.00506980867068516
0.00506980867068516
0.00506980867068516
0.00480023131144461
0.00480023131144461
0.00480023131144461
0.00480023131144461
0.00480023131144461
0.00433466574604891
0.00432018430934077
0.00432018430934077
0.00430239158229123
0.00430239158229123
0.00430239158229123
0.00424228276813323
0.00424228276813323
0.00424228276813323
0.00424228276813323
0.00424224073622115
0.00424224073622115
0.00424224073622115
0.00424169070627831
0.00424169070627831
0.00424169070627831
0.00424169070627831
0.00424169070627831
0.00424169070627831
0.00424169070627831
0.00424169070627831
0.00405294632087198
0.00405294632087198
0.00405294632087198
0.00405294632087198
0.00405294632087198
0.00405294632087198
0.00405294632087198
0.00347498741337967
0.00347498741337967
0.00347498741337967
0.00347498741337967
0.00347498741337967
0.0033844373540432
0.0033844373540432
0.00338328351133407
0.00338328351133407
0.00338328351133407
0.00319868899714801
0.00319868899714801
0.00319868899714801
0.00319868899714801
0.00319868899714801
0.00315126292492525
0.00302249404824737
0.00302249404824737
0.00302249404824737
0.00302249404824737
0.00297169593728249
0.00251020088794727
0.00251020088794727
0.00251020088794727
0.00251020088794727
0.00251020088794727
0.00213128472536221
0.00213128472536221
0.00213128472536221
0.00213128472536221
0.00213128472536221
0.00213128472536221
0.00213128472536221
0.00213128472536221
0.00213128472536221
0.00213128472536221
0.00147696038541394
0.00147696038541394
0.00147696038541394
0.00147696038541394
0.00147696038541394
0.00147696038541394
0.00147696038541394
0.00147696038541394
0.00147696038541394
0.00147696038541394
0.00147696038541394
0.00147696038541394
0.0013369612276015
0.0013369612276015
0.0013369612276015
0.0013369612276015
0.0013369612276015
0.0013369612276015
0.0013369612276015
0.0013369612276015
0.0013369612276015
0.0013369612276015
0.0013369612276015
0.0013369612276015
0.00133155615939981
0.00133155615939981
0.00133155615939981
0.00133155615939981
0.00133155615939981
0.00133155615939981
0.00133155615939981
0.00133155615939981
0.00118359440635863
0.00118359440635863
0.00118359440635863
0.00118359440635863
0.00117446766221459
0.00117446766221459
0.00100766157034555
0.00100766157034555
0.00100766157034555
0.00100766157034555
0.00100766157034555
0.00100766157034555
0.00100766157034555
0.00100766157034555
0.00100766157034555
0.00100766157034555
0.00100766157034555
0.00100766157034555
0.00100766157034555
0.00100766157034555
0.00100766157034555
0.00100766157034555
0.00100426402528868
0.00100426402528868
0.00100426402528868
0.00100426402528868
0.00100426402528868
0.00100426402528868
0.00100426402528868
0.00100426402528868
0.00100426402528868
0.00100426402528868
0.00100426402528868
0.00100426402528868
0.00100426402528868
0.000922463725253124
0.000922463725253124
0.000922463725253124
0.000796267633430753
0.000796267633430753
0.000725199266925435
0.000725199266925435
0.000725199266925435
0.000725199266925435
0.000725199266925435
0.000666421287900166
0.000666421287900166
0.000666361284353205
0.000666361284353205
0.000666361284353205
0.000666361284353205
0.000666361284353205
0.000653642155562111
0.000653642155562111
0.000653642155562111
0.000653642155562111
0.000565988703306575
0.000565988703306575
0.000565988703306575
0.000565988703306575
0.000521519352647275
0.000521519352647275
0.000521519352647275
0.000521519352647275
0.000521519352647275
0.000521519352647275
0.000521519352647275
0.000521519352647275
0.000521519352647275
0.000515985507157143
0.000515985507157143
0.000515985507157143
0.000515985507157143
0.000515985507157143
0.000515985507157143
0.000515985507157143
0.000515985507157143
0.000359959761669262
0.000359959761669262
0.000359959761669262
0.000359959761669262
0.000359959761669262
0.000359959761669262
0.000359959761669262
0.000359959761669262
0.000359959761669262
0.000359959761669262
0.000359959761669262
0.000359959761669262
0.000358595790030482
0.000358595790030482
0.000358595790030482
0.000358595790030482
0.000358595790030482
0.000355626807324716
0.000355626807324716
0.000355626807324716
0.000355626807324716
0.000355626807324716
0.000355626807324716
0.000355626807324716
0.000339347942295755
0.000336302736837886
0.000336302736837886
0.000336302736837886
0.000336302736837886
0.000336302736837886
0.000336302736837886
0.000336302736837886
0.000336302736837886
0.000336302736837886
0.000336302736837886
0.000336212261738339
0.0003035777649108
0.0003035777649108
0.0003035777649108
0.0003035777649108
0.0003035777649108
0.0003035777649108
0.0003035777649108
0.0003035777649108
0.0003035777649108
0.0003035777649108
0.0003035777649108
0.0003035777649108
0.0003035777649108
0.0003035777649108
0.0003035777649108
0.0003035777649108
0.0003035777649108
0.000302325138090768
0.000302325138090768
0.000302325138090768
0.000301982549712143
0.000301982549712143
0.000301982549712143
0.000301982549712143
0.000301982549712143
0.000301982549712143
0.000298047655841363
0.000262940672670893
0.000262940672670893
0.000262940672670893
0.000262940672670893
0.000262940672670893
0.000262940672670893
0.000262940672670893
0.000262940672670893
0.000249724290923444
0.000249724290923444
0.000249724290923444
0.000249724290923444
0.000232397313624708
0.000232397313624708
0.000220650296667068
0.000217292307581897
0.000217292307581897
0.000217292307581897
0.000217292307581897
0.000217292307581897
0.000217292307581897
0.000204655380080888
0.000204655380080888
0.000204655380080888
0.000204655380080888
0.000204655380080888
0.000204655380080888
0.000204655380080888
0.000204650554216214
0.000204650554216214
0.000204650554216214
0.000204650554216214
0.000204650554216214
0.000204606282141149
0.000204606282141149
0.000204606282141149
0.000204605356382501
0.000204605356382501
0.000204605356382501
0.000204605356382501
0.000204605356382501
0.000204605356382501
0.000204390513921353
0.000204390513921353
0.000204390513921353
0.000204390513921353
0.000204390513921353
0.000204238186774627
0.000204238186774627
0.000186758463323088
0.000186758463323088
0.000186758463323088
0.000169402143502691
0.000169402143502691
0.000169402143502691
0.000169402143502691
0.000169402143502691
0.000169402143502691
0.000169402143502691
0.000169402143502691
0.000169402143502691
0.000169402143502691
0.000169402143502691
0.000167097989221538
0.000167097989221538
0.000167097989221538
0.000167097989221538
0.000167097989221538
0.000167097989221538
0.000149237215768152
0.000119911826523022
0.000119911826523022
0.000119911826523022
0.000119911826523022
0.000119911826523022
0.000119911826523022
0.000119911826523022
0.000119911826523022
0.000119911826523022
0.000119911826523022
0.000119911826523022
0.000119911826523022
0.000119911826523022
0.000119911826523022
0.000119911826523022
0.000119911826523022
0.000119911826523022
0.000119911826523022
0.000119911826523022
0.000119911826523022
0.000119911826523022
0.000119911826523022
0.000119911826523022

