5.54273768799876
3.31301207420451
1.26833948643529
1.0342838090562
0.981244117366329
0.981058604161588
0.932949943379416
0.924133833254666
0.924133833254666
0.904626831999468
0.863344642060394
0.843604351151932
0.843604351151932
0.843604351151932
0.822391233421852
0.778616629717404
0.76056864988061
0.75260320491659
0.603790931206588
0.603790931206588
0.603790931206588
0.600354932395633
0.600354932395633
0.599940408687903
0.582513211034817
0.56487957097808
0.511663722971646
0.509004255056081
0.453679544576067
0.453679544576067
0.44784064338119
0.367502254611156
0.367502254611156
0.367502254611156
0.367502254611156
0.334612889296108
0.278032114296026
0.273302601276472
0.273302601276472
0.269591751927015
0.269591751927015
0.26353450953048
0.254840594886175
0.243107862964009
0.243107862964009
0.243107862964009
0.172587475731873
0.172587475731873
0.172587475731873
0.172587475731873
0.168475057367974
0.156570978288224
0.135095299085835
0.135095299085835
0.131331456436653
0.125617444456395
0.0913327161867275
0.0913327161867275
0.0694173896370478
0.0694173896370478
0.0694173896370478
0.0694173896370478
0.0694173896370478
0.0694173896370478
0.0675917578355962
0.066577014224454
0.066577014224454
0.066577014224454
0.066577014224454
0.0631620904987633
0.0631620904987633
0.06305351865691
0.0412359549893337
0.0412359549893337
0.0412359549893337
0.0412359549893337
0.0382873448623934
0.0382873448623934
0.0382873448623934
0.0322045230802573
0.0322045230802573
0.0321766057498039
0.0313989520995483
0.0313989520995483
0.0313989520995483
0.0313989520995483
0.0313989520995483
0.0313989520995483
0.0311644940676269
0.0311324778850756
0.0311324778850756
0.0310713257502781
0.0310713257502781
0.0310713257502781
0.0299093465988342
0.0295364818209022
0.0295364818209022
0.0295364818209022
0.0295364818209022
0.025696473190991
0.025696473190991
0.0225528142670797
0.0225528142670797
0.0216125605884598
0.0197279145053643
0.0197279145053643
0.0197279145053643
0.0174743364838294
0.0174743364838294
0.0158214832702081
0.0158214832702081
0.0158214832702081
0.0158214832702081
0.0158214832702081
0.0158214832702081
0.0151011006238824
0.0146186749424389
0.0146186749424389
0.0146186749424389
0.0146186749424389
0.0139483023114798
0.0139483023114798
0.0139483023114798
0.0139483023114798
0.0139483023114798
0.0139483023114798
0.012667052993977
0.012667052993977
0.012667052993977
0.012667052993977
0.012667052993977
0.012667052993977
0.012667052993977
0.012667052993977
0.012667052993977
0.0119759506975936
0.0119759506975936
0.0119759506975936
0.0119759506975936
0.0119759506975936
0.0119203634729275
0.0103641266294871
0.0103641266294871
0.0103641266294871
0.0103612939356121
0.0100283113730457
0.0100283113730457
0.0100283113730457
0.0100283113730457
0.0100283113730457
0.00878783428705057
0.00793491629738768
0.00793491629738768
0.00793491629738768
0.00739115686393758
0.00719259304487604
0.00719018331303087
0.00719018331303087
0.00719018331303087
0.00685188594183921
0.00685188594183921
0.00677555984938685
0.00677555984938685
0.00677555984938685
0.00677555984938685
0.00677555984938685
0.00677555984938685
0.00677555984938685
0.00666581066664679
0.00666581066664679
0.00666581066664679
0.00666581066664679
0.00666581066664679
0.00666581066664679
0.00666581066664679
0.00666581066664679
0.00569082125949113
0.00569077084992841
0.00569077084992841
0.00569077084992841
0.00472827536904964
0.00472827536904964
0.00472827536904964
0.0041435591937201
0.0041435591937201
0.00414246015601794
0.00413250293549372
0.00413250293549372
0.00413250293549372
0.00348867406791947
0.00348867406791947
0.00348867406791947
0.00348867406791947
0.00348867406791947
0.00348867406791947
0.00348867406791947
0.00348867406791947
0.00348867406791947
0.00348867406791947
0.00348867406791947
0.00348867406791947
0.00348867406791947
0.00348867406791947
0.00348867406791947
0.00348867406791947
0.00348867406791947
0.00348867406791947
0.00348867406791947
0.00348867406791947
0.00348867406791947
0.00348867406791947
0.00348867406791947
0.00332226631284478
0.00332226631284478
0.00332226631284478
0.00324200852833934
0.00324200852833934
0.00324200852833934
0.00324200852833934
0.00270898946084583
0.00259936950821307
0.00259936950821307
0.00213747946870798
0.00213747946870798
0.00213747946870798
0.00213194686341918
0.00213194686341918
0.00213194686341918
0.00211486358148597
0.00211486358148597
0.00211486358148597
0.00211486358148597
0.00211486358148597
0.00179338783248464
0.00179338783248464
0.00179338783248464
0.00179338783248464
0.00179338783248464
0.00179338783248464
0.00179338783248464
0.00179338783248464
0.00179338783248464
0.00179338783248464
0.00179338783248464
0.00179338783248464
0.00179298182310399
0.00179298182310399
0.00179298182310399
0.00179298182310399
0.00179298182310399
0.00179298182310399
0.00179298182310399
0.00179298182310399
0.00179298182310399
0.00179298182310399
0.00179298182310399
0.00179298182310399
0.00179298182310399
0.00177941942755721
0.00177941942755721
0.00177941942755721
0.00177941942755721
0.00177941942755721
0.00177941942755721
0.00177941942755721
0.00175624128718852
0.00175624128718852
0.00170179050644488
0.00170179050644488
0.001591571383094
0.001591571383094
0.001591571383094
0.001591571383094
0.001591571383094
0.00150539307305228
0.00150539307305228
0.00150539307305228
0.00150539307305228
0.00150539307305228
0.00150539307305228
0.00150539307305228
0.00147902354089875
0.00138635997234237
0.00138635997234237
0.00138635997234237
0.00138635997234237
0.00138635997234237
0.0013400755575818
0.0013400755575818
0.0013400755575818
0.0013400755575818
0.0013400755575818
0.00132730217346724
0.00132730217346724
0.00132730217346724
0.00131083637144094
0.00131083637144094
0.00120171496417523
0.00120171496417523
0.00120171496417523
0.00120171496417523
0.00120171496417523
0.00120171496417523
0.00120171496417523
0.00118434667781053
0.00114861952540749
0.00114861952540749
0.00110125798338342
0.00110125798338342
0.00110125798338342
0.00110125798338342
0.00110125798338342
0.00110125798338342
0.00110125798338342
0.00079653965562148
0.000734436382614338
0.000734436382614338
0.000734436382614338
0.000734436382614338
0.000731382502624914
0.000731382502624914
0.000731382502624914
0.000709803309777951
0.000709803309777951
0.000691909283462238
0.000601714160864049
0.000601714160864049
0.000601714160864049
0.000601714160864049
0.000601714160864049
0.000444101768388612
0.000444101768388612
0.000443306999324459
0.000438912871322061
0.000438912871322061
0.000438912871322061
0.000438912871322061
0.000438912871322061
0.000438912871322061
0.000409617976751118
0.000400608726744772
0.000400608726744772
0.000400608726744772
0.000400608726744772
0.000357653477646688
0.000357653477646688
0.000357653477646688
0.000357653477646688
0.000357653477646688
0.000357653477646688
0.000357653477646688
0.000357653477646688
0.000357653477646688
0.000357501287581182
0.000357501287581182
0.000357501287581182
0.000349518265587859
0.000349518265587859
0.00033814768008966
0.00033814768008966
0.000300256690870429
0.000300256690870429
0.000300256690870429
0.000300256690870429
0.000300256690870429
0.000300256690870429
0.000300256690870429
0.000291652714170497
0.000291652714170497
0.000291652714170497
0.000264034736731448
0.000264034736731448
0.000264034736731448
0.000264034736731448
0.000264034736731448
0.000264034736731448
0.000264034736731448
0.000264034736731448
0.000264034736731448
0.000264034736731448
0.000264034736731448
0.000264034736731448
0.000264034736731448
0.000264034736731448
0.000264034736731448
0.000264034736731448
0.000264034736731448
0.000264034736731448
0.000264034736731448
0.000264034736731448
0.000258790057280283
0.000258352618218567
0.000258352618218567
0.000258352618218567
0.000258330346022701
0.000258330346022701
0.000258330346022701
0.000258330346022701
0.000253468821065351
0.000253468821065351
0.000253468821065351
0.000253468821065351
0.000253468821065351
0.000253468821065351
0.000253468821065351
0.000253468821065351
0.000253052363673381
0.000253052363673381
0.000253052363673381
0.000253052363673381
0.000253052363673381
0.000246065211489385
0.000246065211489385
0.000228673157067928
0.000228673157067928
0.000228673157067928
0.000228673157067928
0.000228673157067928
0.000228673157067928
0.000228673157067928
0.000212365217922503
0.000212365217922503
0.000212365217922503
0.000198377988589441
0.000198357696806011
0.000198357696806011
0.000198357696806011
0.000198357696806011
0.000198357696806011
0.000198357696806011
0.000198357696806011
0.000198357696806011
0.000198357696806011
0.000198357696806011
0.000155079393837214
0.000155079393837214
0.000155079393837214
0.000155079393837214
0.000154997494033375
0.000154997494033375
0.000154997494033375
0.000154997494033375
0.000154997494033375
0.000154997494033375
0.000154997111264275
0.000154997111264275
0.000154997111264275
0.000154997111264275
0.000154997111264275
0.000154997111264275
0.000154997111264275
0.000154997111264275
0.000154997111264275
0.000154997111264275
0.000154997111264275
0.000154997111264275
0.000154997111264275
0.000154997111264275
0.000154997111264275
0.000154997111264275
0.000154997111264275
0.000154997111264275
0.000154997111264275
0.000154997111264275
0.000154997111264275
0.000154997111264275
0.000154997111264275
0.000154997111264275
0.000154997111264275
0.000154997111264275
0.000154997111264275
0.000154997111264275
0.000154997111264275
0.000154997111264275
0.000154997111264275
0.000154997111264275
0.000154997111264275
0.000154997111264275
0.000153727674041959
0.000153727674041959
0.000153024408077559
0.000153024408077559
0.000153024408077559
0.000152956841892139
0.000144082450167117
0.000144082450167117
0.000144082450167117
0.000144082450167117
0.000144082450167117
0.000144082450167117
0.000144082450167117
0.000144082450167117
0.000144082450167117
0.00013392453679508
0.00013392453679508
0.00013392453679508
0.00013392453679508
0.00013392453679508
0.00013392453679508
0.00013392453679508

