6.88884264184743
3.66741608118562
1.91702932641316
0.991753366482356
0.9608857942639
0.9244157507697
0.9244157507697
0.912090016384172
0.849545233810602
0.849545233810602
0.849545233810602
0.849545233810602
0.826897062216907
0.802881335603416
0.742551204676921
0.733240034927594
0.732807250908879
0.727441149288545
0.654470252581646
0.635690211843895
0.617284836717608
0.61695352203405
0.585565323804676
0.574748078629672
0.567782634392873
0.507680848851989
0.502728721366462
0.495006667900335
0.463009906588709
0.450256090796447
0.427264765161134
0.423863335121967
0.423863335121967
0.37015514892622
0.37015514892622
0.304071312000233
0.304071312000233
0.287669018301794
0.287669018301794
0.281211315885057
0.254761306796655
0.240869283310822
0.228378641757135
0.225113396958661
0.196428161247529
0.188745839088522
0.186449688744486
0.168975557548232
0.159080835044917
0.135267004984272
0.135267004984272
0.130486048422832
0.130486048422832
0.125838472033642
0.110330236475467
0.106255744009362
0.106255744009362
0.106243460925293
0.0817991117981833
0.0817991117981833
0.0817967025918328
0.0805678566034597
0.0788399995615972
0.0788399995615972
0.0610718863675828
0.0606773964776024
0.0606359785956575
0.0603670736164032
0.051001785638086
0.051001785638086
0.051001785638086
0.051001785638086
0.051001785638086
0.051001785638086
0.0507100455736308
0.0503979112022297
0.0503979112022297
0.0470985977112593
0.0437794502477129
0.0436954682602004
0.0404914112239397
0.0384828029196094
0.0384828029196094
0.0368315868479112
0.0368288757025932
0.0368288757025932
0.0368288757025932
0.036757140346433
0.036757140346433
0.0349431666497853
0.0349431666497853
0.0243274480131038
0.0243274480131038
0.0243274480131038
0.0243274480131038
0.0243274480131038
0.0243274480131038
0.0243274480131038
0.0243274480131038
0.0243274480131038
0.0243274480131038
0.0222543773189828
0.0222543773189828
0.021557598640452
0.0213967242600317
0.0213967242600317
0.0213967242600317
0.0185233215636616
0.0176324895215312
0.0176324895215312
0.0168842745015478
0.0168842745015478
0.0168842745015478
0.0162048501453561
0.0162048501453561
0.0160955878817735
0.0160696865322026
0.0160696865322026
0.0160696865322026
0.0160696865322026
0.0156333925885501
0.0156333925885501
0.0156333925885501
0.014013486861279
0.014013486861279
0.0128689826927517
0.0128689826927517
0.0127519924520002
0.0127519924520002
0.0127519924520002
0.00928146024533626
0.00928146024533626
0.00928146024533626
0.00928146024533626
0.00927179861245083
0.00927179861245083
0.00927179861245083
0.00927179861245083
0.00927179861245083
0.00927179861245083
0.00927179861245083
0.00927179861245083
0.00927179861245083
0.00927179861245083
0.00927179861245083
0.00855920828232694
0.00855920828232694
0.00855920828232694
0.00855920828232694
0.00855920828232694
0.00855920828232694
0.00855920828232694
0.00804336531825279
0.00804336531825279
0.00804336531825279
0.00804336531825279
0.00762779130017507
0.00762779130017507
0.00762779130017507
0.00747506540920166
0.00735986580085506
0.00735986580085506
0.00735986580085506
0.00735986580085506
0.00672040787687042
0.00672040787687042
0.00672040787687042
0.00672040787687042
0.00672040787687042
0.00672040787687042
0.00672040787687042
0.00672040787687042
0.00559324638211626
0.00559324638211626
0.00559324638211626
0.00559324638211626
0.00559324638211626
0.00559324638211626
0.0053640657811393
0.0053640657811393
0.0053640657811393
0.0053640657811393
0.0047558008146371
0.0047558008146371
0.0047558008146371
0.0047558008146371
0.0047558008146371
0.00470151012064619
0.00470151012064619
0.00449101696307937
0.00449101696307937
0.00449101696307937
0.00449101696307937
0.00449101696307937
0.00449101696307937
0.00448751949721053
0.00448751949721053
0.00448751949721053
0.00448751949721053
0.00385126117225171
0.003228643938261
0.003228643938261
0.003228643938261
0.003228643938261
0.003228643938261
0.003228643938261
0.003228643938261
0.00288030786101029
0.00288030786101029
0.00238187425530163
0.00210513409330317
0.00191524479904346
0.00191524479904346
0.00191524479904346
0.00191524479904346
0.00191524479904346
0.00191524479904346
0.00191524479904346
0.00191524479904346
0.00191524479904346
0.00191524479904346
0.00191524479904346
0.00191524479904346
0.00191524479904346
0.00191524479904346
0.00191524479904346
0.00191524479904346
0.00189667177134308
0.00189667177134308
0.00189667177134308
0.00189667177134308
0.00171653313906411
0.00171653313906411
0.00171653313906411
0.00171653313906411
0.00171653313906411
0.00171653313906411
0.00171653313906411
0.00171653313906411
0.00160714762093868
0.00160714762093868
0.00160714762093868
0.00160714762093868
0.00160714762093868
0.00160520353756996
0.00150309267821255
0.00150309267821255
0.00150309267821255
0.00150169810156046
0.00150169810156046
0.00142032362329395
0.00139424182233874
0.00139424182233874
0.00139424182233874
0.00139424182233874
0.00139424182233874
0.00139424182233874
0.00124908822696377
0.00124908822696377
0.00124908822696377
0.00124908822696377
0.00124908822696377
0.00124908822696377
0.00124908822696377
0.00124908822696377
0.00124908822696377
0.00124908822696377
0.00124908822696377
0.00124908822696377
0.00117045665332108
0.00117045665332108
0.00117045665332108
0.00117045665332108
0.00117045665332108
0.00117045665332108
0.00117044839799126
0.00117044839799126
0.00117044839799126
0.00117044839799126
0.00117044839799126
0.00117044839799126
0.00106244133994233
0.00106244133994233
0.00106244133994233
0.00102009603581981
0.00102009603581981
0.00102000932582153
0.00102000932582153
0.00102000932582153
0.00102000932582153
0.00102000932582153
0.00102000932582153
0.00102000932582153
0.00102000932582153
0.00102000932582153
0.000994183217050634
0.000994183217050634
0.000994183217050634
0.000994183217050634
0.000994183217050634
0.000994183217050634
0.000994183217050634
0.000994183217050634
0.000994183217050634
0.000940716811924548
0.000893850810311497
0.000847991745780339
0.000847917289013456
0.000847917289013456
0.000847917289013456
0.000847917289013456
0.000844121496776208
0.000844121496776208
0.000837536264735674
0.000837536264735674
0.000830189640472637
0.00082690193341705
0.000811002866942471
0.000811002866942471
0.000811002866942471
0.000811002866942471
0.000811002866942471
0.000811002866942471
0.000811002866942471
0.000811002866942471
0.000705305977651175
0.000705305977651175
0.000705305977651175
0.000705305977651175
0.000705305977651175
0.000705305977651175
0.000705305977651175
0.000705305977651175
0.000705305977651175
0.000705294209695606
0.000705294209695606
0.000705115994605452
0.000705115994605452
0.000705115994605452
0.000705104513971593
0.000705104513971593
0.000705104513971593
0.000705104513971593
0.000705104513971593
0.000682052937474257
0.000682052937474257
0.000682052937474257
0.000682052937474257
0.000682052937474257
0.000672012590650357
0.000672012590650357
0.000672012590650357
0.000672012590650357
0.000672012590650357
0.000642750421638883
0.000642750421638883
0.000642750421638883
0.000642750421638883
0.000642681487359463
0.000642681487359463
0.000604630719452066
0.000604630719452066
0.000604629169906609
0.000604629169906609
0.000604629169906609
0.000604629169906609
0.00057927769530029
0.00057927769530029
0.000560624890190536
0.000560624890190536
0.000560624890190536
0.000560624890190536
0.000557232606645301
0.000556760226084649
0.000556760226084649
0.000556760226084649
0.00053856186802217
0.000537905842269606
0.000537905842269606
0.000537905842269606
0.000537070356264375
0.000526672324329961
0.000509623137504976
0.000509623137504976
0.000509623137504976
0.000509623137504976
0.000509623137504976
0.000491501773644872
0.000491501773644872
0.000491501773644872
0.000491501773644872
0.000491501773644872
0.000491501773644872
0.000491501773644872
0.000491501773644872
0.000470336782564941
0.000470336782564941
0.000470336782564941
0.000427637617628353
0.000427637617628353
0.000427637617628353
0.000366510855661232
0.000366510855661232
0.000366510855661232
0.000366510855661232
0.000366510855661232
0.000355182430892614
0.000355182430892614
0.000355182430892614
0.000355182430892614
0.000355182430892614
0.000319368443122324
0.000316228468869126
0.000316228468869126
0.000289113951930679
0.000289113951930679
0.000289113951930679
0.000289113951930679
0.000289113951930679
0.000289113951930679
0.000273438678867376
0.000273438678867376
0.000267191555415078
0.000267191555415078
0.000267191555415078
0.000267184510935538
0.000267184510935538
0.000266255568418622
0.000256354228161058
0.000256354228161058
0.000256354228161058
0.000256354228161058
0.000256354228161058
0.000256354228161058
0.000256354228161058
0.000256354228161058
0.000256354228161058
0.000256354228161058
0.000256354228161058
0.000256354228161058
0.000256354228161058
0.000236112816440145
0.000236112816440145
0.000236112816440145
0.000236112816440145
0.000236112816440145
0.000236112816440145
0.000236112816440145
0.000236112816440145
0.000236112816440145
0.000236112816440145
0.000236112816440145
0.000236112816440145
0.000236112816440145
0.000236112816440145
0.000236112816440145
0.000236112816440145
0.000236112816440145
0.000236112816440145
0.000236112816440145
0.000236112816440145
0.000236112816440145
0.000236112816440145
0.000214691872392479
0.000214691872392479
0.000214691872392479
0.000214691872392479
0.000214691872392479
0.000214691872392479
0.000214691872392479
0.000214691872392479
0.000214691872392479
0.000214691872392479
0.000210217140713214
0.000210217140713214
0.000210217140713214
0.000210217140713214
0.000210217140713214
0.000210217140713214
0.000210217140713214
0.000210217140713214
0.000210217140713214
0.000183239109557586
0.000183239109557586
0.000183239109557586
0.000183239109557586
0.000183239109557586
0.000183239109557586
0.000183239109557586
0.000183239109557586
0.000183239109557586
0.000183239109557586
0.000183239109557586
0.000183239109557586
0.000183239109557586
0.000183239109557586
0.000176176076504766
0.000176176076504766
0.000176176076504766
0.000176176076504766

