2.51701756702203
1.59957942621715
0.709661063213831
0.630534938827651
0.603302901508988
0.603302901508988
0.520123476622588
0.520123476622588
0.486039448959919
0.469649613934081
0.401195952328726
0.361862945986762
0.294155100787644
0.294155100787644
0.294155100787644
0.292222736152871
0.289420827488756
0.281340434521422
0.245713228222924
0.234073185126218
0.203956638650383
0.201287740693107
0.201287740693107
0.194398911332536
0.192096826796215
0.185676061920779
0.185639752186217
0.184624820928537
0.175776054456031
0.155249663654974
0.149361884877121
0.118951045855866
0.105351543016643
0.105351543016643
0.105351543016643
0.0961689123582626
0.0961689123582626
0.0961689123582626
0.0961689123582626
0.0961689123582626
0.0961689123582626
0.088528383869027
0.088528383869027
0.088528383869027
0.087198216928866
0.0849544643881942
0.0534731330575297
0.0425733040460962
0.0425733040460962
0.0425733040460962
0.0425733040460962
0.0393841646237991
0.0393841646237991
0.0393841646237991
0.039119368249552
0.039119368249552
0.0355423840232856
0.0355423840232856
0.0355423840232856
0.0355423840232856
0.0355423840232856
0.0342228220489839
0.0342228220489839
0.0342228220489839
0.0342228220489839
0.0326251134439479
0.0265291715931968
0.0265291715931968
0.0265291715931968
0.0265291715931968
0.0265291715931968
0.0265291715931968
0.0265291715931968
0.0265291715931968
0.0265291715931968
0.0265291715931968
0.0206246660392707
0.0206246660392707
0.0206246660392707
0.0206246660392707
0.0206246660392707
0.0206246660392707
0.0206246660392707
0.0206246660392707
0.0206246660392707
0.0206246660392707
0.0206246660392707
0.0206246660392707
0.0206246660392707
0.0200046938098727
0.0199024704038118
0.0184596126971596
0.0184596126971596
0.0184596126971596
0.0184596126971596
0.0172097810423845
0.0172097810423845
0.0172097810423845
0.0163000223958705
0.0163000223958705
0.0163000223958705
0.0163000223958705
0.0163000223958705
0.0163000223958705
0.0163000223958705
0.0163000223958705
0.0163000223958705
0.016271959835818
0.016271959835818
0.016271959835818
0.016271959835818
0.016271959835818
0.0162439840310648
0.0162439840310648
0.0157193879867941
0.0157193879867941
0.0143663473627858
0.0142142593077559
0.0142142593077559
0.0142130990419194
0.0142130990419194
0.00958079477704053
0.00958079477704053
0.00958079477704053
0.00958079477704053
0.00958079477704053
0.00958079477704053
0.00958079477704053
0.00798481134160418
0.00798481134160418
0.00798481134160418
0.00798481134160418
0.00614310722956219
0.00614310722956219
0.00614310722956219
0.00614310722956219
0.00614310722956219
0.00614310722956219
0.00614310722956219
0.00614310722956219
0.00614310722956219
0.00614310722956219
0.00507265136471446
0.00507265136471446
0.00507265136471446
0.00507265136471446
0.00507265136471446
0.00507265136471446
0.00507265136471446
0.00507265136471446
0.00507265136471446
0.00507265136471446
0.00507265136471446
0.00507265136471446
0.00507265136471446
0.00507265136471446
0.00507265136471446
0.00507265136471446
0.00507265136471446
0.00507265136471446
0.00507265136471446
0.00507265136471446
0.00507265136471446
0.00507265136471446
0.00507265136471446
0.00507265136471446
0.00507265136471446
0.00507265136471446
0.00507265136471446
0.00507265136471446
0.00507265136471446
0.00507265136471446
0.00501570015688052
0.00501570015688052
0.00501488966083579
0.00501488966083579
0.00501488966083579
0.004970373788433
0.004970373788433
0.004970373788433
0.00458858350198193
0.00458858350198193
0.00458858350198193
0.00458858350198193
0.00458858350198193
0.00458858350198193
0.00458858350198193
0.00458858350198193
0.00458858350198193
0.00458858350198193
0.00458858350198193
0.00458858350198193
0.00458858350198193
0.00458858350198193
0.00458858350198193
0.00458858350198193
0.00458858350198193
0.00458858350198193
0.00458858350198193
0.00458858350198193
0.00458858350198193
0.00458858350198193
0.00458858350198193
0.00458858350198193
0.00458858350198193
0.00458858350198193
0.00458858350198193
0.00458858350198193
0.0044570063542591
0.0044570063542591
0.00445673584190614
0.00445673584190614
0.00442149066008874
0.00442149066008874
0.00442149066008874
0.00442149066008874
0.00404406391981014
0.00404406391981014
0.00404396174603479
0.00404396174603479
0.00404396174603479
0.00399960676424072
0.00367919786343435
0.00367919786343435
0.00367919786343435
0.00367919786343435
0.00367919786343435
0.00367245215141202
0.00367245215141202
0.00366516109906481
0.00366516109906481
0.00366516109906481
0.00366516109906481
0.00365752792269236
0.00365752792269236
0.00365752792269236
0.00365752792269236
0.00283715032466548
0.0025916701077172
0.0025916701077172
0.0025916701077172
0.0025916701077172
0.0025916701077172
0.0025916701077172
0.0025916701077172
0.00255791210949755
0.00255791210949755
0.00244292881317304
0.00244292881317304
0.00244292881317304
0.00244292881317304
0.00237270368560113
0.00233071307684333
0.00233071307684333
0.00233071307684333
0.00233071307684333
0.00233071307684333
0.00209979063517929
0.002090986361328
0.002090986361328
0.002090986361328
0.002090986361328
0.002090986361328
0.002090986361328
0.002090986361328
0.002090986361328
0.002090986361328
0.002090986361328
0.0020603980200973
0.00172827652709728
0.00172827652709728
0.00172827652709728
0.00172827652709728
0.00163126549211524
0.00163126549211524
0.00163126549211524
0.00144774202625817
0.00144774202625817
0.00144774202625817
0.00144774202625817
0.00122557502191981
0.00122557502191981
0.00122557502191981
0.00122557502191981
0.00122557502191981
0.00122306694701774
0.00121482311486904
0.00121482311486904
0.00121482311486904
0.00121482311486904
0.0012147810055269
0.0012147810055269
0.0012147810055269
0.00121444645839202
0.00121320546245335
0.00121320546245335
0.00121320546245335
0.00121079459694676
0.00120014163858965
0.00115306846409715
0.00115306846409715
0.00110298526342678
0.00110298526342678
0.00110298526342678
0.00110298526342678
0.00110298526342678
0.00105689461007405
0.00105689461007405
0.0010489755209755
0.0010489755209755
0.0010489755209755
0.0010489755209755
0.000979906286134854
0.000979906286134854
0.000979906286134854
0.000970335396800327
0.000970322887256064
0.000970322887256064
0.000970322887256064
0.000970322887256064
0.000966606277828286
0.000966606277828286
0.000878049587041815
0.000878049587041815
0.000878049587041815
0.000878049587041815
0.000878049587041815
0.000878049587041815
0.000878049587041815
0.00075102708513944
0.00075102708513944
0.00075102708513944
0.00074919592122761
0.00074919592122761
0.000749191693266101
0.000740469900223718
0.000740469900223718
0.000740469900223718
0.000740469900223718
0.000739775486642344
0.000739775486642344
0.000739775486642344
0.000739775486642344
0.000739548408460045
0.000739548408460045
0.000579799197769342
0.000579799197769342
0.000579799197769342
0.000579604637553154
0.000579604637553154
0.000570773559458444
0.000570773559458444
0.000570773559458444
0.000570761111945522
0.000570761111945522
0.000570761111945522
0.000567034662821346
0.000567033735230594
0.000567033735230594
0.000567033735230594
0.000567033735230594
0.000548483023334452
0.000548483023334452
0.000548483023334452
0.000548483023334452
0.000548483023334452
0.000542491036542345
0.000542491036542345
0.000541780439242425
0.000541780439242425
0.000541780439242425
0.000541780439242425
0.000541780439242425
0.000541780439242425
0.000541780439242425
0.000541780439242425
0.000541780439242425
0.000540090837559865
0.000534947149887778
0.000421496390241917
0.000421496390241917
0.000421496390241917
0.000421496390241917
0.000421496390241917
0.000421496390241917
0.000421496390241917
0.00042115669502885
0.00042115669502885
0.00042115669502885
0.00042115669502885
0.00042115669502885
0.000421155753386915
0.000421155753386915
0.000338110277786047
0.000336687262503383
0.000336687262503383
0.00033668349770187
0.00033668349770187
0.00033668349770187
0.00033668349770187
0.00033668349770187
0.000314071605743866
0.000314071605743866
0.000314071605743866
0.000314071605743866
0.000309745040254418
0.000295487693939729
0.000295487693939729
0.000295487693939729
0.000295487693939729
0.000295487693939729
0.000295487693939729
0.000295487693939729
0.000295487693939729
0.000295487693939729
0.000295487693939729
0.000295487693939729
0.000295487693939729
0.000293090012074928
0.000293090012074928
0.000293090012074928
0.000287303729870482
0.000287132100066707
0.000287132100066707
0.000287132100066707
0.000273803407390131
0.000271497992604672
0.000271497992604672
0.000271497992604672
0.000271497992604672
0.000270943058854751
0.000270943058854751
0.000270943058854751
0.000270943058854751
0.000270943058854751
0.000266374190762127
0.000266374190762127
0.000266374190762127
0.000260795684737544
0.000260795684737544
0.000260795684737544
0.000260795684737544
0.000260795684737544
0.000257659229257975
0.000257659229257975
0.000257659229257975
0.000255983711553646
0.000255983711553646
0.000255983711553646
0.000255983711553646
0.000255983711553646
0.000255982709898327
0.000255982709898327
0.000255982709898327
0.000255982709898327
0.000255982709898327
0.000255982709898327
0.000255982709898327
0.000255680638881497
0.000255680638881497
0.000236038085231399
0.000153280896281587
0.000153280896281587
0.000153280896281587
0.000153280896281587
0.000153280896281587
0.000153280896281587
0.000153280896281587
0.000153280896281587
0.000153280896281587
0.000153280896281587
0.000153280896281587
0.000153280896281587
0.000145971497378345
0.000145971497378345
0.00014594292609667
0.00014594292609667
0.00014594292609667
0.00014594292609667
0.00014594292609667
0.00014594292609667
0.00014594292609667
0.00014594292609667
0.00014192222774813
0.00014192222774813
0.00014192222774813
0.00014192222774813
0.00014192222774813
0.00014192222774813
0.00014192222774813
0.00014192222774813
0.00014192222774813
0.00014192222774813
0.00014192222774813
0.000141915756719753
0.000141915756719753
0.000141915756719753
0.000141915756719753
0.000141915756719753
0.000141915756719753

