7.64282136637526
2.74907738826736
2.01603804133867
1.31353271238118
1.01405387396335
0.885789095733768
0.878089204926698
0.87241054693517
0.779392891355352
0.779138013782058
0.735052300425772
0.723082138001381
0.716359035026968
0.616654337532946
0.553330485204346
0.552961933680052
0.49620689280159
0.468391002512393
0.34399139108039
0.302460445328901
0.292621188432878
0.292621188432878
0.292621188432878
0.279433233577741
0.228156062650488
0.217957544506626
0.188268800672377
0.186796377580554
0.186796377580554
0.180137144701831
0.171309874627336
0.171309874627336
0.171309874627336
0.15584746726498
0.11750791057319
0.111366169660256
0.111366169660256
0.111366169660256
0.111366169660256
0.0947539427405433
0.0929427301433842
0.0771672967097433
0.0739137455141838
0.0622244051051162
0.0622244051051162
0.0529293917703822
0.0529293917703822
0.0529293917703822
0.0529293917703822
0.0529293917703822
0.0529293917703822
0.0529293917703822
0.0529293917703822
0.0424168514270305
0.0411109352101337
0.0411109352101337
0.0411109352101337
0.0411109352101337
0.0411109352101337
0.0411109352101337
0.0411109352101337
0.0411109352101337
0.0409638340696528
0.0398740647244098
0.0378822919145738
0.0378822919145738
0.0378822919145738
0.0378822919145738
0.0374488097598192
0.0374488097598192
0.0374488097598192
0.0373425493104619
0.0373425493104619
0.0243676595451097
0.0243676595451097
0.0243676595451097
0.0243676595451097
0.0243676595451097
0.0243676595451097
0.0243676595451097
0.0243676595451097
0.0243676595451097
0.0243676595451097
0.0243676595451097
0.0243676595451097
0.0243676595451097
0.0243676595451097
0.0243676595451097
0.0243676595451097
0.0243676595451097
0.0243676595451097
0.0242667279294945
0.0242667279294945
0.0225874263724246
0.0225874263724246
0.0225874263724246
0.0225874263724246
0.0215607070689796
0.0177176392336807
0.0177176392336807
0.0170261529022691
0.0170261529022691
0.0170261529022691
0.0156003529215981
0.0111321415205362
0.0111321415205362
0.0111321415205362
0.0111321415205362
0.0111321415205362
0.0111321415205362
0.0111321415205362
0.0111321415205362
0.0111321415205362
0.0110441592382065
0.0110441592382065
0.0110441592382065
0.0110441592382065
0.0110441592382065
0.0110441592382065
0.0110441592382065
0.0110441592382065
0.0110441592382065
0.0110138505550773
0.0110138505550773
0.0110138505550773
0.0110138505550773
0.0110138505550773
0.0110138505550773
0.00813925798358903
0.00650033741708894
0.00650033741708894
0.00650033741708894
0.00650033741708894
0.00650033741708894
0.00650033741708894
0.00650033741708894
0.00650033741708894
0.00650033741708894
0.00650033741708894
0.00650033741708894
0.00650033741708894
0.00650033741708894
0.00650033741708894
0.00650033741708894
0.00650033741708894
0.00650033741708894
0.00650033741708894
0.00650033741708894
0.00650033741708894
0.00650033741708894
0.00650033741708894
0.00650033741708894
0.00650033741708894
0.00650033741708894
0.00648004916983523
0.00648004916983523
0.00648004916983523
0.00648004916983523
0.00648004916983523
0.00648004916983523
0.00648004916983523
0.00648004916983523
0.00648004916983523
0.00613754502908403
0.00613754502908403
0.00613754502908403
0.00613754502908403
0.00613754502908403
0.00608539092166717
0.00608539092166717
0.00608539092166717
0.00608539092166717
0.00608539092166717
0.00601695702185478
0.00595782438595174
0.00595782438595174
0.00595731182411387
0.00595731182411387
0.00595731182411387
0.0055132764783395
0.00526540141975955
0.00512431680424889
0.00512431680424889
0.00512431680424889
0.00362869175241927
0.00353622338308214
0.00353622338308214
0.00353622338308214
0.00353622338308214
0.00353622338308214
0.00353622338308214
0.00353622338308214
0.00353622338308214
0.00353622338308214
0.00353622338308214
0.00353622338308214
0.00353622338308214
0.00353622338308214
0.00353622338308214
0.00353622338308214
0.00353622338308214
0.00328652362001583
0.00328652362001583
0.00328652362001583
0.00328652362001583
0.00328652362001583
0.00328652362001583
0.00328652362001583
0.00328652362001583
0.00328652362001583
0.00328652362001583
0.00317320203371791
0.00317320203371791
0.00298676176172518
0.00298676176172518
0.00298676176172518
0.00298676176172518
0.00298248930816976
0.00295744628812031
0.00295744628812031
0.00295744628812031
0.00295744628812031
0.00295744628812031
0.00294732132898068
0.00294593736965153
0.00294593736965153
0.00294593736965153
0.00293314061235159
0.00292839653384301
0.00292839653384301
0.00253046702560563
0.00253046702560563
0.00226017765763771
0.00226017765763771
0.00226017765763771
0.00226017765763771
0.00226017765763771
0.00226017765763771
0.00207084420765058
0.00207084420765058
0.00207084420765058
0.0020681186351808
0.0020681186351808
0.0020681186351808
0.0020681186351808
0.0020681186351808
0.00205170172385117
0.00197641143301043
0.00197641143301043
0.00194215219317906
0.00193741269016939
0.00168328940995442
0.00168328940995442
0.00156449496629925
0.00156449496629925
0.00156449496629925
0.00156449496629925
0.00156449496629925
0.00156449496629925
0.00156449496629925
0.00156449496629925
0.00156449496629925
0.00156449496629925
0.00156449496629925
0.00156449496629925
0.00156449496629925
0.00130817205851612
0.00130817205851612
0.00130817205851612
0.00130817205851612
0.00119415073090693
0.00119415073090693
0.00119412043157958
0.00119412043157958
0.00119412043157958
0.00108833570465599
0.00108833570465599
0.00108833570465599
0.00108816239295831
0.00108816239295831
0.00108816239295831
0.00108816239295831
0.00108816239295831
0.00108816239295831
0.00108816239295831
0.00108816239295831
0.00108816239295831
0.00108725638019687
0.00108725638019687
0.00108725638019687
0.00108725638019687
0.00100580910558446
0.00100580910558446
0.000905425021069234
0.000905425021069234
0.000867134580596076
0.000867134580596076
0.000867134580596076
0.000867134580596076
0.000867134580596076
0.000867134580596076
0.000867134580596076
0.000836831106930528
0.000836831106930528
0.000836831106930528
0.000836831106930528
0.000836831106930528
0.000834249967499014
0.000834249967499014
0.000834249967499014
0.000834249967499014
0.000834249967499014
0.000834249967499014
0.000834249967499014
0.000834249967499014
0.000834249967499014
0.000830523360885251
0.000830523360885251
0.000790269806507001
0.000782223725445476
0.000782223725445476
0.000782223725445476
0.000782223725445476
0.000782223725445476
0.000782223725445476
0.000782223725445476
0.000724672151975741
0.000724672151975741
0.000724672151975741
0.000724672151975741
0.000724672151975741
0.000724672151975741
0.000724672151975741
0.000724672151975741
0.000724672151975741
0.000724672151975741
0.000717078658280856
0.000659098326864347
0.000659098326864347
0.000659098326864347
0.000659098326864347
0.000652366967531919
0.000652366967531919
0.000652366967531919
0.000647525481668058
0.000647525481668058
0.00062788177224951
0.00061291247236875
0.00061291247236875
0.000496409532251913
0.000496409532251913
0.000496409532251913
0.000496409532251913
0.000496409532251913
0.000496409532251913
0.000496409532251913
0.000496409532251913
0.000496409532251913
0.000467983314141414
0.000467983314141414
0.000467983314141414
0.000345438351048706
0.000345438351048706
0.000345438351048706
0.000345438351048706
0.000345438351048706
0.000345438351048706
0.000345438351048706
0.000338750158292858
0.000338750158292858
0.000338750158292858
0.000338750158292858
0.000338750158292858
0.000281779265089863
0.000270451165477831
0.000270451165477831
0.000270451165477831
0.000270451165477831
0.000231089439665045
0.000231089439665045
0.000231089439665045
0.000201787396479062
0.000201787396479062
0.000201787396479062
0.000201787396479062
0.000201787396479062
0.000201787396479062
0.000201787396479062
0.000201787396479062
0.000201787396479062
0.000201787396479062
0.000201787396479062
0.000165310534812975
0.000165310534812975
0.000165310534812975
0.000165310534812975
0.000165310534812975
0.000165310534812975
0.000165310534812975
0.000165310534812975
0.000165310534812975
0.000165310534812975
0.000165310534812975
0.000165310534812975
0.000165310534812975
0.000165310534812975
0.000165310534812975
0.000165310534812975
0.000165310534812975
0.000165310534812975
0.000165310534812975
0.000165310534812975
0.000165310534812975
0.000165310534812975
0.000165310534812975
0.000165310534812975
0.000165310534812975
0.000165310534812975
0.00016246832444962
0.00016246832444962
0.00016246832444962
0.00016246832444962
0.000146364935147035
0.000146364935147035
0.000146364935147035
0.000146364935147035
0.000146364935147035
0.000146364935147035
0.000146364935147035
0.000143277556750161
0.000143277556750161
0.000143277556750161
0.000139968176564319
0.000139968176564319
0.000139968176564319
0.000139968176564319
0.000139968176564319
0.000139968176564319
0.000126556401418231
0.000126556401418231
0.000126556401418231
0.000126556401418231
0.000126556401418231
0.000126556401418231
0.000126556401418231
0.000126556401418231
0.000126556401418231
0.000125679763810748
0.000125679763810748
0.000125679763810748
0.000125679763810748
0.000125679763810748
0.000125679763810748
0.000125679763810748
0.000125679763810748
0.000124857436312693
0.000124857436312693
0.000124857436312693
0.000124857436312693
0.000124857436312693
0.000124857436312693
0.000124857436312693
0.000124857436312693
0.000124857436312693
0.000124857436312693
0.000124857436312693
0.000124857436312693
0.000124848593892141
0.000124848593892141
0.000124848593892141
0.000124848593892141
0.000112079415339772
0.000112079415339772
0.000112079415339772
0.000112079415339772
0.000112079415339772
0.000112079415339772
0.000112079415339772
0.000112079415339772
0.000112079415339772
0.000112079415339772
0.000112079415339772
0.000112079415339772
0.000112079415339772
0.000112079415339772
0.000112079415339772
0.000112079415339772
0.000112079415339772
0.000112079415339772
0.000112079415339772
0.000112079415339772
0.000112079415339772
0.000112079415339772
0.000112079415339772
0.000112079415339772
0.000112079415339772
0.000112079415339772
9.86170137419669E-05
9.86170137419669E-05
9.86170137419669E-05

