5.92956418909064
2.37692003617798
1.68684332349676
1.31777936384494
1.16057397287062
1.09974888237808
0.913185233788093
0.795547399218495
0.736803479078738
0.692120108778142
0.691385697207649
0.691385697207649
0.684890384695598
0.673997127670301
0.612297714071863
0.610874271037913
0.604215202824475
0.583896312583033
0.513675911777747
0.491296918539281
0.491296918539281
0.478991279367608
0.478991279367608
0.478991279367608
0.339247085806469
0.337727274527775
0.276580185159903
0.276580185159903
0.276580185159903
0.276580185159903
0.276580185159903
0.27588305198272
0.250722978586982
0.250595802329855
0.250595802329855
0.221831802075029
0.216861230266646
0.216861230266646
0.192896122183114
0.179798427480173
0.111747242752148
0.111747242752148
0.111747242752148
0.0906499079281758
0.0903741429005009
0.0878898748287064
0.0720109625703575
0.0720109625703575
0.0720109625703575
0.0720109625703575
0.0683977532928724
0.065741633218821
0.065741633218821
0.065741633218821
0.065741633218821
0.065741633218821
0.0581069523255389
0.0581069523255389
0.0581069523255389
0.0581069523255389
0.0581069523255389
0.0581069523255389
0.0581069523255389
0.0565659816267444
0.0565659816267444
0.0562343685397511
0.0467330749382346
0.0467330749382346
0.0425383039347724
0.0425383039347724
0.0416026004907983
0.0414456292045455
0.0414456292045455
0.0405695727702643
0.0390748304962465
0.0358914218774369
0.0326828858643658
0.0326828858643658
0.0326828858643658
0.0286619315512411
0.0286619315512411
0.0284319661908313
0.0275257356320189
0.0275257356320189
0.0275257356320189
0.027127629768602
0.027127629768602
0.027127629768602
0.0263359039300147
0.0263359039300147
0.0189254942912493
0.0161158026182181
0.0161158026182181
0.0123666483537204
0.0123666483537204
0.0123666483537204
0.0123666483537204
0.0123666483537204
0.0123666483537204
0.0123666483537204
0.0123666483537204
0.0123666483537204
0.0123666483537204
0.0123666483537204
0.0123666483537204
0.0123666483537204
0.0119921374772754
0.0119921374772754
0.0101355038954563
0.0101355038954563
0.0101355038954563
0.0101355038954563
0.00889762123704163
0.00889762123704163
0.00889762123704163
0.00889762123704163
0.00889762123704163
0.00889762123704163
0.00889762123704163
0.00889762123704163
0.00889762123704163
0.00889762123704163
0.00883566353204928
0.00883566353204928
0.00883566353204928
0.00883566353204928
0.00817970593951438
0.00816308542193452
0.00816308542193452
0.00816308542193452
0.00816308542193452
0.00816308542193452
0.00816308542193452
0.00816308542193452
0.00793210279248552
0.00793210279248552
0.00793210279248552
0.00793210279248552
0.00793210279248552
0.00791546068711703
0.00791546068711703
0.00791546068711703
0.00791546068711703
0.00677285541112688
0.00677285541112688
0.00677285541112688
0.00677285541112688
0.00651107994498649
0.00651107994498649
0.00651107994498649
0.00651107994498649
0.00651107994498649
0.00651107994498649
0.00651107994498649
0.00594606977264141
0.00594596790407053
0.00594596790407053
0.00594596790407053
0.00594596790407053
0.00594596790407053
0.00594596790407053
0.00594596790407053
0.00594596790407053
0.00594596790407053
0.00594596790407053
0.00594596790407053
0.00594596790407053
0.00594596790407053
0.00444954521478772
0.00444954521478772
0.00444954521478772
0.00444954521478772
0.0043785426444536
0.0043785426444536
0.00435265961338001
0.00435265961338001
0.00435265961338001
0.00435265961338001
0.00435265961338001
0.00435265961338001
0.00435265961338001
0.00417299245254598
0.00417263281669471
0.00417263281669471
0.00417263281669471
0.00417263281669471
0.00413033105376143
0.00413033105376143
0.00413033105376143
0.00413033105376143
0.00396242679167511
0.00396242679167511
0.00396242679167511
0.00396242679167511
0.00396242679167511
0.00396242679167511
0.00311434304311056
0.00311434304311056
0.00311434304311056
0.00311434304311056
0.00311434304311056
0.00311434304311056
0.00311434304311056
0.00311434304311056
0.00311434304311056
0.00311434304311056
0.00300208189491043
0.00300208189491043
0.00300208189491043
0.00298071166186323
0.00298071166186323
0.00298071166186323
0.00298071166186323
0.00298071166186323
0.00298071166186323
0.00288923031272124
0.00288923031272124
0.00188424232436006
0.00188424232436006
0.00188424232436006
0.00188424232436006
0.00188424232436006
0.00188424232436006
0.00188424232436006
0.00188424232436006
0.00188424232436006
0.00188424232436006
0.00188424232436006
0.00188424232436006
0.00188424232436006
0.00188424232436006
0.00188424232436006
0.00188424232436006
0.00188424232436006
0.00188424232436006
0.00188424232436006
0.00188424232436006
0.00188424232436006
0.00188424232436006
0.00188424232436006
0.00188424232436006
0.00188424232436006
0.00188424232436006
0.00188424232436006
0.00188424232436006
0.00188424232436006
0.00184542563824832
0.00184542563824832
0.00184542563824832
0.00184542563824832
0.00184542563824832
0.00184542563824832
0.00184542563824832
0.00184542563824832
0.00184542563824832
0.00184542563824832
0.00174440334258541
0.00174440334258541
0.00172707189046829
0.00172707189046829
0.00172535956474077
0.00172535956474077
0.00172535956474077
0.00172535956474077
0.00172535956474077
0.00172529108480844
0.00172529108480844
0.00172529108480844
0.00172529108480844
0.00152525186917957
0.00145015998623774
0.00145015998623774
0.00145015998623774
0.00145015998623774
0.0012334091938364
0.00122242875906508
0.00122242875906508
0.00122242875906508
0.00122242875906508
0.00121011326768125
0.00121011326768125
0.00121011326768125
0.00121011326768125
0.00121011326768125
0.00121011326768125
0.00121011326768125
0.00121011326768125
0.00121011326768125
0.00121011326768125
0.00121011326768125
0.00121011326768125
0.00121011326768125
0.00121011326768125
0.00114982001423733
0.00114982001423733
0.000938216527101317
0.000938216527101317
0.000938216527101317
0.000938216527101317
0.000847024757528297
0.000847024757528297
0.000847024757528297
0.000847024757528297
0.000847024757528297
0.000847024757528297
0.000742835392999119
0.000742835392999119
0.000742835392999119
0.000742835392999119
0.000742835392999119
0.000742835392999119
0.000742835392999119
0.000623922772245351
0.000607024421052561
0.000607024421052561
0.000536975599183783
0.000522765447537078
0.000522765447537078
0.000522765447537078
0.000522765447537078
0.000512585797984705
0.000512585797984705
0.000512585797984705
0.000507716793508758
0.000507716793508758
0.000507716793508758
0.000507716793508758
0.000507716793508758
0.000507716793508758
0.000507716793508758
0.000507716793508758
0.000507716793508758
0.000507716793508758
0.000507716793508758
0.000449584906100048
0.000449584906100048
0.000449584906100048
0.000449584906100048
0.000449584906100048
0.000449534213888338
0.000449534213888338
0.000449534213888338
0.000449534213888338
0.000449534213888338
0.000449534213888338
0.000449534213888338
0.000449534213888338
0.000449534213888338
0.000449534213888338
0.000449534213888338
0.00042213145400401
0.00042213145400401
0.00042213145400401
0.00042213145400401
0.00042213145400401
0.00042213145400401
0.00042213145400401
0.00042213145400401
0.00042213145400401
0.00042213145400401
0.00042213145400401
0.00042213145400401
0.000297447820386207
0.000297447820386207
0.000297447820386207
0.000297447820386207
0.000297447820386207
0.000297447820386207
0.000297447820386207
0.000297447820386207
0.000297447820386207
0.000297447820386207
0.000297447820386207
0.000297447820386207
0.000297447820386207
0.000297412174849058
0.000297412174849058
0.000297412174849058
0.000297412174849058
0.000297412174849058
0.000297412174849058
0.000297412174849058
0.000294229638395455
0.000294229638395455
0.000294229638395455
0.000294229638395455
0.000294229638395455
0.000293186585723375
0.000293186585723375
0.000293186585723375
0.000293179910927662
0.000293179910927662
0.000293179910927662
0.00029310280763448
0.000267159921242029
0.000267159921242029
0.000267159921242029
0.000267159921242029
0.000267159921242029
0.000267159921242029
0.000267159921242029
0.000267159921242029
0.000267159921242029
0.000267159921242029
0.000267159921242029
0.000267159921242029
0.000267159921242029
0.000267159921242029
0.000267159921242029
0.000266377716233776
0.000266377716233776
0.000266377716233776
0.000266377716233776
0.000266377716233776
0.000266377716233776
0.000266377716233776
0.000266377716233776
0.000266377716233776
0.000266377716233776
0.000264272169517242
0.000253561213087756
0.000253561213087756
0.000253561213087756
0.000253561213087756
0.000253561213087756
0.000253561213087756
0.000253561213087756
0.000253561213087756
0.000253561213087756
0.000253561213087756
0.000253561213087756
0.000253561213087756
0.000253561213087756
0.000253561213087756
0.000253561213087756
0.000242862909136337
0.000218333212220481
0.000218333212220481
0.000218333212220481
0.000218333212220481
0.000218333212220481
0.000218333212220481
0.000218333212220481
0.000218333212220481
0.000218333212220481
0.000218333212220481
0.000218333212220481
0.000218333212220481
0.000218333212220481
0.000218333212220481
0.000218333212220481
0.00021820977118913
0.00021820977118913
0.00021820977118913
0.000202410712589543
0.000202410712589543
0.000202410712589543
0.000202410712589543
0.000202410712589543
0.000202410712589543
0.000202410712589543
0.000202410712589543
0.000202100580811997
0.000202087075107004
0.000202087075107004
0.000202087075107004
0.000202048325523704
0.000202048325523704
0.000194168776273478
0.00019267567792216
0.00019267567792216
0.00019267567792216
0.00019267567792216
0.00019267567792216
0.00019186005954588
0.00019186005954588
0.00019186005954588
0.00019186005954588
0.00019186005954588
0.00019186005954588
0.000184330701128974
0.000184330701128974
0.000184330701128974
0.000184330701128974
0.000184330701128974
0.000184330701128974
0.000184330701128974
0.000184330701128974
0.000184330701128974
0.000175367697592427
0.000175367697592427
0.000175367697592427
0.000175367697592427
0.000175367697592427
0.000175367229293996
0.000175367229293996
0.000175367229293996
0.000175367229293996
0.000174952854052231
0.000174952854052231

