6.91040547912041
4.98930840056702
2.390490399843
2.08083009193301
0.939771697630308
0.906022458344338
0.902584923219993
0.90247442699056
0.881948136299194
0.857117320353233
0.776880100945122
0.776880100945122
0.721741940839045
0.697631931161007
0.654911781974793
0.653532057524225
0.602983190181227
0.599329389270812
0.598201779823991
0.592890046164974
0.457312520689059
0.425954706559413
0.32479676294627
0.29879167814524
0.263138042120062
0.252603660005154
0.252603660005154
0.24645998036181
0.207670407140643
0.204887034588874
0.204887034588874
0.204732822235027
0.197091832735494
0.195050114904869
0.188916018735932
0.168803971887908
0.116594343698439
0.1107087507734
0.107900920850736
0.107900920850736
0.0957383718510056
0.0957383718510056
0.0957383718510056
0.0957383718510056
0.0957383718510056
0.0957383718510056
0.0884419647071815
0.0733340773225678
0.0733340773225678
0.0733340773225678
0.0733340773225678
0.0733340773225678
0.0577748552785348
0.0577748552785348
0.0557892170075418
0.0555970500733098
0.0507259910399844
0.0498128067628116
0.0498128067628116
0.0498128067628116
0.0498128067628116
0.0498128067628116
0.0498128067628116
0.0390780990555321
0.0390780990555321
0.0390780990555321
0.0390780990555321
0.0390780990555321
0.0390780990555321
0.0390780990555321
0.0390780990555321
0.0390780990555321
0.0390780990555321
0.0390780990555321
0.0390780990555321
0.0390780990555321
0.0390780990555321
0.0372701615320293
0.0372701615320293
0.0310249422117843
0.0310249422117843
0.0301030964373295
0.0301030964373295
0.0300910366509849
0.0276063792054111
0.0276063792054111
0.0276063792054111
0.0276063792054111
0.0276063792054111
0.0276063792054111
0.0276063792054111
0.0276052551192531
0.0276052551192531
0.0276052551192531
0.0255299943694886
0.0255299943694886
0.0249730302284281
0.0249730302284281
0.0249730302284281
0.0183653364193631
0.0183653364193631
0.0183653364193631
0.0183653364193631
0.0183653364193631
0.0183653364193631
0.0183653364193631
0.0183653364193631
0.0183653364193631
0.0180009641857125
0.0180009641857125
0.0180009641857125
0.0180009641857125
0.0179585399965429
0.0179585399965429
0.0177843470514816
0.0177843470514816
0.0177843470514816
0.0171652770124497
0.0171652770124497
0.0171652770124497
0.0171652770124497
0.0157963594633082
0.0157963594633082
0.0157963594633082
0.0157963594633082
0.0157963594633082
0.0157963594633082
0.0157963594633082
0.0157963594633082
0.0157963594633082
0.0157860747926929
0.0145860539568851
0.0145860539568851
0.0145860539568851
0.0144712929526763
0.0144712929526763
0.0144712929526763
0.013637009989271
0.013637009989271
0.013637009989271
0.013637009989271
0.013637009989271
0.0135566591425455
0.0133939720753752
0.0133939720753752
0.0133939720753752
0.0133939720753752
0.0132529533344814
0.0128184390620669
0.0128184390620669
0.0127020055166802
0.0127020055166802
0.0122471297920168
0.0122471297920168
0.0122471297920168
0.0119295658888544
0.0116887745111616
0.0116887745111616
0.0116887745111616
0.0116887745111616
0.0116887745111616
0.0113850944370768
0.0113850944370768
0.00959192696687473
0.00934820352255585
0.00934820352255585
0.00926199665068396
0.00850672806770072
0.00850672806770072
0.00850672806770072
0.00850672806770072
0.00838259433700325
0.00838259433700325
0.00746898650890883
0.00695022854889144
0.00553949078859705
0.00553949078859705
0.00553949078859705
0.00553949078859705
0.00553949078859705
0.00528059250235813
0.00528059250235813
0.00528059250235813
0.00528059250235813
0.00528059250235813
0.00528059250235813
0.00528059250235813
0.00528059250235813
0.00527465828537834
0.00527465828537834
0.00506111698864004
0.00459811307259959
0.00438423494147822
0.00438423494147822
0.00438423494147822
0.00438423494147822
0.00438423494147822
0.00438423494147822
0.00438423494147822
0.00438423494147822
0.00438423494147822
0.00438423494147822
0.00438423494147822
0.00438423494147822
0.00438423494147822
0.00309483086397628
0.00309483086397628
0.00309483086397628
0.00309483086397628
0.00309483086397628
0.00309483086397628
0.00309483086397628
0.00309483086397628
0.00309483086397628
0.00309483086397628
0.00308937936828938
0.00302119190788939
0.00223727870657142
0.00165196041141439
0.00165196041141439
0.00165196041141439
0.00165196041141439
0.00165196041141439
0.00165196041141439
0.00165196041141439
0.00165196041141439
0.00165196041141439
0.00165196041141439
0.00165196041141439
0.00165102058520118
0.00165102058520118
0.00149671653388546
0.00149671653388546
0.00149671653388546
0.00149671653388546
0.00149671653388546
0.00149671653388546
0.00149671653388546
0.00149671653388546
0.00149671653388546
0.00149671653388546
0.00149671653388546
0.00149671653388546
0.00149671653388546
0.00149671653388546
0.00149671653388546
0.00149671653388546
0.00149671653388546
0.00149671653388546
0.00149671653388546
0.00149527056223151
0.00149527056223151
0.00149527056223151
0.00149527056223151
0.00149527056223151
0.00149527056223151
0.00149527056223151
0.00149527056223151
0.00149527056223151
0.00149527056223151
0.00149527056223151
0.00149527056223151
0.00149527056223151
0.00149527056223151
0.00149527056223151
0.00149527056223151
0.00149527056223151
0.00149527056223151
0.00149527056223151
0.00145358978042951
0.00145358978042951
0.00132642692805711
0.00132642692805711
0.00126875709402646
0.00124104480086597
0.00124104480086597
0.000990531876968928
0.000990531876968928
0.000964825850898795
0.000964825850898795
0.000964825850898795
0.000964825850898795
0.000964825850898795
0.000964795794244047
0.000964795794244047
0.000964795794244047
0.000964795794244047
0.000964795794244047
0.000964795794244047
0.000964795794244047
0.000964795794244047
0.000964795794244047
0.000964795794244047
0.000964795794244047
0.000964795794244047
0.000964795794244047
0.000964795794244047
0.000964795794244047
0.000964795794244047
0.000964795794244047
0.000964795794244047
0.000949130538418263
0.000949130538418263
0.000949130538418263
0.000949130538418263
0.000949130538418263
0.000949130538418263
0.000949130538418263
0.000949130538418263
0.000949118319997383
0.000949118319997383
0.000949118319997383
0.000949118319997383
0.000949118319997383
0.000949118319997383
0.00084075877238405
0.00084075877238405
0.00084075877238405
0.000822354388905102
0.000822354388905102
0.000822354388905102
0.000822354388905102
0.000788631189248892
0.000788631189248892
0.000788631189248892
0.000788631189248892
0.000788631189248892
0.000788631189248892
0.000788631189248892
0.000788631189248892
0.000788631189248892
0.000788631189248892
0.000788631189248892
0.000788631189248892
0.000787432828594044
0.000787432828594044
0.000707016185746011
0.000702087308879145
0.000702087308879145
0.000702087308879145
0.000702087308879145
0.000702087308879145
0.000684771979547023
0.000684771979547023
0.000684771979547023
0.000684771979547023
0.000684771979547023
0.000684771979547023
0.000684771979547023
0.000684771979547023
0.000684771979547023
0.000684771979547023
0.000684771979547023
0.000684674274480139
0.000684674274480139
0.000684674274480139
0.000684674274480139
0.000684674274480139
0.000683226240875985
0.000683226240875985
0.000604020533652806
0.000604020533652806
0.00057348208162901
0.00057348208162901
0.00057348208162901
0.00057348208162901
0.00057348208162901
0.00057348208162901
0.00057348208162901
0.00055450832571346
0.000553088876420666
0.000545434485879432
0.000545434485879432
0.000537974230259453
0.000537974230259453
0.000537967511271686
0.000536738213324169
0.000536738213324169
0.000536738213324169
0.000536738213324169
0.000536738213324169
0.000536461721753995
0.000536461721753995
0.000536461721753995
0.000536461721753995
0.000536461721753995
0.000536461721753995
0.000536461721753995
0.000522183856701693
0.000522183856701693
0.000522183856701693
0.000522183856701693
0.000522183856701693
0.000522183856701693
0.000522183856701693
0.000522183856701693
0.000521727367521102
0.000521727367521102
0.000442923041009302
0.000442923041009302
0.000442923041009302
0.000442923041009302
0.000442923041009302
0.000409240817737497
0.000400941576920428
0.000400941576920428
0.000393183607241149
0.000382465320867021
0.000382376867342818
0.000382376867342818
0.000382376867342818
0.000382376867342818
0.000382376867342818
0.000380085490385199
0.000380085490385199
0.000377650387782872
0.000332965144424594
0.000332965144424594
0.000332965144424594
0.000332965144424594
0.000332965144424594
0.000328012555490478
0.000328012555490478
0.000328012555490478
0.000328012555490478
0.000328012555490478
0.000328012555490478
0.000328012555490478
0.000328012555490478
0.000328012555490478
0.000328012555490478
0.000323071110871076
0.000323071110871076
0.000323058632573234
0.000323058632573234
0.000323058632573234
0.000297576788930574
0.000297576788930574
0.000297576788930574
0.000294178512349977
0.000294176147553178
0.000294176147553178
0.000294176147553178
0.000292851196528177
0.000292851196528177
0.000263764553053249
0.000263764553053249
0.000263764553053249
0.000261821505028136
0.000261821505028136
0.000261821505028136
0.000261821505028136
0.000240588394902374
0.000240588394902374
0.000240588394902374
0.000240588394902374
0.000240588394902374
0.000240588394902374
0.000240588394902374
0.000240588394902374
0.000240588394902374
0.000240588394902374
0.000240588394902374
0.000240588394902374
0.000240588394902374
0.000240588394902374
0.000240588394902374
0.000240588394902374
0.000240588394902374
0.000228748415125113
0.000228748415125113
0.000228748415125113
0.000228748415125113
0.000219243310025376
0.000219243310025376
0.000219243310025376
0.000219165205486286
0.000219165205486286
0.000219165205486286
0.000219165205486286
0.000219165205486286
0.000219165205486286
0.000204145853236129
0.000204145853236129
0.000204145853236129
0.000200034717230381
0.000200034717230381
0.000195707299472257
0.000195707299472257
0.000192181415863081
0.000192181415863081
0.000192181415863081
0.000192181415863081
0.000192181415863081
0.000192181415863081
0.000192181415863081
0.000192181415863081
0.000192181415863081
0.000192181415863081
0.000192181415863081

