0.0257026577653426
0.0100879028706696
0.00967954573344298
0.00967954573344298
0.00967954573344298
0.00967954573344298
0.00967954573344298
0.00967954573344298
0.00728239750050119
0.00728239750050119
0.00726437959443682
0.00726437959443682
0.00726437959443682
0.00723345565547084
0.00691994383459404
0.00680391751556564
0.00680187140995647
0.0041576262064118
0.0041576262064118
0.0041576262064118
0.00317013702780189
0.00317013702780189
0.00317013702780189
0.00277551072257409
0.00276249034232579
0.00276087170639128
0.00267247368046564
0.00261691464564551
0.000507542483917045
0.000507542483917045
0.000374140555722824
0.000374140555722824
0.000374140555722824
0.000374140555722824
0.000374140555722824
0.000374140555722824
0.000374140555722824
0.000373412288062869
0.000301208141552101
0.000301208141552101
0.000301208141552101
0.000301208141552101
0.000301208141552101
0.000265055198636288
0.000265055198636288
0.000265055198636288
0.000265055198636288
0.000265055198636288
0.000265055198636288
0.000265055198636288
0.000265055198636288
0.000206621932333562
3.80983629144627E-05
3.66493314063465E-05
3.66493314063465E-05
3.66493314063465E-05
3.66493314063465E-05
3.66493314063465E-05
3.66493314063465E-05
1.91595230519814E-05
1.91595230519814E-05
1.91595230519814E-05
1.70561300028016E-05
1.70561300028016E-05
1.70561300028016E-05
8.19648322858413E-06
8.19648322858413E-06
8.19648322858413E-06
8.19648322858413E-06
8.19648322858413E-06
8.19648322858413E-06
8.19648322858413E-06
6.20237115833699E-06
6.20237115833699E-06
6.20237115833699E-06
6.20237115833699E-06
2.31902636604886E-06
2.31902636604886E-06
2.31902636604886E-06
2.31902636604886E-06
2.31902636604886E-06
2.31902636604886E-06
2.31902636604886E-06
2.31902636604886E-06
2.31902636604886E-06
2.31902636604886E-06
2.31902636604886E-06
2.31902636604886E-06
2.31902636604886E-06
2.31902636604886E-06
2.31902636604886E-06
2.31902636604886E-06
1.4768798095588E-06
1.4768798095588E-06
1.10621099180808E-06
1.10621099180808E-06
1.10621099180808E-06
1.10621099180808E-06
1.10621099180808E-06
1.10621099180808E-06
1.10621099180808E-06
1.10621099180808E-06
1.10621099180808E-06
1.10621099180808E-06
1.10621099180808E-06
1.10621099180808E-06
1.10621099180808E-06
1.10621099180808E-06
1.10621099180808E-06
1.10621099180808E-06
1.10621099180808E-06
1.10621099180808E-06
1.10621099180808E-06
3.42217638338305E-07
3.42217638338305E-07
3.42217638338305E-07
3.42217638338305E-07
3.42217638338305E-07
3.42217638338305E-07
3.42217638338305E-07
3.42217638338305E-07
3.42217638338305E-07
3.42217638338305E-07
3.42217638338305E-07
3.42217638338305E-07
3.42217638338305E-07
3.42217638338305E-07
3.42217638338305E-07
3.42217638338305E-07
3.42217638338305E-07
3.42217638338305E-07
3.42217638338305E-07
3.42217638338305E-07
3.42217638338305E-07
3.42217638338305E-07
3.42217638338305E-07
3.42217638338305E-07
3.42217638338305E-07
3.42217638338305E-07
3.42217638338305E-07
3.42217638338305E-07
3.42217638338305E-07
3.42217638338305E-07
3.42217638338305E-07
3.42217638338305E-07
3.42217638338305E-07
3.39625950029898E-07
3.39625950029898E-07
3.39625950029898E-07
3.39625950029898E-07
3.39625950029898E-07
3.39625950029898E-07
3.39625950029898E-07
3.39625950029898E-07
3.39625950029898E-07
3.39625950029898E-07
3.39625950029898E-07
3.39625950029898E-07
3.39625950029898E-07
3.39625950029898E-07
3.39625950029898E-07
3.39625950029898E-07
3.39625950029898E-07
3.39625950029898E-07
3.39625950029898E-07
3.39625950029898E-07
3.39625950029898E-07
3.39625950029898E-07
9.24374515820503E-08
9.24374515820503E-08
9.24374515820503E-08
9.24374515820503E-08
9.24374515820503E-08
9.24374515820503E-08
9.24374515820503E-08
9.24374515820503E-08
9.24374515820503E-08
9.24374515820503E-08
9.24374515820503E-08
9.24374515820503E-08
9.24374515820503E-08
9.24374515820503E-08
9.24374515820503E-08
9.24374515820503E-08
9.24374515820503E-08
9.24374515820503E-08
9.24374515820503E-08
9.24374515820503E-08
9.24374515820503E-08
9.24374515820503E-08
9.24374515820503E-08
9.24374515820503E-08
9.24374515820503E-08
9.24374515820503E-08
9.24374515820503E-08
9.24374515820503E-08
9.24374515820503E-08
9.24374515820503E-08
9.24374515820503E-08
9.24374515820503E-08
9.24374515820503E-08
9.24374515820503E-08
9.24374515820503E-08
9.24374515820503E-08
9.18151609186069E-08
9.18151609186069E-08
9.18151609186069E-08
9.18151609186069E-08
9.18151609186069E-08
9.18151609186069E-08
9.18151609186069E-08
9.18151609186069E-08
9.18151609186069E-08
9.18151609186069E-08
9.18151609186069E-08
9.18151609186069E-08
9.18151609186069E-08
9.18151609186069E-08
9.18151609186069E-08
9.18151609186069E-08
9.18151609186069E-08
9.18151609186069E-08
9.18151609186069E-08
9.18151609186069E-08
9.18151609186069E-08
9.18151609186069E-08
9.18151609186069E-08
9.18151609186069E-08
9.18151609186069E-08
9.18151609186069E-08
9.18151609186069E-08
9.18151609186069E-08
9.18151609186069E-08
9.18151609186069E-08
9.18151609186069E-08
9.18151609186069E-08
9.18151609186069E-08
9.18151609186069E-08
9.18151609186069E-08
9.18151609186069E-08
9.18151609186069E-08
9.18151609186069E-08
9.18151609186069E-08
9.18151609186069E-08
9.18151609186069E-08
9.18151609186069E-08
9.18151609186069E-08
9.18151609186069E-08
9.18151609186069E-08
9.18151609186069E-08
9.18151609186069E-08
9.18151609186069E-08
9.18151609186069E-08
9.18151609186069E-08
8.88751267025256E-08
8.88751267025256E-08
8.88751267025256E-08
8.88751267025256E-08
8.88751267025256E-08
8.88751267025256E-08
8.88751267025256E-08
8.88751267025256E-08
8.88751267025256E-08
8.88751267025256E-08
8.88751267025256E-08
8.88751267025256E-08
8.88751267025256E-08
8.88751267025256E-08
8.88751267025256E-08
8.88751267025256E-08
8.88751267025256E-08
8.88751267025256E-08
8.88751267025256E-08
8.88751267025256E-08
8.88751267025256E-08
8.03409860861137E-08
6.86137252570163E-08
6.86137252570163E-08
6.86137252570163E-08
6.86137252570163E-08
6.86137252570163E-08
6.86137252570163E-08
6.86137252570163E-08
3.66147860919597E-08
3.66147860919597E-08
3.66147860919597E-08
3.66147860919597E-08
3.66147860919597E-08
3.66147860919597E-08
1.16278932038583E-08
1.16278932038583E-08
1.16278932038583E-08
1.16278932038583E-08
1.16278932038583E-08
1.16278932038583E-08
1.16278932038583E-08
1.16278932038583E-08
1.16278932038583E-08
1.16278932038583E-08
1.16278932038583E-08
1.16278932038583E-08
1.16278932038583E-08
1.16278932038583E-08
1.16278932038583E-08
1.16278932038583E-08
1.16278932038583E-08
1.16278932038583E-08
1.16278932038583E-08
4.86113094222418E-09
4.86113094222418E-09
4.86113094222418E-09
4.86113094222418E-09
4.86113094222418E-09
4.86113094222418E-09
4.86113094222418E-09
4.86113094222418E-09
4.86113094222418E-09
4.86113094222418E-09
4.86113094222418E-09
4.86113094222418E-09
4.86113094222418E-09
4.86113094222418E-09
4.86113094222418E-09
4.86113094222418E-09
4.86113094222418E-09
4.86113094222418E-09
4.86113094222418E-09
4.24223800532531E-09
4.24223800532531E-09
4.24223800532531E-09
4.24223800532531E-09
4.24223800532531E-09
4.24223800532531E-09
4.24223800532531E-09
4.24223800532531E-09
4.24223800532531E-09
4.24223800532531E-09
4.24223800532531E-09
4.24223800532531E-09
4.24223800532531E-09
4.24223800532531E-09
4.24223800532531E-09
4.24223800532531E-09
2.38718989020725E-09
2.38718989020725E-09
2.38718989020725E-09
2.38718989020725E-09
2.38718989020725E-09
2.38718989020725E-09
2.38718989020725E-09
2.38718989020725E-09
2.38718989020725E-09
2.38718989020725E-09
2.38718989020725E-09
2.38718989020725E-09
2.38718989020725E-09
2.38718989020725E-09
2.38718989020725E-09
2.38718989020725E-09
2.38718989020725E-09
2.38718989020725E-09
2.38718989020725E-09
2.38718989020725E-09
2.38718989020725E-09
2.38718989020725E-09
2.38718989020725E-09
2.38718989020725E-09
2.38718989020725E-09
2.38718989020725E-09
2.38718989020725E-09
2.38718989020725E-09
2.38718989020725E-09
2.38718989020725E-09
2.38718989020725E-09
2.38718989020725E-09
2.38718989020725E-09
2.38718989020725E-09
2.38718989020725E-09
2.38718989020725E-09
2.38718989020725E-09
2.38718989020725E-09
1.39973821422501E-09
1.39973821422501E-09
1.39973821422501E-09
1.39973821422501E-09
1.39973821422501E-09
1.39973821422501E-09
1.39973821422501E-09
1.39973821422501E-09
1.39973821422501E-09
1.39973821422501E-09
1.39973821422501E-09
1.39973821422501E-09
1.39973821422501E-09
1.39973821422501E-09
1.39973821422501E-09
1.39973821422501E-09
1.39973821422501E-09
1.39973821422501E-09
1.39973821422501E-09
1.39973821422501E-09
1.39973821422501E-09
1.39973821422501E-09
1.39973821422501E-09
1.39973821422501E-09
1.39973821422501E-09
1.39973821422501E-09
1.39973821422501E-09
1.39973821422501E-09
1.39973821422501E-09
1.39973821422501E-09
1.39973821422501E-09
1.39973821422501E-09
1.39973821422501E-09
1.39973821422501E-09
6.52763176844928E-10
6.52763176844928E-10
6.52763176844928E-10
6.52763176844928E-10
6.52763176844928E-10
6.52763176844928E-10
6.52763176844928E-10
6.52763176844928E-10
6.52763176844928E-10
6.52763176844928E-10
6.52763176844928E-10
6.52763176844928E-10
6.52763176844928E-10
6.52763176844928E-10
6.52763176844928E-10
6.52763176844928E-10
6.52763176844928E-10
6.52763176844928E-10
6.52763176844928E-10
6.52763176844928E-10
6.52763176844928E-10
6.52763176844928E-10
6.52763176844928E-10
6.52763176844928E-10
6.52763176844928E-10
6.52763176844928E-10
6.52763176844928E-10
6.52763176844928E-10
6.52763176844928E-10
6.52763176844928E-10
6.52763176844928E-10
6.52763176844928E-10
6.52763176844928E-10
6.52763176844928E-10
6.52763176844928E-10
6.52763176844928E-10
6.52763176844928E-10
6.52763176844928E-10
6.52763176844928E-10
6.52763176844928E-10
6.52763176844928E-10
6.52763176844928E-10
6.52763176844928E-10
6.52763176844928E-10
6.52763176844928E-10
6.52763176844928E-10
6.52763176844928E-10
6.52763176844928E-10
6.52763176844928E-10
6.52763176844928E-10
6.52763176844928E-10
5.44982170502806E-10
5.44982170502806E-10
5.44982170502806E-10
5.44982170502806E-10
5.44982170502806E-10
5.44982170502806E-10
5.44982170502806E-10
5.44982170502806E-10
2.51350829039154E-10
2.51350829039154E-10
2.51350829039154E-10
2.51350829039154E-10
2.51350829039154E-10
2.51350829039154E-10
2.51350829039154E-10
2.51350829039154E-10
2.51350829039154E-10
2.51350829039154E-10
2.51350829039154E-10
2.51350829039154E-10
2.51350829039154E-10
2.51350829039154E-10
2.51350829039154E-10
2.51350829039154E-10
2.51350829039154E-10
2.51350829039154E-10
2.51350829039154E-10
2.51350829039154E-10
2.51350829039154E-10
2.51350829039154E-10
2.51350829039154E-10
2.51350829039154E-10
2.51350829039154E-10
2.51350829039154E-10

