0.0885251558456071
0.0748277627976209
0.0748277627976209
0.0748277627976209
0.0226576446802917
0.0226576446802917
0.0202911474832352
0.00592441189340853
0.00243969484646744
0.002435597314139
0.002435597314139
0.002435597314139
0.00242852409935002
0.00242852409935002
0.00242852409935002
0.00242852409935002
0.00242852409935002
0.000624255087719128
0.000624255087719128
0.000624255087719128
0.000624255087719128
0.000624255087719128
0.000624255087719128
0.000624255087719128
0.000624255087719128
0.000624255087719128
0.000624255087719128
0.000624255087719128
0.000586570262766095
0.000470841391012389
0.000470841391012389
0.000470841391012389
0.000382005170187716
0.000382005170187716
0.000370147004121857
0.000334623524893551
0.000334623524893551
0.000334623524893551
0.000334623524893551
0.00033227403222158
0.00033227403222158
0.00032994212378068
0.000245750946737289
0.000193124011314993
0.000193124011314993
0.000193124011314993
0.00019214653471844
0.000160002509977386
0.000155817333750474
0.000129595368917212
0.000129595368917212
0.000129595368917212
9.49053973932079E-05
7.25183750860392E-05
7.25183750860392E-05
7.25183750860392E-05
7.25183750860392E-05
7.25183750860392E-05
7.25183750860392E-05
7.25183750860392E-05
2.22214445715352E-05
2.22214445715352E-05
2.22214445715352E-05
9.97044646922074E-06
8.36273012860822E-06
8.36273012860822E-06
8.36273012860822E-06
8.36273012860822E-06
8.36273012860822E-06
8.36273012860822E-06
8.36273012860822E-06
8.36273012860822E-06
8.36273012860822E-06
8.36273012860822E-06
8.36273012860822E-06
4.42917719656322E-06
4.42917719656322E-06
4.42917719656322E-06
4.42917719656322E-06
4.42917719656322E-06
4.42917719656322E-06
4.42917719656322E-06
4.42917719656322E-06
4.42917719656322E-06
4.42917719656322E-06
4.42917719656322E-06
4.42917719656322E-06
4.42917719656322E-06
4.29164709669916E-06
4.29164709669916E-06
4.29164709669916E-06
4.29164709669916E-06
4.29164709669916E-06
4.29164709669916E-06
4.29164709669916E-06
4.29164709669916E-06
4.29164709669916E-06
4.29164709669916E-06
2.07085381997985E-06
2.07085381997985E-06
2.07085381997985E-06
2.07085381997985E-06
2.07085381997985E-06
2.07085381997985E-06
2.07085381997985E-06
2.07085381997985E-06
2.07085381997985E-06
2.07085381997985E-06
2.07085381997985E-06
2.07085381997985E-06
2.07085381997985E-06
2.07085381997985E-06
2.07085381997985E-06
2.07085381997985E-06
2.07085381997985E-06
2.07085381997985E-06
2.07085381997985E-06
2.07085381997985E-06
2.07085381997985E-06
2.07085381997985E-06
2.07085381997985E-06
2.07085381997985E-06
2.07085381997985E-06
2.07085381997985E-06
2.07085381997985E-06
2.07085381997985E-06
2.07085381997985E-06
2.07085381997985E-06
2.07085381997985E-06
2.07085381997985E-06
2.07085381997985E-06
2.07085381997985E-06
2.07085381997985E-06
2.07085381997985E-06
2.07085381997985E-06
2.07085381997985E-06
2.07085381997985E-06
1.66008018509523E-06
1.66008018509523E-06
1.66008018509523E-06
8.90621034588257E-07
8.90621034588257E-07
8.90621034588257E-07
8.90621034588257E-07
8.90621034588257E-07
8.90621034588257E-07
8.90621034588257E-07
8.90621034588257E-07
8.90621034588257E-07
8.90621034588257E-07
8.90621034588257E-07
8.90621034588257E-07
8.90621034588257E-07
8.90621034588257E-07
8.90621034588257E-07
8.90621034588257E-07
8.90621034588257E-07
8.90621034588257E-07
8.90621034588257E-07
8.90621034588257E-07
8.90621034588257E-07
8.90621034588257E-07
8.90621034588257E-07
8.90621034588257E-07
8.90621034588257E-07
8.90621034588257E-07
8.90621034588257E-07
8.90621034588257E-07
8.90621034588257E-07
8.90621034588257E-07
8.90621034588257E-07
8.90621034588257E-07
8.90621034588257E-07
8.90621034588257E-07
8.90621034588257E-07
8.90621034588257E-07
8.90621034588257E-07
8.90621034588257E-07
8.90621034588257E-07
8.90621034588257E-07
8.90621034588257E-07
8.90621034588257E-07
8.90621034588257E-07
8.90621034588257E-07
8.90621034588257E-07
8.90621034588257E-07
8.90621034588257E-07
8.90621034588257E-07
8.90621034588257E-07
8.90621034588257E-07
8.90621034588257E-07
8.90621034588257E-07
8.90621034588257E-07
8.90621034588257E-07
8.90621034588257E-07
8.90621034588257E-07
8.90621034588257E-07
8.90621034588257E-07
8.90621034588257E-07
8.90621034588257E-07
8.90621034588257E-07
8.90621034588257E-07
8.90621034588257E-07
8.90621034588257E-07
8.90621034588257E-07
8.90621034588257E-07
8.90621034588257E-07
8.90621034588257E-07
8.4420072410385E-07
8.4420072410385E-07
8.4420072410385E-07
8.4420072410385E-07
8.4420072410385E-07
8.4420072410385E-07
8.4420072410385E-07
8.17818754272892E-07
8.17818754272892E-07
6.98622730554987E-07
6.98622730554987E-07
6.98622730554987E-07
6.84229090941457E-07
6.84229090941457E-07
6.84229090941457E-07
6.84229090941457E-07
6.84229090941457E-07
6.84229090941457E-07
5.69859791577088E-07
5.69859791577088E-07
5.69859791577088E-07
5.69859791577088E-07
3.47888396645679E-07
3.47888396645679E-07
3.47888396645679E-07
3.47888396645679E-07
3.47888396645679E-07
3.47888396645679E-07
3.47888396645679E-07
3.47888396645679E-07
3.47888396645679E-07
3.01633385935141E-07
1.43322125834011E-07
1.43322125834011E-07
1.43322125834011E-07
1.43322125834011E-07
1.43322125834011E-07
1.43322125834011E-07
1.43322125834011E-07
1.43322125834011E-07
1.43322125834011E-07
1.43322125834011E-07
1.43322125834011E-07
1.43322125834011E-07
9.68226077091572E-08
9.68226077091572E-08
9.68226077091572E-08
9.68226077091572E-08
9.68226077091572E-08
9.68226077091572E-08
9.68226077091572E-08
9.68226077091572E-08
9.68226077091572E-08
9.68226077091572E-08
9.68226077091572E-08
9.68226077091572E-08
4.38695936244571E-08
4.38695936244571E-08
4.38695936244571E-08
4.38695936244571E-08
4.38695936244571E-08
4.38695936244571E-08
4.38695936244571E-08
4.38695936244571E-08
4.38695936244571E-08
4.38695936244571E-08
4.38695936244571E-08
4.38695936244571E-08
4.38695936244571E-08
4.38695936244571E-08
4.38695936244571E-08
4.38695936244571E-08
4.38695936244571E-08
2.603933291212E-08
2.603933291212E-08
2.603933291212E-08
2.603933291212E-08
2.603933291212E-08
2.603933291212E-08
2.603933291212E-08
2.603933291212E-08
2.603933291212E-08
2.603933291212E-08
2.603933291212E-08
2.603933291212E-08
2.603933291212E-08
2.603933291212E-08
2.603933291212E-08
2.603933291212E-08
2.603933291212E-08
2.603933291212E-08
2.603933291212E-08
2.603933291212E-08
2.603933291212E-08
2.603933291212E-08
2.603933291212E-08
2.603933291212E-08
2.603933291212E-08
2.603933291212E-08
2.603933291212E-08
2.603933291212E-08
2.603933291212E-08
2.603933291212E-08
2.603933291212E-08
2.603933291212E-08
2.603933291212E-08
2.603933291212E-08
2.603933291212E-08
2.603933291212E-08
2.603933291212E-08
2.603933291212E-08
2.603933291212E-08
2.603933291212E-08
2.603933291212E-08
2.603933291212E-08
2.603933291212E-08
2.603933291212E-08
2.603933291212E-08
2.30487842145521E-08
2.30487842145521E-08
1.24426422498658E-08
1.24426422498658E-08
1.24426422498658E-08
1.24426422498658E-08
1.24426422498658E-08
1.24426422498658E-08
1.24426422498658E-08
1.24426422498658E-08
1.24426422498658E-08
9.30640253749004E-09
9.30640253749004E-09
9.30640253749004E-09
9.30640253749004E-09
9.30640253749004E-09
9.30640253749004E-09
9.30640253749004E-09
9.30640253749004E-09
9.30640253749004E-09
9.30640253749004E-09
9.30640253749004E-09
9.30640253749004E-09
9.30640253749004E-09
9.30640253749004E-09
9.30640253749004E-09
9.30640253749004E-09
9.30640253749004E-09
9.30640253749004E-09
9.30640253749004E-09
9.30640253749004E-09
9.30640253749004E-09
9.30640253749004E-09
9.30640253749004E-09
9.30640253749004E-09
9.30640253749004E-09
9.00248120494496E-09
9.00248120494496E-09
9.00248120494496E-09
9.00248120494496E-09
9.00248120494496E-09
9.00248120494496E-09
9.00248120494496E-09
9.00248120494496E-09
9.00248120494496E-09
9.00248120494496E-09
9.00248120494496E-09
4.691080524033E-09
4.691080524033E-09
4.691080524033E-09
4.691080524033E-09
4.691080524033E-09
4.691080524033E-09
4.691080524033E-09
4.691080524033E-09
4.691080524033E-09
4.691080524033E-09
4.691080524033E-09
4.691080524033E-09
4.691080524033E-09
4.691080524033E-09
4.691080524033E-09
4.691080524033E-09
4.691080524033E-09
4.691080524033E-09
4.691080524033E-09
4.691080524033E-09
4.691080524033E-09
4.691080524033E-09
4.691080524033E-09
4.691080524033E-09
4.691080524033E-09
4.691080524033E-09
4.691080524033E-09
4.691080524033E-09
4.691080524033E-09
4.691080524033E-09
4.691080524033E-09
3.29151339517608E-09
3.29151339517608E-09
3.29151339517608E-09
3.29151339517608E-09
3.29151339517608E-09
3.29151339517608E-09
3.29151339517608E-09
3.29151339517608E-09
3.29151339517608E-09
3.29151339517608E-09
2.53616738721263E-09
2.53616738721263E-09
2.53616738721263E-09
2.53616738721263E-09
2.53616738721263E-09
2.53616738721263E-09
2.53616738721263E-09
2.53616738721263E-09
2.53616738721263E-09
2.53616738721263E-09
2.53616738721263E-09
2.53616738721263E-09
2.53616738721263E-09
2.53616738721263E-09
2.53616738721263E-09
2.53616738721263E-09
2.53616738721263E-09
2.53616738721263E-09
2.53616738721263E-09
2.53616738721263E-09
2.53616738721263E-09
2.53616738721263E-09
2.53616738721263E-09
2.53616738721263E-09
2.53616738721263E-09
2.53616738721263E-09
2.53616738721263E-09
2.53616738721263E-09
2.53616738721263E-09
2.53616738721263E-09
2.53616738721263E-09
2.53616738721263E-09
2.53616738721263E-09
2.53616738721263E-09
2.53616738721263E-09
2.53616738721263E-09
1.24612919982781E-09
1.24612919982781E-09
1.24612919982781E-09
1.24612919982781E-09
1.24612919982781E-09
1.24612919982781E-09
1.24612919982781E-09
1.24612919982781E-09
1.24612919982781E-09
1.24612919982781E-09
1.24612919982781E-09
1.24612919982781E-09
1.24612919982781E-09
1.24612919982781E-09
1.24612919982781E-09
1.24612919982781E-09
1.24612919982781E-09
1.24612919982781E-09
1.24612919982781E-09
1.24612919982781E-09
1.24612919982781E-09
1.24612919982781E-09
1.24612919982781E-09
1.24612919982781E-09
1.24612919982781E-09
1.24612919982781E-09
1.24612919982781E-09
1.24612919982781E-09
1.24612919982781E-09
1.24612919982781E-09
1.24612919982781E-09
1.24612919982781E-09
1.24612919982781E-09
2.29796848216779E-10
2.29796848216779E-10
2.29796848216779E-10
2.29796848216779E-10
2.29796848216779E-10
2.29796848216779E-10
2.29796848216779E-10
2.29796848216779E-10
2.29796848216779E-10
2.29796848216779E-10
2.29796848216779E-10
2.29796848216779E-10
2.29796848216779E-10
2.29796848216779E-10
2.29796848216779E-10
2.29796848216779E-10
2.29796848216779E-10

