0.0497978466029597
0.0490146306745057
0.0221418507887303
0.0200899459944725
0.016988177547664
0.0150041557766174
0.0110541426338434
0.0110541426338434
0.00544471807808533
0.00544471807808533
0.00262840209402818
0.00262840209402818
0.00155459954703177
0.00155459954703177
0.00153835132933737
0.00153835132933737
0.00153835132933737
0.00153835132933737
0.00153835132933737
0.000853564920064911
0.00019401561700969
0.00013271394438042
0.00013271394438042
0.00013271394438042
0.00013271394438042
0.00013271394438042
0.00013271394438042
0.000107444946023366
0.000107444946023366
0.000107444946023366
0.000107444946023366
0.000106222094155349
0.000106222094155349
0.000106222094155349
0.000106222094155349
0.000106222094155349
6.90394849283073E-05
6.47764763750551E-05
6.47764763750551E-05
6.47764763750551E-05
6.47764763750551E-05
6.47764763750551E-05
6.47764763750551E-05
6.47764763750551E-05
6.47764763750551E-05
6.47764763750551E-05
5.90850378086053E-05
3.22141444514327E-05
3.22141444514327E-05
3.22141444514327E-05
3.22141444514327E-05
3.22141444514327E-05
3.22141444514327E-05
3.22141444514327E-05
3.22141444514327E-05
3.22141444514327E-05
3.22141444514327E-05
3.22141444514327E-05
3.22141444514327E-05
3.22141444514327E-05
1.74571235474109E-05
1.74571235474109E-05
1.74571235474109E-05
1.74571235474109E-05
1.74571235474109E-05
1.74571235474109E-05
1.74571235474109E-05
1.74571235474109E-05
3.54064221359759E-06
3.54064221359759E-06
3.54064221359759E-06
3.54064221359759E-06
3.54064221359759E-06
3.54064221359759E-06
3.54064221359759E-06
3.54064221359759E-06
3.54064221359759E-06
3.54064221359759E-06
3.54064221359759E-06
3.54064221359759E-06
3.54064221359759E-06
3.54064221359759E-06
3.54064221359759E-06
2.20108046910033E-06
2.20108046910033E-06
2.20108046910033E-06
2.20108046910033E-06
2.20108046910033E-06
2.20108046910033E-06
2.20108046910033E-06
2.20108046910033E-06
2.20108046910033E-06
1.89332102306991E-06
1.89332102306991E-06
1.89332102306991E-06
1.89332102306991E-06
1.89332102306991E-06
1.89332102306991E-06
1.51142837403008E-06
1.51142837403008E-06
1.51142837403008E-06
1.51142837403008E-06
1.51142837403008E-06
1.51142837403008E-06
1.51142837403008E-06
1.51142837403008E-06
8.14841342846074E-07
8.14841342846074E-07
8.14841342846074E-07
8.14841342846074E-07
8.14841342846074E-07
8.14841342846074E-07
8.14841342846074E-07
8.14841342846074E-07
8.14841342846074E-07
8.14841342846074E-07
8.14841342846074E-07
8.14841342846074E-07
8.14841342846074E-07
8.14841342846074E-07
8.14841342846074E-07
8.14841342846074E-07
8.14841342846074E-07
8.14841342846074E-07
8.14841342846074E-07
8.14841342846074E-07
8.14841342846074E-07
8.14841342846074E-07
8.14841342846074E-07
8.14841342846074E-07
8.14841342846074E-07
8.14841342846074E-07
8.14841342846074E-07
8.14841342846074E-07
8.14841342846074E-07
8.14841342846074E-07
8.14841342846074E-07
8.14841342846074E-07
8.14841342846074E-07
8.14841342846074E-07
8.14841342846074E-07
8.14841342846074E-07
8.14841342846074E-07
8.14841342846074E-07
8.14841342846074E-07
8.14841342846074E-07
8.14841342846074E-07
8.14841342846074E-07
8.14841342846074E-07
8.14841342846074E-07
8.14841342846074E-07
8.14841342846074E-07
8.14841342846074E-07
8.14841342846074E-07
8.14841342846074E-07
8.14841342846074E-07
7.74915271907808E-07
7.74915271907808E-07
7.74915271907808E-07
7.74915271907808E-07
7.74915271907808E-07
7.74915271907808E-07
3.99675094758302E-07
3.99675094758302E-07
3.99675094758302E-07
3.99675094758302E-07
3.99675094758302E-07
3.99675094758302E-07
3.99675094758302E-07
3.99675094758302E-07
3.99675094758302E-07
3.99675094758302E-07
3.8162335142012E-07
3.8162335142012E-07
3.8162335142012E-07
3.8162335142012E-07
3.8162335142012E-07
3.8162335142012E-07
3.8162335142012E-07
3.8162335142012E-07
3.8162335142012E-07
3.8162335142012E-07
3.8162335142012E-07
3.8162335142012E-07
3.8162335142012E-07
3.8162335142012E-07
3.8162335142012E-07
3.8162335142012E-07
3.8162335142012E-07
3.8162335142012E-07
3.8162335142012E-07
3.74839667350154E-07
3.74839667350154E-07
3.74839667350154E-07
3.74839667350154E-07
3.74839667350154E-07
3.74839667350154E-07
3.66201120829785E-07
3.66201120829785E-07
3.66201120829785E-07
3.66201120829785E-07
2.95151404780439E-07
2.95151404780439E-07
2.95151404780439E-07
2.95151404780439E-07
2.95151404780439E-07
2.95151404780439E-07
2.95151404780439E-07
2.95151404780439E-07
2.95151404780439E-07
2.95151404780439E-07
2.95151404780439E-07
2.95151404780439E-07
2.38247410406084E-07
2.38247410406084E-07
2.38247410406084E-07
2.38247410406084E-07
2.38247410406084E-07
2.38247410406084E-07
2.38247410406084E-07
2.38247410406084E-07
2.38247410406084E-07
2.38247410406084E-07
2.38247410406084E-07
2.38247410406084E-07
2.38247410406084E-07
2.38247410406084E-07
2.38247410406084E-07
2.38247410406084E-07
2.38247410406084E-07
2.38247410406084E-07
2.38247410406084E-07
2.38247410406084E-07
2.38247410406084E-07
2.38247410406084E-07
2.38247410406084E-07
2.38247410406084E-07
2.38247410406084E-07
2.38247410406084E-07
2.38247410406084E-07
2.38247410406084E-07
2.38247410406084E-07
2.38247410406084E-07
2.38247410406084E-07
2.38247410406084E-07
2.38247410406084E-07
2.38247410406084E-07
2.38247410406084E-07
2.38247410406084E-07
2.38247410406084E-07
2.38247410406084E-07
2.17275428648831E-07
2.17275428648831E-07
2.17275428648831E-07
2.17275428648831E-07
2.17275428648831E-07
2.17275428648831E-07
1.08045164817609E-08
1.08045164817609E-08
1.08045164817609E-08
1.08045164817609E-08
1.08045164817609E-08
1.08045164817609E-08
1.08045164817609E-08
1.08045164817609E-08
1.08045164817609E-08
1.08045164817609E-08
1.08045164817609E-08
1.08045164817609E-08
1.08045164817609E-08
1.08045164817609E-08
1.08045164817609E-08
1.08045164817609E-08
1.08045164817609E-08
1.08045164817609E-08
1.08045164817609E-08
1.08045164817609E-08
1.08045164817609E-08
1.08045164817609E-08
1.08045164817609E-08
1.08045164817609E-08
1.08045164817609E-08
1.08045164817609E-08
1.08045164817609E-08
1.08045164817609E-08
1.08045164817609E-08
1.08045164817609E-08
1.08045164817609E-08
1.08045164817609E-08
1.08045164817609E-08
1.08045164817609E-08
1.08045164817609E-08
1.08045164817609E-08
1.08045164817609E-08
1.08045164817609E-08
1.08045164817609E-08
1.08045164817609E-08
1.08045164817609E-08
1.08045164817609E-08
1.08045164817609E-08
1.08045164817609E-08
1.08045164817609E-08
1.08045164817609E-08
1.08045164817609E-08
1.08045164817609E-08
1.08045164817609E-08
1.08045164817609E-08
1.08045164817609E-08
1.08045164817609E-08
1.08045164817609E-08
1.08045164817609E-08
1.08045164817609E-08
1.08045164817609E-08
1.08045164817609E-08
1.08045164817609E-08
1.08045164817609E-08
1.08045164817609E-08
1.08045164817609E-08
1.08045164817609E-08
1.08045164817609E-08
1.08045164817609E-08
1.08045164817609E-08
1.08045164817609E-08
1.08045164817609E-08
1.08045164817609E-08
1.08045164817609E-08
1.08045164817609E-08
1.08045164817609E-08
1.08045164817609E-08
1.08045164817609E-08
1.08045164817609E-08
1.08045164817609E-08
1.08045164817609E-08
1.08045164817609E-08
1.08045164817609E-08
1.08045164817609E-08
1.08045164817609E-08
1.08045164817609E-08
1.08045164817609E-08
1.08045164817609E-08
1.08045164817609E-08
1.08045164817609E-08
1.08045164817609E-08
1.08045164817609E-08
1.08045164817609E-08
1.08045164817609E-08
1.08045164817609E-08
1.08045164817609E-08
6.96727342735712E-09
6.96727342735712E-09
6.96727342735712E-09
6.96727342735712E-09
6.96727342735712E-09
6.96727342735712E-09
6.96727342735712E-09
6.96727342735712E-09
6.96727342735712E-09
6.96727342735712E-09
6.96727342735712E-09
6.96727342735712E-09
6.96727342735712E-09
6.96727342735712E-09
6.96727342735712E-09
6.96727342735712E-09
6.96727342735712E-09
6.96727342735712E-09
6.96727342735712E-09
6.96727342735712E-09
6.96727342735712E-09
6.96727342735712E-09
6.96727342735712E-09
6.96727342735712E-09
6.96727342735712E-09
6.96727342735712E-09
6.96727342735712E-09
6.96727342735712E-09
6.96727342735712E-09
6.96727342735712E-09
6.96727342735712E-09
6.96727342735712E-09
6.96727342735712E-09
6.96727342735712E-09
6.96727342735712E-09
6.96727342735712E-09
6.96727342735712E-09
6.96727342735712E-09
6.96727342735712E-09
6.96727342735712E-09
6.96727342735712E-09
6.96727342735712E-09
6.96727342735712E-09
6.96727342735712E-09
6.96727342735712E-09
6.96727342735712E-09
6.67882411835888E-09
3.64456441385555E-09
3.64456441385555E-09
3.64456441385555E-09
3.64456441385555E-09
3.64456441385555E-09
3.64456441385555E-09
3.64456441385555E-09
3.64456441385555E-09
3.64456441385555E-09
3.64456441385555E-09
3.64456441385555E-09
3.64456441385555E-09
3.64456441385555E-09
3.64456441385555E-09
3.64456441385555E-09
3.64456441385555E-09
3.64456441385555E-09
3.64456441385555E-09
3.64456441385555E-09
3.64456441385555E-09
2.53684665965244E-09
2.53684665965244E-09
2.53684665965244E-09
2.53684665965244E-09
2.53684665965244E-09
2.53684665965244E-09
2.53684665965244E-09
2.53684665965244E-09
2.53684665965244E-09
2.53684665965244E-09
2.53684665965244E-09
2.53684665965244E-09
2.53684665965244E-09
2.53684665965244E-09
2.53684665965244E-09
2.53684665965244E-09
2.53684665965244E-09
6.32614272771755E-10
6.32614272771755E-10
6.32614272771755E-10
6.32614272771755E-10
6.32614272771755E-10
6.32614272771755E-10
6.32614272771755E-10
6.32614272771755E-10
6.32614272771755E-10
6.32614272771755E-10
6.32614272771755E-10
6.32614272771755E-10
6.32614272771755E-10
3.40329204214224E-10
3.40329204214224E-10
3.40329204214224E-10
3.40329204214224E-10
3.40329204214224E-10
3.40329204214224E-10
3.40329204214224E-10
3.40329204214224E-10
3.40329204214224E-10
3.40329204214224E-10
3.40329204214224E-10
3.40329204214224E-10
3.40329204214224E-10
3.40329204214224E-10
3.40329204214224E-10
3.40329204214224E-10
3.40329204214224E-10
3.40329204214224E-10
3.40329204214224E-10
3.40329204214224E-10
3.40329204214224E-10
3.40329204214224E-10
3.40329204214224E-10
3.40329204214224E-10
3.40329204214224E-10
3.40329204214224E-10
3.40329204214224E-10
3.40329204214224E-10
3.40329204214224E-10
3.40329204214224E-10
3.40329204214224E-10
3.40329204214224E-10
3.40329204214224E-10
3.40329204214224E-10
3.40329204214224E-10
3.40329204214224E-10
3.40329204214224E-10
3.40329204214224E-10
3.40329204214224E-10
3.40329204214224E-10
3.40329204214224E-10
3.40329204214224E-10
3.40329204214224E-10
3.40329204214224E-10
3.40329204214224E-10
3.40329204214224E-10
3.40329204214224E-10
3.40329204214224E-10
3.40329204214224E-10
3.40329204214224E-10
3.40329204214224E-10
3.40329204214224E-10
3.40329204214224E-10
3.40329204214224E-10
3.40329204214224E-10

