0.124511712297611
0.11827048321798
0.0789868296782116
0.0567741329771256
0.0381567653551387
0.0381394034800171
0.0381385272573975
0.0378179022148657
0.0249473734894846
0.00674742406219148
0.00587376821051666
0.00575228936751454
0.00575228936751454
0.00199817629688248
0.00199817629688248
0.000788288914998159
5.66050759097658E-05
5.66050759097658E-05
5.66050759097658E-05
5.66050759097658E-05
5.66050759097658E-05
5.66050759097658E-05
5.66050759097658E-05
5.66050759097658E-05
5.66050759097658E-05
3.88088968831801E-05
3.88088968831801E-05
3.88088968831801E-05
3.88088968831801E-05
3.88088968831801E-05
3.88088968831801E-05
3.88088968831801E-05
3.88088968831801E-05
3.88088968831801E-05
3.88088968831801E-05
3.88088968831801E-05
3.88088968831801E-05
3.88088968831801E-05
3.88088968831801E-05
3.88088968831801E-05
3.88088968831801E-05
3.62893114902452E-05
2.81116085953381E-05
2.81116085953381E-05
2.81116085953381E-05
2.81116085953381E-05
2.81116085953381E-05
2.81116085953381E-05
2.81116085953381E-05
2.7475597505433E-05
2.7475597505433E-05
2.7475597505433E-05
2.7475597505433E-05
2.7475597505433E-05
2.7475597505433E-05
2.7475597505433E-05
2.7475597505433E-05
2.7475597505433E-05
2.28958633958221E-05
2.28958633958221E-05
2.13704617440524E-05
2.13704617440524E-05
2.13704617440524E-05
2.13704617440524E-05
2.13704617440524E-05
2.13704617440524E-05
2.13704617440524E-05
2.13704617440524E-05
2.13704617440524E-05
2.13704617440524E-05
2.13704617440524E-05
2.13704617440524E-05
1.70009943394334E-05
1.70009943394334E-05
1.70009943394334E-05
1.66103918649019E-05
1.66103918649019E-05
1.66103918649019E-05
1.44564544309889E-05
1.44564544309889E-05
8.10624094971235E-06
8.10624094971235E-06
8.10624094971235E-06
3.71576146862562E-06
3.71576146862562E-06
3.71576146862562E-06
3.71576146862562E-06
3.71576146862562E-06
3.71576146862562E-06
3.71576146862562E-06
3.71576146862562E-06
3.71576146862562E-06
3.02966749626821E-06
3.02966749626821E-06
3.02966749626821E-06
3.02966749626821E-06
9.50420611878222E-07
9.50420611878222E-07
9.50420611878222E-07
9.50420611878222E-07
9.50420611878222E-07
9.50420611878222E-07
9.50420611878222E-07
9.50420611878222E-07
9.50420611878222E-07
9.50420611878222E-07
9.50420611878222E-07
9.50420611878222E-07
9.50420611878222E-07
9.50420611878222E-07
9.50420611878222E-07
9.50420611878222E-07
9.50420611878222E-07
9.50420611878222E-07
7.62783199437234E-07
7.62783199437234E-07
7.62783199437234E-07
7.62783199437234E-07
4.45295638973331E-07
4.45295638973331E-07
4.45295638973331E-07
4.45295638973331E-07
4.45295638973331E-07
4.45295638973331E-07
4.45295638973331E-07
4.45295638973331E-07
4.45295638973331E-07
4.45295638973331E-07
4.45295638973331E-07
4.45295638973331E-07
4.45295638973331E-07
3.85740975161752E-07
3.85740975161752E-07
3.85740975161752E-07
3.85740975161752E-07
3.85740975161752E-07
3.85740975161752E-07
3.85740975161752E-07
3.85740975161752E-07
3.85740975161752E-07
3.85740975161752E-07
3.85740975161752E-07
3.85740975161752E-07
3.85740975161752E-07
3.85740975161752E-07
3.85740975161752E-07
3.85740975161752E-07
3.85740975161752E-07
3.85740975161752E-07
3.85740975161752E-07
3.85740975161752E-07
3.85740975161752E-07
3.85740975161752E-07
3.85740975161752E-07
3.85740975161752E-07
3.85740975161752E-07
3.85740975161752E-07
3.85740975161752E-07
3.85740975161752E-07
3.85740975161752E-07
2.79140768888464E-07
2.79140768888464E-07
2.79140768888464E-07
2.12886207384688E-07
2.12886207384688E-07
2.12886207384688E-07
2.12886207384688E-07
2.12886207384688E-07
2.12886207384688E-07
2.12886207384688E-07
2.12886207384688E-07
2.12886207384688E-07
2.12886207384688E-07
2.12886207384688E-07
2.12886207384688E-07
2.12886207384688E-07
2.12886207384688E-07
2.12886207384688E-07
2.12886207384688E-07
2.12886207384688E-07
2.12886207384688E-07
2.12886207384688E-07
2.12886207384688E-07
2.12886207384688E-07
2.12886207384688E-07
2.12886207384688E-07
2.12886207384688E-07
2.12886207384688E-07
2.12886207384688E-07
2.12886207384688E-07
2.12886207384688E-07
2.12886207384688E-07
2.00103313474642E-07
2.00103313474642E-07
1.2564662504877E-07
1.2564662504877E-07
8.95566565906059E-08
8.95566565906059E-08
8.95566565906059E-08
8.95566565906059E-08
8.95566565906059E-08
8.95566565906059E-08
8.95566565906059E-08
8.95566565906059E-08
8.95566565906059E-08
8.95566565906059E-08
8.95566565906059E-08
8.95566565906059E-08
8.95566565906059E-08
8.95566565906059E-08
8.95566565906059E-08
8.95566565906059E-08
8.95566565906059E-08
8.95566565906059E-08
8.95566565906059E-08
8.95566565906059E-08
8.95566565906059E-08
8.95566565906059E-08
8.95566565906059E-08
8.95566565906059E-08
8.95566565906059E-08
8.95566565906059E-08
8.95566565906059E-08
8.95566565906059E-08
8.95566565906059E-08
8.95566565906059E-08
8.95566565906059E-08
8.95566565906059E-08
8.95566565906059E-08
5.98367176918302E-08
5.98367176918302E-08
5.92055014458914E-08
5.92055014458914E-08
5.92055014458914E-08
5.92055014458914E-08
5.92055014458914E-08
5.92055014458914E-08
5.92055014458914E-08
5.92055014458914E-08
5.92055014458914E-08
5.92055014458914E-08
5.92055014458914E-08
5.92055014458914E-08
5.92055014458914E-08
5.92055014458914E-08
5.92055014458914E-08
5.92055014458914E-08
5.92055014458914E-08
5.92055014458914E-08
5.92055014458914E-08
5.92055014458914E-08
4.76260726411937E-08
4.76260726411937E-08
4.76260726411937E-08
4.76260726411937E-08
4.76260726411937E-08
4.76260726411937E-08
4.76260726411937E-08
4.76260726411937E-08
4.76260726411937E-08
4.76260726411937E-08
4.76260726411937E-08
4.76260726411937E-08
4.76260726411937E-08
4.76260726411937E-08
4.76260726411937E-08
4.76260726411937E-08
4.76260726411937E-08
4.76260726411937E-08
4.76260726411937E-08
4.76260726411937E-08
4.76260726411937E-08
4.76260726411937E-08
4.76260726411937E-08
4.76260726411937E-08
4.76260726411937E-08
4.76260726411937E-08
4.76260726411937E-08
4.76260726411937E-08
4.76260726411937E-08
4.76260726411937E-08
4.76260726411937E-08
4.76260726411937E-08
1.46615796170479E-08
1.46615796170479E-08
1.46615796170479E-08
1.46615796170479E-08
1.46615796170479E-08
1.46615796170479E-08
1.46615796170479E-08
1.46615796170479E-08
1.46615796170479E-08
1.46615796170479E-08
1.46615796170479E-08
1.46615796170479E-08
1.46615796170479E-08
1.46615796170479E-08
1.46615796170479E-08
1.46615796170479E-08
1.46615796170479E-08
1.46615796170479E-08
1.46615796170479E-08
1.46615796170479E-08
1.46615796170479E-08
1.46615796170479E-08
1.46615796170479E-08
1.46615796170479E-08
1.46615796170479E-08
1.46615796170479E-08
1.46615796170479E-08
1.46615796170479E-08
1.46615796170479E-08
1.46615796170479E-08
1.46615796170479E-08
1.46615796170479E-08
1.46615796170479E-08
1.46615796170479E-08
1.46615796170479E-08
1.46615796170479E-08
1.46615796170479E-08
1.46615796170479E-08
1.46615796170479E-08
1.46615796170479E-08
1.46615796170479E-08
1.46615796170479E-08
1.46615796170479E-08
1.46615796170479E-08
1.46615796170479E-08
1.46615796170479E-08
1.46615796170479E-08
1.46615796170479E-08
1.46615796170479E-08
1.46615796170479E-08
1.46615796170479E-08
1.46615796170479E-08
1.46615796170479E-08
1.46615796170479E-08
1.46615796170479E-08
1.46615796170479E-08
2.89872387204682E-09
2.89872387204682E-09
2.89872387204682E-09
2.89872387204682E-09
2.89872387204682E-09
2.89872387204682E-09
2.89872387204682E-09
2.89872387204682E-09
2.89872387204682E-09
2.89872387204682E-09
2.89872387204682E-09
2.89872387204682E-09
2.89872387204682E-09
2.89872387204682E-09
2.89872387204682E-09
2.89872387204682E-09
2.89872387204682E-09
2.89872387204682E-09
2.89872387204682E-09
2.89872387204682E-09
2.89872387204682E-09
2.89872387204682E-09
2.89872387204682E-09
2.89872387204682E-09
2.89872387204682E-09
2.89872387204682E-09
2.89872387204682E-09
2.89872387204682E-09
2.89872387204682E-09
2.89872387204682E-09
2.89872387204682E-09
2.89872387204682E-09
2.89872387204682E-09
2.89872387204682E-09
2.89872387204682E-09
2.89872387204682E-09
2.89872387204682E-09
2.89872387204682E-09
2.89872387204682E-09
2.89872387204682E-09
2.89872387204682E-09
2.89872387204682E-09
2.89872387204682E-09
2.89872387204682E-09
2.89872387204682E-09
2.89872387204682E-09
2.89872387204682E-09
2.89872387204682E-09
2.89872387204682E-09
2.89872387204682E-09
2.89872387204682E-09
2.89872387204682E-09
2.89872387204682E-09
2.89872387204682E-09
2.89872387204682E-09
2.89872387204682E-09
2.31979879750099E-09
2.31979879750099E-09
2.31979879750099E-09
2.31979879750099E-09
2.31979879750099E-09
2.31979879750099E-09
2.31979879750099E-09
2.31979879750099E-09
2.31979879750099E-09
2.31979879750099E-09
2.31979879750099E-09
2.31979879750099E-09
2.31979879750099E-09
2.31979879750099E-09
2.31979879750099E-09
2.31979879750099E-09
2.31979879750099E-09
2.31979879750099E-09
2.31979879750099E-09
2.31979879750099E-09
2.31979879750099E-09
2.31979879750099E-09
2.31979879750099E-09
2.31979879750099E-09
2.31979879750099E-09
2.31979879750099E-09
2.31979879750099E-09
2.31979879750099E-09
2.31979879750099E-09
2.31979879750099E-09
2.31979879750099E-09
2.31979879750099E-09
2.31979879750099E-09
2.31979879750099E-09
2.31979879750099E-09
2.31979879750099E-09
2.31979879750099E-09
2.31979879750099E-09
2.31979879750099E-09
2.31979879750099E-09
2.31979879750099E-09
1.98338107049167E-09
1.98338107049167E-09
1.98338107049167E-09
1.98338107049167E-09
1.98338107049167E-09
1.98338107049167E-09
1.98338107049167E-09
1.98338107049167E-09
1.98338107049167E-09
1.98338107049167E-09
1.98338107049167E-09
1.98338107049167E-09
1.98338107049167E-09
1.98338107049167E-09
1.98338107049167E-09
1.98338107049167E-09
1.98338107049167E-09
1.98338107049167E-09
1.98338107049167E-09
1.98338107049167E-09
1.98338107049167E-09
1.98338107049167E-09
1.98338107049167E-09
1.98338107049167E-09
1.98338107049167E-09
1.98338107049167E-09
1.98338107049167E-09
1.98338107049167E-09
1.98338107049167E-09
1.98338107049167E-09
1.98338107049167E-09
1.98338107049167E-09
1.98338107049167E-09
1.98338107049167E-09
1.67907204806639E-09
1.67907204806639E-09
1.67907204806639E-09
1.67907204806639E-09
1.67907204806639E-09
1.67907204806639E-09
1.67907204806639E-09
1.67907204806639E-09
1.67907204806639E-09
1.67907204806639E-09
1.67907204806639E-09
1.45569406528878E-09
1.45569406528878E-09
1.45569406528878E-09
1.45569406528878E-09
1.45569406528878E-09
1.45569406528878E-09
1.45569406528878E-09
1.45569406528878E-09
1.45569406528878E-09
1.45569406528878E-09
1.45569406528878E-09
1.45569406528878E-09
1.45569406528878E-09
1.45569406528878E-09
1.45569406528878E-09
1.45569406528878E-09
1.45569406528878E-09
1.45569406528878E-09
1.45569406528878E-09

