0.167363571381194
0.054131420803877
0.054131420803877
0.0343909741953186
0.0343909741953186
0.0343909741953186
0.0145992287183525
0.00317375748209364
0.00317112598927038
0.00225541452886319
0.00225541452886319
0.00225541452886319
0.00225541452886319
0.00225541452886319
0.00225541452886319
0.00161046228656414
0.00108590948691156
0.00108590948691156
0.00108590948691156
0.00107601037652705
0.00107601037652705
0.00097090040417025
0.000702078060581313
0.000702078060581313
0.00034548826011177
0.000343000723516618
0.000343000723516618
0.000125743770799935
0.000125743770799935
0.000120265992951063
0.000120265992951063
0.000120265992951063
8.23287262712857E-05
8.23287262712857E-05
8.23287262712857E-05
8.23287262712857E-05
8.23287262712857E-05
5.02047956118523E-05
5.02047956118523E-05
5.02047956118523E-05
5.02047956118523E-05
3.08008515503277E-05
3.08008515503277E-05
3.08008515503277E-05
3.08008515503277E-05
3.08008515503277E-05
3.08008515503277E-05
3.08008515503277E-05
3.08008515503277E-05
3.08008515503277E-05
3.08008515503277E-05
3.08008515503277E-05
3.08008515503277E-05
3.08008515503277E-05
3.08008515503277E-05
3.08008515503277E-05
3.08008515503277E-05
3.08008515503277E-05
2.30324058769216E-05
2.30324058769216E-05
2.30324058769216E-05
2.30324058769216E-05
2.03887297837713E-05
2.03887297837713E-05
2.03887297837713E-05
1.93621481586193E-05
1.65650435571263E-05
1.65650435571263E-05
1.65650435571263E-05
1.65650435571263E-05
1.65650435571263E-05
1.65650435571263E-05
1.4064521773105E-05
1.4064521773105E-05
6.24398769272227E-06
6.24398769272227E-06
6.24398769272227E-06
6.24398769272227E-06
6.24398769272227E-06
6.24398769272227E-06
6.24398769272227E-06
6.24398769272227E-06
6.24398769272227E-06
5.81243532027376E-06
5.81243532027376E-06
5.81243532027376E-06
5.20980232354695E-06
5.20980232354695E-06
5.20980232354695E-06
5.20980232354695E-06
5.20980232354695E-06
4.28321427858869E-06
4.28321427858869E-06
4.28321427858869E-06
4.28321427858869E-06
4.28321427858869E-06
4.28321427858869E-06
4.28321427858869E-06
4.28321427858869E-06
4.28321427858869E-06
4.28321427858869E-06
4.12360922985577E-06
4.12360922985577E-06
4.12360922985577E-06
2.14221706440476E-06
2.14221706440476E-06
2.14221706440476E-06
2.14221706440476E-06
2.14221706440476E-06
2.14221706440476E-06
2.14221706440476E-06
2.14221706440476E-06
2.14221706440476E-06
2.14221706440476E-06
2.14221706440476E-06
2.14221706440476E-06
2.14221706440476E-06
2.14221706440476E-06
2.14221706440476E-06
2.14221706440476E-06
2.14221706440476E-06
2.14221706440476E-06
2.14221706440476E-06
2.14221706440476E-06
2.14221706440476E-06
2.14221706440476E-06
2.14221706440476E-06
2.14221706440476E-06
2.14221706440476E-06
2.14221706440476E-06
2.14221706440476E-06
1.64693118354098E-06
1.64693118354098E-06
1.64693118354098E-06
1.64693118354098E-06
1.64693118354098E-06
1.64693118354098E-06
1.64693118354098E-06
1.64693118354098E-06
1.64693118354098E-06
1.64693118354098E-06
1.64693118354098E-06
1.64693118354098E-06
1.42418884419016E-06
1.42418884419016E-06
1.42418884419016E-06
1.42418884419016E-06
1.42418884419016E-06
1.07343294369899E-06
1.07343294369899E-06
1.07343294369899E-06
1.07343294369899E-06
9.86610962760981E-07
9.86610962760981E-07
9.86610962760981E-07
8.83589621802905E-07
8.83589621802905E-07
8.83589621802905E-07
8.83589621802905E-07
8.83589621802905E-07
8.83589621802905E-07
8.83589621802905E-07
8.83589621802905E-07
8.83589621802905E-07
8.83589621802905E-07
8.83589621802905E-07
8.83589621802905E-07
8.83589621802905E-07
8.83589621802905E-07
5.62043142082747E-07
2.47888201132529E-07
2.47888201132529E-07
2.47888201132529E-07
2.47888201132529E-07
2.47888201132529E-07
2.47888201132529E-07
2.47888201132529E-07
2.47888201132529E-07
2.47888201132529E-07
2.47888201132529E-07
2.47888201132529E-07
2.47888201132529E-07
2.47888201132529E-07
2.47888201132529E-07
2.47888201132529E-07
2.47888201132529E-07
1.45725779610029E-07
1.45725779610029E-07
1.45725779610029E-07
1.45725779610029E-07
1.45725779610029E-07
1.45725779610029E-07
1.45725779610029E-07
1.45725779610029E-07
1.45725779610029E-07
1.45725779610029E-07
1.45725779610029E-07
1.45725779610029E-07
1.45725779610029E-07
1.45725779610029E-07
1.45725779610029E-07
1.45725779610029E-07
1.45725779610029E-07
1.45725779610029E-07
1.45725779610029E-07
1.13852410887905E-07
1.13852410887905E-07
1.13852410887905E-07
1.87138960439093E-08
1.87138960439093E-08
1.87138960439093E-08
1.87138960439093E-08
1.87138960439093E-08
1.87138960439093E-08
1.87138960439093E-08
1.87138960439093E-08
1.87138960439093E-08
1.87138960439093E-08
1.87138960439093E-08
1.87138960439093E-08
1.87138960439093E-08
1.87138960439093E-08
1.87138960439093E-08
1.87138960439093E-08
1.87138960439093E-08
1.87138960439093E-08
1.87138960439093E-08
1.87138960439093E-08
1.87138960439093E-08
1.87138960439093E-08
1.87138960439093E-08
1.87138960439093E-08
1.87138960439093E-08
1.87138960439093E-08
1.87138960439093E-08
1.87138960439093E-08
1.87138960439093E-08
1.87138960439093E-08
1.87138960439093E-08
1.87138960439093E-08
1.87138960439093E-08
1.87138960439093E-08
1.87138960439093E-08
1.87138960439093E-08
1.87138960439093E-08
1.87138960439093E-08
1.87138960439093E-08
1.87138960439093E-08
1.87138960439093E-08
1.87138960439093E-08
1.87138960439093E-08
1.87138960439093E-08
1.87138960439093E-08
1.87138960439093E-08
1.87138960439093E-08
1.87138960439093E-08
1.87138960439093E-08
1.87138960439093E-08
1.87138960439093E-08
1.87138960439093E-08
1.87138960439093E-08
1.87138960439093E-08
1.87138960439093E-08
1.87138960439093E-08
1.87138960439093E-08
1.87138960439093E-08
1.87138960439093E-08
1.87138960439093E-08
1.87138960439093E-08
1.87138960439093E-08
1.87138960439093E-08
1.87138960439093E-08
1.87138960439093E-08
1.87138960439093E-08
1.87138960439093E-08
1.87138960439093E-08
1.87138960439093E-08
1.87138960439093E-08
1.87138960439093E-08
1.87138960439093E-08
1.87138960439093E-08
1.87138960439093E-08
1.52861989177744E-08
1.52861989177744E-08
1.52861989177744E-08
1.52861989177744E-08
1.52861989177744E-08
1.52861989177744E-08
1.52861989177744E-08
1.52861989177744E-08
1.52861989177744E-08
1.52861989177744E-08
1.52861989177744E-08
1.52861989177744E-08
1.52861989177744E-08
1.52861989177744E-08
1.52861989177744E-08
1.52861989177744E-08
4.54384846415579E-09
4.54384846415579E-09
4.54384846415579E-09
4.54384846415579E-09
4.54384846415579E-09
4.54384846415579E-09
4.54384846415579E-09
4.54384846415579E-09
4.54384846415579E-09
4.54384846415579E-09
4.54384846415579E-09
4.54384846415579E-09
4.54384846415579E-09
4.54384846415579E-09
4.54384846415579E-09
4.54384846415579E-09
4.54384846415579E-09
4.54384846415579E-09
4.54384846415579E-09
4.54384846415579E-09
4.54384846415579E-09
4.54384846415579E-09
4.54384846415579E-09
4.54384846415579E-09
4.54384846415579E-09
4.54384846415579E-09
4.54384846415579E-09
4.54384846415579E-09
4.54384846415579E-09
4.54384846415579E-09
4.54384846415579E-09
4.54384846415579E-09
4.54384846415579E-09
4.54384846415579E-09
4.54384846415579E-09
4.54384846415579E-09
4.54384846415579E-09
4.54384846415579E-09
4.54384846415579E-09
4.54384846415579E-09
4.54384846415579E-09
4.54384846415579E-09
4.54384846415579E-09
4.54384846415579E-09
4.54384846415579E-09
3.02073777103118E-09
3.02073777103118E-09
3.02073777103118E-09
3.02073777103118E-09
3.02073777103118E-09
3.02073777103118E-09
3.02073777103118E-09
3.02073777103118E-09
3.02073777103118E-09
3.02073777103118E-09
3.02073777103118E-09
3.02073777103118E-09
3.02073777103118E-09
3.02073777103118E-09
3.02073777103118E-09
3.02073777103118E-09
3.02073777103118E-09
3.02073777103118E-09
3.02073777103118E-09
3.02073777103118E-09
3.02073777103118E-09
1.62760116495519E-09
1.62760116495519E-09
1.62760116495519E-09
1.62760116495519E-09
1.62760116495519E-09
1.62760116495519E-09
1.62760116495519E-09
1.62760116495519E-09
1.62760116495519E-09
1.62760116495519E-09
1.62760116495519E-09
1.62760116495519E-09
1.62760116495519E-09
1.62760116495519E-09
1.62760116495519E-09
1.62760116495519E-09
1.62760116495519E-09
1.62760116495519E-09
1.62760116495519E-09
1.62760116495519E-09
1.62760116495519E-09
1.62760116495519E-09
1.62760116495519E-09
1.62760116495519E-09
1.62760116495519E-09
1.62760116495519E-09
1.62760116495519E-09
1.62760116495519E-09
1.62760116495519E-09
1.62760116495519E-09
1.62760116495519E-09
1.62760116495519E-09
1.62760116495519E-09
1.62760116495519E-09
1.62760116495519E-09
1.62760116495519E-09
1.62760116495519E-09
7.50684903128018E-10
7.50684903128018E-10
7.50684903128018E-10
7.50684903128018E-10
7.50684903128018E-10
7.50684903128018E-10
7.50684903128018E-10
7.50684903128018E-10
7.50684903128018E-10
7.50684903128018E-10
7.50684903128018E-10
7.50684903128018E-10
7.50684903128018E-10
7.50684903128018E-10
7.50684903128018E-10
7.50684903128018E-10
7.50684903128018E-10
7.50684903128018E-10
7.50684903128018E-10
7.50684903128018E-10
7.50684903128018E-10
7.50684903128018E-10
7.50684903128018E-10
7.50684903128018E-10
7.50684903128018E-10
7.50684903128018E-10
7.50684903128018E-10
7.50684903128018E-10
7.50684903128018E-10
7.50684903128018E-10
7.50684903128018E-10
7.50684903128018E-10
7.50684903128018E-10
7.50684903128018E-10
7.50684903128018E-10
7.50684903128018E-10
7.50684903128018E-10
7.50684903128018E-10
7.50684903128018E-10
7.50684903128018E-10
7.50684903128018E-10
7.50684903128018E-10
7.50684903128018E-10
7.50684903128018E-10
7.50684903128018E-10
7.50684903128018E-10
7.50684903128018E-10
7.50684903128018E-10
7.50684903128018E-10
7.50684903128018E-10
7.50684903128018E-10
7.50684903128018E-10
7.50684903128018E-10
7.50684903128018E-10
7.50684903128018E-10
7.50684903128018E-10
7.50684903128018E-10
7.50684903128018E-10
7.50684903128018E-10
7.50684903128018E-10
7.50684903128018E-10
7.50684903128018E-10
7.50684903128018E-10
7.50684903128018E-10
7.50684903128018E-10
7.50684903128018E-10
7.50684903128018E-10
7.50684903128018E-10
7.50684903128018E-10
7.50684903128018E-10
7.50684903128018E-10
7.50684903128018E-10
7.50684903128018E-10
7.50684903128018E-10
7.50684903128018E-10
7.50684903128018E-10
7.50684903128018E-10
7.50684903128018E-10
7.50684903128018E-10
7.50684903128018E-10
7.50684903128018E-10
7.50684903128018E-10
7.50684903128018E-10
7.50684903128018E-10
7.50684903128018E-10
7.50684903128018E-10
7.50684903128018E-10
7.50684903128018E-10
7.50684903128018E-10
7.50684903128018E-10
7.50684903128018E-10
7.50684903128018E-10
7.50684903128018E-10
7.50684903128018E-10
7.50684903128018E-10
7.50684903128018E-10
7.50684903128018E-10
7.50684903128018E-10
7.50684903128018E-10

