0.0735416597611211
0.0735416597611211
0.0735416597611211
0.0411802622788365
0.0248780565470741
0.0161095546929338
0.0139852764575917
0.0139852764575917
0.00940968811524046
0.00940968811524046
0.007988695703535
0.0057526153471773
0.00238392984808822
0.00114724332858662
0.000709910331746388
0.000709910331746388
0.000709910331746388
0.000678515254355361
0.000678515254355361
0.000678515254355361
0.000678515254355361
0.000678515254355361
0.000187614901406397
0.000187614901406397
0.000135591998138507
0.000135591998138507
0.000123499171299168
0.000123499171299168
0.000123499171299168
0.000108177592777925
0.000108177592777925
0.000108177592777925
0.000108177592777925
0.000108177592777925
0.000108177592777925
0.000108177592777925
0.000108177592777925
0.000108177592777925
0.000108177592777925
5.44636360576556E-05
5.44636360576556E-05
5.44636360576556E-05
5.44636360576556E-05
5.44636360576556E-05
5.44636360576556E-05
5.44636360576556E-05
2.62606482371863E-05
2.62606482371863E-05
2.62606482371863E-05
2.62606482371863E-05
2.62606482371863E-05
2.62606482371863E-05
2.62606482371863E-05
2.50641904051552E-05
2.50641904051552E-05
2.50641904051552E-05
2.38110787488255E-05
1.28698440127195E-05
1.28698440127195E-05
1.28698440127195E-05
1.28698440127195E-05
1.28698440127195E-05
1.28698440127195E-05
1.28698440127195E-05
1.28698440127195E-05
1.28698440127195E-05
1.28698440127195E-05
9.6050167056605E-06
9.6050167056605E-06
9.6050167056605E-06
9.6050167056605E-06
9.6050167056605E-06
9.6050167056605E-06
9.6050167056605E-06
2.40905535242586E-06
2.40905535242586E-06
2.40905535242586E-06
2.40905535242586E-06
2.40905535242586E-06
2.40905535242586E-06
2.40905535242586E-06
2.40905535242586E-06
2.40905535242586E-06
2.40905535242586E-06
2.33388679460322E-06
2.33388679460322E-06
2.33388679460322E-06
2.33388679460322E-06
2.33388679460322E-06
2.33388679460322E-06
2.33388679460322E-06
2.33388679460322E-06
2.33388679460322E-06
2.33388679460322E-06
4.40849354688133E-07
4.40849354688133E-07
4.40849354688133E-07
4.40849354688133E-07
4.40849354688133E-07
4.40849354688133E-07
4.40849354688133E-07
4.40849354688133E-07
4.40849354688133E-07
4.40849354688133E-07
4.40849354688133E-07
4.40849354688133E-07
4.40849354688133E-07
4.40849354688133E-07
4.40849354688133E-07
4.40849354688133E-07
4.40849354688133E-07
4.40849354688133E-07
4.40849354688133E-07
4.40849354688133E-07
4.40849354688133E-07
4.40849354688133E-07
4.40849354688133E-07
4.40849354688133E-07
4.40849354688133E-07
4.40849354688133E-07
4.40849354688133E-07
4.40849354688133E-07
4.40849354688133E-07
4.40849354688133E-07
4.40849354688133E-07
4.40849354688133E-07
4.40849354688133E-07
4.40849354688133E-07
4.40849354688133E-07
4.40849354688133E-07
4.40849354688133E-07
4.40849354688133E-07
4.40849354688133E-07
4.40849354688133E-07
4.40849354688133E-07
4.40849354688133E-07
4.40849354688133E-07
4.40849354688133E-07
4.40849354688133E-07
8.14411970084805E-08
8.14411970084805E-08
8.14411970084805E-08
8.14411970084805E-08
8.14411970084805E-08
8.14411970084805E-08
8.14411970084805E-08
8.14411970084805E-08
8.14411970084805E-08
8.14411970084805E-08
8.14411970084805E-08
8.14411970084805E-08
8.14411970084805E-08
8.14411970084805E-08
8.14411970084805E-08
8.14411970084805E-08
8.14411970084805E-08
8.14411970084805E-08
8.14411970084805E-08
8.14411970084805E-08
8.14411970084805E-08
8.14411970084805E-08
8.14411970084805E-08
8.14411970084805E-08
8.14411970084805E-08
8.14411970084805E-08
8.14411970084805E-08
8.14411970084805E-08
8.14411970084805E-08
8.14411970084805E-08
8.14411970084805E-08
8.14411970084805E-08
8.14411970084805E-08
8.14411970084805E-08
8.14411970084805E-08
8.14411970084805E-08
8.14411970084805E-08
8.14411970084805E-08
8.14411970084805E-08
8.14411970084805E-08
8.14411970084805E-08
8.14411970084805E-08
8.14411970084805E-08
8.14411970084805E-08
8.14411970084805E-08
8.14411970084805E-08
8.14411970084805E-08
8.14411970084805E-08
8.14411970084805E-08
8.14411970084805E-08
8.14411970084805E-08
8.14411970084805E-08
8.14411970084805E-08
8.14411970084805E-08
8.14411970084805E-08
8.14411970084805E-08
8.14411970084805E-08
8.14411970084805E-08
8.14411970084805E-08
8.14411970084805E-08
8.14411970084805E-08
8.14411970084805E-08
8.14411970084805E-08
7.16561864289034E-08
7.16561864289034E-08
7.16561864289034E-08
7.16561864289034E-08
7.16561864289034E-08
7.16561864289034E-08
7.16561864289034E-08
7.16561864289034E-08
7.16561864289034E-08
7.16561864289034E-08
7.16561864289034E-08
7.16561864289034E-08
7.16561864289034E-08
7.16561864289034E-08
7.16561864289034E-08
7.16561864289034E-08
7.16561864289034E-08
7.16561864289034E-08
7.16561864289034E-08
7.16561864289034E-08
7.16561864289034E-08
7.16561864289034E-08
7.16561864289034E-08
7.16561864289034E-08
5.72783506180841E-08
5.72783506180841E-08
5.72783506180841E-08
5.72783506180841E-08
5.72783506180841E-08
5.72783506180841E-08
5.72783506180841E-08
5.72783506180841E-08
5.72783506180841E-08
5.72783506180841E-08
3.11464568580888E-08
3.11464568580888E-08
3.11464568580888E-08
3.11464568580888E-08
3.11464568580888E-08
3.11464568580888E-08
3.11464568580888E-08
3.11464568580888E-08
3.11464568580888E-08
3.11464568580888E-08
3.11464568580888E-08
3.11464568580888E-08
3.11464568580888E-08
3.11464568580888E-08
3.11464568580888E-08
3.11464568580888E-08
3.11464568580888E-08
3.11464568580888E-08
3.11464568580888E-08
3.11464568580888E-08
3.11464568580888E-08
3.11464568580888E-08
3.11464568580888E-08
3.11464568580888E-08
3.11464568580888E-08
3.10081962329178E-08
3.10081962329178E-08
3.10081962329178E-08
3.10081962329178E-08
3.10081962329178E-08
3.10081962329178E-08
3.10081962329178E-08
3.10081962329178E-08
3.10081962329178E-08
3.10081962329178E-08
3.10081962329178E-08
3.10081962329178E-08
3.10081962329178E-08
3.10081962329178E-08
3.10081962329178E-08
3.10081962329178E-08
3.10081962329178E-08
3.10081962329178E-08
3.10081962329178E-08
3.10081962329178E-08
3.10081962329178E-08
3.10081962329178E-08
3.10081962329178E-08
2.13799178361285E-09
2.13799178361285E-09
2.13799178361285E-09
2.13799178361285E-09
2.13799178361285E-09
2.13799178361285E-09
2.13799178361285E-09
2.13799178361285E-09
2.13799178361285E-09
2.13799178361285E-09
2.13799178361285E-09
2.13799178361285E-09
2.13799178361285E-09
2.13799178361285E-09
2.13799178361285E-09
2.13799178361285E-09
2.13799178361285E-09
2.13799178361285E-09
2.13799178361285E-09
2.13799178361285E-09
2.13799178361285E-09
2.13799178361285E-09
2.13799178361285E-09
2.13799178361285E-09
2.13799178361285E-09
2.13799178361285E-09
2.13799178361285E-09
2.13799178361285E-09
2.13799178361285E-09
2.13799178361285E-09
2.13799178361285E-09
2.13799178361285E-09
2.13799178361285E-09
2.13799178361285E-09
2.13799178361285E-09
2.13799178361285E-09
2.13799178361285E-09
2.13799178361285E-09
2.13799178361285E-09
2.13799178361285E-09
2.13799178361285E-09
2.13799178361285E-09
2.13799178361285E-09
2.13799178361285E-09
2.13799178361285E-09
2.13799178361285E-09
2.13799178361285E-09
2.13799178361285E-09
2.13799178361285E-09
2.13799178361285E-09
2.13799178361285E-09
2.13799178361285E-09
2.13799178361285E-09
2.13799178361285E-09
2.13799178361285E-09
2.13799178361285E-09
2.13799178361285E-09
2.13799178361285E-09
2.13799178361285E-09
2.13799178361285E-09
2.13799178361285E-09
2.13799178361285E-09
2.13799178361285E-09
2.13799178361285E-09
2.13799178361285E-09
2.13799178361285E-09
2.13799178361285E-09
2.13799178361285E-09
2.13799178361285E-09
2.13799178361285E-09
2.13799178361285E-09
2.13799178361285E-09
2.13799178361285E-09
2.13799178361285E-09
2.13799178361285E-09
2.13799178361285E-09
2.13799178361285E-09
2.13799178361285E-09
2.13799178361285E-09
2.13799178361285E-09
2.13799178361285E-09
2.13799178361285E-09
2.13799178361285E-09
2.13799178361285E-09
2.13799178361285E-09
2.13799178361285E-09
2.13799178361285E-09
2.13799178361285E-09
2.13799178361285E-09
2.13799178361285E-09
2.13799178361285E-09
2.13799178361285E-09
2.13799178361285E-09
2.13799178361285E-09
2.13799178361285E-09
2.13799178361285E-09
2.13799178361285E-09
2.13799178361285E-09
2.13799178361285E-09
2.13799178361285E-09
2.13799178361285E-09
2.13799178361285E-09
2.13799178361285E-09
2.13799178361285E-09
2.13799178361285E-09
2.13799178361285E-09
2.13799178361285E-09
2.13799178361285E-09
2.13799178361285E-09
2.13799178361285E-09
2.13799178361285E-09
2.13799178361285E-09
2.13799178361285E-09
2.13799178361285E-09
2.13799178361285E-09
2.13799178361285E-09
2.13799178361285E-09
2.13799178361285E-09
2.13799178361285E-09
2.13799178361285E-09
2.13799178361285E-09
2.13799178361285E-09
2.13799178361285E-09
2.13799178361285E-09
2.13799178361285E-09
2.13799178361285E-09
2.13799178361285E-09
2.13799178361285E-09
2.13799178361285E-09
2.13799178361285E-09
2.13799178361285E-09
2.13799178361285E-09
2.13799178361285E-09
2.13799178361285E-09
2.13799178361285E-09
2.13799178361285E-09
2.13799178361285E-09
2.13799178361285E-09
2.13799178361285E-09
2.13799178361285E-09
2.13799178361285E-09
2.13799178361285E-09
2.13799178361285E-09
2.13799178361285E-09
2.13799178361285E-09
2.13799178361285E-09
2.13799178361285E-09
2.13799178361285E-09
2.13799178361285E-09
2.13799178361285E-09
2.13799178361285E-09
2.13799178361285E-09
2.13799178361285E-09
2.13799178361285E-09
2.13799178361285E-09
2.13799178361285E-09
2.13799178361285E-09
2.13799178361285E-09
2.13799178361285E-09
2.13799178361285E-09
2.13799178361285E-09
2.13799178361285E-09
2.13799178361285E-09
2.13799178361285E-09
2.13799178361285E-09
2.13799178361285E-09
2.13799178361285E-09
2.13799178361285E-09
2.13799178361285E-09
2.13799178361285E-09
2.13799178361285E-09
2.13799178361285E-09
2.13799178361285E-09
2.13799178361285E-09
2.13799178361285E-09
2.13799178361285E-09
2.13799178361285E-09
2.13799178361285E-09
2.13799178361285E-09
2.13799178361285E-09
2.13799178361285E-09
2.13799178361285E-09
2.13799178361285E-09
2.13799178361285E-09
2.13799178361285E-09
2.13799178361285E-09
2.13799178361285E-09
2.13799178361285E-09
2.13799178361285E-09
2.13799178361285E-09
2.13799178361285E-09
2.13799178361285E-09
2.13799178361285E-09
2.13799178361285E-09
2.13799178361285E-09
2.13799178361285E-09
2.13799178361285E-09
2.13799178361285E-09
2.13799178361285E-09
2.13799178361285E-09
1.80248749259704E-09
1.80248749259704E-09
1.80248749259704E-09
1.80248749259704E-09
1.33765931664698E-09
1.33765931664698E-09
1.33765931664698E-09
1.33765931664698E-09
1.33765931664698E-09
1.33765931664698E-09
1.33765931664698E-09
1.33765931664698E-09
1.33765931664698E-09
1.33765931664698E-09
1.33765931664698E-09
1.33765931664698E-09

