0.0837978220945603
0.0358066234229369
0.0358066234229369
0.0275447597232844
0.00713121914452819
0.00713121914452819
0.00713121914452819
0.00706973193097771
0.00699707741263189
0.00525781030062322
0.00416940969965796
0.00378756315140716
0.00341236339180151
0.0033801446356464
0.00245779135186153
0.00245243536366624
0.00245243536366624
0.00238728672741984
0.002371809428377
0.0023117236188952
0.0023117236188952
0.00214437886579111
0.00214437886579111
0.00168241541963454
0.00167585287828897
0.00124176709155877
0.00112138940579731
0.0010744641220658
0.0010744641220658
0.000142035557612386
4.84144476284865E-05
4.27645258403997E-05
4.27645258403997E-05
4.27645258403997E-05
4.27645258403997E-05
4.27645258403997E-05
4.27645258403997E-05
4.27645258403997E-05
4.27645258403997E-05
4.27645258403997E-05
3.66407679206482E-05
3.66407679206482E-05
3.01459695479789E-05
3.01459695479789E-05
3.01459695479789E-05
3.01459695479789E-05
2.125609622039E-05
2.125609622039E-05
2.125609622039E-05
2.125609622039E-05
2.125609622039E-05
2.125609622039E-05
2.125609622039E-05
2.125609622039E-05
2.125609622039E-05
2.125609622039E-05
2.125609622039E-05
2.125609622039E-05
2.125609622039E-05
2.125609622039E-05
2.125609622039E-05
2.125609622039E-05
2.125609622039E-05
1.55778627123349E-05
1.55778627123349E-05
1.24291589327363E-05
1.24291589327363E-05
1.24291589327363E-05
1.24291589327363E-05
6.17873871089358E-06
6.17873871089358E-06
6.17873871089358E-06
6.17873871089358E-06
6.17873871089358E-06
6.17873871089358E-06
6.17873871089358E-06
6.17873871089358E-06
6.17873871089358E-06
1.87529562489797E-06
1.87529562489797E-06
1.87529562489797E-06
1.87529562489797E-06
1.87529562489797E-06
1.87529562489797E-06
1.87529562489797E-06
1.87529562489797E-06
1.69107722802764E-06
1.69107722802764E-06
1.69107722802764E-06
1.54210548508615E-06
1.54210548508615E-06
1.54210548508615E-06
1.54210548508615E-06
1.35966808589849E-07
1.35966808589849E-07
1.35966808589849E-07
1.35966808589849E-07
1.35966808589849E-07
1.35966808589849E-07
1.35966808589849E-07
1.35966808589849E-07
1.35966808589849E-07
1.35966808589849E-07
1.35966808589849E-07
1.35966808589849E-07
1.35966808589849E-07
1.35966808589849E-07
1.35966808589849E-07
1.35966808589849E-07
1.35966808589849E-07
1.35966808589849E-07
1.35966808589849E-07
1.35966808589849E-07
1.35966808589849E-07
1.35966808589849E-07
1.35966808589849E-07
1.35966808589849E-07
1.35966808589849E-07
1.35966808589849E-07
1.35966808589849E-07
1.35966808589849E-07
1.35966808589849E-07
1.35966808589849E-07
1.35966808589849E-07
1.35966808589849E-07
1.35966808589849E-07
1.35966808589849E-07
1.35966808589849E-07
1.35966808589849E-07
1.35966808589849E-07
1.35966808589849E-07
1.35966808589849E-07
1.35966808589849E-07
1.35966808589849E-07
1.35966808589849E-07
1.35966808589849E-07
1.35966808589849E-07
1.35966808589849E-07
1.35966808589849E-07
1.35966808589849E-07
1.35966808589849E-07
1.35966808589849E-07
1.35966808589849E-07
1.35966808589849E-07
1.35966808589849E-07
1.35966808589849E-07
1.35966808589849E-07
1.35966808589849E-07
1.35966808589849E-07
1.35966808589849E-07
1.35966808589849E-07
1.35966808589849E-07
1.35966808589849E-07
1.35966808589849E-07
1.35966808589849E-07
1.35966808589849E-07
1.35966808589849E-07
1.35966808589849E-07
1.35966808589849E-07
1.35966808589849E-07
1.35966808589849E-07
1.35966808589849E-07
1.35966808589849E-07
1.35966808589849E-07
1.35966808589849E-07
1.35966808589849E-07
1.35966808589849E-07
1.35966808589849E-07
1.35966808589849E-07
1.35966808589849E-07
1.35966808589849E-07
1.35966808589849E-07
1.35966808589849E-07
1.35966808589849E-07
1.35966808589849E-07
1.35966808589849E-07
1.35966808589849E-07
1.35966808589849E-07
1.35966808589849E-07
1.35966808589849E-07
1.35966808589849E-07
1.35966808589849E-07
1.35966808589849E-07
1.35966808589849E-07
1.35966808589849E-07
1.35966808589849E-07
1.35966808589849E-07
1.35966808589849E-07
1.35966808589849E-07
1.35966808589849E-07
1.35966808589849E-07
1.35966808589849E-07
1.35966808589849E-07
1.35966808589849E-07
1.35966808589849E-07
1.08957409650223E-07
1.08957409650223E-07
1.08957409650223E-07
1.08957409650223E-07
8.823196340213E-08
8.823196340213E-08
8.823196340213E-08
8.823196340213E-08
8.823196340213E-08
8.823196340213E-08
8.823196340213E-08
8.823196340213E-08
8.823196340213E-08
8.823196340213E-08
8.823196340213E-08
8.823196340213E-08
8.823196340213E-08
8.823196340213E-08
8.823196340213E-08
8.823196340213E-08
8.823196340213E-08
8.823196340213E-08
8.823196340213E-08
6.438538824316E-08
6.438538824316E-08
6.438538824316E-08
6.438538824316E-08
6.438538824316E-08
6.438538824316E-08
6.438538824316E-08
6.438538824316E-08
6.438538824316E-08
6.438538824316E-08
6.438538824316E-08
6.438538824316E-08
6.438538824316E-08
6.438538824316E-08
6.438538824316E-08
6.438538824316E-08
6.438538824316E-08
6.438538824316E-08
6.438538824316E-08
6.438538824316E-08
6.438538824316E-08
6.438538824316E-08
6.438538824316E-08
6.438538824316E-08
6.438538824316E-08
6.438538824316E-08
6.438538824316E-08
6.438538824316E-08
6.438538824316E-08
6.438538824316E-08
6.438538824316E-08
6.438538824316E-08
6.438538824316E-08
6.438538824316E-08
6.438538824316E-08
6.438538824316E-08
6.14772177609524E-08
6.14772177609524E-08
6.14772177609524E-08
6.14772177609524E-08
6.14772177609524E-08
6.14772177609524E-08
6.14772177609524E-08
6.14772177609524E-08
6.14772177609524E-08
6.14772177609524E-08
6.14772177609524E-08
6.14772177609524E-08
6.14772177609524E-08
6.14772177609524E-08
6.14772177609524E-08
6.14772177609524E-08
6.14772177609524E-08
6.14772177609524E-08
6.14772177609524E-08
6.14772177609524E-08
6.14772177609524E-08
6.14772177609524E-08
6.14772177609524E-08
6.14772177609524E-08
6.14772177609524E-08
6.14772177609524E-08
6.14772177609524E-08
6.14772177609524E-08
6.14772177609524E-08
6.14772177609524E-08
6.14772177609524E-08
6.14772177609524E-08
6.14772177609524E-08
6.14772177609524E-08
6.14772177609524E-08
6.14772177609524E-08
4.60610842800691E-08
4.60610842800691E-08
4.60610842800691E-08
2.8004494279088E-08
2.8004494279088E-08
2.8004494279088E-08
2.8004494279088E-08
2.8004494279088E-08
2.8004494279088E-08
2.8004494279088E-08
2.8004494279088E-08
2.8004494279088E-08
2.8004494279088E-08
2.8004494279088E-08
2.8004494279088E-08
2.8004494279088E-08
2.8004494279088E-08
2.8004494279088E-08
2.8004494279088E-08
2.8004494279088E-08
2.8004494279088E-08
2.8004494279088E-08
2.8004494279088E-08
2.8004494279088E-08
2.42803965821992E-08
2.42803965821992E-08
2.42803965821992E-08
2.42803965821992E-08
2.42803965821992E-08
2.42803965821992E-08
2.42803965821992E-08
2.42803965821992E-08
2.42803965821992E-08
2.42803965821992E-08
2.42803965821992E-08
2.02155281403549E-08
2.02155281403549E-08
2.02155281403549E-08
2.02155281403549E-08
2.02155281403549E-08
2.02155281403549E-08
2.02155281403549E-08
2.02155281403549E-08
2.02155281403549E-08
2.02155281403549E-08
2.02155281403549E-08
2.02155281403549E-08
2.02155281403549E-08
1.80560049134471E-08
1.80560049134471E-08
1.80560049134471E-08
1.80560049134471E-08
9.45607936397863E-09
9.45607936397863E-09
9.45607936397863E-09
9.45607936397863E-09
9.45607936397863E-09
9.45607936397863E-09
9.45607936397863E-09
9.45607936397863E-09
9.45607936397863E-09
9.45607936397863E-09
9.45607936397863E-09
9.45607936397863E-09
9.45607936397863E-09
9.45607936397863E-09
9.45607936397863E-09
9.45607936397863E-09
9.45607936397863E-09
9.45607936397863E-09
9.45607936397863E-09
9.45607936397863E-09
9.09405595272972E-09
9.09405595272972E-09
9.09405595272972E-09
9.09405595272972E-09
9.09405595272972E-09
9.09405595272972E-09
9.09405595272972E-09
9.09405595272972E-09
9.09405595272972E-09
9.09405595272972E-09
9.09405595272972E-09
9.09405595272972E-09
9.09405595272972E-09
9.09405595272972E-09
9.09405595272972E-09
9.09405595272972E-09
9.09405595272972E-09
3.6299395711481E-09
3.6299395711481E-09
3.6299395711481E-09
3.6299395711481E-09
3.6299395711481E-09
3.6299395711481E-09
3.6299395711481E-09
3.6299395711481E-09
3.6299395711481E-09
3.6299395711481E-09
3.6299395711481E-09
3.6299395711481E-09
3.6299395711481E-09
3.6299395711481E-09
3.6299395711481E-09
3.6299395711481E-09
3.6299395711481E-09
3.54803597613085E-09
3.54803597613085E-09
3.54803597613085E-09
3.54803597613085E-09
3.54803597613085E-09
3.54803597613085E-09
3.54803597613085E-09
3.54803597613085E-09
3.54803597613085E-09
3.54803597613085E-09
3.54803597613085E-09
3.54803597613085E-09
3.54803597613085E-09
3.54803597613085E-09
3.54803597613085E-09
3.54803597613085E-09
3.54803597613085E-09
3.54803597613085E-09
3.54803597613085E-09
3.54803597613085E-09
3.54803597613085E-09
3.54803597613085E-09
3.54803597613085E-09
3.54803597613085E-09
3.54803597613085E-09
3.54803597613085E-09
1.87150739350272E-09
1.87150739350272E-09
1.87150739350272E-09
1.87150739350272E-09
1.87150739350272E-09
1.87150739350272E-09
1.87150739350272E-09
1.87150739350272E-09
1.87150739350272E-09
1.87150739350272E-09
1.87150739350272E-09
1.87150739350272E-09
1.87150739350272E-09
1.87150739350272E-09
1.87150739350272E-09
1.87150739350272E-09
1.87150739350272E-09
1.87150739350272E-09
1.87150739350272E-09
1.87150739350272E-09
1.87150739350272E-09
1.87150739350272E-09
1.87150739350272E-09
1.87150739350272E-09
1.87150739350272E-09
1.87150739350272E-09
1.87150739350272E-09
1.87150739350272E-09
1.87150739350272E-09
1.87150739350272E-09
1.87150739350272E-09
1.87150739350272E-09
1.87150739350272E-09
1.87150739350272E-09
1.52497048322431E-09
1.52497048322431E-09
1.52497048322431E-09
1.52497048322431E-09
1.52497048322431E-09
4.27540003400395E-10
4.27540003400395E-10
4.27540003400395E-10
4.27540003400395E-10
4.27540003400395E-10
4.27540003400395E-10
4.27540003400395E-10
4.27540003400395E-10
4.27540003400395E-10
4.27540003400395E-10
4.27540003400395E-10
4.27540003400395E-10
4.27540003400395E-10
4.27540003400395E-10
4.27540003400395E-10
4.27540003400395E-10
4.27540003400395E-10
4.27540003400395E-10
4.27540003400395E-10
4.27540003400395E-10
4.27540003400395E-10
4.27540003400395E-10
4.27540003400395E-10
4.27540003400395E-10
4.27540003400395E-10
4.27540003400395E-10
4.27540003400395E-10
4.27540003400395E-10
4.27540003400395E-10
4.27540003400395E-10
4.27540003400395E-10
4.27540003400395E-10
4.27540003400395E-10
4.27540003400395E-10
4.27540003400395E-10
4.27540003400395E-10
4.27540003400395E-10
4.27540003400395E-10
4.27540003400395E-10

