0.142279105675184
0.0467750128466706
0.0467750128466706
0.0240026494429473
0.00058998821991918
0.000356486375242104
0.000305810217644087
0.000300032863854383
0.000299773256256519
1.55461844801863E-05
1.5116558484185E-05
1.23848400355175E-05
2.37555696247505E-06
3.09985068724927E-08
1.50811402255258E-08
7.25780413546318E-09
1.2460791287694E-09
1.2460791287694E-09
7.23451298867417E-11
7.23451298867417E-11
1.90036875125088E-12
1.90036875125088E-12
1.90036875125088E-12
1.90036875125088E-12
1.90036875125088E-12
6.42708108955503E-13
6.42708108955503E-13
6.42708108955503E-13
6.42708108955503E-13
6.42708108955503E-13
6.42708108955503E-13
6.42708108955503E-13
6.42708108955503E-13
6.42708108955503E-13
6.42708108955503E-13
6.42708108955503E-13
6.42708108955503E-13
6.42708108955503E-13
6.42708108955503E-13
6.42708108955503E-13
6.42708108955503E-13
4.49640324973188E-14
4.49640324973188E-14
4.49640324973188E-14
4.49640324973188E-14
4.49640324973188E-14
4.49640324973188E-14
4.49640324973188E-14
4.49640324973188E-14
4.49640324973188E-14
4.49640324973188E-14
4.49640324973188E-14
4.49640324973188E-14
4.49640324973188E-14
4.49640324973188E-14
4.49640324973188E-14
4.49640324973188E-14
4.49640324973188E-14
4.49640324973188E-14
4.49640324973188E-14
4.21884749357559E-15
4.21884749357559E-15
4.21884749357559E-15
4.21884749357559E-15
4.21884749357559E-15
4.21884749357559E-15
4.21884749357559E-15
4.21884749357559E-15
4.21884749357559E-15
4.21884749357559E-15
4.21884749357559E-15
4.21884749357559E-15
4.21884749357559E-15
4.21884749357559E-15
4.21884749357559E-15
4.21884749357559E-15
4.21884749357559E-15
4.21884749357559E-15
4.21884749357559E-15
4.21884749357559E-15
4.21884749357559E-15
4.21884749357559E-15
4.21884749357559E-15
4.21884749357559E-15
4.21884749357559E-15
4.21884749357559E-15
4.21884749357559E-15
4.21884749357559E-15
4.21884749357559E-15
4.21884749357559E-15
4.21884749357559E-15
4.21884749357559E-15
4.21884749357559E-15
4.21884749357559E-15
4.21884749357559E-15
4.21884749357559E-15
4.21884749357559E-15
4.21884749357559E-15
4.21884749357559E-15
4.21884749357559E-15
4.21884749357559E-15
4.21884749357559E-15
4.21884749357559E-15
4.21884749357559E-15
4.21884749357559E-15
4.21884749357559E-15
4.21884749357559E-15
4.21884749357559E-15
4.21884749357559E-15
4.21884749357559E-15
4.21884749357559E-15
4.21884749357559E-15
4.21884749357559E-15
4.21884749357559E-15
4.21884749357559E-15
3.5527136788005E-15
3.5527136788005E-15
3.5527136788005E-15
3.5527136788005E-15
3.5527136788005E-15
3.5527136788005E-15
3.5527136788005E-15
3.5527136788005E-15
3.5527136788005E-15
3.5527136788005E-15
3.5527136788005E-15
3.5527136788005E-15
2.44249065417534E-15
2.44249065417534E-15
2.44249065417534E-15
2.44249065417534E-15
2.44249065417534E-15
2.44249065417534E-15
2.44249065417534E-15
2.44249065417534E-15
2.44249065417534E-15
2.44249065417534E-15
2.44249065417534E-15
2.44249065417534E-15
2.44249065417534E-15
2.44249065417534E-15
2.44249065417534E-15
2.44249065417534E-15
2.44249065417534E-15
2.44249065417534E-15
2.44249065417534E-15
2.44249065417534E-15
1.22124532708767E-15
1.22124532708767E-15
1.22124532708767E-15
1.22124532708767E-15
1.22124532708767E-15
1.22124532708767E-15
0
0
0
0
0
0
0
0
0
0
0
0
0
0
0
0
0
0
0
0
0
0
0
0
0
0
0
0
0
0
0
0
0
0
0
0
0
0
0
0
0
0
0
0
0
0
0
0
0
0
0
0
0
0
0
0
0
0
0
0
0
0
0
0
0
0
0
0
0
0
0
0
0
0
0
0
0
0
0
0
0
0
0
0
0
0
0
0
0
0
0
0
0
0
0
0
0
0
0
0
0
0
0
0
0
0
0
0
0
0
0
0
0
0
0
0
0
0
0
0
0
0
0
0
0
0
0
0
0
0
0
0
0
0
0
0
0
0
0
0
0
0
0
0
0
0
0
0
0
0
0
0
0
0
0
0
0
0
0
0
0
0
0
0
0
0
0
0
0
0
0
0
0
0
0
0
0
0
0
0
0
0
0
0
0
0
0
0
0
0
0
0
0
0
0
0
0
0
0
0
0
0
0
0
0
0
0
0
0
0
0
0
0
0
0
0
0
0
0
0
0
0
0
0
0
0
0
0
0
0
0
0
0
0
0
0
0
0
0
0
0
0
0
0
0
0
0
0
0
0
0
0
0
0
0
0
0
0
0
0
0
0
0
0
0
0
0
0
0
0
0
0
0
0
0
0
0
0
0
0
0
0
0
0
0
0
0
0
0
0
0
0
0
0
0
0
0
0
0
0
0
0
0
0
0
0
0
0
0
0
0
0
0
0
0
0
0
0
0
0
0
0
0
0
0
0
0
0
0
0
0
0
0
0
0
0
0
0
0
0
0
0
0
0
0
0
0

