0.130591431997887
0.0337600929011169
0.0302169272865693
0.0302169272865693
0.0302169272865693
0.0178297786094404
0.00999091482562742
0.00999091482562742
0.00999091482562742
0.00849422581581993
0.00849422581581993
0.00504112126829692
0.00504112126829692
0.00504112126829692
0.00504112126829692
0.00504112126829692
0.00350128939398142
0.00350128939398142
0.00346101486782235
0.00346101486782235
0.00240570669446516
0.00232469895353671
0.00231774213414049
0.00231774213414049
0.00229585478988492
0.00134799060496893
0.00111577934915386
0.000350122380401885
0.000350122380401885
0.000350122380401885
0.000350122380401885
0.000233606210418902
0.000120580172033091
0.000120580172033091
0.000120580172033091
0.000120580172033091
0.000120580172033091
0.000112444994181615
0.000112444994181615
0.000112444994181615
7.10771360720175E-05
7.10771360720175E-05
7.10771360720175E-05
7.10771360720175E-05
7.10771360720175E-05
7.10771360720175E-05
4.01312676151511E-05
4.01312676151511E-05
4.01312676151511E-05
3.41241562032968E-05
3.41241562032968E-05
3.41241562032968E-05
1.51062917366218E-05
1.51062917366218E-05
1.51062917366218E-05
1.29439819259725E-05
1.29439819259725E-05
1.29439819259725E-05
1.29439819259725E-05
1.29439819259725E-05
1.29439819259725E-05
5.26380619603195E-06
5.26380619603195E-06
5.26380619603195E-06
5.26380619603195E-06
2.34203922955256E-06
2.34203922955256E-06
2.34203922955256E-06
2.34203922955256E-06
2.17490775344942E-06
2.17490775344942E-06
2.17490775344942E-06
2.17490775344942E-06
2.17490775344942E-06
2.17490775344942E-06
2.17490775344942E-06
2.17490775344942E-06
2.17490775344942E-06
2.17490775344942E-06
2.17490775344942E-06
2.17490775344942E-06
2.17490775344942E-06
2.17490775344942E-06
2.17490775344942E-06
2.17490775344942E-06
2.17490775344942E-06
2.17490775344942E-06
2.17490775344942E-06
2.17490775344942E-06
2.17490775344942E-06
2.17490775344942E-06
2.17490775344942E-06
2.17490775344942E-06
2.17490775344942E-06
2.17490775344942E-06
2.17490775344942E-06
2.17490775344942E-06
2.17490775344942E-06
2.17490775344942E-06
2.17490775344942E-06
2.17490775344942E-06
2.17490775344942E-06
2.17490775344942E-06
2.17490775344942E-06
2.17490775344942E-06
2.17490775344942E-06
2.17490775344942E-06
1.73302102735029E-06
1.73302102735029E-06
1.73302102735029E-06
1.73302102735029E-06
1.73302102735029E-06
1.73302102735029E-06
1.73302102735029E-06
1.73302102735029E-06
1.73302102735029E-06
1.73302102735029E-06
1.73302102735029E-06
1.73302102735029E-06
1.73302102735029E-06
1.73302102735029E-06
1.73302102735029E-06
1.73302102735029E-06
2.94032866166027E-07
2.94032866166027E-07
2.94032866166027E-07
2.94032866166027E-07
2.94032866166027E-07
2.94032866166027E-07
2.94032866166027E-07
2.94032866166027E-07
2.94032866166027E-07
2.94032866166027E-07
2.94032866166027E-07
2.94032866166027E-07
2.94032866166027E-07
2.94032866166027E-07
2.94032866166027E-07
2.94032866166027E-07
2.94032866166027E-07
2.94032866166027E-07
2.94032866166027E-07
2.94032866166027E-07
2.94032866166027E-07
2.94032866166027E-07
2.94032866166027E-07
2.94032866166027E-07
2.94032866166027E-07
2.94032866166027E-07
2.94032866166027E-07
2.94032866166027E-07
2.94032866166027E-07
2.94032866166027E-07
2.94032866166027E-07
2.94032866166027E-07
2.94032866166027E-07
2.94032866166027E-07
2.94032866166027E-07
2.94032866166027E-07
2.94032866166027E-07
2.94032866166027E-07
2.94032866166027E-07
2.94032866166027E-07
2.94032866166027E-07
2.94032866166027E-07
2.94032866166027E-07
2.94032866166027E-07
2.94032866166027E-07
2.94032866166027E-07
2.94032866166027E-07
2.94032866166027E-07
2.94032866166027E-07
2.94032866166027E-07
2.94032866166027E-07
2.94032866166027E-07
2.94032866166027E-07
2.41944218104528E-07
2.41944218104528E-07
2.41944218104528E-07
2.41944218104528E-07
2.41944218104528E-07
2.41944218104528E-07
2.41944218104528E-07
2.41944218104528E-07
2.41944218104528E-07
2.41944218104528E-07
2.41944218104528E-07
2.41944218104528E-07
2.37230633581831E-07
2.37230633581831E-07
2.37230633581831E-07
2.37230633581831E-07
2.37230633581831E-07
2.37230633581831E-07
2.37230633581831E-07
2.37230633581831E-07
2.37230633581831E-07
2.37230633581831E-07
2.37230633581831E-07
2.37230633581831E-07
2.37230633581831E-07
2.37230633581831E-07
2.37230633581831E-07
2.37230633581831E-07
2.37230633581831E-07
2.10353473084623E-07
2.10353473084623E-07
2.10353473084623E-07
2.10353473084623E-07
2.10353473084623E-07
2.10353473084623E-07
2.10353473084623E-07
2.10353473084623E-07
2.10353473084623E-07
2.10353473084623E-07
2.10353473084623E-07
2.10353473084623E-07
2.10353473084623E-07
6.86355554613272E-08
6.86355554613272E-08
6.86355554613272E-08
4.48170917044521E-08
4.48170917044521E-08
4.48170917044521E-08
4.48170917044521E-08
4.48170917044521E-08
4.48170917044521E-08
4.48170917044521E-08
2.9697112213789E-08
2.9697112213789E-08
2.9697112213789E-08
2.9697112213789E-08
2.9697112213789E-08
2.9697112213789E-08
2.9697112213789E-08
2.9697112213789E-08
2.9697112213789E-08
2.9697112213789E-08
2.9697112213789E-08
2.9697112213789E-08
2.9697112213789E-08
2.9697112213789E-08
2.9697112213789E-08
2.9697112213789E-08
2.9697112213789E-08
2.9697112213789E-08
2.9697112213789E-08
2.9697112213789E-08
2.9697112213789E-08
2.9697112213789E-08
2.939908738675E-08
2.939908738675E-08
2.939908738675E-08
2.939908738675E-08
2.939908738675E-08
2.939908738675E-08
2.939908738675E-08
2.939908738675E-08
2.939908738675E-08
2.939908738675E-08
2.939908738675E-08
2.939908738675E-08
2.939908738675E-08
2.939908738675E-08
2.939908738675E-08
2.939908738675E-08
2.939908738675E-08
2.939908738675E-08
2.939908738675E-08
2.939908738675E-08
2.939908738675E-08
2.939908738675E-08
2.939908738675E-08
2.939908738675E-08
2.939908738675E-08
2.939908738675E-08
2.939908738675E-08
2.939908738675E-08
2.939908738675E-08
2.939908738675E-08
2.939908738675E-08
2.939908738675E-08
2.939908738675E-08
2.939908738675E-08
2.939908738675E-08
1.79165028368899E-08
1.79165028368899E-08
1.79165028368899E-08
1.79165028368899E-08
1.79165028368899E-08
1.79165028368899E-08
1.79165028368899E-08
1.79165028368899E-08
1.79165028368899E-08
1.79165028368899E-08
1.79165028368899E-08
1.79165028368899E-08
1.79165028368899E-08
1.79165028368899E-08
1.79165028368899E-08
1.79165028368899E-08
1.79165028368899E-08
1.79165028368899E-08
1.79165028368899E-08
1.79165028368899E-08
1.79165028368899E-08
1.79165028368899E-08
1.79165028368899E-08
1.79165028368899E-08
1.79165028368899E-08
1.79165028368899E-08
1.79165028368899E-08
1.79165028368899E-08
1.79165028368899E-08
1.79165028368899E-08
1.79165028368899E-08
1.79165028368899E-08
1.79165028368899E-08
1.79165028368899E-08
1.79165028368899E-08
1.79165028368899E-08
1.79165028368899E-08
1.79165028368899E-08
1.79165028368899E-08
1.79165028368899E-08
1.52758189431168E-08
1.52758189431168E-08
1.52758189431168E-08
1.52758189431168E-08
1.52758189431168E-08
1.52758189431168E-08
1.52758189431168E-08
1.52758189431168E-08
1.52758189431168E-08
1.52758189431168E-08
1.52758189431168E-08
1.52758189431168E-08
1.52758189431168E-08
1.52758189431168E-08
1.52758189431168E-08
1.52758189431168E-08
1.52758189431168E-08
1.52758189431168E-08
1.52758189431168E-08
1.52758189431168E-08
1.52758189431168E-08
1.52758189431168E-08
1.52758189431168E-08
1.52758189431168E-08
1.52758189431168E-08
1.52758189431168E-08
1.52758189431168E-08
1.52758189431168E-08
1.52758189431168E-08
1.52758189431168E-08
1.52758189431168E-08
1.52758189431168E-08
1.21553144216691E-08
1.21553144216691E-08
1.21553144216691E-08
1.21553144216691E-08
1.21553144216691E-08
1.21553144216691E-08
1.21553144216691E-08
1.21553144216691E-08
1.21553144216691E-08
1.21553144216691E-08
1.21553144216691E-08
1.21553144216691E-08
1.21553144216691E-08
1.21553144216691E-08
1.21553144216691E-08
1.11412843395442E-08
1.11412843395442E-08
1.11412843395442E-08
1.11412843395442E-08
1.11412843395442E-08
7.51028006451548E-09
7.51028006451548E-09
7.51028006451548E-09
7.51028006451548E-09
7.51028006451548E-09
7.51028006451548E-09
7.51028006451548E-09
7.51028006451548E-09
7.51028006451548E-09
7.51028006451548E-09
7.51028006451548E-09
7.51028006451548E-09
7.51028006451548E-09
7.51028006451548E-09
7.51028006451548E-09
7.51028006451548E-09
7.51028006451548E-09
7.51028006451548E-09
7.51028006451548E-09
7.51028006451548E-09
7.51028006451548E-09
7.51028006451548E-09
7.51028006451548E-09
7.51028006451548E-09
5.57302937131965E-09
5.57302937131965E-09
5.57302937131965E-09
5.57302937131965E-09
5.57302937131965E-09
5.57302937131965E-09
1.56329871270344E-09
1.56329871270344E-09
1.56329871270344E-09
1.56329871270344E-09
1.56329871270344E-09
1.56329871270344E-09
1.56329871270344E-09
1.56329871270344E-09
1.56329871270344E-09
1.56329871270344E-09
1.56329871270344E-09
1.56329871270344E-09
1.56329871270344E-09
1.56329871270344E-09
1.56329871270344E-09
1.56329871270344E-09
1.56329871270344E-09
1.56329871270344E-09
1.56329871270344E-09
1.56329871270344E-09
1.56329871270344E-09
1.56329871270344E-09
1.56329871270344E-09
1.56329871270344E-09
1.56329871270344E-09
1.56329871270344E-09
1.56329871270344E-09
1.56329871270344E-09
1.56329871270344E-09
1.56329871270344E-09
1.56329871270344E-09
1.56329871270344E-09
1.56329871270344E-09
1.56329871270344E-09
1.56329871270344E-09
1.56329871270344E-09
1.56329871270344E-09
1.56329871270344E-09
1.56329871270344E-09
1.56329871270344E-09
1.56329871270344E-09
1.56329871270344E-09
1.56329871270344E-09
1.35114630595012E-09
1.35114630595012E-09
1.23169041632565E-09
1.23169041632565E-09
1.23169041632565E-09
1.23169041632565E-09
1.23169041632565E-09
1.23169041632565E-09
1.23169041632565E-09
1.23169041632565E-09
1.23169041632565E-09
1.23169041632565E-09
1.23169041632565E-09
1.23169041632565E-09
1.23169041632565E-09
1.23169041632565E-09
1.23169041632565E-09
1.23169041632565E-09
1.23169041632565E-09
1.23169041632565E-09
1.23169041632565E-09
1.23169041632565E-09
1.23169041632565E-09
1.23169041632565E-09
1.23169041632565E-09
1.23169041632565E-09
1.23169041632565E-09
1.23169041632565E-09
1.23169041632565E-09
1.23169041632565E-09
7.21929849234471E-10
7.21929849234471E-10
7.21929849234471E-10
7.21929849234471E-10
7.21929849234471E-10
7.21929849234471E-10
7.21929849234471E-10
7.21929849234471E-10
7.21929849234471E-10
7.21929849234471E-10
7.21929849234471E-10
7.21929849234471E-10
7.21929849234471E-10
7.21929849234471E-10
7.21929849234471E-10
7.21929849234471E-10
7.21929849234471E-10
7.21929849234471E-10
7.21929849234471E-10
7.21929849234471E-10

