0.167424835741053
0.0937984221699973
0.0923576133296738
0.0851251813072187
0.0462848171555019
0.021268584034829
0.021266872701091
0.00655332254054411
0.00247643496036992
0.00247643496036992
0.00244058385032564
0.00244058385032564
0.00244058385032564
0.00244058385032564
0.00244058385032564
0.00244058385032564
0.00192997006454412
0.00187704787776519
0.00169496934756755
0.00169496934756755
0.00106203509338748
0.00106203509338748
0.00106203509338748
0.00106203509338748
0.00106203509338748
0.00106203509338748
0.00106203509338748
0.00106203509338748
0.00106203509338748
0.000672712300301581
0.000561895000338819
0.000561895000338819
0.000561895000338819
0.000531854869989246
0.000531854869989246
8.95249236576579E-05
8.95249236576579E-05
8.95249236576579E-05
8.95249236576579E-05
8.95249236576579E-05
8.95249236576579E-05
8.95249236576579E-05
8.95249236576579E-05
8.95249236576579E-05
8.95249236576579E-05
8.95249236576579E-05
8.95249236576579E-05
7.35989566507944E-05
7.35989566507944E-05
7.35989566507944E-05
7.35989566507944E-05
7.35989566507944E-05
7.35989566507944E-05
7.35989566507944E-05
7.35989566507944E-05
7.35989566507944E-05
7.35989566507944E-05
3.43620091949326E-05
3.43620091949326E-05
3.43620091949326E-05
3.43620091949326E-05
3.43620091949326E-05
3.43620091949326E-05
3.43620091949326E-05
3.43620091949326E-05
3.43620091949326E-05
3.43620091949326E-05
3.43620091949326E-05
3.43620091949326E-05
3.43620091949326E-05
3.43620091949326E-05
3.43620091949326E-05
3.43620091949326E-05
3.43620091949326E-05
3.43620091949326E-05
3.43620091949326E-05
3.43620091949326E-05
3.43620091949326E-05
2.51721096427571E-05
2.51721096427571E-05
2.51721096427571E-05
2.51721096427571E-05
2.51721096427571E-05
2.51721096427571E-05
2.51721096427571E-05
2.51721096427571E-05
2.51721096427571E-05
2.51721096427571E-05
2.51721096427571E-05
2.51721096427571E-05
2.51721096427571E-05
2.51721096427571E-05
2.28276593402521E-05
2.28276593402521E-05
2.28276593402521E-05
2.28276593402521E-05
2.28276593402521E-05
2.28276593402521E-05
2.28276593402521E-05
2.28276593402521E-05
2.28276593402521E-05
2.28276593402521E-05
1.03649226674829E-05
1.03649226674829E-05
1.03649226674829E-05
1.03649226674829E-05
1.03649226674829E-05
1.03649226674829E-05
1.03649226674829E-05
1.03649226674829E-05
1.03649226674829E-05
9.60871385263795E-06
9.60871385263795E-06
9.60871385263795E-06
9.60871385263795E-06
9.60871385263795E-06
9.60871385263795E-06
9.60871385263795E-06
9.60871385263795E-06
9.60871385263795E-06
9.51689074490947E-06
9.51689074490947E-06
6.51362686859835E-06
6.51362686859835E-06
6.51362686859835E-06
6.51362686859835E-06
6.51362686859835E-06
6.51362686859835E-06
6.51362686859835E-06
6.51362686859835E-06
6.51362686859835E-06
6.51362686859835E-06
6.51362686859835E-06
6.51362686859835E-06
6.51362686859835E-06
6.51362686859835E-06
6.51362686859835E-06
6.51362686859835E-06
6.51362686859835E-06
6.51362686859835E-06
6.51362686859835E-06
6.51362686859835E-06
6.51362686859835E-06
6.51362686859835E-06
6.51362686859835E-06
6.51362686859835E-06
6.51362686859835E-06
6.51362686859835E-06
6.51362686859835E-06
6.51362686859835E-06
6.51362686859835E-06
6.51362686859835E-06
6.51362686859835E-06
6.51362686859835E-06
6.51362686859835E-06
6.51362686859835E-06
5.74898065330842E-06
5.74898065330842E-06
5.74898065330842E-06
5.74898065330842E-06
5.74898065330842E-06
5.74898065330842E-06
5.74898065330842E-06
5.74898065330842E-06
5.74898065330842E-06
5.74898065330842E-06
5.74898065330842E-06
5.74898065330842E-06
5.74898065330842E-06
5.74898065330842E-06
5.74898065330842E-06
2.7780132078048E-06
2.7780132078048E-06
2.7780132078048E-06
2.7780132078048E-06
2.7780132078048E-06
2.7780132078048E-06
2.7780132078048E-06
2.7780132078048E-06
2.7780132078048E-06
2.7780132078048E-06
2.7780132078048E-06
2.7780132078048E-06
2.7780132078048E-06
2.7780132078048E-06
2.7780132078048E-06
2.7780132078048E-06
2.7780132078048E-06
2.7780132078048E-06
2.7780132078048E-06
2.7780132078048E-06
2.7780132078048E-06
2.7780132078048E-06
2.7780132078048E-06
2.7780132078048E-06
2.7780132078048E-06
2.7780132078048E-06
2.7780132078048E-06
2.7780132078048E-06
2.54392321685781E-06
2.54392321685781E-06
1.86680759946961E-06
1.86680759946961E-06
1.86680759946961E-06
1.86680759946961E-06
1.79065441615125E-06
1.79065441615125E-06
1.79065441615125E-06
1.79065441615125E-06
1.71955597788598E-06
1.71955597788598E-06
1.71955597788598E-06
1.71955597788598E-06
1.71955597788598E-06
1.71955597788598E-06
1.71955597788598E-06
1.71955597788598E-06
1.71955597788598E-06
1.71955597788598E-06
1.71955597788598E-06
1.71955597788598E-06
1.26887414803045E-06
7.1129619910737E-07
7.1129619910737E-07
7.1129619910737E-07
7.1129619910737E-07
7.1129619910737E-07
7.1129619910737E-07
7.1129619910737E-07
7.1129619910737E-07
7.1129619910737E-07
7.1129619910737E-07
7.1129619910737E-07
7.1129619910737E-07
7.1129619910737E-07
7.1129619910737E-07
7.1129619910737E-07
7.1129619910737E-07
7.1129619910737E-07
7.1129619910737E-07
7.1129619910737E-07
7.1129619910737E-07
7.1129619910737E-07
7.1129619910737E-07
7.1129619910737E-07
7.1129619910737E-07
7.1129619910737E-07
7.06373881834838E-07
7.06373881834838E-07
7.06373881834838E-07
7.06373881834838E-07
7.06373881834838E-07
7.06373881834838E-07
7.06373881834838E-07
7.06373881834838E-07
7.06373881834838E-07
7.06373881834838E-07
7.06373881834838E-07
7.06373881834838E-07
7.06373881834838E-07
7.06373881834838E-07
7.06373881834838E-07
7.06373881834838E-07
7.06373881834838E-07
7.06373881834838E-07
7.06373881834838E-07
7.06373881834838E-07
7.06373881834838E-07
7.06373881834838E-07
7.06373881834838E-07
1.85605027791524E-07
1.85605027791524E-07
1.85605027791524E-07
1.85605027791524E-07
1.85605027791524E-07
1.85605027791524E-07
1.85605027791524E-07
1.85605027791524E-07
1.85605027791524E-07
1.85605027791524E-07
1.85605027791524E-07
1.85605027791524E-07
1.85605027791524E-07
1.85605027791524E-07
1.85605027791524E-07
1.85605027791524E-07
1.85605027791524E-07
1.85605027791524E-07
1.85605027791524E-07
1.85605027791524E-07
1.85605027791524E-07
1.85605027791524E-07
1.85605027791524E-07
1.85605027791524E-07
1.85605027791524E-07
1.85605027791524E-07
1.85605027791524E-07
1.85605027791524E-07
1.85605027791524E-07
1.85605027791524E-07
1.85605027791524E-07
1.85605027791524E-07
1.85605027791524E-07
1.85605027791524E-07
1.85605027791524E-07
1.85605027791524E-07
1.85605027791524E-07
1.85605027791524E-07
1.85605027791524E-07
1.85605027791524E-07
1.85605027791524E-07
1.85605027791524E-07
1.85605027791524E-07
1.85605027791524E-07
1.85605027791524E-07
1.53620957676903E-07
1.53620957676903E-07
1.53620957676903E-07
1.53620957676903E-07
1.49655617009969E-07
1.49655617009969E-07
1.49655617009969E-07
1.49655617009969E-07
1.49655617009969E-07
1.2932374260366E-07
1.2932374260366E-07
1.2932374260366E-07
1.2932374260366E-07
1.2932374260366E-07
1.2932374260366E-07
1.2932374260366E-07
1.2932374260366E-07
1.09415428994897E-07
1.09415428994897E-07
1.09415428994897E-07
1.09415428994897E-07
1.09415428994897E-07
1.09415428994897E-07
1.09415428994897E-07
1.09415428994897E-07
1.09415428994897E-07
1.09415428994897E-07
1.09415428994897E-07
7.53857755664278E-08
7.53857755664278E-08
7.53857755664278E-08
7.53857755664278E-08
7.53857755664278E-08
7.53857755664278E-08
7.53857755664278E-08
7.53857755664278E-08
7.53857755664278E-08
7.53857755664278E-08
7.53857755664278E-08
7.53857755664278E-08
7.53857755664278E-08
7.53857755664278E-08
7.53857755664278E-08
7.53857755664278E-08
7.53857755664278E-08
7.53857755664278E-08
7.53857755664278E-08
7.53857755664278E-08
7.53857755664278E-08
7.53857755664278E-08
7.53857755664278E-08
7.53857755664278E-08
7.53857755664278E-08
7.53857755664278E-08
7.53857755664278E-08
7.53857755664278E-08
7.53857755664278E-08
7.53857755664278E-08
7.53857755664278E-08
7.53857755664278E-08
7.53857755664278E-08
7.53857755664278E-08
7.53857755664278E-08
7.53857755664278E-08
7.53857755664278E-08
7.53857755664278E-08
7.53857755664278E-08
7.53857755664278E-08
7.53857755664278E-08
7.53857755664278E-08
7.53857755664278E-08
7.53857755664278E-08
7.53857755664278E-08
7.53857755664278E-08
7.53857755664278E-08
7.44162959032124E-08
7.44162959032124E-08
7.44162959032124E-08
7.44162959032124E-08
7.44162959032124E-08
7.44162959032124E-08
7.44162959032124E-08
7.44162959032124E-08
7.44162959032124E-08
7.44162959032124E-08
7.44162959032124E-08
6.58904227290869E-08
6.58904227290869E-08
6.58904227290869E-08
6.58904227290869E-08
6.58904227290869E-08
6.58904227290869E-08
6.58904227290869E-08
6.58904227290869E-08
6.32669290845378E-08
6.32669290845378E-08
6.32669290845378E-08
2.7203413494048E-08
2.7203413494048E-08
2.7203413494048E-08
2.7203413494048E-08
2.7203413494048E-08
2.7203413494048E-08
2.7203413494048E-08
2.7203413494048E-08
2.7203413494048E-08
2.48870153825298E-08
2.48870153825298E-08
2.48870153825298E-08
2.48870153825298E-08
2.48870153825298E-08
2.48870153825298E-08
2.48870153825298E-08
2.48870153825298E-08
2.48870153825298E-08
2.48870153825298E-08
2.48870153825298E-08
2.48870153825298E-08
2.48870153825298E-08
2.48870153825298E-08
2.48870153825298E-08
2.48870153825298E-08
2.48870153825298E-08
2.48870153825298E-08
2.48870153825298E-08
2.48870153825298E-08
2.48870153825298E-08
2.48870153825298E-08
2.48870153825298E-08
2.48870153825298E-08
2.48870153825298E-08
2.48870153825298E-08
2.48870153825298E-08
2.48870153825298E-08
2.48870153825298E-08
2.48870153825298E-08
2.48870153825298E-08
2.48870153825298E-08
2.48870153825298E-08
2.48870153825298E-08
2.48870153825298E-08
2.48870153825298E-08
2.48870153825298E-08
2.48870153825298E-08
2.48870153825298E-08
2.48870153825298E-08
2.48870153825298E-08
2.48870153825298E-08
2.48870153825298E-08
2.48870153825298E-08
2.48870153825298E-08
2.48870153825298E-08
2.48870153825298E-08
2.48870153825298E-08
2.48870153825298E-08
2.48870153825298E-08
2.41618678328837E-08
2.41618678328837E-08
2.41618678328837E-08
2.41618678328837E-08
2.41618678328837E-08
2.41618678328837E-08
2.41618678328837E-08
2.41618678328837E-08
2.41618678328837E-08
2.41618678328837E-08
2.41618678328837E-08
2.41618678328837E-08
2.41618678328837E-08
2.41618678328837E-08
2.41618678328837E-08
2.41618678328837E-08
2.41618678328837E-08
2.41618678328837E-08
2.41618678328837E-08
2.41618678328837E-08
2.41618678328837E-08
2.41618678328837E-08
2.41618678328837E-08
2.41618678328837E-08
2.41618678328837E-08
2.41618678328837E-08
2.41618678328837E-08
2.19043434501742E-08
2.19043434501742E-08

