0.167179739517752
0.167179739517752
0.0561918330994577
0.0504458379368702
0.0309361418611049
0.0167340951454731
0.0166652545850071
0.00969529442600716
0.00764668093613154
0.00727428220501464
0.00510813172149758
0.00276213837951713
0.00276213837951713
0.00272434674037685
0.00221968278059622
0.00221968278059622
0.00112462399266458
0.000980740737342251
0.000980740737342251
0.000980740737342251
0.000980740737342251
0.000968859098813363
0.000665371601306974
0.000615230540431555
0.000612425474159684
0.000534987993896924
0.000534987993896924
0.000534987993896924
0.000527652369556195
0.000527652369556195
0.000374545075166516
0.000374545075166516
0.000250169851785637
0.000223608974204009
0.000223608974204009
0.000212921235156621
0.000170764933108442
0.000159345605288894
0.000130286768140989
0.000130286768140989
0.000130286768140989
0.000130286768140989
0.000130286768140989
0.000109012785452542
0.000109012785452542
0.000109012785452542
0.000109012785452542
0.000109012785452542
0.000109012785452542
0.000109012785452542
0.000109012785452542
6.59484489520107E-05
6.59484489520107E-05
6.59484489520107E-05
6.59484489520107E-05
6.59484489520107E-05
4.71755199496771E-05
4.71755199496771E-05
4.71755199496771E-05
4.71755199496771E-05
4.71755199496771E-05
4.71755199496771E-05
4.71755199496771E-05
3.98485245243357E-05
3.98485245243357E-05
3.98485245243357E-05
3.98485245243357E-05
3.98485245243357E-05
2.76384027019377E-05
2.76384027019377E-05
2.76384027019377E-05
2.1398123952035E-05
2.1398123952035E-05
2.1398123952035E-05
2.1398123952035E-05
2.1398123952035E-05
2.1398123952035E-05
2.1398123952035E-05
1.47202049989442E-05
1.47202049989442E-05
1.47202049989442E-05
1.47202049989442E-05
1.26897536005532E-05
1.26897536005532E-05
1.26897536005532E-05
1.26897536005532E-05
1.26897536005532E-05
1.26897536005532E-05
1.26897536005532E-05
1.26897536005532E-05
1.26897536005532E-05
1.26897536005532E-05
1.26897536005532E-05
1.26897536005532E-05
1.26897536005532E-05
1.26897536005532E-05
1.26897536005532E-05
1.26897536005532E-05
1.26897536005532E-05
1.26897536005532E-05
1.26897536005532E-05
1.26897536005532E-05
7.37539847406321E-06
7.37539847406321E-06
7.37539847406321E-06
7.37539847406321E-06
7.37539847406321E-06
7.37539847406321E-06
7.37539847406321E-06
7.37539847406321E-06
7.37539847406321E-06
7.37539847406321E-06
7.37539847406321E-06
7.37539847406321E-06
7.37539847406321E-06
7.37539847406321E-06
7.37539847406321E-06
7.37539847406321E-06
7.37539847406321E-06
7.37539847406321E-06
7.37539847406321E-06
7.37539847406321E-06
7.37539847406321E-06
1.67959688224251E-06
1.67959688224251E-06
8.03728415349481E-07
8.03728415349481E-07
8.03728415349481E-07
8.03728415349481E-07
8.03728415349481E-07
8.03728415349481E-07
8.03728415349481E-07
8.03728415349481E-07
8.03728415349481E-07
8.03728415349481E-07
8.03728415349481E-07
8.03728415349481E-07
8.03728415349481E-07
8.03728415349481E-07
8.03728415349481E-07
8.03728415349481E-07
8.03728415349481E-07
5.4358142617672E-07
5.4358142617672E-07
5.4358142617672E-07
5.4358142617672E-07
5.4358142617672E-07
5.4358142617672E-07
5.4358142617672E-07
3.71618696773379E-07
3.71618696773379E-07
3.71618696773379E-07
3.71618696773379E-07
3.71618696773379E-07
3.71618696773379E-07
3.71618696773379E-07
3.71618696773379E-07
3.71618696773379E-07
3.71618696773379E-07
3.71618696773379E-07
3.71618696773379E-07
3.71618696773379E-07
3.71618696773379E-07
3.71618696773379E-07
3.71618696773379E-07
3.71618696773379E-07
3.71618696773379E-07
3.71618696773379E-07
3.71618696773379E-07
3.71618696773379E-07
3.71618696773379E-07
3.71618696773379E-07
3.71618696773379E-07
3.71618696773379E-07
3.71618696773379E-07
3.71618696773379E-07
3.71618696773379E-07
3.71618696773379E-07
3.71618696773379E-07
3.71618696773379E-07
3.71618696773379E-07
3.71618696773379E-07
3.71618696773379E-07
3.71618696773379E-07
3.71618696773379E-07
3.71618696773379E-07
3.71618696773379E-07
3.71618696773379E-07
3.71618696773379E-07
3.71618696773379E-07
3.71618696773379E-07
3.71618696773379E-07
3.71618696773379E-07
3.71618696773379E-07
3.71618696773379E-07
3.71618696773379E-07
3.71618696773379E-07
3.71618696773379E-07
3.71618696773379E-07
3.71618696773379E-07
3.71618696773379E-07
3.71618696773379E-07
3.71618696773379E-07
3.71618696773379E-07
3.71618696773379E-07
3.71618696773379E-07
3.71618696773379E-07
3.71618696773379E-07
3.71618696773379E-07
3.71618696773379E-07
3.71618696773379E-07
3.71618696773379E-07
3.06436027774915E-07
3.06436027774915E-07
3.06436027774915E-07
3.06436027774915E-07
3.06436027774915E-07
3.06436027774915E-07
3.06436027774915E-07
3.06436027774915E-07
3.06436027774915E-07
3.06436027774915E-07
3.06436027774915E-07
3.06436027774915E-07
3.06436027774915E-07
3.06436027774915E-07
3.06436027774915E-07
3.06436027774915E-07
3.06436027774915E-07
3.06436027774915E-07
3.06436027774915E-07
3.06436027774915E-07
3.06436027774915E-07
3.06436027774915E-07
3.06436027774915E-07
3.06436027774915E-07
3.06436027774915E-07
3.06436027774915E-07
3.06436027774915E-07
3.06436027774915E-07
3.06436027774915E-07
3.06436027774915E-07
3.06436027774915E-07
3.06436027774915E-07
3.06436027774915E-07
3.06436027774915E-07
3.06436027774915E-07
3.06436027774915E-07
3.06436027774915E-07
3.06436027774915E-07
3.06436027774915E-07
3.06436027774915E-07
3.06436027774915E-07
3.06436027774915E-07
3.06436027774915E-07
3.06436027774915E-07
3.06436027774915E-07
3.06436027774915E-07
3.06436027774915E-07
3.06436027774915E-07
3.06436027774915E-07
3.06436027774915E-07
3.06436027774915E-07
3.06436027774915E-07
3.06436027774915E-07
3.06436027774915E-07
3.06436027774915E-07
3.06436027774915E-07
3.06436027774915E-07
2.57135181605528E-07
2.57135181605528E-07
2.57135181605528E-07
2.57135181605528E-07
2.57135181605528E-07
2.57135181605528E-07
2.57135181605528E-07
2.57135181605528E-07
2.57135181605528E-07
2.57135181605528E-07
2.57135181605528E-07
2.57135181605528E-07
2.57135181605528E-07
2.57135181605528E-07
2.57135181605528E-07
2.57135181605528E-07
2.57135181605528E-07
2.57135181605528E-07
2.57135181605528E-07
2.57135181605528E-07
2.57135181605528E-07
2.57135181605528E-07
2.57135181605528E-07
2.57135181605528E-07
2.57135181605528E-07
2.57135181605528E-07
2.57135181605528E-07
2.57135181605528E-07
2.57135181605528E-07
2.57135181605528E-07
2.57135181605528E-07
2.57135181605528E-07
2.57135181605528E-07
2.57135181605528E-07
2.57135181605528E-07
2.57135181605528E-07
2.57135181605528E-07
2.57135181605528E-07
2.57135181605528E-07
2.57135181605528E-07
2.57135181605528E-07
2.4073115513501E-07
2.4073115513501E-07
2.4073115513501E-07
2.4073115513501E-07
2.4073115513501E-07
2.4073115513501E-07
2.4073115513501E-07
2.4073115513501E-07
2.4073115513501E-07
2.4073115513501E-07
2.4073115513501E-07
2.34880236690826E-07
2.34880236690826E-07
2.34880236690826E-07
2.34880236690826E-07
1.65134199051065E-07
1.65134199051065E-07
1.51959546418334E-07
1.51959546418334E-07
1.51959546418334E-07
1.51959546418334E-07
1.51959546418334E-07
1.51959546418334E-07
1.51959546418334E-07
1.51959546418334E-07
1.51959546418334E-07
1.51959546418334E-07
1.51959546418334E-07
5.43981972384033E-08
1.84204514697139E-08
1.84204514697139E-08
1.84204514697139E-08
1.84204514697139E-08
1.84204514697139E-08
1.84204514697139E-08
1.84204514697139E-08
1.84204514697139E-08
1.84204514697139E-08
1.84204514697139E-08
1.84204514697139E-08
1.84204514697139E-08
1.84204514697139E-08
1.84204514697139E-08
1.84204514697139E-08
1.84204514697139E-08
1.84204514697139E-08
1.84204514697139E-08
1.84204514697139E-08
1.84204514697139E-08
1.84204514697139E-08
1.84204514697139E-08
1.84204514697139E-08
1.84204514697139E-08
1.84204514697139E-08
1.84204514697139E-08
1.84204514697139E-08
1.84204514697139E-08
1.84204514697139E-08
1.84204514697139E-08
1.84204514697139E-08
1.84204514697139E-08
1.84204514697139E-08
1.84204514697139E-08
1.84204514697139E-08
1.84204514697139E-08
1.84204514697139E-08
1.84204514697139E-08
1.84204514697139E-08
1.84204514697139E-08
9.38499340741306E-09
9.38499340741306E-09
9.38499340741306E-09
9.38499340741306E-09
9.38499340741306E-09
9.38499340741306E-09
9.38499340741306E-09
9.38499340741306E-09
9.38499340741306E-09
9.38499340741306E-09
9.38499340741306E-09
9.38499340741306E-09
9.38499340741306E-09
9.38499340741306E-09
9.38499340741306E-09
9.38499340741306E-09
9.38499340741306E-09
9.38499340741306E-09
9.38499340741306E-09
9.38499340741306E-09
9.38499340741306E-09
9.38499340741306E-09
9.38499340741306E-09
9.38499340741306E-09
9.38499340741306E-09
9.38499340741306E-09
9.38499340741306E-09
9.38499340741306E-09
9.38499340741306E-09
9.38499340741306E-09
9.38499340741306E-09
9.38499340741306E-09
9.38499340741306E-09
9.38499340741306E-09
9.38499340741306E-09
9.38499340741306E-09
9.38499340741306E-09
9.38499340741306E-09
9.38499340741306E-09
9.38499340741306E-09
9.38499340741306E-09
7.90053000798707E-09
7.90053000798707E-09
7.90053000798707E-09
7.90053000798707E-09
7.90053000798707E-09
7.90053000798707E-09
7.90053000798707E-09
7.90053000798707E-09
7.90053000798707E-09
7.90053000798707E-09
7.90053000798707E-09
7.90053000798707E-09
7.90053000798707E-09
7.90053000798707E-09
7.90053000798707E-09
7.90053000798707E-09
7.90053000798707E-09
7.90053000798707E-09
7.90053000798707E-09
7.90053000798707E-09
7.90053000798707E-09
7.90053000798707E-09
7.90053000798707E-09
7.90053000798707E-09
7.90053000798707E-09
7.90053000798707E-09
7.90053000798707E-09
7.90053000798707E-09
7.90053000798707E-09
7.90053000798707E-09
7.90053000798707E-09
7.90053000798707E-09
7.90053000798707E-09
7.90053000798707E-09
7.90053000798707E-09
7.90053000798707E-09
7.90053000798707E-09
7.90053000798707E-09
7.90053000798707E-09
7.90053000798707E-09
7.90053000798707E-09
7.90053000798707E-09
7.90053000798707E-09
7.90053000798707E-09
7.90053000798707E-09
7.90053000798707E-09
7.90053000798707E-09
7.90053000798707E-09
7.90053000798707E-09
7.90053000798707E-09
7.90053000798707E-09
7.90053000798707E-09
7.90053000798707E-09
7.90053000798707E-09
7.90053000798707E-09
7.90053000798707E-09
7.90053000798707E-09
7.90053000798707E-09
7.90053000798707E-09
7.90053000798707E-09
7.90053000798707E-09
7.90053000798707E-09
7.90053000798707E-09
7.90053000798707E-09
7.90053000798707E-09
7.90053000798707E-09
7.90053000798707E-09
7.90053000798707E-09
7.90053000798707E-09
7.90053000798707E-09
7.90053000798707E-09
7.90053000798707E-09
7.90053000798707E-09
7.90053000798707E-09
7.90053000798707E-09
7.90053000798707E-09
7.90053000798707E-09
7.90053000798707E-09
7.90053000798707E-09
7.90053000798707E-09

