0.34401266917537
0.34401266917537
0.34401266917537
0.314225967604689
0.276882767456021
0.276882767456021
0.177232686622337
0.150222749667236
0.130290853623233
0.0798964160347923
0.0798964160347923
0.0783740495775931
0.0576115037748449
0.0576115037748449
0.0569042145051957
0.0569042145051957
0.0569042145051957
0.0569042145051957
0.0466010982262911
0.0264956999383132
0.014991413189382
0.014991413189382
0.014991413189382
0.014991413189382
0.014991413189382
0.014991413189382
0.014991413189382
0.0129900430426585
0.0129900430426585
0.0129900430426585
0.0129900430426585
0.0122455221288966
0.0122455221288966
0.00897413164094287
0.00897413164094287
0.00897413164094287
0.00445702960399341
0.00445702960399341
0.00445702960399341
0.00445702960399341
0.00445702960399341
0.00445702960399341
0.00445702960399341
0.00445702960399341
0.00445702960399341
0.00445702960399341
0.00445702960399341
0.00445702960399341
0.00445702960399341
0.00445702960399341
0.00445702960399341
0.00445702960399341
0.00445702960399341
0.00445702960399341
0.00445702960399341
0.00445702960399341
0.00445702960399341
0.00445702960399341
0.00445702960399341
0.00445702960399341
0.00445702960399341
0.00445702960399341
0.00391830315170826
0.00391830315170826
0.00391830315170826
0.00391830315170826
0.00391830315170826
0.00391830315170826
0.00391830315170826
0.00391830315170826
0.00391830315170826
0.00391830315170826
0.00391830315170826
0.00391830315170826
0.00391830315170826
0.00391830315170826
0.00391830315170826
0.0034554476457028
0.0034554476457028
0.0034554476457028
0.0034554476457028
0.0034554476457028
0.0034554476457028
0.0034554476457028
0.0034554476457028
0.0034554476457028
0.0034554476457028
0.0034554476457028
0.0034554476457028
0.0034554476457028
0.0034554476457028
0.0034554476457028
0.0034554476457028
0.00273324131047598
0.00273324131047598
0.00273324131047598
0.00273324131047598
0.00273324131047598
0.00254764920847748
0.00254764920847748
0.00172764794050521
0.00112656308612114
0.00112656308612114
0.00112656308612114
0.00112656308612114
0.00112656308612114
0.00112656308612114
0.00112656308612114
0.00112656308612114
0.00112656308612114
0.00112656308612114
0.00112656308612114
0.00112656308612114
0.00112656308612114
0.00112656308612114
0.00112656308612114
0.00110659354031233
0.00110659354031233
0.00110659354031233
0.00110659354031233
0.00110659354031233
0.00110659354031233
0.00110659354031233
0.00110659354031233
0.00109573320626557
0.00109573320626557
0.00109573320626557
0.00109573320626557
0.00109573320626557
0.00109573320626557
0.00109573320626557
0.00109573320626557
0.00109573320626557
0.00109573320626557
0.00104910706887634
0.00104910706887634
0.00104910706887634
0.00104910706887634
0.00104910706887634
0.00104910706887634
0.000819953288928782
0.000813354880699835
0.000813354880699835
0.000813354880699835
0.000813354880699835
0.000813354880699835
0.000813354880699835
0.000813354880699835
0.000813354880699835
0.000813354880699835
0.000813354880699835
0.000813354880699835
0.000813354880699835
0.000813354880699835
0.000813354880699835
0.000813354880699835
0.000813354880699835
0.000813354880699835
0.000813354880699835
0.000813354880699835
0.000813354880699835
0.000795733773436974
0.000795733773436974
0.000795733773436974
0.000795733773436974
0.000795733773436974
0.000795733773436974
0.000795733773436974
0.000795733773436974
0.000795733773436974
0.000795733773436974
0.000795733773436974
0.000795733773436974
0.000795733773436974
0.000795733773436974
0.000795733773436974
0.000795733773436974
0.000795733773436974
0.000795733773436974
0.000795733773436974
0.000795733773436974
0.000795733773436974
0.000795733773436974
0.000795733773436974
0.000795733773436974
0.000795733773436974
0.000795733773436974
0.000795733773436974
0.00068870355584278
0.00068870355584278
0.00068870355584278
0.00068870355584278
0.00068870355584278
0.00068870355584278
0.00068870355584278
0.00068870355584278
0.00068870355584278
0.00068870355584278
0.00068870355584278
0.00068870355584278
0.00068870355584278
0.00068870355584278
0.00068870355584278
0.00068870355584278
0.00068870355584278
0.00068870355584278
0.00068870355584278
0.00068870355584278
0.00068870355584278
0.00068870355584278
0.000301148228631788
0.000301148228631788
0.000301148228631788
0.000301148228631788
0.000301148228631788
0.000301148228631788
0.000301148228631788
0.000301148228631788
0.000301148228631788
0.000301148228631788
0.000301148228631788
0.000301148228631788
0.000301148228631788
0.000301148228631788
0.000301148228631788
0.000301148228631788
0.000301148228631788
0.000301148228631788
0.000301148228631788
0.000301148228631788
0.000301148228631788
0.000301148228631788
0.000301148228631788
0.000301148228631788
0.000301148228631788
0.000301148228631788
0.000301148228631788
0.000301148228631788
0.000301148228631788
0.000301148228631788
0.000301148228631788
0.000301148228631788
0.000301148228631788
0.000301148228631788
0.000301148228631788
0.000301148228631788
0.000301148228631788
0.000301148228631788
0.000297418650943355
0.000297418650943355
0.000297418650943355
0.000297418650943355
0.000297418650943355
0.000297418650943355
0.000297418650943355
0.000297418650943355
0.000297418650943355
0.000297418650943355
0.000297418650943355
0.000297418650943355
0.000297418650943355
0.000297418650943355
0.000297418650943355
0.000297418650943355
0.000297418650943355
0.000297418650943355
0.000297418650943355
0.000297418650943355
0.000297418650943355
0.000297418650943355
0.000297418650943355
0.000297418650943355
0.000297418650943355
0.000297418650943355
0.000297418650943355
0.000297418650943355
0.000297418650943355
0.000297418650943355
0.000297418650943355
0.000297418650943355
0.000297418650943355
0.000297418650943355
0.000297418650943355
0.000297418650943355
0.000297418650943355
0.000297418650943355
0.000297418650943355
0.000297418650943355
0.000297418650943355
0.000265038647867144
0.000265038647867144
0.000265038647867144
0.000265038647867144
0.000265038647867144
0.000265038647867144
0.000265038647867144
0.000265038647867144
0.000265038647867144
0.000265038647867144
0.000265038647867144
0.000265038647867144
0.000265038647867144
0.000265038647867144
0.000265038647867144
7.96237647799E-05
7.96237647799E-05
7.96237647799E-05
7.96237647799E-05
7.96237647799E-05
7.96237647799E-05
7.96237647799E-05
7.96237647799E-05
7.96237647799E-05
7.96237647799E-05
7.96237647799E-05
7.96237647799E-05
7.96237647799E-05
7.96237647799E-05
7.96237647799E-05
7.96237647799E-05
7.96237647799E-05
5.48074106852953E-05
5.48074106852953E-05
5.48074106852953E-05
5.45425256575222E-05
5.45425256575222E-05
5.45425256575222E-05
5.45425256575222E-05
5.45425256575222E-05
5.45425256575222E-05
5.45425256575222E-05
5.45425256575222E-05
5.45425256575222E-05
5.45425256575222E-05
5.45425256575222E-05
5.45425256575222E-05
5.45425256575222E-05
5.45425256575222E-05
5.45425256575222E-05
5.45425256575222E-05
5.45425256575222E-05
5.45425256575222E-05
5.45425256575222E-05
5.45425256575222E-05
5.45425256575222E-05
5.45425256575222E-05
5.45425256575222E-05
5.45425256575222E-05
5.45425256575222E-05
5.45425256575222E-05
5.45425256575222E-05
5.45425256575222E-05
5.45425256575222E-05
5.45425256575222E-05
5.45425256575222E-05
5.45425256575222E-05
5.45425256575222E-05
5.45425256575222E-05
5.45425256575222E-05
5.45425256575222E-05
5.45425256575222E-05
5.45425256575222E-05
5.45425256575222E-05
5.45425256575222E-05
3.7146408727165E-05
3.7146408727165E-05
3.7146408727165E-05
3.7146408727165E-05
3.7146408727165E-05
3.7146408727165E-05
3.7146408727165E-05
3.7146408727165E-05
3.7146408727165E-05
3.7146408727165E-05
3.7146408727165E-05
3.7146408727165E-05
3.7146408727165E-05
3.7146408727165E-05
3.7146408727165E-05
3.7146408727165E-05
3.7146408727165E-05
3.7146408727165E-05
3.7146408727165E-05
3.7146408727165E-05
3.7146408727165E-05
3.7146408727165E-05
3.7146408727165E-05
3.7146408727165E-05
3.7146408727165E-05
3.7146408727165E-05
3.7146408727165E-05
3.7146408727165E-05
3.7146408727165E-05
3.7146408727165E-05
3.7146408727165E-05
3.7146408727165E-05
3.7146408727165E-05
3.7146408727165E-05
3.7146408727165E-05
3.7146408727165E-05
3.7146408727165E-05
3.7146408727165E-05
3.7146408727165E-05
3.7146408727165E-05
3.7146408727165E-05
3.7146408727165E-05
3.7146408727165E-05
3.7146408727165E-05
3.7146408727165E-05
3.7146408727165E-05
3.7146408727165E-05
3.7146408727165E-05
3.7146408727165E-05
3.7146408727165E-05
3.7146408727165E-05
3.7146408727165E-05
3.16318595141862E-05
3.16318595141862E-05
3.16318595141862E-05
3.16318595141862E-05
3.16318595141862E-05
3.16318595141862E-05
3.16318595141862E-05
3.16318595141862E-05
3.16318595141862E-05
3.16318595141862E-05
3.16318595141862E-05
3.07838413548742E-05
3.07838413548742E-05
3.07838413548742E-05
3.07838413548742E-05
3.07838413548742E-05
3.07838413548742E-05
3.07838413548742E-05
3.07838413548742E-05
3.07838413548742E-05
3.07838413548742E-05
3.07838413548742E-05
2.71243479837702E-05
2.71243479837702E-05
2.71243479837702E-05
2.71243479837702E-05
2.71243479837702E-05
2.71243479837702E-05
2.71243479837702E-05
2.71243479837702E-05
2.71243479837702E-05
2.71243479837702E-05
2.71243479837702E-05
2.71243479837702E-05
2.71243479837702E-05
2.71243479837702E-05
2.71243479837702E-05
2.71243479837702E-05
2.71243479837702E-05
2.71243479837702E-05
1.26128732688413E-05
1.26128732688413E-05
1.26128732688413E-05
1.26128732688413E-05
1.26128732688413E-05
1.26128732688413E-05
1.26128732688413E-05
1.11568709185647E-05
1.11568709185647E-05
1.11568709185647E-05
1.11568709185647E-05
1.11568709185647E-05
1.11568709185647E-05
1.11568709185647E-05
1.11568709185647E-05
1.11568709185647E-05
1.11568709185647E-05
1.11568709185647E-05
1.11568709185647E-05
1.11568709185647E-05
1.11568709185647E-05
1.11568709185647E-05
1.11568709185647E-05
1.11568709185647E-05
1.11568709185647E-05
1.11568709185647E-05
1.11568709185647E-05
1.11568709185647E-05
1.11568709185647E-05
1.11568709185647E-05
1.11568709185647E-05
1.11568709185647E-05
1.11568709185647E-05
1.11568709185647E-05
1.11568709185647E-05
1.11568709185647E-05
1.11568709185647E-05
1.11568709185647E-05
1.11568709185647E-05
1.11568709185647E-05
1.11568709185647E-05
1.11568709185647E-05
1.11568709185647E-05
1.11568709185647E-05

