0.401590298356225
0.203770290026003
0.203770290026003
0.203770290026003
0.184278727851073
0.146525297760256
0.146525297760256
0.13894026071956
0.124446651621512
0.121131476247006
0.107733096540162
0.107160787641558
0.106383498994358
0.0493781070843409
0.0493781070843409
0.0493781070843409
0.0493781070843409
0.0493781070843409
0.0493781070843409
0.0493781070843409
0.0379814727966591
0.0379814727966591
0.0252615129180572
0.0248620635782608
0.0248620635782608
0.0231717134514629
0.0231717134514629
0.0231717134514629
0.0214454319710611
0.0174405380570544
0.0174405380570544
0.0172506218108912
0.0172506218108912
0.0172506218108912
0.0172506218108912
0.0145669172087145
0.0145669172087145
0.0145669172087145
0.013756921012492
0.00397459865037702
0.00397459865037702
0.00397459865037702
0.00397459865037702
0.00397459865037702
0.00397459865037702
0.00397459865037702
0.00334549248158673
0.00334549248158673
0.00334549248158673
0.00334549248158673
0.00334549248158673
0.00334549248158673
0.00252022366739476
0.00149335107733014
0.00149335107733014
0.00149335107733014
0.000612600787501043
0.000612600787501043
0.000612600787501043
0.000612600787501043
0.000612600787501043
0.000612600787501043
0.000612600787501043
0.000612600787501043
0.000477304786100804
0.000477304786100804
0.000477304786100804
0.000477304786100804
0.000477304786100804
0.000477304786100804
0.000477304786100804
0.000477304786100804
0.000477304786100804
0.000477304786100804
0.000477304786100804
0.000477304786100804
0.000477304786100804
0.000477304786100804
0.000477304786100804
0.000477304786100804
0.000477304786100804
0.000477304786100804
0.000477304786100804
0.000477304786100804
0.000477304786100804
0.000477304786100804
0.000477304786100804
0.000477304786100804
0.000477304786100804
0.000477304786100804
0.000477304786100804
0.000477304786100804
0.000477304786100804
0.000477304786100804
0.000477304786100804
0.000477304786100804
0.000477304786100804
0.000477304786100804
0.000477304786100804
0.000477304786100804
0.000477304786100804
0.000477304786100804
0.000477304786100804
0.000477304786100804
0.000477304786100804
0.000477304786100804
0.000477304786100804
0.000477304786100804
0.000416544034109167
0.000281472429653101
0.000267781395557951
0.000267781395557951
0.000267781395557951
0.000267781395557951
0.000267781395557951
0.000267781395557951
0.000267781395557951
0.000249150813500057
0.000249150813500057
0.000249150813500057
0.000249150813500057
0.000249150813500057
0.000246519501301718
0.000246519501301718
0.000246519501301718
0.000246519501301718
0.000246519501301718
0.00022047208792226
0.00022047208792226
0.000213319295143161
0.000213319295143161
0.000213319295143161
0.000213319295143161
0.000213319295143161
0.000213319295143161
0.000206244173989845
0.000206244173989845
0.000186931509570526
0.000186931509570526
0.000186931509570526
0.000186931509570526
0.000186931509570526
0.000186931509570526
0.000186931509570526
0.000186931509570526
0.000178965864215684
0.000178965864215684
0.000178965864215684
0.000178965864215684
0.000178965864215684
0.000178965864215684
0.000178965864215684
0.000178965864215684
0.000141010134633112
0.000141010134633112
0.000141010134633112
0.000141010134633112
0.000141010134633112
0.000141010134633112
0.000141010134633112
0.000141010134633112
0.000141010134633112
8.08438557346563E-05
5.16083841092184E-05
5.16083841092184E-05
5.16083841092184E-05
5.16083841092184E-05
5.16083841092184E-05
5.16083841092184E-05
5.16083841092184E-05
5.16083841092184E-05
5.16083841092184E-05
5.16083841092184E-05
5.16083841092184E-05
5.16083841092184E-05
5.16083841092184E-05
5.16083841092184E-05
5.16083841092184E-05
5.16083841092184E-05
5.16083841092184E-05
5.16083841092184E-05
5.16083841092184E-05
5.16083841092184E-05
5.16083841092184E-05
5.16083841092184E-05
5.16083841092184E-05
5.16083841092184E-05
5.16083841092184E-05
5.16083841092184E-05
5.16083841092184E-05
5.16083841092184E-05
4.47871576364408E-05
4.47871576364408E-05
4.47871576364408E-05
4.47871576364408E-05
4.47871576364408E-05
4.47871576364408E-05
4.47871576364408E-05
4.47871576364408E-05
4.47871576364408E-05
4.47871576364408E-05
4.47871576364408E-05
4.47871576364408E-05
4.47871576364408E-05
4.47871576364408E-05
4.47871576364408E-05
4.47871576364408E-05
4.47871576364408E-05
4.47871576364408E-05
4.47871576364408E-05
4.47871576364408E-05
4.47871576364408E-05
4.47871576364408E-05
4.47871576364408E-05
4.47871576364408E-05
4.47871576364408E-05
4.47871576364408E-05
3.81723430562436E-05
3.81723430562436E-05
3.81723430562436E-05
3.81723430562436E-05
3.81723430562436E-05
3.81723430562436E-05
3.81714243877063E-05
3.81714243877063E-05
3.81714243877063E-05
3.81714243877063E-05
3.81714243877063E-05
3.81714243877063E-05
3.81714243877063E-05
3.29635107050656E-05
3.29635107050656E-05
3.29635107050656E-05
3.29635107050656E-05
3.29635107050656E-05
3.29635107050656E-05
3.29635107050656E-05
3.29635107050656E-05
3.29635107050656E-05
3.29635107050656E-05
3.29635107050656E-05
3.29635107050656E-05
3.29635107050656E-05
3.29635107050656E-05
3.29635107050656E-05
3.29635107050656E-05
3.29635107050656E-05
3.29635107050656E-05
3.29635107050656E-05
3.29635107050656E-05
3.29635107050656E-05
2.12010797211919E-05
2.12010797211919E-05
2.12010797211919E-05
2.12010797211919E-05
2.12010797211919E-05
2.12010797211919E-05
2.12010797211919E-05
2.12010797211919E-05
2.12010797211919E-05
2.12010797211919E-05
2.12010797211919E-05
2.12010797211919E-05
2.12010797211919E-05
2.12010797211919E-05
1.45736103744223E-05
1.45736103744223E-05
1.45736103744223E-05
1.45736103744223E-05
1.45736103744223E-05
1.45736103744223E-05
1.45736103744223E-05
1.45736103744223E-05
1.45736103744223E-05
1.45736103744223E-05
1.45736103744223E-05
1.45736103744223E-05
1.45736103744223E-05
1.42400948220193E-05
1.42400948220193E-05
1.42400948220193E-05
1.42400948220193E-05
1.42400948220193E-05
1.42400948220193E-05
1.30191160875994E-05
1.30191160875994E-05
1.30191160875994E-05
1.30191160875994E-05
1.30191160875994E-05
1.30191160875994E-05
1.30191160875994E-05
1.30191160875994E-05
1.30191160875994E-05
1.30191160875994E-05
1.04404397962864E-05
1.04404397962864E-05
1.04404397962864E-05
1.04404397962864E-05
1.04404397962864E-05
1.04404397962864E-05
1.04404397962864E-05
1.04404397962864E-05
1.04404397962864E-05
1.04404397962864E-05
1.04404397962864E-05
9.35057989139382E-06
9.35057989139382E-06
9.35057989139382E-06
9.35057989139382E-06
9.35057989139382E-06
6.83539284881521E-06
6.83539284881521E-06
6.83539284881521E-06
6.83539284881521E-06
6.83539284881521E-06
6.83539284881521E-06
6.83539284881521E-06
6.83539284881521E-06
6.83539284881521E-06
6.83539284881521E-06
6.83539284881521E-06
6.83539284881521E-06
6.83539284881521E-06
6.83539284881521E-06
6.83539284881521E-06
6.83539284881521E-06
6.83539284881521E-06
6.83539284881521E-06
6.83539284881521E-06
6.83539284881521E-06
6.83539284881521E-06
6.83539284881521E-06
6.83539284881521E-06
6.83539284881521E-06
6.83539284881521E-06
6.83539284881521E-06
6.83539284881521E-06
6.83539284881521E-06
6.83539284881521E-06
6.83539284881521E-06
6.83539284881521E-06
6.83539284881521E-06
6.83539284881521E-06
6.5894579240516E-06
6.5894579240516E-06
6.5894579240516E-06
6.5894579240516E-06
6.5894579240516E-06
6.5894579240516E-06
6.5894579240516E-06
5.76821178334285E-06
5.76821178334285E-06
5.76821178334285E-06
5.76821178334285E-06
5.76821178334285E-06
5.76821178334285E-06
5.76821178334285E-06
5.76821178334285E-06
5.76821178334285E-06
5.76821178334285E-06
5.76821178334285E-06
5.75574877414465E-06
5.75574877414465E-06
5.75574877414465E-06
5.44760811297551E-06
5.44760811297551E-06
5.44760811297551E-06
4.4676268002338E-06
4.4676268002338E-06
4.33474765046264E-06
4.33474765046264E-06
4.33474765046264E-06
4.33474765046264E-06
4.33474765046264E-06
4.33474765046264E-06
4.33474765046264E-06
4.33474765046264E-06
4.14912815423296E-06
2.67610061724812E-06
2.67610061724812E-06
2.67610061724812E-06
2.67610061724812E-06
2.67610061724812E-06
2.67610061724812E-06
2.67610061724812E-06
2.67610061724812E-06
2.67610061724812E-06
2.67610061724812E-06
2.67610061724812E-06
2.67610061724812E-06
2.67610061724812E-06
2.67610061724812E-06
2.67610061724812E-06
2.67610061724812E-06
2.67610061724812E-06
2.67610061724812E-06
2.67610061724812E-06
2.67610061724812E-06
2.67610061724812E-06
2.21264509874586E-06
1.45518226539517E-06
1.45518226539517E-06
1.45518226539517E-06
1.45518226539517E-06
1.45518226539517E-06
1.45518226539517E-06
1.45518226539517E-06
1.45518226539517E-06
1.45518226539517E-06
1.45518226539517E-06
1.45518226539517E-06
1.45518226539517E-06
1.45518226539517E-06
1.45518226539517E-06
1.45518226539517E-06
1.45518226539517E-06
1.45518226539517E-06
1.45518226539517E-06
1.45518226539517E-06
1.45518226539517E-06
1.45518226539517E-06
1.45518226539517E-06
1.45518226539517E-06
1.45518226539517E-06
1.45518226539517E-06
1.45518226539517E-06
1.45518226539517E-06
1.45518226539517E-06
1.45518226539517E-06
1.45518226539517E-06
1.45518226539517E-06
1.45518226539517E-06
1.45518226539517E-06
1.45518226539517E-06
1.45518226539517E-06
1.45518226539517E-06
1.45518226539517E-06
1.45518226539517E-06
1.45518226539517E-06
1.45518226539517E-06
1.45518226539517E-06
1.45518226539517E-06
1.45518226539517E-06
1.45518226539517E-06
1.45518226539517E-06
1.24151712713481E-06
1.24151712713481E-06
1.24151712713481E-06
1.24151712713481E-06
1.24151712713481E-06
1.24151712713481E-06
1.24151712713481E-06
1.24151712713481E-06
1.24151712713481E-06
1.24151712713481E-06
1.24151712713481E-06
1.24151712713481E-06
1.24151712713481E-06
1.24151712713481E-06
1.24151712713481E-06
1.18239012446764E-06
1.18239012446764E-06
1.18239012446764E-06
1.18239012446764E-06
1.18239012446764E-06
1.18239012446764E-06
1.18239012446764E-06
1.18239012446764E-06
1.18239012446764E-06
1.18239012446764E-06
1.18239012446764E-06
1.18239012446764E-06
1.18239012446764E-06
1.18239012446764E-06
1.18239012446764E-06
1.18239012446764E-06
1.18239012446764E-06
1.18239012446764E-06
1.18239012446764E-06
1.18239012446764E-06
1.18239012446764E-06
1.18239012446764E-06
1.18239012446764E-06
1.18239012446764E-06
1.18239012446764E-06
1.18239012446764E-06
1.17821934428001E-06
1.17821934428001E-06
1.1732760464728E-06
1.1732760464728E-06
1.1732760464728E-06
1.1732760464728E-06
1.1732760464728E-06
1.1732760464728E-06
1.1732760464728E-06
1.1732760464728E-06
1.1732760464728E-06
1.1732760464728E-06
1.1732760464728E-06
1.1732760464728E-06

