0.704716421009903
0.277266340381753
0.0225561078145371
0.0225561078145371
0.0225561078145371
0.0225561078145371
0.0225561078145371
0.0194965926987914
0.00995807453911346
0.00995807453911346
0.00995807453911346
0.00995807453911346
0.00995807453911346
0.0051182491839736
0.0051182491839736
0.00336672307838864
0.00336672307838864
0.00336672307838864
0.00336672307838864
0.00336672307838864
0.00336672307838864
0.00336672307838864
0.00336672307838864
0.00336672307838864
0.00336672307838864
0.00336672307838864
0.00336672307838864
0.00336672307838864
0.00265594425589339
0.00265594425589339
0.00265594425589339
0.00265594425589339
0.00265594425589339
0.00265594425589339
0.00265594425589339
0.00265594425589339
0.00265594425589339
0.0016814046098687
0.0016814046098687
0.0016814046098687
0.0016814046098687
0.0016814046098687
0.0016814046098687
0.0016814046098687
0.0016814046098687
0.0016814046098687
0.0016814046098687
0.0016814046098687
0.0016814046098687
0.0016814046098687
0.0016814046098687
0.00163812297628356
0.00163812297628356
0.00163812297628356
0.00163812297628356
0.00163812297628356
0.000411330743930709
0.000411330743930709
0.000411330743930709
0.000411330743930709
0.000411330743930709
0.000411330743930709
0.000411330743930709
0.000411330743930709
0.000411330743930709
0.000411330743930709
0.000411330743930709
0.000411330743930709
0.000411330743930709
0.000411330743930709
0.000411330743930709
0.000411330743930709
0.000411330743930709
0.000411330743930709
0.000411330743930709
0.000411330743930709
0.000411330743930709
0.000411330743930709
0.000411330743930709
0.000411330743930709
0.000411330743930709
0.000411330743930709
0.000411330743930709
0.000411330743930709
0.000411330743930709
0.000411330743930709
0.000411330743930709
0.000411330743930709
0.000302634383690852
0.000302634383690852
0.000302634383690852
0.000302634383690852
0.000302634383690852
0.000302634383690852
0.000302634383690852
0.000302634383690852
0.000302634383690852
0.000302634383690852
0.000302634383690852
0.000302634383690852
0.000302634383690852
0.000302634383690852
0.000302634383690852
0.000302634383690852
0.000302634383690852
0.000302634383690852
0.000302634383690852
0.000302634383690852
0.000302634383690852
0.000302634383690852
0.000302634383690852
0.000302634383690852
0.000302634383690852
0.000302634383690852
0.000302634383690852
0.000302634383690852
0.000302634383690852
0.000302634383690852
0.000302634383690852
0.00021544356604658
0.00021544356604658
0.00021544356604658
0.00021544356604658
0.00021544356604658
0.00021544356604658
0.00021544356604658
0.00021544356604658
0.00021544356604658
0.00021544356604658
0.00021544356604658
0.00021544356604658
0.00021544356604658
0.00021544356604658
0.00021544356604658
0.00021544356604658
0.00021544356604658
0.00021544356604658
0.00021544356604658
0.00021544356604658
0.00021544356604658
0.00021544356604658
0.00021544356604658
0.00021544356604658
0.00021544356604658
0.00021544356604658
0.00021544356604658
0.00021544356604658
0.00021544356604658
0.00021544356604658
0.00021544356604658
0.00021544356604658
0.00021544356604658
0.00021544356604658
0.00021544356604658
0.00021544356604658
0.00021544356604658
0.00021544356604658
0.00021544356604658
0.00021544356604658
0.00021544356604658
0.00021544356604658
0.00021544356604658
0.00021544356604658
0.00021544356604658
0.00021544356604658
0.00021544356604658
0.00021544356604658
0.00021544356604658
0.00021544356604658
0.00021544356604658
0.00021544356604658
0.00021544356604658
0.00021544356604658
0.00021544356604658
0.00021544356604658
0.00021544356604658
0.00021544356604658
0.000171654106257156
0.000171654106257156
0.000171654106257156
0.000171654106257156
0.000141344623792645
0.000141344623792645
0.000141344623792645
0.000141344623792645
0.000141344623792645
0.000141344623792645
0.000141344623792645
0.000141344623792645
0.000141344623792645
0.000141344623792645
0.000141344623792645
0.000141344623792645
0.000141344623792645
0.000141344623792645
0.000141344623792645
0.000141344623792645
0.000141344623792645
0.000141344623792645
0.000141344623792645
0.000141344623792645
0.000141344623792645
0.000141344623792645
0.000141344623792645
0.000141344623792645
0.000133656719446764
0.000133656719446764
0.000133656719446764
0.000133656719446764
0.000133656719446764
0.000133656719446764
0.000133656719446764
0.000133656719446764
0.000133656719446764
0.000133656719446764
0.000133656719446764
0.000133656719446764
0.000133656719446764
0.000133656719446764
0.000133656719446764
0.000133656719446764
0.000133656719446764
0.000133656719446764
0.000133656719446764
0.000133656719446764
0.000133656719446764
0.000133656719446764
0.000133656719446764
0.000133656719446764
0.000133656719446764
0.000133656719446764
0.000133656719446764
0.000133656719446764
0.000133656719446764
0.000133656719446764
0.000133656719446764
0.000133656719446764
0.000133656719446764
0.000133656719446764
0.000133656719446764
0.000133656719446764
0.000133656719446764
0.000133656719446764
0.000133656719446764
0.000133656719446764
0.000133656719446764
0.000133656719446764
0.000133656719446764
0.000133656719446764
0.000133656719446764
0.000133656719446764
0.000133656719446764
0.000133656719446764
0.000133656719446764
0.000133656719446764
0.000133656719446764
0.000133656719446764
0.000133656719446764
0.000133656719446764
0.000133656719446764
0.000133656719446764
0.000133656719446764
0.000133656719446764
0.000133656719446764
0.000133656719446764
0.000133656719446764
0.000133656719446764
0.000133656719446764
0.000133656719446764
0.000133656719446764
0.000133656719446764
0.000133656719446764
0.000133656719446764
0.000133656719446764
0.000133656719446764
0.000133656719446764
0.000133656719446764
0.000133656719446764
0.000133656719446764
0.000133656719446764
0.000133656719446764
0.000133656719446764
0.000133656719446764
0.000133656719446764
0.000133656719446764
0.000133656719446764
0.000133656719446764
0.000133656719446764
0.000133656719446764
0.000133656719446764
0.000133656719446764
0.000133656719446764
0.000133656719446764
0.000133656719446764
0.000133656719446764
0.000133656719446764
0.000133656719446764
0.000133656719446764
0.000133656719446764
0.000133656719446764
0.000133656719446764
0.000133656719446764
0.000133656719446764
0.000133656719446764
0.000133656719446764
0.000133656719446764
0.000133656719446764
0.000133656719446764
0.000133656719446764
0.000133656719446764
0.000133656719446764
0.000133656719446764
0.000133656719446764
0.000133656719446764
0.000133656719446764
0.000133656719446764
0.000133656719446764
0.000133656719446764
0.000133656719446764
0.000133656719446764
0.000133656719446764
0.000112206481089345
0.000112206481089345
0.000112206481089345
0.000112206481089345
0.000112206481089345
0.000112206481089345
0.000112206481089345
0.000112206481089345
0.000112206481089345
0.000112206481089345
0.000112206481089345
0.000112206481089345
0.000112206481089345
0.000112206481089345
0.000112206481089345
0.000112206481089345
0.000112206481089345
0.000112206481089345
0.000112206481089345
0.000112206481089345
0.000112206481089345
0.000112206481089345
0.000112206481089345
0.000112206481089345
0.000112206481089345
3.13289231167998E-05
3.13289231167998E-05
3.13289231167998E-05
3.13289231167998E-05
3.13289231167998E-05
3.13289231167998E-05
3.13289231167998E-05
3.13289231167998E-05
3.13289231167998E-05
3.13289231167998E-05
3.13289231167998E-05
3.13289231167998E-05
3.13289231167998E-05
3.13289231167998E-05
3.13289231167998E-05
3.13289231167998E-05
3.13289231167998E-05
3.13289231167998E-05
3.13289231167998E-05
3.13289231167998E-05
3.13289231167998E-05
3.13289231167998E-05
3.13289231167998E-05
3.13289231167998E-05
3.13289231167998E-05
3.13289231167998E-05
3.13289231167998E-05
3.13289231167998E-05
3.13289231167998E-05
3.13289231167998E-05
3.13289231167998E-05
3.13289231167998E-05
3.13289231167998E-05
3.13289231167998E-05
3.13289231167998E-05
3.13289231167998E-05
3.13289231167998E-05
3.13289231167998E-05
3.13289231167998E-05
3.13289231167998E-05
3.13289231167998E-05
3.13289231167998E-05
3.13289231167998E-05
3.13289231167998E-05
3.13289231167998E-05
3.13289231167998E-05
3.13289231167998E-05
3.13289231167998E-05
3.13289231167998E-05
3.13289231167998E-05
3.13289231167998E-05
3.13289231167998E-05
3.13289231167998E-05
3.13289231167998E-05
3.13289231167998E-05
3.13289231167998E-05
3.13289231167998E-05
3.13289231167998E-05
3.13289231167998E-05
3.13289231167998E-05
3.13289231167998E-05
3.13289231167998E-05
3.13289231167998E-05
3.13289231167998E-05
3.13289231167998E-05
3.13289231167998E-05
3.13289231167998E-05
3.13289231167998E-05
3.13289231167998E-05
3.13289231167998E-05
3.13289231167998E-05
3.13289231167998E-05
3.13289231167998E-05
3.13289231167998E-05
3.13289231167998E-05
3.13289231167998E-05
3.13289231167998E-05
3.13289231167998E-05
3.13289231167998E-05
3.13289231167998E-05
3.13289231167998E-05
3.13289231167998E-05
3.13289231167998E-05
3.13289231167998E-05
3.13289231167998E-05
3.13289231167998E-05
3.13289231167998E-05
3.13289231167998E-05
3.13289231167998E-05
3.13289231167998E-05
3.13289231167998E-05
3.13289231167998E-05
3.13289231167998E-05
3.13289231167998E-05
3.13289231167998E-05
3.13289231167998E-05
2.23210504999056E-05
2.23210504999056E-05
2.23210504999056E-05
2.23210504999056E-05
2.23210504999056E-05
2.23210504999056E-05
2.23210504999056E-05
2.23210504999056E-05
2.23210504999056E-05
2.23210504999056E-05
2.23210504999056E-05
2.23210504999056E-05
2.23210504999056E-05
2.23210504999056E-05
2.23210504999056E-05
2.23210504999056E-05
2.23210504999056E-05
2.23210504999056E-05
2.23210504999056E-05
2.23210504999056E-05
2.23210504999056E-05
2.23210504999056E-05
2.23210504999056E-05
2.23210504999056E-05
2.23210504999056E-05
2.23210504999056E-05
2.23210504999056E-05
2.23210504999056E-05
2.23210504999056E-05
2.23210504999056E-05
2.23210504999056E-05
2.23210504999056E-05
2.23210504999056E-05
2.23210504999056E-05
2.23210504999056E-05
2.23210504999056E-05
2.23210504999056E-05
2.23210504999056E-05
2.23210504999056E-05
2.23210504999056E-05
2.23210504999056E-05
2.23210504999056E-05
2.23210504999056E-05
2.23210504999056E-05
2.23210504999056E-05
2.23210504999056E-05
2.23210504999056E-05
2.23210504999056E-05
2.23210504999056E-05
2.23210504999056E-05
2.23210504999056E-05
2.05135647145684E-05
2.05135647145684E-05
2.05135647145684E-05
2.05135647145684E-05
2.05135647145684E-05
2.05135647145684E-05
2.05135647145684E-05

