0.454645348361586
0.454645348361586
0.24879255628635
0.232724458699379
0.0764882814019675
0.0339137420538201
0.0339137420538201
0.0135323170575835
0.0135323170575835
0.0135323170575835
0.0135323170575835
0.0135323170575835
0.0102387383188512
0.0102387383188512
0.00361015549516367
0.00361015549516367
0.00361015549516367
0.00361015549516367
0.00361015549516367
0.00301655735889536
0.00301655735889536
0.00301655735889536
0.00301655735889536
0.00301655735889536
0.00301655735889536
0.00301655735889536
0.00301655735889536
0.00301655735889536
0.00301655735889536
0.00155267704169597
0.00155267704169597
0.00155267704169597
0.00155267704169597
0.00155267704169597
0.00155267704169597
0.00155267704169597
0.00155267704169597
0.000844399846042828
0.000844399846042828
0.000844399846042828
0.000844399846042828
0.000844399846042828
0.000844399846042828
0.000844399846042828
0.000844399846042828
0.000844399846042828
0.000844399846042828
0.000844399846042828
0.000844399846042828
0.000844399846042828
0.000844399846042828
0.000844399846042828
0.000844399846042828
0.000844399846042828
0.000844399846042828
0.000844399846042828
0.000844399846042828
0.000844399846042828
0.000844399846042828
0.000844399846042828
0.000844399846042828
0.000844399846042828
0.000844399846042828
0.000844399846042828
0.000844399846042828
0.000844399846042828
0.000844399846042828
0.000844399846042828
0.000844399846042828
0.000844399846042828
0.000844399846042828
0.000844399846042828
0.000844399846042828
0.000844399846042828
0.000844399846042828
0.000708235193718443
0.000708235193718443
0.000708235193718443
0.000708235193718443
0.000708235193718443
0.000708235193718443
0.000708235193718443
0.000708235193718443
0.000708235193718443
0.000708235193718443
0.000708235193718443
0.000708235193718443
0.000708235193718443
0.000708235193718443
0.000708235193718443
0.000708235193718443
0.000708235193718443
0.000708235193718443
0.000708235193718443
0.000708235193718443
0.000708235193718443
0.000708235193718443
0.000708235193718443
0.000708235193718443
0.000708235193718443
0.000708235193718443
0.000708235193718443
0.000708235193718443
0.000708235193718443
0.000708235193718443
0.000708235193718443
0.000708235193718443
0.000708235193718443
0.000708235193718443
0.000708235193718443
0.000708235193718443
0.000708235193718443
0.000708235193718443
0.000708235193718443
0.000708235193718443
0.000708235193718443
0.000708235193718443
0.00067771388522422
0.00067771388522422
0.00067771388522422
0.00067771388522422
0.00067771388522422
0.00067771388522422
0.00067771388522422
0.00067771388522422
0.00067771388522422
0.00067771388522422
0.00067771388522422
0.00067771388522422
0.00067771388522422
0.00067771388522422
0.00067771388522422
0.00067771388522422
0.00067771388522422
0.00067771388522422
0.00067771388522422
0.00067771388522422
0.00067771388522422
0.000213884178554365
0.000213884178554365
0.000213884178554365
0.000213884178554365
0.000213884178554365
0.000213884178554365
0.000213884178554365
0.000213884178554365
0.000213884178554365
0.000213884178554365
0.000213884178554365
0.000213884178554365
0.000213884178554365
0.000213884178554365
0.000213884178554365
0.000213884178554365
0.000213884178554365
0.000213884178554365
0.000213884178554365
0.000213884178554365
0.000213884178554365
0.000213884178554365
0.000213884178554365
0.000213884178554365
0.000213884178554365
0.000213884178554365
0.000213884178554365
0.000213884178554365
0.000213884178554365
0.000213884178554365
0.000213884178554365
0.000213884178554365
0.000213884178554365
0.000213884178554365
0.000213884178554365
0.000213884178554365
0.000213884178554365
0.000213884178554365
0.000213884178554365
0.000213884178554365
0.000213884178554365
0.000213884178554365
0.000213884178554365
0.000213884178554365
0.000213884178554365
0.000213884178554365
0.000213884178554365
0.000213884178554365
0.000213884178554365
0.000213884178554365
0.000213884178554365
0.000213884178554365
0.000213884178554365
0.000213884178554365
0.000213884178554365
0.000213884178554365
0.000213884178554365
0.000213884178554365
0.000213884178554365
0.000213884178554365
0.000213884178554365
0.000213884178554365
0.000213884178554365
0.000213884178554365
0.000213884178554365
0.000213884178554365
0.000205327028910672
0.000205327028910672
0.000205327028910672
0.000205327028910672
0.000205327028910672
0.000205327028910672
0.000205327028910672
0.000205327028910672
0.000205327028910672
0.000205327028910672
0.000205327028910672
0.000205327028910672
0.000205327028910672
0.000205327028910672
0.000205327028910672
0.000205327028910672
0.000205327028910672
0.000205327028910672
0.000205327028910672
0.000205327028910672
0.000205327028910672
0.000205327028910672
0.000205327028910672
0.000205327028910672
0.000172014814933854
0.000172014814933854
0.000160828000811306
0.000160828000811306
0.000160828000811306
0.000160828000811306
0.000160828000811306
0.000160828000811306
0.000160828000811306
0.000160828000811306
0.000160828000811306
0.000160828000811306
0.000160828000811306
0.000160828000811306
0.000160828000811306
0.000160828000811306
0.000160828000811306
0.000160828000811306
0.000160828000811306
0.000160828000811306
0.000160828000811306
0.000160828000811306
0.000160828000811306
0.000160828000811306
0.000160828000811306
0.000160828000811306
0.000160828000811306
0.000160828000811306
0.000160828000811306
3.04370124309983E-05
3.04370124309983E-05
3.04370124309983E-05
3.04370124309983E-05
3.04370124309983E-05
3.04370124309983E-05
3.04370124309983E-05
3.04370124309983E-05
3.04370124309983E-05
3.04370124309983E-05
3.04370124309983E-05
3.04370124309983E-05
3.04370124309983E-05
3.04370124309983E-05
3.04370124309983E-05
3.04370124309983E-05
3.04370124309983E-05
3.04370124309983E-05
3.04370124309983E-05
3.04370124309983E-05
3.04370124309983E-05
3.04370124309983E-05
3.04370124309983E-05
3.04370124309983E-05
3.04370124309983E-05
3.04370124309983E-05
3.04370124309983E-05
3.04370124309983E-05
3.04370124309983E-05
3.04370124309983E-05
3.04370124309983E-05
3.04370124309983E-05
3.04370124309983E-05
3.04370124309983E-05
3.04370124309983E-05
3.04370124309983E-05
3.04370124309983E-05
3.04370124309983E-05
3.04370124309983E-05
3.04370124309983E-05
3.04370124309983E-05
3.04370124309983E-05
3.04370124309983E-05
3.04370124309983E-05
3.04370124309983E-05
3.04370124309983E-05
3.04370124309983E-05
3.04370124309983E-05
3.04370124309983E-05
3.04370124309983E-05
3.04370124309983E-05
3.04370124309983E-05
3.04370124309983E-05
3.04370124309983E-05
3.04370124309983E-05
3.04370124309983E-05
3.04370124309983E-05
3.04370124309983E-05
3.04370124309983E-05
3.04370124309983E-05
3.04370124309983E-05
3.04370124309983E-05
3.04370124309983E-05
3.04370124309983E-05
3.04370124309983E-05
3.04370124309983E-05
3.04370124309983E-05
3.04370124309983E-05
3.04370124309983E-05
3.04370124309983E-05
3.04370124309983E-05
3.04370124309983E-05
3.04370124309983E-05
3.04370124309983E-05
3.04370124309983E-05
3.04370124309983E-05
3.04370124309983E-05
3.04370124309983E-05
3.04370124309983E-05
3.04370124309983E-05
3.04370124309983E-05
3.04370124309983E-05
3.04370124309983E-05
3.04370124309983E-05
3.04370124309983E-05
3.04370124309983E-05
3.04370124309983E-05
3.04370124309983E-05
3.04370124309983E-05
3.04370124309983E-05
3.04370124309983E-05
3.04370124309983E-05
3.04370124309983E-05
3.04370124309983E-05
3.04370124309983E-05
3.04370124309983E-05
3.04370124309983E-05
3.04370124309983E-05
3.04370124309983E-05
3.04370124309983E-05
3.04370124309983E-05
3.04370124309983E-05
3.04370124309983E-05
3.04370124309983E-05
3.04370124309983E-05
3.04370124309983E-05
3.04370124309983E-05
3.04370124309983E-05
3.04370124309983E-05
3.04370124309983E-05
3.04370124309983E-05
3.04370124309983E-05
3.04370124309983E-05
3.04370124309983E-05
1.97447124422997E-05
1.97447124422997E-05
1.97447124422997E-05
1.97447124422997E-05
1.97447124422997E-05
1.97447124422997E-05
1.97447124422997E-05
1.97447124422997E-05
1.97447124422997E-05
1.97447124422997E-05
1.97447124422997E-05
1.97447124422997E-05
1.97447124422997E-05
1.97447124422997E-05
1.97447124422997E-05
1.97447124422997E-05
1.97447124422997E-05
1.97447124422997E-05
1.97447124422997E-05
1.97447124422997E-05
1.97447124422997E-05
1.97447124422997E-05
1.97447124422997E-05
1.97447124422997E-05
1.97447124422997E-05
1.97447124422997E-05
1.97447124422997E-05
1.97447124422997E-05
1.97447124422997E-05
1.97447124422997E-05
1.97447124422997E-05
1.97447124422997E-05
1.97447124422997E-05
1.97447124422997E-05
1.97447124422997E-05
1.97447124422997E-05
1.97447124422997E-05
1.97447124422997E-05
1.97447124422997E-05
1.97447124422997E-05
1.97447124422997E-05
1.97447124422997E-05
1.97447124422997E-05
1.97447124422997E-05
1.97447124422997E-05
1.97447124422997E-05
1.97447124422997E-05
1.97447124422997E-05
1.97447124422997E-05
1.97447124422997E-05
1.97447124422997E-05
1.97447124422997E-05
1.97447124422997E-05
1.97447124422997E-05
1.97447124422997E-05
1.97447124422997E-05
1.97447124422997E-05
1.97447124422997E-05
1.97447124422997E-05
1.97447124422997E-05
1.97447124422997E-05
1.97447124422997E-05
1.97447124422997E-05
1.97447124422997E-05
1.97447124422997E-05
1.97447124422997E-05
1.97447124422997E-05
1.97447124422997E-05
1.97447124422997E-05
1.97447124422997E-05
1.97447124422997E-05
1.97447124422997E-05
1.97447124422997E-05
1.97447124422997E-05
1.97447124422997E-05
1.97447124422997E-05
1.97447124422997E-05
1.97447124422997E-05
1.97447124422997E-05
1.97447124422997E-05
1.97447124422997E-05
1.97447124422997E-05
1.97447124422997E-05
1.97447124422997E-05
1.97447124422997E-05
1.97447124422997E-05
1.97447124422997E-05
1.97447124422997E-05
1.97447124422997E-05
1.97447124422997E-05
1.97447124422997E-05
1.97447124422997E-05
1.97447124422997E-05
1.97447124422997E-05
1.97447124422997E-05
1.97447124422997E-05
1.97447124422997E-05
1.97447124422997E-05
1.97447124422997E-05
1.97447124422997E-05
1.97447124422997E-05
1.97447124422997E-05
1.97447124422997E-05
1.97447124422997E-05
1.97447124422997E-05
1.97447124422997E-05
1.97447124422997E-05
1.97447124422997E-05
1.97447124422997E-05
1.97447124422997E-05
1.97447124422997E-05
1.97447124422997E-05
1.97447124422997E-05
1.97447124422997E-05
1.97447124422997E-05
1.97447124422997E-05
1.97447124422997E-05
1.97447124422997E-05
1.97447124422997E-05
1.97447124422997E-05
1.97447124422997E-05
1.97447124422997E-05
1.97447124422997E-05
1.97447124422997E-05
1.97447124422997E-05
1.97447124422997E-05
1.97447124422997E-05
1.97447124422997E-05
1.97447124422997E-05

