1.77137738007592
0.466725876737616
0.265744889811874
0.0329641216813606
0.0329641216813606
0.0329641216813606
0.0179203344439429
0.0179203344439429
0.0179203344439429
0.0179203344439429
0.0179203344439429
0.0094534786563256
0.0094534786563256
0.0094534786563256
0.0094534786563256
0.0094534786563256
0.0094534786563256
0.0094534786563256
0.00321659800048658
0.00321659800048658
0.00321659800048658
0.00321659800048658
0.00221208960052201
0.00221208960052201
0.00221208960052201
0.00221208960052201
0.00221208960052201
0.00221208960052201
0.00221208960052201
0.00221208960052201
0.00221208960052201
0.00221208960052201
0.00221208960052201
0.00221208960052201
0.00221208960052201
0.00221208960052201
0.00221208960052201
0.00221208960052201
0.00221208960052201
0.00221208960052201
0.00221208960052201
0.00203991943942614
0.00203991943942614
0.00203991943942614
0.00203991943942614
0.00203991943942614
0.00203991943942614
0.00203991943942614
0.00203991943942614
0.00203991943942614
0.00203991943942614
0.00203991943942614
0.00203991943942614
0.00203991943942614
0.0018740709879192
0.0018740709879192
0.0018740709879192
0.0018740709879192
0.0018740709879192
0.0018740709879192
0.0018740709879192
0.0018740709879192
0.0018740709879192
0.0018740709879192
0.0018740709879192
0.0018740709879192
0.0018740709879192
0.0018740709879192
0.0018740709879192
0.0018740709879192
0.0018740709879192
0.00100950907514683
0.00100950907514683
0.00100950907514683
0.00100950907514683
0.00100950907514683
0.00100950907514683
0.00100950907514683
0.00100950907514683
0.00100950907514683
0.00100950907514683
0.00100950907514683
0.00100950907514683
0.00100950907514683
0.00100950907514683
0.00100950907514683
0.00100950907514683
0.00100950907514683
0.00100950907514683
0.00100950907514683
0.00100950907514683
0.00100950907514683
0.00100950907514683
0.00100950907514683
0.00100950907514683
0.00100950907514683
0.00100950907514683
0.00100950907514683
0.00100950907514683
0.00100950907514683
0.00100950907514683
0.00100950907514683
0.00100950907514683
0.00100950907514683
0.00100950907514683
0.000949492583207255
0.000949492583207255
0.00074794234495092
0.00074794234495092
0.00074794234495092
0.00074794234495092
0.00074794234495092
0.00074794234495092
0.00074794234495092
0.00074794234495092
0.00074794234495092
0.00074794234495092
0.00074794234495092
0.00074794234495092
0.00074794234495092
0.00074794234495092
0.00074794234495092
0.00074794234495092
0.00074794234495092
0.00074794234495092
0.00074794234495092
0.00074794234495092
0.00074794234495092
0.00074794234495092
0.00074794234495092
0.00074794234495092
0.00074794234495092
0.00074794234495092
0.00074794234495092
0.00074794234495092
0.00074794234495092
0.00074794234495092
0.00074794234495092
0.00074794234495092
0.000643856645493753
0.000560205037566849
0.000511769564648046
0.000511769564648046
0.000511769564648046
0.000511769564648046
0.000511769564648046
0.000511769564648046
0.000511769564648046
0.000511769564648046
0.000511769564648046
0.000511769564648046
0.000511769564648046
0.000511769564648046
0.000335212200574752
0.000335212200574752
0.000335212200574752
0.000335212200574752
0.000335212200574752
0.000335212200574752
0.000335212200574752
0.000335212200574752
0.000335212200574752
0.000335212200574752
0.000335212200574752
0.000335212200574752
0.000335212200574752
0.000335212200574752
0.000335212200574752
0.000335212200574752
0.000335212200574752
0.000335212200574752
0.000335212200574752
0.000335212200574752
0.000335212200574752
0.000335212200574752
0.000335212200574752
0.000140172927859315
0.000140172927859315
0.000140172927859315
0.000140172927859315
0.000140172927859315
0.000140172927859315
0.000140172927859315
0.000140172927859315
0.000140172927859315
0.000140172927859315
0.000140172927859315
0.000140172927859315
0.000140172927859315
0.000140172927859315
0.000140172927859315
0.000140172927859315
0.000140172927859315
0.000140172927859315
0.000140172927859315
0.000140172927859315
0.000140172927859315
0.000140172927859315
0.000140172927859315
0.000140172927859315
0.000140172927859315
0.000140172927859315
0.000140172927859315
0.000140172927859315
0.000140172927859315
0.000140172927859315
0.000140172927859315
0.000140172927859315
0.000140172927859315
0.000140172927859315
0.000140172927859315
0.000140172927859315
0.000140172927859315
0.000140172927859315
0.00013258484829042
0.00013258484829042
0.00013258484829042
0.00013258484829042
0.00013258484829042
0.00013258484829042
0.00013258484829042
0.00013258484829042
0.00013258484829042
0.00013258484829042
0.00013258484829042
0.00013258484829042
0.00013258484829042
0.00013258484829042
0.00013258484829042
0.00013258484829042
0.00013258484829042
0.00013258484829042
0.00013258484829042
0.00013258484829042
0.00013258484829042
0.00013258484829042
0.00013258484829042
0.00013258484829042
0.00013258484829042
0.00013258484829042
0.00013258484829042
0.00013258484829042
0.00013258484829042
0.00013258484829042
0.00013258484829042
0.00013258484829042
0.00013258484829042
0.00013258484829042
0.00013258484829042
0.00013258484829042
0.00013258484829042
0.00013258484829042
0.00013258484829042
0.00013258484829042
0.00013258484829042
0.00013258484829042
0.00013258484829042
0.00013258484829042
0.00013258484829042
0.00013258484829042
0.00013258484829042
0.00013258484829042
0.00013258484829042
0.00013258484829042
0.00013258484829042
0.00013258484829042
0.00013258484829042
0.00013258484829042
0.00013258484829042
0.00013258484829042
0.00013258484829042
0.00013258484829042
0.00013258484829042
0.00013258484829042
0.00013258484829042
0.00013258484829042
0.00013258484829042
0.00013258484829042
0.00013258484829042
0.00013258484829042
0.00013258484829042
0.00013258484829042
0.00013258484829042
0.00013258484829042
0.00013258484829042
0.00013258484829042
0.00013258484829042
0.00013258484829042
0.00013258484829042
0.00013258484829042
0.00013258484829042
0.00013258484829042
0.00013258484829042
0.00013258484829042
0.00013258484829042
0.00013258484829042
0.00013258484829042
0.00013258484829042
0.00013258484829042
0.00013258484829042
0.00013258484829042
0.000102712953882912
0.000102712953882912
0.000102712953882912
0.000102712953882912
0.000102712953882912
0.000102712953882912
0.000102712953882912
0.000102712953882912
0.000102712953882912
0.000102712953882912
0.000102712953882912
0.000102712953882912
0.000102712953882912
0.000102712953882912
0.000102712953882912
0.000102712953882912
0.000102712953882912
0.000102712953882912
0.000102712953882912
0.000102712953882912
0.000102712953882912
0.000102712953882912
0.000102712953882912
0.000102712953882912
0.000102712953882912
0.000102712953882912
0.000102712953882912
0.000102712953882912
0.000102712953882912
0.000102712953882912
0.000102712953882912
0.000102712953882912
0.000102712953882912
0.000102712953882912
0.000102712953882912
0.000102712953882912
0.000102712953882912
0.000102712953882912
0.000102712953882912
0.000102712953882912
0.000102712953882912
0.000102712953882912
0.000102712953882912
0.000102712953882912
0.000102712953882912
0.000102712953882912
0.000102712953882912
0.000102712953882912
0.000102712953882912
0.000102712953882912
0.000102712953882912
0.000102712953882912
0.000102712953882912
0.000102712953882912
0.000102712953882912
0.000102712953882912
0.000102712953882912
0.000102712953882912
0.000102712953882912
0.000102712953882912
0.000102712953882912
0.000102712953882912
0.000102712953882912
0.000102712953882912
0.000102712953882912
0.000102712953882912
0.000102712953882912
0.000102712953882912
0.000102712953882912
0.000102712953882912
0.000102712953882912
0.000102712953882912
0.000102712953882912
0.000102712953882912
0.000102712953882912
0.000102712953882912
0.000102712953882912
0.000102712953882912
0.000102712953882912
0.000102712953882912
0.000102712953882912
0.000102712953882912
0.000102712953882912
0.000102712953882912
0.000102712953882912
0.000102712953882912
0.000102712953882912
0.000102712953882912
0.000102712953882912
0.000102712953882912
0.000102712953882912
7.62720270439337E-05
7.62720270439337E-05
7.62720270439337E-05
7.62720270439337E-05
7.62720270439337E-05
7.62720270439337E-05
7.62720270439337E-05
7.62720270439337E-05
7.62720270439337E-05
7.62720270439337E-05
7.62720270439337E-05
7.62720270439337E-05
7.62720270439337E-05
7.62720270439337E-05
7.62720270439337E-05
7.62720270439337E-05
7.62720270439337E-05
7.62720270439337E-05
7.62720270439337E-05
7.62720270439337E-05
7.62720270439337E-05
7.62720270439337E-05
7.62720270439337E-05
7.62720270439337E-05
7.62720270439337E-05
7.62720270439337E-05
7.62720270439337E-05
7.62720270439337E-05
7.62720270439337E-05
7.62720270439337E-05
7.62720270439337E-05
7.62720270439337E-05
7.62720270439337E-05
7.62720270439337E-05
7.62720270439337E-05
7.62720270439337E-05
7.62720270439337E-05
7.62720270439337E-05
7.62720270439337E-05
7.62720270439337E-05
7.62720270439337E-05
7.62720270439337E-05
7.62720270439337E-05
7.62720270439337E-05
7.62720270439337E-05
7.62720270439337E-05
7.62720270439337E-05
7.62720270439337E-05
5.50000548356161E-05
5.50000548356161E-05
5.50000548356161E-05
5.50000548356161E-05
5.50000548356161E-05
5.50000548356161E-05
5.50000548356161E-05
5.50000548356161E-05
5.50000548356161E-05
5.50000548356161E-05
5.50000548356161E-05
5.50000548356161E-05
5.50000548356161E-05
5.50000548356161E-05
5.50000548356161E-05
5.50000548356161E-05
5.50000548356161E-05
5.50000548356161E-05
5.50000548356161E-05
5.50000548356161E-05
5.50000548356161E-05
5.50000548356161E-05
5.50000548356161E-05
5.50000548356161E-05
5.50000548356161E-05
5.50000548356161E-05
5.50000548356161E-05
5.50000548356161E-05
5.50000548356161E-05
5.50000548356161E-05
5.50000548356161E-05
5.50000548356161E-05
5.50000548356161E-05
5.50000548356161E-05
5.50000548356161E-05
5.50000548356161E-05
5.50000548356161E-05
5.50000548356161E-05
5.50000548356161E-05
5.50000548356161E-05
5.50000548356161E-05
5.50000548356161E-05
5.50000548356161E-05
5.50000548356161E-05
5.50000548356161E-05
5.50000548356161E-05
5.50000548356161E-05
5.50000548356161E-05
5.50000548356161E-05
5.50000548356161E-05
5.50000548356161E-05
5.50000548356161E-05
5.50000548356161E-05
5.50000548356161E-05
5.50000548356161E-05
5.50000548356161E-05
5.50000548356161E-05
5.50000548356161E-05
5.50000548356161E-05
5.50000548356161E-05

