1.00589955602979
0.472312348908166
0.166597327978408
0.166597327978408
0.101458996071759
0.0463906899269038
0.0177475616378942
0.0177475616378942
0.0177475616378942
0.0168125545137274
0.0168125545137274
0.0168125545137274
0.00703736506240575
0.00703736506240575
0.00703736506240575
0.00703736506240575
0.00703736506240575
0.00703736506240575
0.00143712321037208
0.00143712321037208
0.00143712321037208
0.00143712321037208
0.00143712321037208
0.00110555591325013
0.00110555591325013
0.00110555591325013
0.00110555591325013
0.00110555591325013
0.00110555591325013
0.00110555591325013
0.00110555591325013
0.00110555591325013
0.00110555591325013
0.00110555591325013
0.00110555591325013
0.00110555591325013
0.00110555591325013
0.00110555591325013
0.00110555591325013
0.00110555591325013
0.00110555591325013
0.00110555591325013
0.00110555591325013
0.00110555591325013
0.00110555591325013
0.00110555591325013
0.00110555591325013
0.00110555591325013
0.00110555591325013
0.00110555591325013
0.00110555591325013
0.00110555591325013
0.00110555591325013
0.00110555591325013
0.00110555591325013
0.00110555591325013
0.00110555591325013
0.00110555591325013
0.00110555591325013
0.00110555591325013
0.00110555591325013
0.00110555591325013
0.00110555591325013
0.00110555591325013
0.00110555591325013
0.00110555591325013
0.00110555591325013
0.00110555591325013
0.00110555591325013
0.00110555591325013
0.00110555591325013
0.00110555591325013
0.00110555591325013
0.00110555591325013
0.00110555591325013
0.00110555591325013
0.000990086492924243
0.000990086492924243
0.000990086492924243
0.000990086492924243
0.000990086492924243
0.000990086492924243
0.000990086492924243
0.000990086492924243
0.000990086492924243
0.000990086492924243
0.000990086492924243
0.000990086492924243
0.000990086492924243
0.000990086492924243
0.000990086492924243
0.000990086492924243
0.000990086492924243
0.000990086492924243
0.000990086492924243
0.000990086492924243
0.000990086492924243
0.000990086492924243
0.000990086492924243
0.000990086492924243
0.000990086492924243
0.000990086492924243
0.000990086492924243
0.000990086492924243
0.000990086492924243
0.000990086492924243
0.000990086492924243
0.000990086492924243
0.000990086492924243
0.000990086492924243
0.000990086492924243
0.000990086492924243
0.000990086492924243
0.000990086492924243
0.000990086492924243
0.000990086492924243
0.000990086492924243
0.000990086492924243
0.000990086492924243
0.000990086492924243
0.00068318685559947
0.00068318685559947
0.00068318685559947
0.00068318685559947
0.00068318685559947
0.00068318685559947
0.00068318685559947
0.00068318685559947
0.00068318685559947
0.00068318685559947
0.00068318685559947
0.00068318685559947
0.00068318685559947
0.00068318685559947
0.00068318685559947
0.00068318685559947
0.00068318685559947
0.00068318685559947
0.00068318685559947
0.00068318685559947
0.00068318685559947
0.00068318685559947
0.00068318685559947
0.00068318685559947
0.000523043342578496
0.000523043342578496
0.000523043342578496
0.000523043342578496
0.000523043342578496
0.000523043342578496
0.000523043342578496
0.000523043342578496
0.000523043342578496
0.000523043342578496
0.000523043342578496
0.000523043342578496
0.000523043342578496
0.000523043342578496
0.000523043342578496
0.000523043342578496
0.000523043342578496
0.000523043342578496
0.000523043342578496
0.000523043342578496
0.000523043342578496
0.000523043342578496
0.000523043342578496
0.000523043342578496
0.000523043342578496
0.000523043342578496
0.000523043342578496
0.000523043342578496
0.000523043342578496
0.000523043342578496
0.000523043342578496
0.000523043342578496
0.000523043342578496
0.000523043342578496
0.000523043342578496
0.000500320300334377
0.000500320300334377
0.000500320300334377
0.000500320300334377
0.000500320300334377
0.000500320300334377
0.000500320300334377
0.000500320300334377
0.000500320300334377
0.000500320300334377
0.000500320300334377
0.000500320300334377
0.000500320300334377
0.000500320300334377
0.000500320300334377
0.000500320300334377
0.000500320300334377
0.000500320300334377
0.000500320300334377
0.000500320300334377
0.000500320300334377
0.000500320300334377
0.000500320300334377
0.000500320300334377
0.000500320300334377
0.000500320300334377
0.000500320300334377
0.000500320300334377
0.000500320300334377
0.000500320300334377
0.000500320300334377
0.000500320300334377
0.000500320300334377
0.000500320300334377
0.000500320300334377
0.000500320300334377
0.000500320300334377
0.000500320300334377
0.000500320300334377
0.000500320300334377
0.000500320300334377
0.000500320300334377
0.000500320300334377
0.000500320300334377
0.000500320300334377
0.000124918038682457
0.000124918038682457
0.000124918038682457
0.000124918038682457
0.000124918038682457
0.000124918038682457
0.000124918038682457
0.000124918038682457
0.000124918038682457
0.000124918038682457
0.000124918038682457
0.000124918038682457
0.000124918038682457
0.000124918038682457
0.000124918038682457
0.000124918038682457
0.000124918038682457
0.000124918038682457
0.000124918038682457
0.000124918038682457
0.000124918038682457
0.000124918038682457
0.000124918038682457
0.000124918038682457
0.000124918038682457
0.000124918038682457
0.000124918038682457
0.000124918038682457
0.000124918038682457
0.000124918038682457
0.000124918038682457
0.000124918038682457
0.000124918038682457
0.000124918038682457
0.000124918038682457
0.000124918038682457
0.000124918038682457
0.000124918038682457
0.000124918038682457
0.000124918038682457
0.000124918038682457
0.000124918038682457
0.000124918038682457
0.000124918038682457
0.000124918038682457
0.000124918038682457
0.000124918038682457
0.000124918038682457
0.000124918038682457
0.000124918038682457
0.000124918038682457
0.000124918038682457
0.000124918038682457
9.65921479520384E-05
4.12859653835926E-05
4.12859653835926E-05
4.12859653835926E-05
4.12859653835926E-05
4.12859653835926E-05
4.12859653835926E-05
4.12859653835926E-05
4.12859653835926E-05
4.12859653835926E-05
4.12859653835926E-05
4.12859653835926E-05
4.12859653835926E-05
4.12859653835926E-05
4.12859653835926E-05
4.12859653835926E-05
4.12859653835926E-05
4.12859653835926E-05
4.12859653835926E-05
4.12859653835926E-05
4.12859653835926E-05
4.12859653835926E-05
4.12859653835926E-05
4.12859653835926E-05
4.12859653835926E-05
4.12859653835926E-05
4.12859653835926E-05
4.12859653835926E-05
4.12859653835926E-05
4.12859653835926E-05
4.12859653835926E-05
4.12859653835926E-05
4.12859653835926E-05
4.12859653835926E-05
4.12859653835926E-05
4.12859653835926E-05
4.12859653835926E-05
4.12859653835926E-05
4.12859653835926E-05
4.12859653835926E-05
4.12859653835926E-05
4.12859653835926E-05
4.12859653835926E-05
4.12859653835926E-05
4.12859653835926E-05
4.12859653835926E-05
4.12859653835926E-05
4.12859653835926E-05
4.12859653835926E-05
4.12859653835926E-05
4.12859653835926E-05
4.12859653835926E-05
4.12859653835926E-05
4.12859653835926E-05
4.12859653835926E-05
4.12859653835926E-05
4.12859653835926E-05
4.12859653835926E-05
4.12859653835926E-05
4.12859653835926E-05
4.12859653835926E-05
4.12859653835926E-05
4.12859653835926E-05
4.12859653835926E-05
4.12859653835926E-05
4.12859653835926E-05
4.12859653835926E-05
4.12859653835926E-05
4.12859653835926E-05
4.12859653835926E-05
4.12859653835926E-05
4.12859653835926E-05
4.12859653835926E-05
4.12859653835926E-05
4.12859653835926E-05
4.12859653835926E-05
4.12859653835926E-05
4.12859653835926E-05
4.12859653835926E-05
4.12859653835926E-05
4.12859653835926E-05
4.12859653835926E-05
4.12859653835926E-05
4.12859653835926E-05
4.12859653835926E-05
2.71342418768294E-05
2.71342418768294E-05
2.71342418768294E-05
2.71342418768294E-05
2.71342418768294E-05
2.71342418768294E-05
2.71342418768294E-05
2.71342418768294E-05
2.71342418768294E-05
2.71342418768294E-05
2.71342418768294E-05
2.71342418768294E-05
2.71342418768294E-05
2.71342418768294E-05
2.71342418768294E-05
2.71342418768294E-05
2.71342418768294E-05
2.71342418768294E-05
2.71342418768294E-05
2.71342418768294E-05
2.71342418768294E-05
2.71342418768294E-05
2.71342418768294E-05
2.71342418768294E-05
2.71342418768294E-05
2.71342418768294E-05
2.71342418768294E-05
2.71342418768294E-05
2.71342418768294E-05
2.71342418768294E-05
2.71342418768294E-05
2.71342418768294E-05
2.71342418768294E-05
2.71342418768294E-05
2.71342418768294E-05
2.71342418768294E-05
2.71342418768294E-05
2.71342418768294E-05
2.71342418768294E-05
2.71342418768294E-05
2.71342418768294E-05
2.71342418768294E-05
2.71342418768294E-05
2.71342418768294E-05
2.71342418768294E-05
2.71342418768294E-05
2.71342418768294E-05
2.71342418768294E-05
2.71342418768294E-05
2.71342418768294E-05
2.71342418768294E-05
2.71342418768294E-05
2.71342418768294E-05
2.71342418768294E-05
2.71342418768294E-05
2.71342418768294E-05
2.71342418768294E-05
2.71342418768294E-05
2.71342418768294E-05
2.71342418768294E-05
2.71342418768294E-05
2.71342418768294E-05
2.71342418768294E-05
2.71342418768294E-05
2.71342418768294E-05
2.71342418768294E-05
2.71342418768294E-05
2.71342418768294E-05
2.71342418768294E-05
2.71342418768294E-05
2.71342418768294E-05
2.71342418768294E-05
2.71342418768294E-05
2.71342418768294E-05
2.71342418768294E-05
2.71342418768294E-05
2.71342418768294E-05
2.71342418768294E-05
2.71342418768294E-05
2.71342418768294E-05
2.71342418768294E-05
2.71342418768294E-05
2.71342418768294E-05
2.71342418768294E-05
2.71342418768294E-05
2.71342418768294E-05
2.71342418768294E-05
2.71342418768294E-05
2.71342418768294E-05
2.71342418768294E-05
2.71342418768294E-05
2.71342418768294E-05
2.71342418768294E-05
2.71342418768294E-05
2.71342418768294E-05
2.71342418768294E-05
2.71342418768294E-05
2.71342418768294E-05
2.71342418768294E-05
2.71342418768294E-05
2.71342418768294E-05
2.71342418768294E-05
2.71342418768294E-05
2.71342418768294E-05
2.71342418768294E-05
1.58476535530395E-06
1.58476535530395E-06
1.58476535530395E-06
1.58476535530395E-06
1.58476535530395E-06
1.58476535530395E-06
1.58476535530395E-06
1.58476535530395E-06
1.58476535530395E-06
1.58476535530395E-06
1.58476535530395E-06
1.58476535530395E-06
1.58476535530395E-06
1.58476535530395E-06
1.58476535530395E-06
1.58476535530395E-06
1.58476535530395E-06
1.58476535530395E-06
1.58476535530395E-06
1.58476535530395E-06
1.58476535530395E-06
1.58476535530395E-06
1.58476535530395E-06
1.58476535530395E-06
1.58476535530395E-06
1.58476535530395E-06
1.58476535530395E-06
1.58476535530395E-06
1.58476535530395E-06
1.58476535530395E-06
1.58476535530395E-06
1.58476535530395E-06
1.58476535530395E-06

