0.111101617818335
0.0757895616873053
0.0429846576978097
0.0429846576978097
0.0371905380988524
0.0171291122684177
0.0144688252069534
0.00671209084345237
0.00263990134760861
0.00237531005392388
0.00237531005392388
0.00152996719406573
0.00100667050661873
0.00100667050661873
0.000507800939679837
0.000507800939679837
0.000127134221635128
0.000127134221635128
0.000127134221635128
0.000127134221635128
0.000127134221635128
0.000127134221635128
0.000127134221635128
0.000127134221635128
0.000127134221635128
0.000127134221635128
8.5341452858767E-05
8.5341452858767E-05
8.5341452858767E-05
6.83403859836895E-05
6.83403859836895E-05
2.1840694386932E-05
2.1840694386932E-05
2.1840694386932E-05
2.1840694386932E-05
2.1840694386932E-05
2.1840694386932E-05
2.1840694386932E-05
2.1840694386932E-05
2.1840694386932E-05
2.1840694386932E-05
2.05200643181858E-05
2.05200643181858E-05
2.05200643181858E-05
2.05200643181858E-05
2.05200643181858E-05
2.05200643181858E-05
2.05200643181858E-05
2.05200643181858E-05
2.05200643181858E-05
2.05200643181858E-05
2.05200643181858E-05
2.05200643181858E-05
1.13043240710375E-05
1.13043240710375E-05
1.13043240710375E-05
1.13043240710375E-05
1.13043240710375E-05
3.67510870802334E-06
1.98461135370032E-06
1.98461135370032E-06
1.98461135370032E-06
1.98461135370032E-06
1.98461135370032E-06
1.98461135370032E-06
1.98461135370032E-06
1.98461135370032E-06
1.98461135370032E-06
1.98461135370032E-06
1.98461135370032E-06
1.98461135370032E-06
1.98461135370032E-06
1.98461135370032E-06
1.98461135370032E-06
1.98461135370032E-06
1.98461135370032E-06
1.98461135370032E-06
1.98461135370032E-06
1.98461135370032E-06
1.98461135370032E-06
1.98461135370032E-06
1.98461135370032E-06
1.98461135370032E-06
1.98461135370032E-06
1.98461135370032E-06
1.98461135370032E-06
1.98461135370032E-06
1.98461135370032E-06
1.98461135370032E-06
1.98461135370032E-06
1.98461135370032E-06
1.98461135370032E-06
1.98461135370032E-06
1.98461135370032E-06
1.98461135370032E-06
1.98461135370032E-06
1.98461135370032E-06
1.98461135370032E-06
1.98461135370032E-06
1.98461135370032E-06
1.98461135370032E-06
1.98461135370032E-06
1.98461135370032E-06
1.98461135370032E-06
1.98461135370032E-06
1.98461135370032E-06
1.98461135370032E-06
1.98461135370032E-06
1.98461135370032E-06
1.98461135370032E-06
1.98461135370032E-06
1.98461135370032E-06
1.98461135370032E-06
1.98461135370032E-06
1.98461135370032E-06
1.98461135370032E-06
1.98461135370032E-06
1.98461135370032E-06
1.98461135370032E-06
1.98461135370032E-06
9.68682495550155E-07
9.68682495550155E-07
9.68682495550155E-07
9.68682495550155E-07
9.68682495550155E-07
9.68682495550155E-07
9.68682495550155E-07
9.68682495550155E-07
9.68682495550155E-07
9.68682495550155E-07
9.68682495550155E-07
9.68682495550155E-07
9.68682495550155E-07
9.68682495550155E-07
9.68682495550155E-07
9.68682495550155E-07
9.68682495550155E-07
9.68682495550155E-07
9.68682495550155E-07
9.68682495550155E-07
9.68682495550155E-07
9.68682495550155E-07
9.68682495550155E-07
9.68682495550155E-07
9.68682495550155E-07
9.68682495550155E-07
9.68682495550155E-07
9.68682495550155E-07
9.68682495550155E-07
9.68682495550155E-07
9.68682495550155E-07
9.68682495550155E-07
9.68682495550155E-07
9.68682495550155E-07
9.68682495550155E-07
9.68682495550155E-07
9.68682495550155E-07
9.68682495550155E-07
9.68682495550155E-07
9.68682495550155E-07
9.68682495550155E-07
9.68682495550155E-07
9.68682495550155E-07
9.68682495550155E-07
9.68682495550155E-07
8.22428618652005E-07
8.22428618652005E-07
8.22428618652005E-07
8.22428618652005E-07
8.22428618652005E-07
2.58082870741028E-07
2.24705372531275E-07
2.24705372531275E-07
2.24705372531275E-07
2.24705372531275E-07
2.24705372531275E-07
2.24705372531275E-07
2.24705372531275E-07
2.24705372531275E-07
2.24705372531275E-07
2.24705372531275E-07
2.24705372531275E-07
2.24705372531275E-07
2.24705372531275E-07
2.24705372531275E-07
2.24705372531275E-07
2.24705372531275E-07
2.24705372531275E-07
2.24705372531275E-07
2.24705372531275E-07
2.24705372531275E-07
2.24705372531275E-07
2.24705372531275E-07
2.24705372531275E-07
2.24705372531275E-07
2.24705372531275E-07
2.24705372531275E-07
2.24705372531275E-07
2.24705372531275E-07
2.24705372531275E-07
2.24705372531275E-07
1.12902375337676E-07
1.12902375337676E-07
1.12902375337676E-07
1.12902375337676E-07
1.12902375337676E-07
1.12902375337676E-07
1.12902375337676E-07
1.12902375337676E-07
1.12902375337676E-07
1.12902375337676E-07
1.12902375337676E-07
1.12902375337676E-07
1.12902375337676E-07
1.12902375337676E-07
1.12902375337676E-07
1.12902375337676E-07
1.12902375337676E-07
1.12902375337676E-07
1.12902375337676E-07
1.12902375337676E-07
1.12902375337676E-07
1.12902375337676E-07
1.12902375337676E-07
1.12902375337676E-07
1.12902375337676E-07
1.12902375337676E-07
1.12902375337676E-07
1.12902375337676E-07
1.12902375337676E-07
1.12902375337676E-07
1.12902375337676E-07
1.12902375337676E-07
1.12902375337676E-07
1.12902375337676E-07
1.12902375337676E-07
1.12902375337676E-07
1.12902375337676E-07
1.12902375337676E-07
1.12902375337676E-07
1.12902375337676E-07
1.12902375337676E-07
1.12902375337676E-07
1.12902375337676E-07
1.12902375337676E-07
1.12902375337676E-07
1.12902375337676E-07
1.12902375337676E-07
1.09676874915365E-07
1.09676874915365E-07
1.09676874915365E-07
1.09676874915365E-07
1.09676874915365E-07
1.09676874915365E-07
1.09676874915365E-07
1.09676874915365E-07
1.09676874915365E-07
1.09676874915365E-07
1.09676874915365E-07
1.04114807886191E-07
1.04114807886191E-07
1.04114807886191E-07
1.04114807886191E-07
1.04114807886191E-07
1.04114807886191E-07
8.00312016657756E-08
8.00312016657756E-08
8.00312016657756E-08
8.00312016657756E-08
8.00312016657756E-08
8.00312016657756E-08
8.00312016657756E-08
8.00312016657756E-08
8.00312016657756E-08
8.00312016657756E-08
8.00312016657756E-08
8.00312016657756E-08
8.00312016657756E-08
8.00312016657756E-08
8.00312016657756E-08
8.00312016657756E-08
8.00312016657756E-08
8.00312016657756E-08
8.00312016657756E-08
8.00312016657756E-08
8.00312016657756E-08
8.00312016657756E-08
8.00312016657756E-08
8.00312016657756E-08
8.00312016657756E-08
8.00312016657756E-08
8.00312016657756E-08
8.00312016657756E-08
8.00312016657756E-08
8.00312016657756E-08
8.00312016657756E-08
8.00312016657756E-08
8.00312016657756E-08
8.00312016657756E-08
8.00312016657756E-08
8.00312016657756E-08
6.18551633246867E-08
1.39936725540579E-08
1.39936725540579E-08
1.39936725540579E-08
1.39936725540579E-08
1.39936725540579E-08
1.39936725540579E-08
1.39936725540579E-08
1.39936725540579E-08
1.39936725540579E-08
1.39936725540579E-08
1.39936725540579E-08
1.39936725540579E-08
1.39936725540579E-08
1.39936725540579E-08
1.39936725540579E-08
1.39936725540579E-08
1.39936725540579E-08
1.39936725540579E-08
1.39936725540579E-08
1.39936725540579E-08
1.39936725540579E-08
1.39936725540579E-08
1.39936725540579E-08
1.39936725540579E-08
1.39936725540579E-08
1.39936725540579E-08
1.39936725540579E-08
1.39936725540579E-08
1.39936725540579E-08
1.39936725540579E-08
1.39936725540579E-08
1.39936725540579E-08
1.39936725540579E-08
8.53384918286793E-09
8.53384918286793E-09
8.53384918286793E-09
8.53384918286793E-09
8.53384918286793E-09
8.53384918286793E-09
8.53384918286793E-09
8.53384918286793E-09
8.53384918286793E-09
8.53384918286793E-09
8.53384918286793E-09
8.53384918286793E-09
8.53384918286793E-09
8.53384918286793E-09
8.53384918286793E-09
8.53384918286793E-09
8.53384918286793E-09
8.53384918286793E-09
8.53384918286793E-09
8.53384918286793E-09
8.53384918286793E-09
8.53384918286793E-09
8.53384918286793E-09
8.53384918286793E-09
8.53384918286793E-09
8.53384918286793E-09
8.53384918286793E-09
8.53384918286793E-09
8.53384918286793E-09
8.53384918286793E-09
8.53384918286793E-09
8.53384918286793E-09
8.53384918286793E-09
8.53384918286793E-09
8.53384918286793E-09
8.53384918286793E-09
8.53384918286793E-09
8.53384918286793E-09
7.45161810034034E-09
7.45161810034034E-09
7.45161810034034E-09
7.45161810034034E-09
7.45161810034034E-09
7.45161810034034E-09
7.45161810034034E-09
7.45161810034034E-09
7.45161810034034E-09
7.45161810034034E-09
7.45161810034034E-09
7.45161810034034E-09
7.45161810034034E-09
7.45161810034034E-09
5.48634837560513E-09
5.48634837560513E-09
5.48634837560513E-09
5.48634837560513E-09
5.48634837560513E-09
5.48634837560513E-09
5.48634837560513E-09
5.48634837560513E-09
5.48634837560513E-09
5.48634837560513E-09
5.48634837560513E-09
5.48634837560513E-09
5.48634837560513E-09
5.48634837560513E-09
5.48634837560513E-09
5.48634837560513E-09
5.48634837560513E-09
5.48634837560513E-09
5.48634837560513E-09
5.48634837560513E-09
5.48634837560513E-09
5.48634837560513E-09
5.48634837560513E-09
5.48634837560513E-09
5.48634837560513E-09
5.48634837560513E-09
5.48634837560513E-09
5.19294118817015E-09
5.19294118817015E-09
5.19294118817015E-09
5.19294118817015E-09
5.19294118817015E-09
5.19294118817015E-09
4.12653045067657E-09
3.32413385706332E-09
3.32413385706332E-09
3.32413385706332E-09
3.32413385706332E-09
3.32413385706332E-09
3.32413385706332E-09
3.32413385706332E-09
3.32413385706332E-09
3.32413385706332E-09
3.32413385706332E-09
3.32413385706332E-09
3.32413385706332E-09
3.32413385706332E-09
3.32413385706332E-09
3.32413385706332E-09
3.32413385706332E-09
3.32413385706332E-09
3.32413385706332E-09
3.32413385706332E-09
3.32413385706332E-09
3.32413385706332E-09
3.32413385706332E-09
3.32413385706332E-09
3.32413385706332E-09
3.32413385706332E-09
3.32413385706332E-09
3.32413385706332E-09
3.32413385706332E-09
3.32413385706332E-09
3.32413385706332E-09
3.32413385706332E-09
3.32413385706332E-09
3.32413385706332E-09
3.32413385706332E-09
3.32413385706332E-09
3.32413385706332E-09
3.32413385706332E-09
3.32413385706332E-09
3.32413385706332E-09
3.32413385706332E-09
3.32413385706332E-09
3.32413385706332E-09
3.32413385706332E-09
3.32413385706332E-09
3.32413385706332E-09
3.32413385706332E-09
3.32413385706332E-09
3.32413385706332E-09
3.32413385706332E-09
3.32413385706332E-09
3.32413385706332E-09
3.32413385706332E-09
3.32413385706332E-09
3.32413385706332E-09
3.32413385706332E-09
3.32413385706332E-09
3.32413385706332E-09
3.32413385706332E-09
3.32413385706332E-09
3.32413385706332E-09
3.32413385706332E-09
3.32413385706332E-09
3.32413385706332E-09
3.32413385706332E-09
2.39979724980799E-09
2.39979724980799E-09
2.39979724980799E-09
2.39979724980799E-09
2.39979724980799E-09
2.39979724980799E-09
2.39979724980799E-09
2.39979724980799E-09
2.39979724980799E-09
2.39979724980799E-09
2.39979724980799E-09
2.39979724980799E-09
2.39979724980799E-09
2.39979724980799E-09
2.39979724980799E-09

