4.53514601964415
1.8730225529593
0.972601919855773
0.954001028442487
0.849134525649578
0.742956808294042
0.644931282406068
0.644931282406068
0.644931282406068
0.628342261404854
0.606157384704966
0.601605261142532
0.530270374162607
0.478732243960127
0.478732243960127
0.450226064626871
0.450226064626871
0.411080679415964
0.411080679415964
0.314367931523915
0.28952382181238
0.28952382181238
0.28952382181238
0.28952382181238
0.288143426712386
0.240804347821454
0.223146718544101
0.20490379219042
0.20490379219042
0.20490379219042
0.158562429757239
0.151575440095732
0.147444955595704
0.147444955595704
0.126287966708871
0.126287966708871
0.112502278183939
0.112502278183939
0.107800468551509
0.102479400387352
0.0959146096206082
0.0658779663832467
0.0658779663832467
0.0623710981701123
0.0623710981701123
0.0623710981701123
0.0623710981701123
0.0492747904143636
0.0492747904143636
0.0492747904143636
0.0473133075284668
0.038694646958632
0.038694646958632
0.038694646958632
0.038694646958632
0.038291821360763
0.038291821360763
0.038291821360763
0.0344342861521699
0.0304425282449125
0.0304425282449125
0.0275388544057805
0.0275388544057805
0.0275388544057805
0.0275388544057805
0.0211659202331878
0.0211659202331878
0.0186828569672323
0.0186828569672323
0.0186828569672323
0.0142780587138886
0.0142780587138886
0.0136908293793499
0.0136908293793499
0.0136908293793499
0.0136908293793499
0.0136908293793499
0.0136908293793499
0.0136908293793499
0.0136908293793499
0.0136908293793499
0.0136908293793499
0.0131248907745405
0.0131248907745405
0.0131248907745405
0.0131248907745405
0.0129225300659646
0.0129225300659646
0.0129225300659646
0.012376505226592
0.012376505226592
0.012376505226592
0.012376505226592
0.012376505226592
0.0110650249273941
0.0104646747793623
0.0104646747793623
0.0104646747793623
0.0104646747793623
0.0104646747793623
0.0104646747793623
0.0104646747793623
0.0104646747793623
0.0100938880281887
0.0100938880281887
0.0100938880281887
0.0100938880281887
0.00898520077406849
0.00898520077406849
0.00898520077406849
0.00898520077406849
0.00898520077406849
0.00898520077406849
0.00898520077406849
0.00898520077406849
0.0079595278395511
0.0079595278395511
0.0079595278395511
0.0069070424987571
0.0069070424987571
0.0069070424987571
0.0069070424987571
0.0069070424987571
0.0069070424987571
0.0069070424987571
0.0069070424987571
0.0069070424987571
0.0069070424987571
0.0069070424987571
0.0069070424987571
0.00601505754757318
0.00601505754757318
0.00601505754757318
0.00567150403714362
0.00567150403714362
0.00401706874486869
0.00401706874486869
0.00401706874486869
0.00401706874486869
0.00401706874486869
0.00401706874486869
0.00401706874486869
0.00401706874486869
0.00401706874486869
0.00401706874486869
0.00401706874486869
0.00401706874486869
0.00401706874486869
0.00372286082281841
0.00367351151098077
0.00367351151098077
0.00367351151098077
0.00367351151098077
0.00367351151098077
0.00367351151098077
0.00367351151098077
0.00348715151037118
0.0025199223090404
0.0025199223090404
0.0025199223090404
0.0025199223090404
0.0025199223090404
0.0025199223090404
0.0025199223090404
0.0025199223090404
0.0025199223090404
0.0025199223090404
0.0025199223090404
0.0025199223090404
0.0025199223090404
0.0025199223090404
0.0025199223090404
0.0025199223090404
0.0025199223090404
0.0025199223090404
0.0025199223090404
0.0025199223090404
0.0025199223090404
0.0025199223090404
0.0025199223090404
0.0025199223090404
0.0025199223090404
0.0025199223090404
0.0025199223090404
0.0025199223090404
0.0025199223090404
0.0025199223090404
0.0025199223090404
0.00217803767728502
0.00217803767728502
0.00217803767728502
0.00217803767728502
0.00217803767728502
0.00217803767728502
0.00217803767728502
0.00217803767728502
0.00181954875423397
0.00181954875423397
0.00138541179403999
0.00138541179403999
0.00138541179403999
0.00138541179403999
0.00138541179403999
0.00138541179403999
0.00138541179403999
0.00128820559077605
0.00128820559077605
0.00128820559077605
0.00128820559077605
0.00128820559077605
0.00128820559077605
0.00128820559077605
0.00128820559077605
0.00128820559077605
0.00128820559077605
0.00128820559077605
0.00128820559077605
0.00128820559077605
0.00128820559077605
0.00128820559077605
0.00128820559077605
0.00128820559077605
0.00128820559077605
0.00128820559077605
0.00128820559077605
0.00128820559077605
0.00128820559077605
0.00128820559077605
0.00128820559077605
0.00128820559077605
0.00128820559077605
0.00128820559077605
0.00122613043682813
0.00122613043682813
0.00122613043682813
0.00122613043682813
0.00122613043682813
0.00122613043682813
0.00122613043682813
0.00122613043682813
0.00122613043682813
0.00122613043682813
0.00122613043682813
0.00122613043682813
0.00122613043682813
0.00122613043682813
0.00122613043682813
0.00122531285467893
0.00122531285467893
0.00122531285467893
0.00120319966075306
0.00120319966075306
0.00120319966075306
0.00114270161793283
0.00114270161793283
0.00112898951350889
0.00112898951350889
0.00112898951350889
0.00112898951350889
0.00112886014063742
0.000994331154442642
0.000994331154442642
0.000994331154442642
0.000994331154442642
0.000994331154442642
0.000967804460217359
0.000967804460217359
0.000967804460217359
0.000967804460217359
0.000967804460217359
0.000967804460217359
0.000898360694939081
0.000898360694939081
0.000898360694939081
0.000898360694939081
0.000898360694939081
0.000898360694939081
0.000898360694939081
0.000767556010389052
0.000767556010389052
0.000767556010389052
0.000767556010389052
0.000758098824483034
0.000758098824483034
0.000676714087782161
0.000676714087782161
0.000676714087782161
0.000676714087782161
0.000676714087782161
0.000528386531728995
0.000528386531728995
0.000528386531728995
0.000528386531728995
0.000528386531728995
0.000528386531728995
0.0004803389736015
0.0004803389736015
0.0004803389736015
0.0004803389736015
0.0004803389736015
0.0004803389736015
0.0004803389736015
0.00043915096178512
0.00043915096178512
0.00043915096178512
0.00043915096178512
0.00043915096178512
0.00043915096178512
0.00043915096178512
0.00043915096178512
0.00043915096178512
0.00043915096178512
0.00043915096178512
0.00043915096178512
0.00043915096178512
0.00043915096178512
0.00043915096178512
0.00043915096178512
0.00043915096178512
0.00043915096178512
0.00043915096178512
0.00043915096178512
0.00043915096178512
0.00043915096178512
0.00043915096178512
0.00043915096178512
0.000406813937318961
0.000374148382649721
0.000374148382649721
0.000374148382649721
0.000374148382649721
0.000199006581868004
0.000199006581868004
0.000199006581868004
0.000199006581868004
0.000199006581868004
0.000199006581868004
0.000199006581868004
0.000199006581868004
0.000199006581868004
0.000199006581868004
0.000199006581868004
0.000199006581868004
0.000199006581868004
0.000199006581868004
0.000199006581868004
0.000199006581868004
0.000199006581868004
0.000199006581868004
0.000199006581868004
0.000199006581868004
0.000199006581868004
0.000199006581868004
0.000199006581868004
0.000199006581868004
0.000199006581868004
0.000199006581868004
0.000199006581868004
0.000179379644702153
0.000179379644702153
0.000179379644702153
0.000179379644702153
0.000179379644702153
0.000179379644702153
0.000179379644702153
0.000179379644702153
0.000179379644702153
0.000179379644702153
0.000179379644702153
0.000179379644702153
0.000179379644702153
0.000179379644702153
0.000179379644702153
0.000179379644702153
0.000179379644702153
0.000179379644702153
0.000179379644702153
0.000179379644702153
0.000179379644702153
0.000179379644702153
0.000179379644702153
0.000179379644702153
0.000179379644702153
0.000179379644702153
0.000179379644702153
0.000179379644702153
0.000179379644702153
0.000160217682576017
0.000160217682576017
0.000160217682576017
0.000160217682576017
0.000158772481982169
0.000158772481982169
0.000158772481982169
0.000158772481982169
0.000158772481982169
0.000158772481982169
0.000158772481982169
0.000158772481982169
0.000158772481982169
0.000158772481982169
0.000158772481982169
0.000158772481982169
0.000158772481982169
0.000158772481982169
0.000158772481982169
0.000158772481982169
0.000158772481982169
0.0001549654198602
0.0001549654198602
0.0001549654198602
0.0001549654198602
0.0001549654198602
0.0001549654198602
0.0001549654198602
0.0001549654198602
0.0001549654198602
0.0001549654198602
0.0001549654198602
0.0001549654198602
0.0001549654198602
0.0001549654198602
0.0001549654198602
0.0001549654198602
0.0001549654198602
0.0001549654198602
0.0001549654198602
0.000130866990171677
0.000130866990171677
0.000130866990171677
0.000130866990171677
0.000130866990171677
0.000130866990171677
0.000129712896662606
0.000129712896662606
0.000129712896662606
0.000129712896662606
0.000129712896662606
0.000129712896662606
0.000129712896662606
0.000129712896662606
0.000129712896662606
0.000129712896662606
0.000129712896662606
0.000129712896662606
0.000129712896662606
0.000129712896662606
0.000129712896662606
0.000120037313527115
0.000113919038886745
0.000113919038886745
0.000113919038886745
0.000113919038886745
0.000113919038886745
0.000113919038886745
0.000102537358924492
0.000102537358924492
0.000102537358924492
0.000102537358924492
0.000102537358924492
0.000102537358924492
0.000102537358924492
0.000102537358924492
0.000102537358924492
0.000102537358924492
0.000102537358924492
0.000102537358924492
0.000102537358924492
0.000102537358924492
0.000102537358924492
9.42203745647182E-05
9.42203745647182E-05
9.42203745647182E-05
9.42203745647182E-05
9.42203745647182E-05
9.42203745647182E-05
9.42203745647182E-05
9.42203745647182E-05
9.42203745647182E-05
8.81894692615836E-05
8.81894692615836E-05
8.81894692615836E-05
8.81894692615836E-05
8.81894692615836E-05
8.81894692615836E-05
8.81894692615836E-05
8.81894692615836E-05
8.81894692615836E-05
8.81894692615836E-05
8.81894692615836E-05
8.81894692615836E-05
8.81894692615836E-05
8.81894692615836E-05
8.81894692615836E-05
8.81894692615836E-05
8.81894692615836E-05
8.41312393291227E-05
8.41312393291227E-05
8.41312393291227E-05
8.41312393291227E-05

