0.100418200768675
0.051553150990355
0.051553150990355
0.0162574618690853
0.0162574618690853
0.0162574618690853
0.0107162541895619
0.00924214570797222
0.00924214570797222
0.00521036020669241
0.0030934611200909
0.0030934611200909
0.000162739369266585
0.000162739369266585
0.000162739369266585
0.000162739369266585
0.000162739369266585
0.000162739369266585
0.000162739369266585
0.000162739369266585
0.000162739369266585
0.000162739369266585
0.000162739369266585
0.000162739369266585
0.000162739369266585
0.000162739369266585
0.000162739369266585
0.000162739369266585
0.000162739369266585
0.000143741274401199
0.000143741274401199
0.000143741274401199
0.000136215945369389
0.000136215945369389
0.000136215945369389
0.000136215945369389
0.000136215945369389
0.000136215945369389
0.000127131658005042
6.42468277798347E-05
6.42468277798347E-05
6.42468277798347E-05
6.42468277798347E-05
6.42468277798347E-05
6.42468277798347E-05
6.42468277798347E-05
5.93493437462955E-05
5.93493437462955E-05
5.93493437462955E-05
5.93493437462955E-05
3.47665536514219E-05
3.47665536514219E-05
3.47665536514219E-05
3.47665536514219E-05
3.47665536514219E-05
3.47665536514219E-05
3.47665536514219E-05
3.47665536514219E-05
3.46908558701564E-05
3.46908558701564E-05
2.56844318652361E-05
2.56844318652361E-05
2.56844318652361E-05
2.56844318652361E-05
2.56844318652361E-05
2.56844318652361E-05
2.56844318652361E-05
2.56844318652361E-05
2.56844318652361E-05
2.56844318652361E-05
2.56844318652361E-05
2.56844318652361E-05
1.73795117440756E-05
1.73795117440756E-05
1.73795117440756E-05
5.1188032216265E-06
5.1188032216265E-06
5.1188032216265E-06
5.1188032216265E-06
5.1188032216265E-06
5.1188032216265E-06
5.1188032216265E-06
5.1188032216265E-06
5.1188032216265E-06
5.1188032216265E-06
5.1188032216265E-06
5.1188032216265E-06
1.4777593148052E-06
1.4777593148052E-06
1.4777593148052E-06
1.4777593148052E-06
1.4777593148052E-06
1.4777593148052E-06
1.4777593148052E-06
1.4777593148052E-06
1.4777593148052E-06
1.4777593148052E-06
1.4777593148052E-06
1.4777593148052E-06
1.4777593148052E-06
1.4777593148052E-06
1.4777593148052E-06
1.4777593148052E-06
1.4777593148052E-06
1.4777593148052E-06
1.4777593148052E-06
1.4777593148052E-06
1.4777593148052E-06
1.4777593148052E-06
1.4777593148052E-06
1.4777593148052E-06
1.4777593148052E-06
1.4777593148052E-06
1.4777593148052E-06
1.4777593148052E-06
1.4777593148052E-06
1.4777593148052E-06
1.4777593148052E-06
1.4777593148052E-06
1.4777593148052E-06
1.4777593148052E-06
1.4777593148052E-06
1.4777593148052E-06
1.4777593148052E-06
1.4777593148052E-06
1.4777593148052E-06
1.4777593148052E-06
1.4777593148052E-06
1.4777593148052E-06
1.4777593148052E-06
1.4777593148052E-06
1.4777593148052E-06
1.4777593148052E-06
1.4777593148052E-06
1.4777593148052E-06
1.4777593148052E-06
1.4777593148052E-06
1.4777593148052E-06
1.4777593148052E-06
1.4777593148052E-06
1.4777593148052E-06
1.4777593148052E-06
1.4777593148052E-06
1.4777593148052E-06
1.4777593148052E-06
1.4777593148052E-06
1.15626916941114E-06
1.15626916941114E-06
1.15626916941114E-06
1.15626916941114E-06
1.15626916941114E-06
1.15626916941114E-06
1.15626916941114E-06
1.15626916941114E-06
1.15626916941114E-06
1.15626916941114E-06
1.15626916941114E-06
1.15626916941114E-06
1.15626916941114E-06
1.11447494144379E-06
1.11447494144379E-06
1.11447494144379E-06
1.11447494144379E-06
6.39617210307364E-07
6.39617210307364E-07
6.39617210307364E-07
6.39617210307364E-07
6.39617210307364E-07
6.39617210307364E-07
6.39617210307364E-07
6.39617210307364E-07
6.39617210307364E-07
6.39617210307364E-07
6.39617210307364E-07
6.39617210307364E-07
6.39617210307364E-07
6.39617210307364E-07
6.39617210307364E-07
6.39617210307364E-07
6.39617210307364E-07
2.99504239631432E-07
2.99504239631432E-07
2.99504239631432E-07
2.99504239631432E-07
2.99504239631432E-07
2.99504239631432E-07
2.99504239631432E-07
2.99504239631432E-07
2.99504239631432E-07
2.99504239631432E-07
2.99504239631432E-07
2.99504239631432E-07
2.99504239631432E-07
2.99504239631432E-07
2.99504239631432E-07
2.99504239631432E-07
2.99504239631432E-07
2.99504239631432E-07
2.99504239631432E-07
2.6550976806039E-07
2.6550976806039E-07
2.6550976806039E-07
2.6550976806039E-07
2.6550976806039E-07
2.6550976806039E-07
2.6550976806039E-07
2.6550976806039E-07
2.6550976806039E-07
2.6550976806039E-07
2.6550976806039E-07
2.6550976806039E-07
2.6550976806039E-07
2.6550976806039E-07
2.6550976806039E-07
2.6550976806039E-07
7.21708877104987E-08
7.21708877104987E-08
7.21708877104987E-08
7.21708877104987E-08
7.21708877104987E-08
7.21708877104987E-08
7.21708877104987E-08
7.21708877104987E-08
7.21708877104987E-08
7.21708877104987E-08
7.21708877104987E-08
7.21708877104987E-08
7.21708877104987E-08
7.21708877104987E-08
7.21708877104987E-08
7.21708877104987E-08
7.21708877104987E-08
7.21708877104987E-08
7.21708877104987E-08
7.21708877104987E-08
7.21708877104987E-08
7.21708877104987E-08
7.21708877104987E-08
7.21708877104987E-08
7.21708877104987E-08
7.21708877104987E-08
7.21708877104987E-08
7.21708877104987E-08
7.21708877104987E-08
7.21708877104987E-08
7.21708877104987E-08
7.21708877104987E-08
7.21708877104987E-08
7.21708877104987E-08
7.21708877104987E-08
7.21708877104987E-08
7.21708877104987E-08
7.21708877104987E-08
7.21708877104987E-08
7.21708877104987E-08
7.21708877104987E-08
7.21708877104987E-08
7.21708877104987E-08
7.21708877104987E-08
7.21708877104987E-08
7.21708877104987E-08
7.21708877104987E-08
7.21708877104987E-08
7.21708877104987E-08
7.21708877104987E-08
7.21708877104987E-08
7.21708877104987E-08
7.21708877104987E-08
7.21708877104987E-08
7.21708877104987E-08
7.21708877104987E-08
7.21708877104987E-08
7.21708877104987E-08
7.21708877104987E-08
7.21708877104987E-08
7.21708877104987E-08
7.21708877104987E-08
7.21708877104987E-08
7.21708877104987E-08
7.21708877104987E-08
7.21708877104987E-08
7.21708877104987E-08
7.21708877104987E-08
7.21708877104987E-08
7.21708877104987E-08
7.21708877104987E-08
7.21708877104987E-08
7.21708877104987E-08
7.21708877104987E-08
7.21708877104987E-08
7.21708877104987E-08
7.21708877104987E-08
7.21708877104987E-08
7.21708877104987E-08
7.21708877104987E-08
7.21708877104987E-08
7.21708877104987E-08
7.21708877104987E-08
7.21708877104987E-08
7.21708877104987E-08
7.21708877104987E-08
7.21708877104987E-08
7.21708877104987E-08
7.21708877104987E-08
7.21708877104987E-08
7.21708877104987E-08
7.21708877104987E-08
7.21708877104987E-08
7.21708877104987E-08
7.21708877104987E-08
7.21708877104987E-08
7.21708877104987E-08
7.21708877104987E-08
7.21708877104987E-08
7.21708877104987E-08
7.21708877104987E-08
7.21708877104987E-08
7.21708877104987E-08
7.21708877104987E-08
7.21708877104987E-08
6.35777701596396E-08
5.10560274058491E-08
5.10560274058491E-08
5.10560274058491E-08
5.10560274058491E-08
5.10560274058491E-08
5.10560274058491E-08
5.10560274058491E-08
5.10560274058491E-08
5.10560274058491E-08
5.10560274058491E-08
5.10560274058491E-08
5.10560274058491E-08
5.10560274058491E-08
5.10560274058491E-08
5.10560274058491E-08
5.10560274058491E-08
5.10560274058491E-08
5.10560274058491E-08
5.10560274058491E-08
5.10560274058491E-08
5.10560274058491E-08
5.10560274058491E-08
4.32907978353825E-08
4.32907978353825E-08
1.81556802925087E-08
1.81556802925087E-08
1.81556802925087E-08
1.81556802925087E-08
1.81556802925087E-08
1.81556802925087E-08
1.81556802925087E-08
1.81556802925087E-08
1.81556802925087E-08
1.81556802925087E-08
1.81556802925087E-08
1.81556802925087E-08
1.81556802925087E-08
1.81556802925087E-08
1.81556802925087E-08
1.67646566628932E-08
1.67646566628932E-08
1.67646566628932E-08
1.67646566628932E-08
1.67646566628932E-08
1.67646566628932E-08
1.67646566628932E-08
1.67646566628932E-08
1.67646566628932E-08
1.67646566628932E-08
1.67646566628932E-08
1.67646566628932E-08
1.67646566628932E-08
1.67646566628932E-08
1.67646566628932E-08
1.67646566628932E-08
1.67646566628932E-08
1.67646566628932E-08
1.67646566628932E-08
1.67646566628932E-08
1.67646566628932E-08
1.67646566628932E-08
1.67646566628932E-08
1.67646566628932E-08
1.67646566628932E-08
1.67646566628932E-08
1.67646566628932E-08
1.67646566628932E-08
1.67646566628932E-08
1.67646566628932E-08
1.67646566628932E-08
1.67646566628932E-08
1.67646566628932E-08
1.67646566628932E-08
1.67646566628932E-08
1.67646566628932E-08
1.67646566628932E-08
1.67646566628932E-08
1.67646566628932E-08
1.67646566628932E-08
1.17620003736718E-08
1.17620003736718E-08
1.17620003736718E-08
1.17620003736718E-08
1.17620003736718E-08
1.17620003736718E-08
1.17620003736718E-08
1.17620003736718E-08
1.17620003736718E-08
1.17620003736718E-08
1.17620003736718E-08
1.17620003736718E-08
1.17620003736718E-08
1.17620003736718E-08
1.17620003736718E-08
1.17620003736718E-08
2.44528308712688E-09
2.44528308712688E-09
2.44528308712688E-09
2.44528308712688E-09
2.44528308712688E-09
2.44528308712688E-09
2.44528308712688E-09
2.44528308712688E-09
2.44528308712688E-09
2.44528308712688E-09
2.44528308712688E-09
2.44528308712688E-09
2.44528308712688E-09
2.44528308712688E-09
2.44528308712688E-09
2.44528308712688E-09
2.44528308712688E-09
2.44528308712688E-09
2.44528308712688E-09
2.44528308712688E-09
2.44528308712688E-09
2.44528308712688E-09
2.44528308712688E-09
2.44528308712688E-09
2.44528308712688E-09
2.44528308712688E-09
2.44528308712688E-09
1.59683222200613E-09
1.59683222200613E-09
1.59683222200613E-09
1.59683222200613E-09
1.59683222200613E-09
1.59683222200613E-09
1.59683222200613E-09
1.59683222200613E-09
1.59683222200613E-09
1.59683222200613E-09
1.59683222200613E-09
1.59683222200613E-09
1.59683222200613E-09
1.59683222200613E-09
1.59683222200613E-09
1.59683222200613E-09
1.59683222200613E-09
1.59683222200613E-09
1.59683222200613E-09
1.59683222200613E-09
1.59683222200613E-09
1.59683222200613E-09
1.59683222200613E-09
1.59683222200613E-09
1.59683222200613E-09
1.59683222200613E-09
1.59683222200613E-09
1.59683222200613E-09
1.59683222200613E-09
1.59683222200613E-09
1.59683222200613E-09
1.59683222200613E-09
1.59683222200613E-09
1.59683222200613E-09
1.59683222200613E-09
1.59683222200613E-09
1.59683222200613E-09
1.59683222200613E-09
1.59683222200613E-09
1.59683222200613E-09
1.59683222200613E-09
1.59683222200613E-09
1.59683222200613E-09
1.59683222200613E-09
1.59683222200613E-09
1.59683222200613E-09
1.59683222200613E-09
1.59683222200613E-09
1.59683222200613E-09
1.59683222200613E-09
1.59683222200613E-09
1.59683222200613E-09
1.59683222200613E-09
1.59683222200613E-09
1.59683222200613E-09
1.59683222200613E-09
1.59683222200613E-09

