0.061400329998204
0.0509502501908976
0.0407093288248015
0.0335208816046702
0.0195579958601085
0.0152603242246558
0.00702255943096286
0.00499418211593039
0.00499418211593039
0.00499418211593039
0.00270624861739077
0.000971464679888623
0.000971464679888623
0.000388277542817228
0.000203290791244926
0.000203290791244926
0.000203290791244926
0.000203290791244926
0.000192820968357044
0.000192820968357044
0.000192820968357044
0.000192820968357044
0.000192820968357044
0.000192820968357044
0.000192820968357044
0.000192820968357044
0.000192820968357044
0.000192820968357044
0.000136164734217181
0.000136164734217181
0.000136164734217181
0.000136164734217181
0.000136164734217181
6.37984745007758E-05
6.37984745007758E-05
4.19774827761232E-05
4.19774827761232E-05
3.31595513738403E-05
3.31595513738403E-05
3.31595513738403E-05
3.31595513738403E-05
2.28492908702638E-05
2.28492908702638E-05
2.28492908702638E-05
2.28492908702638E-05
2.28492908702638E-05
2.28492908702638E-05
2.28492908702638E-05
2.28492908702638E-05
2.28492908702638E-05
2.28492908702638E-05
1.43116867886706E-05
1.43116867886706E-05
1.43116867886706E-05
1.43116867886706E-05
1.43116867886706E-05
1.43116867886706E-05
1.43116867886706E-05
1.43116867886706E-05
1.43116867886706E-05
1.43116867886706E-05
1.43116867886706E-05
1.43116867886706E-05
1.43116867886706E-05
1.43116867886706E-05
1.43116867886706E-05
1.43116867886706E-05
7.32776522671674E-06
7.32776522671674E-06
7.32776522671674E-06
7.32776522671674E-06
7.32776522671674E-06
7.32776522671674E-06
7.32776522671674E-06
7.32776522671674E-06
7.32776522671674E-06
7.32776522671674E-06
7.32776522671674E-06
7.32776522671674E-06
7.32776522671674E-06
7.32776522671674E-06
7.32776522671674E-06
7.32776522671674E-06
7.32776522671674E-06
3.84676044640209E-06
3.84676044640209E-06
3.84676044640209E-06
3.84676044640209E-06
3.84676044640209E-06
3.84676044640209E-06
3.84676044640209E-06
3.84676044640209E-06
3.84676044640209E-06
3.84676044640209E-06
3.84676044640209E-06
3.84676044640209E-06
3.84676044640209E-06
3.84676044640209E-06
3.84676044640209E-06
3.84676044640209E-06
3.84676044640209E-06
3.84676044640209E-06
3.84676044640209E-06
2.84569255482037E-06
2.84569255482037E-06
2.84569255482037E-06
2.84569255482037E-06
2.84569255482037E-06
2.84569255482037E-06
2.84569255482037E-06
2.84569255482037E-06
2.84569255482037E-06
2.84569255482037E-06
2.84569255482037E-06
2.84569255482037E-06
2.84569255482037E-06
2.84569255482037E-06
2.84569255482037E-06
2.84569255482037E-06
2.84569255482037E-06
2.84569255482037E-06
2.84569255482037E-06
2.84569255482037E-06
2.84569255482037E-06
2.84569255482037E-06
2.84569255482037E-06
2.84569255482037E-06
2.84569255482037E-06
2.64153834550473E-06
2.64153834550473E-06
2.64153834550473E-06
2.64153834550473E-06
2.24129355808067E-06
2.24129355808067E-06
2.13040617225158E-06
2.13040617225158E-06
2.13040617225158E-06
2.12595665027848E-06
2.12595665027848E-06
2.12595665027848E-06
2.12595665027848E-06
2.12595665027848E-06
2.12595665027848E-06
2.12595665027848E-06
2.12595665027848E-06
2.12595665027848E-06
2.12595665027848E-06
1.33861425655191E-06
1.33861425655191E-06
1.33861425655191E-06
1.33861425655191E-06
1.33861425655191E-06
1.33861425655191E-06
1.33861425655191E-06
1.33861425655191E-06
1.33861425655191E-06
1.33861425655191E-06
1.16425880436477E-06
1.16425880436477E-06
1.16425880436477E-06
1.09893229915947E-06
1.09893229915947E-06
1.09893229915947E-06
7.6354794154021E-07
7.6354794154021E-07
7.6354794154021E-07
7.6354794154021E-07
7.6354794154021E-07
7.6354794154021E-07
7.6354794154021E-07
7.6354794154021E-07
7.6354794154021E-07
7.6354794154021E-07
5.78983452403925E-07
5.78983452403925E-07
5.78983452403925E-07
5.78983452403925E-07
5.78983452403925E-07
5.78983452403925E-07
5.78983452403925E-07
5.78983452403925E-07
5.78983452403925E-07
5.78983452403925E-07
5.78983452403925E-07
5.78983452403925E-07
5.78983452403925E-07
9.26679537549546E-08
9.26679537549546E-08
9.26679537549546E-08
9.26679537549546E-08
9.26679537549546E-08
9.26679537549546E-08
9.26679537549546E-08
9.26679537549546E-08
9.26679537549546E-08
9.26679537549546E-08
9.26679537549546E-08
9.26679537549546E-08
9.26679537549546E-08
9.26679537549546E-08
9.26679537549546E-08
9.26679537549546E-08
9.26679537549546E-08
9.26679537549546E-08
9.26679537549546E-08
9.26679537549546E-08
9.26679537549546E-08
9.26679537549546E-08
9.26679537549546E-08
9.26679537549546E-08
9.26679537549546E-08
9.26679537549546E-08
9.26679537549546E-08
9.26679537549546E-08
9.26679537549546E-08
9.26679537549546E-08
9.26679537549546E-08
9.26679537549546E-08
9.26679537549546E-08
9.26679537549546E-08
9.26679537549546E-08
9.26679537549546E-08
9.26679537549546E-08
9.26679537549546E-08
9.26679537549546E-08
9.26679537549546E-08
9.26679537549546E-08
9.26679537549546E-08
9.26679537549546E-08
9.26679537549546E-08
9.26679537549546E-08
9.26679537549546E-08
9.26679537549546E-08
9.26679537549546E-08
9.26679537549546E-08
9.26679537549546E-08
9.26679537549546E-08
9.26679537549546E-08
9.26679537549546E-08
9.26679537549546E-08
9.26679537549546E-08
9.26679537549546E-08
9.26679537549546E-08
9.26679537549546E-08
9.26679537549546E-08
9.26679537549546E-08
9.26679537549546E-08
9.26679537549546E-08
9.26679537549546E-08
9.26679537549546E-08
9.26679537549546E-08
9.26679537549546E-08
9.26679537549546E-08
9.26679537549546E-08
9.26679537549546E-08
9.26679537549546E-08
9.26679537549546E-08
9.26679537549546E-08
9.26679537549546E-08
9.26679537549546E-08
9.26679537549546E-08
9.26679537549546E-08
9.26679537549546E-08
9.26679537549546E-08
9.26679537549546E-08
9.26679537549546E-08
9.26679537549546E-08
9.26679537549546E-08
9.26679537549546E-08
9.26679537549546E-08
9.26679537549546E-08
9.26679537549546E-08
9.26679537549546E-08
9.26679537549546E-08
9.26679537549546E-08
9.26679537549546E-08
9.26679537549546E-08
9.26679537549546E-08
9.26679537549546E-08
9.26679537549546E-08
9.26679537549546E-08
9.26679537549546E-08
9.26679537549546E-08
9.26679537549546E-08
6.32213004170268E-08
6.32213004170268E-08
6.32213004170268E-08
6.32213004170268E-08
6.32213004170268E-08
6.32213004170268E-08
6.32213004170268E-08
6.32213004170268E-08
5.18696646745198E-08
5.18696646745198E-08
5.18696646745198E-08
5.18696646745198E-08
5.18696646745198E-08
5.18696646745198E-08
5.18696646745198E-08
5.18696646745198E-08
5.18696646745198E-08
5.18696646745198E-08
3.63466702291149E-08
3.63466702291149E-08
3.63466702291149E-08
3.63466702291149E-08
3.63466702291149E-08
3.63466702291149E-08
3.63466702291149E-08
3.63466702291149E-08
3.63466702291149E-08
3.63466702291149E-08
3.63466702291149E-08
3.63466702291149E-08
3.63466702291149E-08
3.63466702291149E-08
3.63466702291149E-08
3.63466702291149E-08
3.63466702291149E-08
3.63466702291149E-08
3.63466702291149E-08
3.63466702291149E-08
3.63466702291149E-08
3.63466702291149E-08
3.63466702291149E-08
3.63466702291149E-08
3.16588838478182E-08
3.16588838478182E-08
3.16588838478182E-08
3.16588838478182E-08
3.16588838478182E-08
3.16588838478182E-08
3.16588838478182E-08
3.16588838478182E-08
3.16588838478182E-08
3.16588838478182E-08
3.16588838478182E-08
3.16588838478182E-08
3.16588838478182E-08
3.16588838478182E-08
3.16588838478182E-08
3.16588838478182E-08
3.16588838478182E-08
3.16588838478182E-08
3.16588838478182E-08
3.16588838478182E-08
2.20609719381315E-08
2.20609719381315E-08
2.20609719381315E-08
2.20609719381315E-08
2.20609719381315E-08
2.20609719381315E-08
2.20609719381315E-08
2.20609719381315E-08
2.20609719381315E-08
2.20609719381315E-08
2.20609719381315E-08
2.20609719381315E-08
2.20609719381315E-08
2.20609719381315E-08
2.20609719381315E-08
2.20609719381315E-08
2.20609719381315E-08
2.20609719381315E-08
2.20609719381315E-08
2.20609719381315E-08
2.20609719381315E-08
2.20609719381315E-08
2.20609719381315E-08
2.20609719381315E-08
2.20609719381315E-08
2.20609719381315E-08
2.20609719381315E-08
2.20609719381315E-08
2.20609719381315E-08
2.20609719381315E-08
2.20609719381315E-08
2.20609719381315E-08
1.24239650789448E-08
1.24239650789448E-08
1.24239650789448E-08
1.24239650789448E-08
1.24239650789448E-08
1.24239650789448E-08
1.24239650789448E-08
1.24239650789448E-08
1.24239650789448E-08
1.09232883849231E-08
1.09232883849231E-08
1.09232883849231E-08
1.09232883849231E-08
1.09232883849231E-08
1.09232883849231E-08
1.09232883849231E-08
1.09232883849231E-08
1.09232883849231E-08
1.09232883849231E-08
1.09232883849231E-08
1.09232883849231E-08
1.09232883849231E-08
1.09232883849231E-08
1.09232883849231E-08
1.09232883849231E-08
1.09232883849231E-08
1.09232883849231E-08
1.09232883849231E-08
1.09232883849231E-08
1.09232883849231E-08
1.09232883849231E-08
1.09232883849231E-08
1.09232883849231E-08
1.09232883849231E-08
1.09232883849231E-08
1.09232883849231E-08
1.09232883849231E-08
1.09232883849231E-08
1.09232883849231E-08
1.09232883849231E-08
1.09232883849231E-08
1.09232883849231E-08
1.09232883849231E-08
1.09232883849231E-08
1.09232883849231E-08
1.09232883849231E-08
1.01375031702489E-08
1.01375031702489E-08
1.01375031702489E-08
6.910579442021E-09
6.910579442021E-09
6.910579442021E-09
6.910579442021E-09
6.910579442021E-09
6.910579442021E-09
6.910579442021E-09
4.96540042416171E-09
4.96540042416171E-09
4.96540042416171E-09
4.96540042416171E-09
4.96540042416171E-09
4.96540042416171E-09
4.96540042416171E-09
4.96540042416171E-09
4.96540042416171E-09
4.96540042416171E-09
4.96540042416171E-09
4.96540042416171E-09
4.96540042416171E-09
4.96540042416171E-09
4.96540042416171E-09
4.96540042416171E-09
4.96540042416171E-09
4.96540042416171E-09
4.96540042416171E-09
4.96540042416171E-09
4.96540042416171E-09
4.96540042416171E-09
4.96540042416171E-09
4.96540042416171E-09
4.96540042416171E-09
4.96540042416171E-09
4.96540042416171E-09
4.96540042416171E-09
4.96540042416171E-09
4.96540042416171E-09
4.96540042416171E-09
4.96540042416171E-09
4.96540042416171E-09
4.96540042416171E-09
1.38904243662807E-09
1.38904243662807E-09
1.38904243662807E-09
1.38904243662807E-09
1.38904243662807E-09
1.38904243662807E-09
1.38904243662807E-09
1.38904243662807E-09
1.38904243662807E-09
1.38904243662807E-09
1.38904243662807E-09
1.38904243662807E-09
1.38904243662807E-09
1.38904243662807E-09
1.38904243662807E-09
1.38904243662807E-09
1.38904243662807E-09
1.38904243662807E-09
1.38904243662807E-09
1.38904243662807E-09
1.38904243662807E-09
1.38904243662807E-09
1.38904243662807E-09
1.38904243662807E-09
1.38904243662807E-09
1.38904243662807E-09
1.38904243662807E-09
1.38904243662807E-09
1.38904243662807E-09
1.38904243662807E-09
1.38904243662807E-09
1.38904243662807E-09

