0.105115611062363
0.104860345705932
0.100433461059498
0.0701674092369265
0.0701674092369265
0.0276467428870737
0.0276467428870737
0.0150769703263735
0.00261217749275622
0.00261217749275622
0.00261217749275622
0.00261217749275622
0.00261217749275622
0.0010787290034171
0.0010787290034171
0.0010787290034171
0.0010787290034171
0.0010787290034171
0.000632985461483715
0.000552635971740267
0.000552635971740267
0.000552635971740267
0.000552635971740267
0.000552635971740267
0.000235148375546168
0.000235148375546168
0.000235148375546168
0.000175346429108214
0.000175346429108214
0.000175346429108214
0.000175346429108214
0.000175346429108214
0.000175346429108214
0.000175346429108214
0.000175346429108214
0.000156639783168044
0.000156639783168044
0.000156639783168044
0.000156639783168044
3.60215635504257E-05
3.60215635504257E-05
3.60215635504257E-05
3.60215635504257E-05
3.60215635504257E-05
3.60215635504257E-05
3.60215635504257E-05
3.60215635504257E-05
3.60215635504257E-05
3.60215635504257E-05
3.60215635504257E-05
3.60215635504257E-05
3.60215635504257E-05
3.60215635504257E-05
3.60215635504257E-05
3.60215635504257E-05
3.60215635504257E-05
3.60215635504257E-05
3.60215635504257E-05
3.60215635504257E-05
3.60215635504257E-05
3.60215635504257E-05
3.60215635504257E-05
3.39747934008372E-05
3.39747934008372E-05
3.39747934008372E-05
3.39747934008372E-05
3.39747934008372E-05
3.39747934008372E-05
1.4421126196873E-05
1.4421126196873E-05
1.4421126196873E-05
1.4421126196873E-05
1.4421126196873E-05
1.4421126196873E-05
1.27894146468854E-05
1.27894146468854E-05
1.27894146468854E-05
5.8314482277444E-06
5.8314482277444E-06
3.87982336291781E-06
3.87982336291781E-06
3.87982336291781E-06
3.87982336291781E-06
3.87982336291781E-06
3.87982336291781E-06
3.87982336291781E-06
3.87982336291781E-06
2.41771043119066E-06
2.41771043119066E-06
2.41771043119066E-06
2.41771043119066E-06
2.41771043119066E-06
2.41771043119066E-06
2.41771043119066E-06
2.41771043119066E-06
2.41771043119066E-06
2.41771043119066E-06
2.41771043119066E-06
2.41771043119066E-06
2.41771043119066E-06
1.91143636774083E-06
1.91143636774083E-06
1.91143636774083E-06
1.91143636774083E-06
8.32020501495556E-07
8.32020501495556E-07
8.32020501495556E-07
8.32020501495556E-07
8.32020501495556E-07
8.32020501495556E-07
8.32020501495556E-07
8.32020501495556E-07
8.32020501495556E-07
8.32020501495556E-07
8.32020501495556E-07
8.32020501495556E-07
8.32020501495556E-07
8.32020501495556E-07
8.32020501495556E-07
8.32020501495556E-07
8.32020501495556E-07
8.32020501495556E-07
8.32020501495556E-07
8.32020501495556E-07
8.32020501495556E-07
8.32020501495556E-07
8.32020501495556E-07
8.32020501495556E-07
8.32020501495556E-07
8.32020501495556E-07
8.32020501495556E-07
8.32020501495556E-07
8.32020501495556E-07
7.32160961636197E-07
7.32160961636197E-07
7.32160961636197E-07
7.32160961636197E-07
7.32160961636197E-07
7.32160961636197E-07
7.32160961636197E-07
7.32160961636197E-07
7.32160961636197E-07
7.32160961636197E-07
7.32160961636197E-07
7.32160961636197E-07
7.32160961636197E-07
7.32160961636197E-07
7.32160961636197E-07
7.32160961636197E-07
7.32160961636197E-07
7.32160961636197E-07
7.32160961636197E-07
7.32160961636197E-07
7.32160961636197E-07
7.32160961636197E-07
7.32160961636197E-07
7.32160961636197E-07
7.32160961636197E-07
7.32160961636197E-07
7.32160961636197E-07
7.32160961636197E-07
7.32160961636197E-07
7.32160961636197E-07
7.32160961636197E-07
7.32160961636197E-07
7.32160961636197E-07
7.32160961636197E-07
7.32160961636197E-07
5.33833002913653E-07
4.11918876008777E-07
4.11918876008777E-07
4.11918876008777E-07
3.17733764187977E-07
2.25646578311256E-07
2.25646578311256E-07
2.25646578311256E-07
2.25646578311256E-07
2.25646578311256E-07
2.25646578311256E-07
2.25646578311256E-07
2.25646578311256E-07
2.25646578311256E-07
2.25646578311256E-07
2.25646578311256E-07
2.25646578311256E-07
2.25646578311256E-07
2.25646578311256E-07
2.25646578311256E-07
2.25646578311256E-07
2.25646578311256E-07
2.25646578311256E-07
2.25646578311256E-07
2.25646578311256E-07
2.25646578311256E-07
2.25646578311256E-07
2.25646578311256E-07
2.25646578311256E-07
2.25646578311256E-07
2.25646578311256E-07
2.25646578311256E-07
2.25646578311256E-07
2.25646578311256E-07
2.25646578311256E-07
2.25646578311256E-07
2.25646578311256E-07
2.25646578311256E-07
2.25646578311256E-07
2.25646578311256E-07
2.25646578311256E-07
2.25646578311256E-07
2.25646578311256E-07
2.25646578311256E-07
2.25646578311256E-07
2.25646578311256E-07
2.25646578311256E-07
2.25646578311256E-07
2.25646578311256E-07
2.25646578311256E-07
2.25646578311256E-07
3.97793691320203E-08
3.97793691320203E-08
3.97793691320203E-08
3.97793691320203E-08
3.97793691320203E-08
3.97793691320203E-08
3.97793691320203E-08
3.97793691320203E-08
3.97793691320203E-08
3.97793691320203E-08
3.97793691320203E-08
3.97793691320203E-08
3.97793691320203E-08
3.97793691320203E-08
3.97793691320203E-08
3.97793691320203E-08
3.97793691320203E-08
3.97793691320203E-08
3.97793691320203E-08
3.97793691320203E-08
3.97793691320203E-08
3.97793691320203E-08
3.97793691320203E-08
3.97793691320203E-08
3.97793691320203E-08
3.97793691320203E-08
3.97793691320203E-08
3.97793691320203E-08
3.97793691320203E-08
3.97793691320203E-08
3.70131147953146E-08
3.70131147953146E-08
3.70131147953146E-08
3.70131147953146E-08
3.70131147953146E-08
3.70131147953146E-08
3.70131147953146E-08
3.70131147953146E-08
3.70131147953146E-08
3.70131147953146E-08
3.70131147953146E-08
3.70131147953146E-08
3.70131147953146E-08
3.70131147953146E-08
3.70131147953146E-08
2.14502963169494E-08
2.14502963169494E-08
2.14502963169494E-08
2.14502963169494E-08
2.14502963169494E-08
2.14502963169494E-08
2.14502963169494E-08
2.14502963169494E-08
2.14502963169494E-08
2.14502963169494E-08
2.14502963169494E-08
2.14502963169494E-08
2.14502963169494E-08
2.14502963169494E-08
2.14502963169494E-08
2.14502963169494E-08
2.14502963169494E-08
2.14502963169494E-08
2.14502963169494E-08
2.14502963169494E-08
2.14502963169494E-08
2.14502963169494E-08
2.14502963169494E-08
2.14502963169494E-08
2.14502963169494E-08
2.14502963169494E-08
2.14502963169494E-08
2.14502963169494E-08
2.14502963169494E-08
2.14502963169494E-08
2.14502963169494E-08
2.14502963169494E-08
2.14502963169494E-08
2.14502963169494E-08
2.14502963169494E-08
2.14502963169494E-08
2.14502963169494E-08
2.14502963169494E-08
2.14502963169494E-08
2.14502963169494E-08
2.14502963169494E-08
2.14502963169494E-08
2.14502963169494E-08
2.14502963169494E-08
2.14502963169494E-08
2.14502963169494E-08
2.14502963169494E-08
2.14502963169494E-08
2.14502963169494E-08
2.14502963169494E-08
2.14502963169494E-08
2.14502963169494E-08
2.14502963169494E-08
2.14502963169494E-08
2.14502963169494E-08
2.14502963169494E-08
2.14502963169494E-08
2.14502963169494E-08
2.14502963169494E-08
2.14502963169494E-08
2.14502963169494E-08
2.14502963169494E-08
2.14502963169494E-08
2.14502963169494E-08
2.14502963169494E-08
2.14502963169494E-08
2.14502963169494E-08
1.77652731414568E-08
1.77652731414568E-08
1.77652731414568E-08
1.77652731414568E-08
1.77652731414568E-08
1.77652731414568E-08
1.77652731414568E-08
1.77652731414568E-08
1.77652731414568E-08
1.77652731414568E-08
1.77652731414568E-08
1.77652731414568E-08
1.77652731414568E-08
1.77652731414568E-08
1.77652731414568E-08
1.77652731414568E-08
1.77652731414568E-08
1.77652731414568E-08
1.34333256740504E-08
1.34333256740504E-08
1.34333256740504E-08
1.34333256740504E-08
1.34333256740504E-08
1.34333256740504E-08
1.34333256740504E-08
1.34333256740504E-08
1.34333256740504E-08
1.34333256740504E-08
1.34333256740504E-08
1.34333256740504E-08
1.34333256740504E-08
1.34333256740504E-08
1.34333256740504E-08
1.34333256740504E-08
1.34333256740504E-08
1.34333256740504E-08
1.34333256740504E-08
1.34333256740504E-08
1.34333256740504E-08
1.34333256740504E-08
1.34333256740504E-08
1.34333256740504E-08
1.34333256740504E-08
1.34333256740504E-08
1.34333256740504E-08
1.34333256740504E-08
1.34333256740504E-08
1.34333256740504E-08
1.34333256740504E-08
1.34333256740504E-08
1.34333256740504E-08
1.34333256740504E-08
1.34333256740504E-08
1.34333256740504E-08
1.34333256740504E-08
1.34333256740504E-08
1.34333256740504E-08
1.34333256740504E-08
1.34333256740504E-08
1.34333256740504E-08
1.34333256740504E-08
1.34333256740504E-08
1.34333256740504E-08
1.34333256740504E-08
1.34333256740504E-08
1.34333256740504E-08
1.29997321796083E-08
1.29997321796083E-08
1.29997321796083E-08
1.29997321796083E-08
1.29997321796083E-08
1.09962077221581E-08
1.09962077221581E-08
1.09962077221581E-08
1.09962077221581E-08
1.09962077221581E-08
1.09962077221581E-08
1.09962077221581E-08
1.09962077221581E-08
1.09962077221581E-08
1.09962077221581E-08
1.09962077221581E-08
1.09962077221581E-08
1.09962077221581E-08
1.09962077221581E-08
1.09962077221581E-08
1.09962077221581E-08
1.09962077221581E-08
1.09962077221581E-08
1.09962077221581E-08
1.09962077221581E-08
1.09962077221581E-08
1.09962077221581E-08
1.09962077221581E-08
1.09962077221581E-08
1.09962077221581E-08
1.09962077221581E-08
1.09962077221581E-08
1.09962077221581E-08
1.09962077221581E-08
1.09962077221581E-08
1.09962077221581E-08
1.09962077221581E-08
1.09962077221581E-08
1.09962077221581E-08
1.09962077221581E-08
1.09962077221581E-08
1.09962077221581E-08
1.09962077221581E-08
1.09962077221581E-08
1.09962077221581E-08
1.09962077221581E-08
1.09962077221581E-08
1.09962077221581E-08
1.05716856380056E-08
1.05716856380056E-08
1.05716856380056E-08
1.05716856380056E-08
1.05716856380056E-08
1.05716856380056E-08
1.05716856380056E-08
1.05716856380056E-08
1.05716856380056E-08
1.05716856380056E-08
1.05716856380056E-08
1.05716856380056E-08
1.05716856380056E-08
1.05716856380056E-08
1.05716856380056E-08
1.05716856380056E-08
1.05716856380056E-08
1.05716856380056E-08
1.05716856380056E-08
1.05716856380056E-08
1.05716856380056E-08
1.05716856380056E-08
1.05716856380056E-08
8.61583093758611E-09
5.0572244170155E-09
5.0572244170155E-09
5.0572244170155E-09
5.0572244170155E-09
5.0572244170155E-09
5.0572244170155E-09
5.0572244170155E-09
5.0572244170155E-09
5.0572244170155E-09
5.0572244170155E-09
5.0572244170155E-09
5.0572244170155E-09
5.0572244170155E-09
5.0572244170155E-09
5.0572244170155E-09
5.0572244170155E-09
4.08460820722212E-09
4.08460820722212E-09
4.08460820722212E-09
4.08460820722212E-09
4.08460820722212E-09
4.08460820722212E-09
4.08460820722212E-09
4.08460820722212E-09
4.08460820722212E-09
4.08460820722212E-09
4.08460820722212E-09
3.92612298227846E-09
3.92612298227846E-09
3.92612298227846E-09
3.92612298227846E-09

