0.103742260369683
0.100755635133655
0.0823298400180097
0.0776597933113321
0.0538898749109165
0.0394584320518702
0.0337136453036679
0.00586341399131951
0.00586341399131951
0.00586341399131951
0.00586341399131951
0.00586341399131951
0.00586341399131951
0.00318449963471734
0.00318449963471734
0.00123372299403457
0.00123372299403457
0.00123372299403457
0.00123372299403457
0.000383662022899078
0.000383662022899078
0.000383662022899078
0.000383662022899078
0.000383662022899078
0.000383662022899078
0.000383662022899078
0.000283186486371156
0.000283186486371156
0.000203808313443354
0.000203808313443354
0.000203808313443354
0.000203808313443354
0.000203808313443354
0.000203808313443354
0.000143605958476511
0.000143605958476511
0.000111772348572625
0.000111772348572625
0.000111772348572625
0.000111772348572625
7.00700301624613E-05
7.00700301624613E-05
5.38620928207667E-05
5.38620928207667E-05
4.99678297424255E-05
4.99678297424255E-05
4.99678297424255E-05
4.98775708256405E-05
4.98775708256405E-05
3.96475306523314E-05
3.96475306523314E-05
3.96475306523314E-05
3.96475306523314E-05
3.96475306523314E-05
3.96475306523314E-05
3.96475306523314E-05
3.96475306523314E-05
3.96475306523314E-05
3.96475306523314E-05
3.96475306523314E-05
3.96475306523314E-05
3.96475306523314E-05
3.96475306523314E-05
3.96475306523314E-05
1.98040178720493E-05
1.61168762884412E-05
1.61168762884412E-05
1.61168762884412E-05
1.61168762884412E-05
1.61168762884412E-05
1.61168762884412E-05
1.61168762884412E-05
1.61168762884412E-05
1.49920798084846E-05
1.49920798084846E-05
1.49920798084846E-05
1.49920798084846E-05
1.49920798084846E-05
1.49920798084846E-05
1.49920798084846E-05
9.43193704716627E-06
9.43193704716627E-06
9.43193704716627E-06
9.43193704716627E-06
9.43193704716627E-06
9.43193704716627E-06
9.43193704716627E-06
9.43193704716627E-06
9.43193704716627E-06
9.43193704716627E-06
9.43193704716627E-06
9.43193704716627E-06
9.43193704716627E-06
9.43193704716627E-06
6.67238057139308E-06
6.67238057139308E-06
6.67238057139308E-06
6.67238057139308E-06
6.67238057139308E-06
6.67238057139308E-06
6.67238057139308E-06
6.67238057139308E-06
6.67238057139308E-06
6.67238057139308E-06
6.67238057139308E-06
6.67238057139308E-06
6.67238057139308E-06
6.67238057139308E-06
6.67238057139308E-06
6.67238057139308E-06
6.67238057139308E-06
6.67238057139308E-06
3.69974400915574E-06
1.45439791232604E-06
1.45439791232604E-06
1.45439791232604E-06
1.45439791232604E-06
1.45439791232604E-06
1.45439791232604E-06
1.45439791232604E-06
1.45439791232604E-06
1.45439791232604E-06
1.45439791232604E-06
1.45439791232604E-06
1.45439791232604E-06
1.45439791232604E-06
1.45439791232604E-06
1.45439791232604E-06
1.45439791232604E-06
1.45439791232604E-06
1.45439791232604E-06
1.45439791232604E-06
1.45439791232604E-06
1.45439791232604E-06
1.45439791232604E-06
1.45439791232604E-06
1.45439791232604E-06
1.45439791232604E-06
1.45439791232604E-06
1.45439791232604E-06
1.45439791232604E-06
1.45439791232604E-06
1.45439791232604E-06
1.27076680112026E-06
1.27076680112026E-06
1.27076680112026E-06
1.27076680112026E-06
1.27076680112026E-06
1.27076680112026E-06
1.27076680112026E-06
1.27076680112026E-06
1.27076680112026E-06
1.27076680112026E-06
1.27076680112026E-06
1.27076680112026E-06
1.27076680112026E-06
8.37951649623747E-07
8.37951649623747E-07
8.37951649623747E-07
8.37951649623747E-07
8.37951649623747E-07
8.37951649623747E-07
8.37951649623747E-07
8.37951649623747E-07
8.37951649623747E-07
8.37951649623747E-07
8.37951649623747E-07
8.37951649623747E-07
8.37951649623747E-07
8.37951649623747E-07
8.37951649623747E-07
8.37951649623747E-07
8.37951649623747E-07
8.37951649623747E-07
8.37951649623747E-07
8.37951649623747E-07
8.37951649623747E-07
8.37951649623747E-07
8.37951649623747E-07
8.37951649623747E-07
8.37951649623747E-07
8.37951649623747E-07
8.37951649623747E-07
8.37951649623747E-07
8.37951649623747E-07
8.37951649623747E-07
8.37951649623747E-07
8.37951649623747E-07
3.26084773738522E-07
3.26084773738522E-07
3.26084773738522E-07
3.26084773738522E-07
3.26084773738522E-07
3.26084773738522E-07
3.26084773738522E-07
3.26084773738522E-07
3.26084773738522E-07
3.26084773738522E-07
3.26084773738522E-07
3.26084773738522E-07
3.26084773738522E-07
3.26084773738522E-07
3.26084773738522E-07
3.26084773738522E-07
3.26084773738522E-07
3.26084773738522E-07
3.26084773738522E-07
3.26084773738522E-07
3.26084773738522E-07
3.26084773738522E-07
3.26084773738522E-07
3.26084773738522E-07
3.26084773738522E-07
3.26084773738522E-07
3.26084773738522E-07
3.26084773738522E-07
3.26084773738522E-07
3.26084773738522E-07
3.26084773738522E-07
3.26084773738522E-07
3.26084773738522E-07
3.26084773738522E-07
3.26084773738522E-07
3.26084773738522E-07
3.26084773738522E-07
3.26084773738522E-07
3.26084773738522E-07
3.26084773738522E-07
3.26084773738522E-07
2.07148278752456E-07
2.07148278752456E-07
2.07148278752456E-07
2.07148278752456E-07
2.07148278752456E-07
2.07148278752456E-07
2.07148278752456E-07
2.07148278752456E-07
2.07148278752456E-07
2.07148278752456E-07
1.21396902086346E-07
1.21396902086346E-07
1.21396902086346E-07
1.21396902086346E-07
1.21396902086346E-07
1.21396902086346E-07
1.21396902086346E-07
1.21396902086346E-07
1.21396902086346E-07
1.21396902086346E-07
1.21396902086346E-07
1.21396902086346E-07
1.21396902086346E-07
1.21396902086346E-07
1.21396902086346E-07
1.21396902086346E-07
1.21396902086346E-07
1.21396902086346E-07
1.21396902086346E-07
1.21396902086346E-07
1.21396902086346E-07
1.21396902086346E-07
7.48005585249345E-08
7.48005585249345E-08
7.48005585249345E-08
7.48005585249345E-08
5.62365615186522E-08
5.62365615186522E-08
5.62365615186522E-08
5.62365615186522E-08
5.62365615186522E-08
5.62365615186522E-08
5.62365615186522E-08
5.62365615186522E-08
5.62365615186522E-08
5.62365615186522E-08
5.62365615186522E-08
5.62365615186522E-08
5.62365615186522E-08
5.62365615186522E-08
5.62365615186522E-08
5.62365615186522E-08
5.62365615186522E-08
5.62365615186522E-08
5.62365615186522E-08
2.53375438408199E-08
2.53375438408199E-08
2.53375438408199E-08
2.53375438408199E-08
2.53375438408199E-08
2.53375438408199E-08
2.53375438408199E-08
2.53375438408199E-08
2.53375438408199E-08
2.53375438408199E-08
2.53375438408199E-08
2.53375438408199E-08
2.53375438408199E-08
2.53375438408199E-08
2.53375438408199E-08
2.53375438408199E-08
2.53375438408199E-08
2.53375438408199E-08
2.53375438408199E-08
2.53375438408199E-08
2.53375438408199E-08
2.53375438408199E-08
2.53375438408199E-08
2.53375438408199E-08
2.53375438408199E-08
2.53375438408199E-08
2.53375438408199E-08
2.53375438408199E-08
2.53375438408199E-08
2.53375438408199E-08
2.53375438408199E-08
2.53375438408199E-08
2.53375438408199E-08
2.53375438408199E-08
2.53375438408199E-08
2.53375438408199E-08
2.53375438408199E-08
2.53375438408199E-08
2.53375438408199E-08
2.53375438408199E-08
2.53375438408199E-08
2.53375438408199E-08
2.53375438408199E-08
2.53375438408199E-08
2.53375438408199E-08
2.53375438408199E-08
2.53375438408199E-08
2.53375438408199E-08
2.53375438408199E-08
2.53375438408199E-08
2.53375438408199E-08
2.53375438408199E-08
2.53375438408199E-08
2.53375438408199E-08
2.53375438408199E-08
2.53375438408199E-08
2.53375438408199E-08
2.53375438408199E-08
2.53375438408199E-08
2.53375438408199E-08
2.53375438408199E-08
2.53375438408199E-08
2.53375438408199E-08
2.53375438408199E-08
2.53375438408199E-08
2.2884501071907E-08
2.2884501071907E-08
2.2884501071907E-08
2.2884501071907E-08
2.2884501071907E-08
2.2884501071907E-08
2.2884501071907E-08
2.2884501071907E-08
2.2884501071907E-08
2.2884501071907E-08
2.2884501071907E-08
2.2884501071907E-08
2.2884501071907E-08
2.2884501071907E-08
1.74248762085938E-08
1.74248762085938E-08
1.74248762085938E-08
1.74248762085938E-08
1.74248762085938E-08
1.74248762085938E-08
1.74248762085938E-08
1.74248762085938E-08
1.74248762085938E-08
1.74248762085938E-08
1.74248762085938E-08
1.74248762085938E-08
1.74248762085938E-08
1.74248762085938E-08
1.74248762085938E-08
1.74248762085938E-08
1.74248762085938E-08
1.74248762085938E-08
1.74248762085938E-08
1.74248762085938E-08
1.74248762085938E-08
1.74248762085938E-08
1.74248762085938E-08
1.74248762085938E-08
1.74248762085938E-08
1.74248762085938E-08
1.74248762085938E-08
1.74248762085938E-08
1.74248762085938E-08
1.51481974741685E-08
1.51481974741685E-08
1.51481974741685E-08
1.51481974741685E-08
1.51481974741685E-08
1.51481974741685E-08
1.51481974741685E-08
1.51481974741685E-08
1.51481974741685E-08
1.51481974741685E-08
1.51481974741685E-08
1.51481974741685E-08
1.51481974741685E-08
1.51481974741685E-08
1.51481974741685E-08
1.51481974741685E-08
1.51481974741685E-08
1.51481974741685E-08
1.51481974741685E-08
1.51481974741685E-08
1.51481974741685E-08
1.51481974741685E-08
1.51481974741685E-08
1.51481974741685E-08
1.51481974741685E-08
1.51481974741685E-08
1.51481974741685E-08
1.51481974741685E-08
1.51481974741685E-08
1.51481974741685E-08
1.51481974741685E-08
1.51481974741685E-08
1.51481974741685E-08
1.51481974741685E-08
1.51481974741685E-08
1.51481974741685E-08
1.51481974741685E-08
1.51481974741685E-08
1.51481974741685E-08
1.51481974741685E-08
1.51481974741685E-08
1.51481974741685E-08
1.51481974741685E-08
1.51481974741685E-08
1.51481974741685E-08
1.51481974741685E-08
1.51481974741685E-08
1.51481974741685E-08
1.51481974741685E-08
1.51481974741685E-08
1.51481974741685E-08
1.51481974741685E-08
1.1927650089838E-08
1.1927650089838E-08
5.64669977443089E-09
5.64669977443089E-09
5.64669977443089E-09
5.64669977443089E-09
5.64669977443089E-09
5.64669977443089E-09
5.64669977443089E-09
5.64669977443089E-09
5.64669977443089E-09
5.64669977443089E-09
5.64669977443089E-09
5.64669977443089E-09
5.64669977443089E-09
5.64669977443089E-09
5.64669977443089E-09
5.64669977443089E-09
5.64669977443089E-09
5.64669977443089E-09
5.64669977443089E-09
5.64669977443089E-09
5.64669977443089E-09
5.64669977443089E-09
5.64669977443089E-09
5.64669977443089E-09
5.64669977443089E-09
5.64669977443089E-09
5.64669977443089E-09
5.64669977443089E-09
5.64669977443089E-09
5.64669977443089E-09
5.64669977443089E-09
5.64669977443089E-09
5.64669977443089E-09
5.64669977443089E-09
5.64669977443089E-09
5.64669977443089E-09
5.64669977443089E-09
5.64669977443089E-09
5.64669977443089E-09
5.64669977443089E-09
5.64669977443089E-09
5.64669977443089E-09
5.64669977443089E-09
5.64669977443089E-09
5.64669977443089E-09
5.64669977443089E-09
5.64669977443089E-09
5.64669977443089E-09
5.64669977443089E-09
5.64669977443089E-09
5.64669977443089E-09
5.64669977443089E-09
5.64669977443089E-09
5.64669977443089E-09

