0.106765504207829
0.106765504207829
0.0113026565031991
0.0113026565031991
0.00887937281382151
0.00887937281382151
0.00306958870314225
0.00306958870314225
0.000538155567326171
0.000538155567326171
0.000538155567326171
0.000538155567326171
0.000538155567326171
0.000538155567326171
0.000538155567326171
0.000261414543766048
0.000261414543766048
0.000261414543766048
0.000261414543766048
0.000261414543766048
0.000261414543766048
0.000261414543766048
0.000261414543766048
0.000261414543766048
0.000261414543766048
0.000261414543766048
0.000187452686001011
0.000187452686001011
0.000187452686001011
0.000187452686001011
0.000187452686001011
0.000187452686001011
0.000187452686001011
0.000187452686001011
0.000126492026050168
0.000126492026050168
6.37897633600504E-05
6.37897633600504E-05
6.37897633600504E-05
6.37897633600504E-05
6.37897633600504E-05
6.37897633600504E-05
6.37897633600504E-05
6.37897633600504E-05
6.37897633600504E-05
6.37897633600504E-05
6.37897633600504E-05
6.37897633600504E-05
6.37897633600504E-05
6.37897633600504E-05
6.37897633600504E-05
6.37897633600504E-05
6.37897633600504E-05
6.37897633600504E-05
6.37897633600504E-05
6.37897633600504E-05
6.37897633600504E-05
6.37897633600504E-05
6.37897633600504E-05
6.37897633600504E-05
6.37897633600504E-05
8.58731489142284E-06
8.58731489142284E-06
8.58731489142284E-06
8.58731489142284E-06
8.58731489142284E-06
8.58731489142284E-06
8.58731489142284E-06
8.58731489142284E-06
8.58731489142284E-06
8.58731489142284E-06
8.58731489142284E-06
8.58731489142284E-06
8.58731489142284E-06
8.58731489142284E-06
8.58731489142284E-06
8.58731489142284E-06
8.58731489142284E-06
8.58731489142284E-06
8.58731489142284E-06
8.58731489142284E-06
8.58731489142284E-06
8.58731489142284E-06
8.58731489142284E-06
8.58731489142284E-06
8.58731489142284E-06
8.58731489142284E-06
8.58731489142284E-06
8.58731489142284E-06
7.49945453418222E-06
7.49945453418222E-06
7.49945453418222E-06
7.49945453418222E-06
7.49945453418222E-06
7.49945453418222E-06
7.49945453418222E-06
7.49945453418222E-06
7.49945453418222E-06
7.49945453418222E-06
7.49945453418222E-06
7.49945453418222E-06
7.49945453418222E-06
7.49945453418222E-06
7.49945453418222E-06
7.49945453418222E-06
7.49945453418222E-06
7.49945453418222E-06
7.49945453418222E-06
7.49945453418222E-06
7.49945453418222E-06
7.49945453418222E-06
7.49945453418222E-06
7.49945453418222E-06
7.49945453418222E-06
7.49945453418222E-06
7.49945453418222E-06
7.49945453418222E-06
7.49945453418222E-06
7.49945453418222E-06
7.49945453418222E-06
7.49945453418222E-06
7.49945453418222E-06
7.49945453418222E-06
7.49945453418222E-06
7.49945453418222E-06
7.49945453418222E-06
7.49945453418222E-06
7.49945453418222E-06
7.49945453418222E-06
7.49945453418222E-06
7.49945453418222E-06
7.49945453418222E-06
7.49945453418222E-06
7.49945453418222E-06
7.49945453418222E-06
7.49945453418222E-06
7.49945453418222E-06
5.79498019720459E-06
5.79498019720459E-06
5.79498019720459E-06
5.79498019720459E-06
5.79498019720459E-06
5.79498019720459E-06
5.79498019720459E-06
5.79498019720459E-06
5.79498019720459E-06
5.79498019720459E-06
5.79498019720459E-06
5.79498019720459E-06
5.79498019720459E-06
5.79498019720459E-06
5.79498019720459E-06
5.79498019720459E-06
5.79498019720459E-06
5.79498019720459E-06
2.54808351199398E-06
2.54808351199398E-06
2.54808351199398E-06
2.54808351199398E-06
2.54808351199398E-06
2.54808351199398E-06
2.54808351199398E-06
2.54808351199398E-06
2.54808351199398E-06
2.54808351199398E-06
2.54808351199398E-06
2.54808351199398E-06
2.54808351199398E-06
2.54808351199398E-06
2.54808351199398E-06
2.54808351199398E-06
2.54808351199398E-06
2.54808351199398E-06
2.54808351199398E-06
2.54808351199398E-06
2.54808351199398E-06
2.54808351199398E-06
2.54808351199398E-06
2.54808351199398E-06
2.54808351199398E-06
2.54808351199398E-06
2.54808351199398E-06
2.54808351199398E-06
2.54808351199398E-06
2.54808351199398E-06
2.54808351199398E-06
2.54808351199398E-06
2.54808351199398E-06
2.54808351199398E-06
2.54808351199398E-06
2.54808351199398E-06
2.54808351199398E-06
2.54808351199398E-06
2.54808351199398E-06
2.54808351199398E-06
2.54808351199398E-06
2.54808351199398E-06
2.54808351199398E-06
2.54808351199398E-06
2.54808351199398E-06
2.09061598699378E-06
2.09061598699378E-06
2.09061598699378E-06
2.09061598699378E-06
2.09061598699378E-06
2.09061598699378E-06
2.09061598699378E-06
8.86830339608125E-07
8.86830339608125E-07
8.86830339608125E-07
8.86830339608125E-07
8.86830339608125E-07
8.86830339608125E-07
8.86830339608125E-07
8.86830339608125E-07
8.86830339608125E-07
6.49144818148928E-07
6.49144818148928E-07
6.49144818148928E-07
6.49144818148928E-07
6.33548217832125E-07
6.33548217832125E-07
6.33548217832125E-07
6.33548217832125E-07
6.33548217832125E-07
6.33548217832125E-07
6.33548217832125E-07
6.33548217832125E-07
6.33548217832125E-07
6.33548217832125E-07
6.33548217832125E-07
6.33548217832125E-07
6.33548217832125E-07
6.33548217832125E-07
6.33548217832125E-07
6.33548217832125E-07
6.33548217832125E-07
6.33548217832125E-07
4.68850077733896E-07
4.68850077733896E-07
4.68850077733896E-07
4.68850077733896E-07
4.68850077733896E-07
4.68850077733896E-07
4.68850077733896E-07
4.68850077733896E-07
4.68850077733896E-07
4.68850077733896E-07
4.68850077733896E-07
4.68850077733896E-07
4.68850077733896E-07
4.68850077733896E-07
4.68850077733896E-07
4.68850077733896E-07
4.68850077733896E-07
4.68850077733896E-07
4.68850077733896E-07
4.68850077733896E-07
4.68850077733896E-07
4.68850077733896E-07
4.68850077733896E-07
4.68850077733896E-07
4.68850077733896E-07
4.68850077733896E-07
4.68850077733896E-07
4.68850077733896E-07
4.68850077733896E-07
4.68850077733896E-07
4.68850077733896E-07
4.68850077733896E-07
4.68850077733896E-07
4.68850077733896E-07
4.68850077733896E-07
4.68850077733896E-07
4.68850077733896E-07
4.68850077733896E-07
4.68850077733896E-07
4.68850077733896E-07
4.68850077733896E-07
4.68850077733896E-07
4.68850077733896E-07
4.68850077733896E-07
4.68850077733896E-07
4.68850077733896E-07
4.68850077733896E-07
4.68850077733896E-07
4.68850077733896E-07
4.68850077733896E-07
4.68850077733896E-07
4.68850077733896E-07
4.68850077733896E-07
4.68850077733896E-07
4.68850077733896E-07
4.68850077733896E-07
4.68850077733896E-07
4.68850077733896E-07
4.68850077733896E-07
4.68850077733896E-07
4.68850077733896E-07
4.68850077733896E-07
4.68850077733896E-07
4.68850077733896E-07
4.68850077733896E-07
4.68850077733896E-07
4.68850077733896E-07
4.68850077733896E-07
4.68850077733896E-07
4.68850077733896E-07
4.68850077733896E-07
4.68850077733896E-07
4.68850077733896E-07
4.68850077733896E-07
4.68850077733896E-07
4.68850077733896E-07
4.68850077733896E-07
4.19331964374159E-07
4.19331964374159E-07
4.19331964374159E-07
4.19331964374159E-07
4.19331964374159E-07
4.19331964374159E-07
4.19331964374159E-07
4.19331964374159E-07
4.19331964374159E-07
4.19331964374159E-07
4.19331964374159E-07
4.19331964374159E-07
4.19331964374159E-07
4.19331964374159E-07
4.19331964374159E-07
4.19331964374159E-07
4.19331964374159E-07
4.19331964374159E-07
4.19331964374159E-07
4.19331964374159E-07
4.19331964374159E-07
4.19331964374159E-07
4.19331964374159E-07
4.19331964374159E-07
4.19331964374159E-07
4.19331964374159E-07
4.19331964374159E-07
4.19331964374159E-07
4.19331964374159E-07
4.19331964374159E-07
4.19331964374159E-07
4.19331964374159E-07
4.19331964374159E-07
2.8646873267979E-07
2.8646873267979E-07
2.8646873267979E-07
2.8646873267979E-07
2.8646873267979E-07
2.8646873267979E-07
2.8646873267979E-07
2.8646873267979E-07
2.8646873267979E-07
2.49374649680112E-07
2.49374649680112E-07
2.49374649680112E-07
2.49374649680112E-07
2.49374649680112E-07
2.49374649680112E-07
2.49374649680112E-07
2.49374649680112E-07
2.49374649680112E-07
2.49374649680112E-07
2.49374649680112E-07
2.49374649680112E-07
2.49374649680112E-07
2.49374649680112E-07
2.49374649680112E-07
2.49374649680112E-07
2.49374649680112E-07
2.49374649680112E-07
2.49374649680112E-07
2.30682695362416E-07
2.30682695362416E-07
2.30682695362416E-07
2.30682695362416E-07
2.30682695362416E-07
2.30682695362416E-07
2.30682695362416E-07
2.30682695362416E-07
2.30682695362416E-07
2.30682695362416E-07
2.30682695362416E-07
2.30682695362416E-07
2.30682695362416E-07
2.30682695362416E-07
2.30682695362416E-07
2.30682695362416E-07
2.30682695362416E-07
2.30682695362416E-07
2.30682695362416E-07
2.30682695362416E-07
6.31524439964615E-08
6.31524439964615E-08
6.31524439964615E-08
6.31524439964615E-08
6.31524439964615E-08
6.31524439964615E-08
6.31524439964615E-08
6.31524439964615E-08
6.31524439964615E-08
6.31524439964615E-08
6.31524439964615E-08
6.31524439964615E-08
6.31524439964615E-08
6.31524439964615E-08
6.31524439964615E-08
6.31524439964615E-08
6.31524439964615E-08
6.31524439964615E-08
6.31524439964615E-08
6.31524439964615E-08
6.31524439964615E-08
6.31524439964615E-08
6.31524439964615E-08
6.31524439964615E-08
6.31524439964615E-08
6.31524439964615E-08
6.31524439964615E-08
6.31524439964615E-08
6.31524439964615E-08
6.31524439964615E-08
6.31524439964615E-08
6.31524439964615E-08
6.31524439964615E-08
6.31524439964615E-08
6.31524439964615E-08
6.31524439964615E-08
6.31524439964615E-08
6.31524439964615E-08
6.31524439964615E-08
6.31524439964615E-08
6.31524439964615E-08
6.31524439964615E-08
6.31524439964615E-08
6.31524439964615E-08
6.31524439964615E-08
6.31524439964615E-08
6.31524439964615E-08
6.31524439964615E-08
6.31524439964615E-08
6.31524439964615E-08
6.31524439964615E-08
6.31524439964615E-08
6.31524439964615E-08
6.31524439964615E-08
6.31524439964615E-08
6.31524439964615E-08
6.31524439964615E-08
6.31524439964615E-08
6.31524439964615E-08
6.31524439964615E-08
6.31524439964615E-08
6.31524439964615E-08
6.31524439964615E-08
6.31524439964615E-08
6.31524439964615E-08
6.31524439964615E-08
6.31524439964615E-08
6.31524439964615E-08
6.31524439964615E-08
6.31524439964615E-08
5.96438012867573E-08
5.96438012867573E-08
5.96438012867573E-08
5.96438012867573E-08
5.96438012867573E-08
5.96438012867573E-08
5.96438012867573E-08
5.96438012867573E-08
5.96438012867573E-08
5.96438012867573E-08
5.96438012867573E-08
5.96438012867573E-08
5.96438012867573E-08
5.96438012867573E-08
5.96438012867573E-08
5.96438012867573E-08
5.96438012867573E-08
5.96438012867573E-08
5.96438012867573E-08
5.96438012867573E-08
5.96438012867573E-08
5.96438012867573E-08
5.96438012867573E-08
5.96438012867573E-08
5.96438012867573E-08
5.96438012867573E-08
5.96438012867573E-08
5.96438012867573E-08
5.96438012867573E-08
5.96438012867573E-08
3.02913508443137E-08
3.02913508443137E-08
3.02913508443137E-08
3.02913508443137E-08

