0.175540734309274
0.0728895766478184
0.0457606072847543
0.0405617624597923
0.0405617624597923
0.0318101685961603
0.0133322935504947
0.0133322935504947
0.0133322935504947
0.0133322935504947
0.0127936305105231
0.00813161229370641
0.0068957464754896
0.0068957464754896
0.00586987143259176
0.000482975794678408
0.000482975794678408
6.45352557297952E-05
6.45352557297952E-05
6.45352557297952E-05
6.45352557297952E-05
6.45352557297952E-05
6.45352557297952E-05
6.45352557297952E-05
6.45352557297952E-05
6.45352557297952E-05
6.45352557297952E-05
6.45352557297952E-05
6.45352557297952E-05
6.45352557297952E-05
6.45352557297952E-05
6.45352557297952E-05
6.45352557297952E-05
6.45352557297952E-05
6.45352557297952E-05
6.45352557297952E-05
6.45352557297952E-05
6.45352557297952E-05
6.45352557297952E-05
6.45352557297952E-05
6.45352557297952E-05
6.45352557297952E-05
6.45352557297952E-05
6.45352557297952E-05
6.45352557297952E-05
6.45352557297952E-05
6.45352557297952E-05
1.83455073368407E-05
1.83455073368407E-05
1.83455073368407E-05
1.83455073368407E-05
1.83455073368407E-05
1.83455073368407E-05
1.83455073368407E-05
1.83455073368407E-05
1.83455073368407E-05
1.83455073368407E-05
1.83455073368407E-05
1.83455073368407E-05
1.83455073368407E-05
1.42655299806705E-05
1.42655299806705E-05
1.42655299806705E-05
1.42655299806705E-05
1.42655299806705E-05
1.42655299806705E-05
1.42655299806705E-05
1.42655299806705E-05
1.42655299806705E-05
1.42655299806705E-05
1.42655299806705E-05
1.42655299806705E-05
1.42655299806705E-05
1.42655299806705E-05
1.42655299806705E-05
1.42655299806705E-05
1.42655299806705E-05
1.42655299806705E-05
1.42655299806705E-05
1.42655299806705E-05
1.42655299806705E-05
1.3700217085786E-05
1.3700217085786E-05
1.3700217085786E-05
1.3700217085786E-05
1.3700217085786E-05
1.3700217085786E-05
1.3700217085786E-05
1.3700217085786E-05
1.3700217085786E-05
1.3700217085786E-05
1.3700217085786E-05
4.84562536092446E-06
4.84562536092446E-06
4.84562536092446E-06
4.84562536092446E-06
4.84562536092446E-06
4.84562536092446E-06
4.84562536092446E-06
4.84562536092446E-06
4.84562536092446E-06
4.84562536092446E-06
4.84562536092446E-06
4.84562536092446E-06
4.84562536092446E-06
4.84562536092446E-06
4.84562536092446E-06
4.84562536092446E-06
4.84562536092446E-06
4.84562536092446E-06
4.84562536092446E-06
4.84562536092446E-06
4.84562536092446E-06
4.84562536092446E-06
4.84562536092446E-06
4.84562536092446E-06
4.84562536092446E-06
4.75610698621491E-06
4.75610698621491E-06
4.75610698621491E-06
4.75610698621491E-06
4.75610698621491E-06
4.75610698621491E-06
3.12560005126135E-06
3.12560005126135E-06
3.12560005126135E-06
3.12560005126135E-06
3.12560005126135E-06
2.66595516213406E-06
2.66595516213406E-06
2.66595516213406E-06
2.66595516213406E-06
2.66595516213406E-06
2.66595516213406E-06
2.66595516213406E-06
2.66595516213406E-06
2.66595516213406E-06
2.66595516213406E-06
2.66595516213406E-06
2.66595516213406E-06
2.66595516213406E-06
2.66595516213406E-06
2.66595516213406E-06
2.66595516213406E-06
2.66595516213406E-06
2.66595516213406E-06
2.66595516213406E-06
2.66595516213406E-06
2.66595516213406E-06
2.66595516213406E-06
2.66595516213406E-06
2.66595516213406E-06
2.66595516213406E-06
2.66595516213406E-06
2.66595516213406E-06
2.66595516213406E-06
2.66595516213406E-06
2.66595516213406E-06
2.66595516213406E-06
2.66595516213406E-06
2.66595516213406E-06
2.66595516213406E-06
2.66595516213406E-06
2.51656081062245E-06
2.51656081062245E-06
2.51656081062245E-06
2.51656081062245E-06
2.51656081062245E-06
2.51656081062245E-06
2.51656081062245E-06
2.51656081062245E-06
2.51656081062245E-06
2.32039472558064E-06
2.32039472558064E-06
2.32039472558064E-06
2.32039472558064E-06
2.32039472558064E-06
2.32039472558064E-06
2.32039472558064E-06
2.32039472558064E-06
2.32039472558064E-06
2.32039472558064E-06
2.32039472558064E-06
2.2318222276327E-06
2.2318222276327E-06
2.2318222276327E-06
6.08191912809396E-07
6.08191912809396E-07
6.08191912809396E-07
6.08191912809396E-07
6.08191912809396E-07
6.08191912809396E-07
6.08191912809396E-07
6.08191912809396E-07
6.08191912809396E-07
6.08191912809396E-07
6.08191912809396E-07
6.08191912809396E-07
6.08191912809396E-07
6.08191912809396E-07
6.08191912809396E-07
6.08191912809396E-07
6.08191912809396E-07
6.08191912809396E-07
6.08191912809396E-07
6.08191912809396E-07
6.08191912809396E-07
6.08191912809396E-07
6.08191912809396E-07
6.08191912809396E-07
6.08191912809396E-07
6.08191912809396E-07
6.08191912809396E-07
6.08191912809396E-07
6.08191912809396E-07
6.08191912809396E-07
6.08191912809396E-07
6.08191912809396E-07
6.08191912809396E-07
6.08191912809396E-07
6.08191912809396E-07
6.08191912809396E-07
6.08191912809396E-07
6.08191912809396E-07
6.08191912809396E-07
6.08191912809396E-07
6.08191912809396E-07
6.08191912809396E-07
6.08191912809396E-07
6.08191912809396E-07
6.08191912809396E-07
6.08191912809396E-07
6.08191912809396E-07
6.08191912809396E-07
6.08191912809396E-07
6.08191912809396E-07
6.08191912809396E-07
6.08191912809396E-07
6.08191912809396E-07
6.08191912809396E-07
6.08191912809396E-07
6.08191912809396E-07
6.08191912809396E-07
6.08191912809396E-07
6.08191912809396E-07
6.08191912809396E-07
6.08191912809396E-07
6.08191912809396E-07
6.08191912809396E-07
6.08191912809396E-07
6.08191912809396E-07
5.31640256664393E-07
5.31640256664393E-07
5.31640256664393E-07
5.31640256664393E-07
5.31640256664393E-07
5.31640256664393E-07
5.31640256664393E-07
5.31640256664393E-07
5.31640256664393E-07
5.31640256664393E-07
5.31640256664393E-07
5.31640256664393E-07
5.31640256664393E-07
5.31640256664393E-07
5.31640256664393E-07
5.31640256664393E-07
5.31640256664393E-07
2.56459173651499E-07
2.56459173651499E-07
2.43901117955288E-07
2.43901117955288E-07
2.43901117955288E-07
2.26878205687475E-07
2.26878205687475E-07
2.26878205687475E-07
2.26878205687475E-07
2.26878205687475E-07
1.55120473921988E-07
1.55120473921988E-07
1.55120473921988E-07
1.55120473921988E-07
1.55120473921988E-07
1.55120473921988E-07
1.55120473921988E-07
1.55120473921988E-07
1.55120473921988E-07
1.55120473921988E-07
1.55120473921988E-07
1.55120473921988E-07
1.55120473921988E-07
1.55120473921988E-07
1.55120473921988E-07
1.55120473921988E-07
1.55120473921988E-07
1.55120473921988E-07
1.55120473921988E-07
1.55120473921988E-07
1.55120473921988E-07
1.55120473921988E-07
1.55120473921988E-07
1.55120473921988E-07
1.55120473921988E-07
1.55120473921988E-07
1.55120473921988E-07
1.55120473921988E-07
1.51166029971147E-07
1.51166029971147E-07
1.51166029971147E-07
1.51166029971147E-07
1.51166029971147E-07
1.51166029971147E-07
1.51166029971147E-07
1.51166029971147E-07
1.51166029971147E-07
1.51166029971147E-07
1.51166029971147E-07
1.51166029971147E-07
1.51166029971147E-07
1.51166029971147E-07
1.51166029971147E-07
1.51166029971147E-07
1.51166029971147E-07
1.51166029971147E-07
1.51166029971147E-07
1.51166029971147E-07
1.51166029971147E-07
1.51166029971147E-07
1.51166029971147E-07
1.51166029971147E-07
1.51166029971147E-07
1.51166029971147E-07
1.51166029971147E-07
1.51166029971147E-07
1.51166029971147E-07
1.51166029971147E-07
1.51166029971147E-07
1.51166029971147E-07
1.51166029971147E-07
1.51166029971147E-07
1.51166029971147E-07
1.51166029971147E-07
1.51166029971147E-07
1.21303114242201E-07
1.21303114242201E-07
1.21303114242201E-07
1.21303114242201E-07
1.21303114242201E-07
1.21303114242201E-07
1.21303114242201E-07
2.94507736198273E-08
2.94507736198273E-08
2.94507736198273E-08
2.94507736198273E-08
2.94507736198273E-08
2.94507736198273E-08
2.94507736198273E-08
2.94507736198273E-08
2.94507736198273E-08
2.94507736198273E-08
2.94507736198273E-08
2.62018425155673E-08
2.62018425155673E-08
2.62018425155673E-08
2.62018425155673E-08
2.62018425155673E-08
2.62018425155673E-08
2.62018425155673E-08
2.62018425155673E-08
2.62018425155673E-08
2.62018425155673E-08
2.62018425155673E-08
2.62018425155673E-08
2.62018425155673E-08
2.62018425155673E-08
2.62018425155673E-08
2.62018425155673E-08
2.62018425155673E-08
2.62018425155673E-08
2.62018425155673E-08
2.62018425155673E-08
2.62018425155673E-08
2.62018425155673E-08
2.62018425155673E-08
2.62018425155673E-08
2.62018425155673E-08
2.62018425155673E-08
2.62018425155673E-08
2.62018425155673E-08
2.62018425155673E-08
2.62018425155673E-08
2.62018425155673E-08
2.62018425155673E-08
2.62018425155673E-08
2.62018425155673E-08
2.62018425155673E-08
2.62018425155673E-08
2.62018425155673E-08
2.62018425155673E-08
2.62018425155673E-08
2.62018425155673E-08
2.62018425155673E-08
2.62018425155673E-08
2.62018425155673E-08
2.62018425155673E-08
2.62018425155673E-08
2.62018425155673E-08
2.62018425155673E-08
2.62018425155673E-08
2.62018425155673E-08
2.62018425155673E-08
2.62018425155673E-08
2.62018425155673E-08
2.62018425155673E-08
2.62018425155673E-08
2.62018425155673E-08
2.62018425155673E-08
2.62018425155673E-08
2.62018425155673E-08
2.62018425155673E-08
2.62018425155673E-08
2.62018425155673E-08
2.62018425155673E-08
2.62018425155673E-08
2.62018425155673E-08
2.62018425155673E-08
2.62018425155673E-08
2.62018425155673E-08
2.62018425155673E-08
2.62018425155673E-08
2.62018425155673E-08
2.62018425155673E-08
2.62018425155673E-08
2.62018425155673E-08
2.62018425155673E-08
2.62018425155673E-08
2.62018425155673E-08
2.62018425155673E-08
2.62018425155673E-08
2.62018425155673E-08
2.62018425155673E-08
2.62018425155673E-08
2.62018425155673E-08
2.62018425155673E-08
2.62018425155673E-08
2.62018425155673E-08
2.62018425155673E-08
2.62018425155673E-08
2.62018425155673E-08
2.62018425155673E-08
2.62018425155673E-08
2.62018425155673E-08
2.62018425155673E-08
2.62018425155673E-08
2.62018425155673E-08
2.62018425155673E-08
2.62018425155673E-08
2.62018425155673E-08
2.62018425155673E-08
2.62018425155673E-08
2.62018425155673E-08
2.62018425155673E-08
2.62018425155673E-08
2.62018425155673E-08
2.62018425155673E-08
2.62018425155673E-08
2.62018425155673E-08
2.62018425155673E-08
2.62018425155673E-08
2.62018425155673E-08
2.62018425155673E-08
2.62018425155673E-08
2.62018425155673E-08
2.62018425155673E-08
2.62018425155673E-08
2.62018425155673E-08
2.62018425155673E-08
2.62018425155673E-08
2.62018425155673E-08
2.62018425155673E-08
2.62018425155673E-08
2.62018425155673E-08
2.62018425155673E-08
2.62018425155673E-08
2.62018425155673E-08
2.62018425155673E-08
8.77564638910596E-09
8.77564638910596E-09
8.77564638910596E-09
8.77564638910596E-09
8.77564638910596E-09
8.77564638910596E-09
8.77564638910596E-09
8.77564638910596E-09
8.77564638910596E-09
8.77564638910596E-09
8.77564638910596E-09
8.77564638910596E-09
8.77564638910596E-09
8.77564638910596E-09

