0.753020848120193
0.70325069232323
0.691222163161473
0.691222163161473
0.561259322454217
0.557435194574878
0.557435194574878
0.491082226285185
0.485801097228546
0.447471866646631
0.431183717660739
0.378095232089445
0.252197941433268
0.197081970290422
0.13941957389807
0.13941957389807
0.109352412020868
0.0965132170248486
0.05031493126641
0.038216709863364
0.038216709863364
0.038216709863364
0.0378039201075631
0.0247691233585107
0.0247691233585107
0.0137790756317704
0.0136243158518365
0.0136243158518365
0.0131466597335205
0.0131466597335205
0.00907014277900498
0.00907014277900498
0.00907014277900498
0.00826638198910834
0.00826638198910834
0.00826638198910834
0.00773828465766155
0.00773828465766155
0.00293044171902552
0.00293044171902552
0.00293044171902552
0.00293044171902552
0.00293044171902552
0.00293044171902552
0.00293044171902552
0.00293044171902552
0.00293044171902552
0.00293044171902552
0.00293044171902552
0.00293044171902552
0.00293044171902552
0.00181209547768572
0.00181209547768572
0.00181209547768572
0.00181209547768572
0.00181209547768572
0.00181209547768572
0.00181209547768572
0.00181209547768572
0.00181209547768572
0.00181209547768572
0.00157171033873203
0.00157171033873203
0.00156975621489361
0.00156975621489361
0.00156975621489361
0.00156513887753881
0.00156513887753881
0.00156513887753881
0.00156513887753881
0.00156513887753881
0.00134883803977349
0.00134883803977349
0.00134883803977349
0.000778449124662668
0.000778449124662668
0.000778449124662668
0.000778449124662668
0.000778449124662668
0.000778449124662668
0.000778449124662668
0.000778449124662668
0.000778449124662668
0.000778449124662668
0.000778449124662668
0.000778449124662668
0.000778449124662668
0.000778449124662668
0.000778449124662668
0.000778449124662668
0.000778449124662668
0.000778449124662668
0.000778449124662668
0.000778449124662668
0.000752686723892364
0.000752686723892364
0.000737709636586738
0.000737709636586738
0.000737709636586738
0.000737709636586738
0.000737709636586738
0.000737709636586738
0.000737709636586738
0.000737709636586738
0.000737709636586738
0.000541631849240446
0.000541631849240446
0.000541631849240446
0.000541631849240446
0.000541631849240446
0.000541631849240446
0.000464427660008085
0.000464427660008085
0.000464427660008085
0.000464427660008085
0.000464427660008085
0.000464427660008085
0.000464427660008085
0.000464427660008085
0.000464427660008085
0.000463045440705093
0.000463045440705093
0.000463045440705093
0.000463045440705093
0.000463045440705093
0.000463045440705093
0.000463045440705093
0.000463045440705093
0.000463045440705093
0.000463045440705093
0.000240801193843876
0.000240801193843876
0.000240801193843876
0.000240801193843876
0.000240801193843876
0.000240801193843876
0.000240801193843876
0.000240801193843876
0.000240801193843876
0.000240801193843876
0.000240801193843876
0.000240801193843876
0.000240801193843876
0.000240801193843876
0.000240801193843876
0.000240801193843876
0.000240801193843876
0.000240801193843876
0.000240801193843876
0.000187696862493582
0.000187696862493582
0.000187696862493582
0.000187696862493582
0.000187696862493582
0.000187696862493582
0.000187696862493582
0.000187696862493582
0.000187696862493582
0.000187696862493582
0.000187696862493582
0.000187696862493582
0.000187696862493582
0.000187696862493582
0.000187696862493582
0.000187696862493582
0.000187696862493582
0.000187696862493582
0.000187696862493582
0.000187696862493582
0.000187696862493582
0.000187696862493582
0.000187696862493582
0.000187696862493582
0.000187696862493582
0.000187696862493582
0.000187696862493582
0.000187696862493582
0.000187696862493582
0.000187696862493582
0.000187696862493582
0.000187696862493582
0.000187696862493582
0.000187696862493582
0.000187696862493582
0.000187696862493582
0.000187696862493582
0.000187696862493582
0.000187696862493582
0.000187696862493582
0.000187696862493582
0.000187696862493582
0.000187696862493582
0.000187696862493582
0.000187131300517927
0.000187131300517927
0.000187131300517927
0.000187131300517927
0.000187131300517927
0.000187131300517927
0.000187131300517927
0.000187131300517927
0.000187131300517927
0.000187131300517927
0.000187131300517927
0.000187131300517927
0.000127500124948343
0.000127500124948343
0.000127500124948343
0.000127500124948343
0.000127500124948343
0.000127500124948343
5.50596773078578E-05
5.50596773078578E-05
5.50596773078578E-05
5.50596773078578E-05
5.50596773078578E-05
5.50596773078578E-05
5.50596773078578E-05
5.50596773078578E-05
5.50596773078578E-05
5.50596773078578E-05
5.50596773078578E-05
5.50596773078578E-05
5.50596773078578E-05
5.50596773078578E-05
5.50596773078578E-05
5.50596773078578E-05
5.50596773078578E-05
5.50596773078578E-05
5.50596773078578E-05
5.50596773078578E-05
5.50596773078578E-05
5.50596773078578E-05
5.50596773078578E-05
5.50596773078578E-05
5.50596773078578E-05
5.50596773078578E-05
5.50596773078578E-05
5.41044160173212E-05
5.13148211911096E-05
5.13148211911096E-05
5.13148211911096E-05
5.13148211911096E-05
5.13148211911096E-05
5.13148211911096E-05
5.13148211911096E-05
5.13148211911096E-05
5.13148211911096E-05
5.13148211911096E-05
5.13148211911096E-05
5.13148211911096E-05
5.13148211911096E-05
5.13148211911096E-05
5.13148211911096E-05
5.13148211911096E-05
5.13148211911096E-05
5.13148211911096E-05
5.13148211911096E-05
5.13148211911096E-05
5.13148211911096E-05
5.13148211911096E-05
5.13148211911096E-05
5.13148211911096E-05
5.13148211911096E-05
5.13148211911096E-05
5.13148211911096E-05
5.13148211911096E-05
5.13148211911096E-05
5.13148211911096E-05
5.13148211911096E-05
6.16688566231267E-06
6.16688566231267E-06
6.16688566231267E-06
6.16688566231267E-06
6.16688566231267E-06
6.16688566231267E-06
6.16688566231267E-06
6.16688566231267E-06
6.16688566231267E-06
6.16688566231267E-06
6.16688566231267E-06
6.16688566231267E-06
6.16688566231267E-06
6.16688566231267E-06
6.16688566231267E-06
6.16688566231267E-06
6.16688566231267E-06
6.16688566231267E-06
6.16688566231267E-06
6.16688566231267E-06
6.16688566231267E-06
6.16688566231267E-06
6.16688566231267E-06
6.16688566231267E-06
6.16688566231267E-06
6.16688566231267E-06
6.16688566231267E-06
6.16688566231267E-06
6.16688566231267E-06
6.16688566231267E-06
6.16688566231267E-06
6.16688566231267E-06
6.16688566231267E-06
6.16688566231267E-06
6.16688566231267E-06
6.16688566231267E-06
6.16688566231267E-06
6.16688566231267E-06
6.16688566231267E-06
6.16688566231267E-06
6.16688566231267E-06
6.16688566231267E-06
6.16688566231267E-06
6.16688566231267E-06
6.16688566231267E-06
6.16688566231267E-06
6.16688566231267E-06
6.16688566231267E-06
6.16688566231267E-06
6.16688566231267E-06
6.16688566231267E-06
6.16688566231267E-06
6.16688566231267E-06
6.16688566231267E-06
6.16688566231267E-06
6.16688566231267E-06
6.16688566231267E-06
6.16688566231267E-06
6.16688566231267E-06
6.16688566231267E-06
6.16688566231267E-06
6.16688566231267E-06
6.16688566231267E-06
6.16688566231267E-06
6.16688566231267E-06
6.16688566231267E-06
6.16688566231267E-06
6.16688566231267E-06
6.16688566231267E-06
6.16688566231267E-06
6.16688566231267E-06
6.16688566231267E-06
6.16688566231267E-06
6.16688566231267E-06
6.16688566231267E-06
6.16688566231267E-06
6.16688566231267E-06
6.16688566231267E-06
6.16688566231267E-06
6.16688566231267E-06
6.16688566231267E-06
6.16688566231267E-06
6.16688566231267E-06
6.16688566231267E-06
6.16688566231267E-06
6.16688566231267E-06
6.16688566231267E-06
6.16688566231267E-06
6.16688566231267E-06
6.16688566231267E-06
6.16688566231267E-06
6.16688566231267E-06
6.16688566231267E-06
6.16688566231267E-06
6.16688566231267E-06
6.16688566231267E-06
6.16688566231267E-06
6.16688566231267E-06
6.16688566231267E-06
6.16688566231267E-06
6.16688566231267E-06
6.16688566231267E-06
6.16688566231267E-06
6.16688566231267E-06
6.16688566231267E-06
6.16688566231267E-06
6.16688566231267E-06
6.16688566231267E-06
6.16688566231267E-06
6.16688566231267E-06
6.16688566231267E-06
6.16688566231267E-06
6.16688566231267E-06
6.16688566231267E-06
6.16688566231267E-06
6.16688566231267E-06
6.16688566231267E-06
6.16688566231267E-06
6.16688566231267E-06
6.16688566231267E-06
6.16688566231267E-06
6.16688566231267E-06
6.16688566231267E-06
6.16688566231267E-06
6.16688566231267E-06
6.16688566231267E-06
6.16688566231267E-06
6.16688566231267E-06
6.16688566231267E-06
6.16688566231267E-06
6.16688566231267E-06
6.16688566231267E-06
6.16688566231267E-06
6.16688566231267E-06
6.16688566231267E-06
6.16688566231267E-06
6.16688566231267E-06
6.16688566231267E-06
6.16688566231267E-06
6.16688566231267E-06
6.16688566231267E-06
6.16688566231267E-06
6.16688566231267E-06
6.16688566231267E-06
6.16688566231267E-06
6.16688566231267E-06
6.16688566231267E-06
6.16688566231267E-06
6.16688566231267E-06
6.16688566231267E-06
6.16688566231267E-06
6.16688566231267E-06
6.16688566231267E-06
6.16688566231267E-06
6.16688566231267E-06
6.16688566231267E-06
6.16688566231267E-06
6.16688566231267E-06
6.16688566231267E-06
6.16688566231267E-06
6.16688566231267E-06
6.16688566231267E-06
6.16688566231267E-06
6.16688566231267E-06
6.16688566231267E-06
6.16688566231267E-06
6.16688566231267E-06
6.16688566231267E-06
6.16688566231267E-06
6.16688566231267E-06
6.16688566231267E-06
6.16688566231267E-06
6.16688566231267E-06
6.16688566231267E-06
6.16688566231267E-06
6.16688566231267E-06
6.16688566231267E-06
6.16688566231267E-06
6.16688566231267E-06
6.16688566231267E-06
6.16688566231267E-06
6.16688566231267E-06
6.16688566231267E-06
6.16688566231267E-06
6.16688566231267E-06
6.16688566231267E-06
6.16688566231267E-06
6.16688566231267E-06
6.16688566231267E-06
6.16688566231267E-06
6.16688566231267E-06
6.16688566231267E-06
6.16688566231267E-06
6.16688566231267E-06
6.16688566231267E-06
6.16688566231267E-06
6.16688566231267E-06
6.16688566231267E-06
6.16688566231267E-06
6.16688566231267E-06
5.25850841584902E-06
5.25850841584902E-06
5.25850841584902E-06
5.25850841584902E-06
5.25850841584902E-06
5.25850841584902E-06
5.25850841584902E-06
5.25850841584902E-06
5.25850841584902E-06
5.25850841584902E-06
5.25850841584902E-06
5.25850841584902E-06
5.25850841584902E-06
5.25850841584902E-06
5.25850841584902E-06
5.25850841584902E-06
5.25850841584902E-06
5.25850841584902E-06
3.87829408360549E-06
3.76308378060602E-06
3.76308378060602E-06
3.76308378060602E-06
3.76308378060602E-06
3.76308378060602E-06
3.76308378060602E-06
3.76308378060602E-06
3.76308378060602E-06
3.76308378060602E-06
3.76308378060602E-06
3.76308378060602E-06

