0.677518586861343
0.677053854434553
0.365370564620531
0.365370564620531
0.269843921558724
0.178377634014172
0.178377634014172
0.178377634014172
0.0941822532584893
0.0362500826686501
0.0286020584131383
0.0286020584131383
0.0286020584131383
0.0286020584131383
0.0222110383279531
0.0222110383279531
0.0184679455781923
0.0165533606349703
0.0150363229497892
0.0150363229497892
0.0150363229497892
0.0120730829190671
0.0120730829190671
0.0120730829190671
0.0120730829190671
0.00237250848351052
0.00237250848351052
0.00237250848351052
0.00237250848351052
0.00237250848351052
0.00237250848351052
0.00237250848351052
0.00237250848351052
0.00237250848351052
0.00237250848351052
0.00237250848351052
0.00237250848351052
0.00237250848351052
0.00237250848351052
0.00237250848351052
0.00237250848351052
0.00237250848351052
0.00237250848351052
0.00237250848351052
0.00237250848351052
0.00237250848351052
0.00237250848351052
0.00237250848351052
0.00237250848351052
0.00237250848351052
0.00237250848351052
0.00237250848351052
0.00237250848351052
0.00237250848351052
0.00237250848351052
0.00237250848351052
0.00237250848351052
0.00237250848351052
0.00237250848351052
0.00237250848351052
0.00237250848351052
0.00237250848351052
0.00237250848351052
0.00237250848351052
0.00237250848351052
0.00237250848351052
0.00237250848351052
0.00237250848351052
0.00237250848351052
0.00237250848351052
0.00237250848351052
0.00237250848351052
0.00237250848351052
0.00237250848351052
0.00237250848351052
0.00237250848351052
0.00237250848351052
0.00237250848351052
0.00237250848351052
0.00237250848351052
0.00237250848351052
0.00237250848351052
0.00237250848351052
0.00237250848351052
0.00237250848351052
0.00237250848351052
0.00237250848351052
0.00237250848351052
0.00237250848351052
0.00237250848351052
0.00237250848351052
0.00237250848351052
0.00150825219853972
0.00150825219853972
0.00150825219853972
0.00150825219853972
0.00150825219853972
0.00150825219853972
0.00150825219853972
0.00150825219853972
0.00150825219853972
0.00150825219853972
0.00150825219853972
0.00150825219853972
0.00150825219853972
0.00150825219853972
0.00150825219853972
0.00150825219853972
0.00137914298667431
0.00137914298667431
0.00137914298667431
0.00137914298667431
0.00137914298667431
0.00137914298667431
0.00137914298667431
0.00137914298667431
0.00137914298667431
0.00137914298667431
0.00137914298667431
0.00137914298667431
0.00137914298667431
0.00137914298667431
0.00137914298667431
0.00137914298667431
0.00114534875477032
0.00114534875477032
0.00114534875477032
0.00114534875477032
0.00114534875477032
0.00114534875477032
0.00114534875477032
0.00114534875477032
0.00114534875477032
0.00114534875477032
0.00114534875477032
0.00114534875477032
0.00114534875477032
0.00114534875477032
0.00114534875477032
0.00114534875477032
0.00114534875477032
0.00114534875477032
0.000936032870753478
0.000936032870753478
0.000936032870753478
0.000936032870753478
0.000936032870753478
0.000936032870753478
0.000936032870753478
0.000936032870753478
0.000936032870753478
0.000936032870753478
0.000936032870753478
0.000936032870753478
0.000936032870753478
0.000936032870753478
0.000936032870753478
0.000936032870753478
0.000936032870753478
0.000873422100579901
0.000873422100579901
0.000873422100579901
0.000873422100579901
0.000873422100579901
0.000873422100579901
0.000873422100579901
0.000873422100579901
0.000873422100579901
0.000873422100579901
0.000873422100579901
0.000873422100579901
0.000873422100579901
0.000753648716601133
0.000753648716601133
0.000753648716601133
0.000753648716601133
0.000753648716601133
0.000753648716601133
0.000753648716601133
0.000753648716601133
0.000753648716601133
0.000753648716601133
0.000641440356533919
0.000641440356533919
0.000641440356533919
0.000641440356533919
0.000641440356533919
0.000641440356533919
0.000641440356533919
0.000641440356533919
0.000641440356533919
0.000641440356533919
0.000641440356533919
0.000641440356533919
0.000641440356533919
0.000641440356533919
0.000641440356533919
0.000641440356533919
0.000641440356533919
0.000641440356533919
0.000641440356533919
0.000641440356533919
0.000641440356533919
0.000485740697548674
0.000485740697548674
0.000485740697548674
0.000485740697548674
0.000485740697548674
0.000485740697548674
0.000485740697548674
0.000485740697548674
0.000485740697548674
0.000485740697548674
0.000485740697548674
0.000485740697548674
0.000485740697548674
0.000485740697548674
0.000485740697548674
0.000485740697548674
0.000485740697548674
0.000485740697548674
0.000485740697548674
0.000485740697548674
0.000485740697548674
0.000485740697548674
0.000485740697548674
0.000485740697548674
0.000485740697548674
0.000485740697548674
0.000485740697548674
0.000485740697548674
0.000485740697548674
0.000485740697548674
0.000485740697548674
0.000485740697548674
0.000485740697548674
0.000485740697548674
0.000485740697548674
0.000485740697548674
0.000485740697548674
0.000485740697548674
0.000485740697548674
0.000485740697548674
0.000485740697548674
0.000485740697548674
0.000474086672080312
0.000474086672080312
0.000474086672080312
0.000474086672080312
0.000474086672080312
0.000474086672080312
0.000474086672080312
0.000474086672080312
0.000446806611016232
0.000446806611016232
0.000446806611016232
0.000446806611016232
0.000446806611016232
0.000446806611016232
0.000446806611016232
0.000446806611016232
0.000362175051830286
0.000255105511519908
0.000255105511519908
0.000255105511519908
0.000255105511519908
0.000255105511519908
0.000255105511519908
0.000255105511519908
0.000255105511519908
0.000255105511519908
0.000255105511519908
0.000255105511519908
0.000255105511519908
0.000255105511519908
0.000255105511519908
0.000255105511519908
0.000185645516254365
0.000185645516254365
0.000185645516254365
0.000185645516254365
0.000185645516254365
0.000185645516254365
0.000185645516254365
0.000185645516254365
0.000185645516254365
0.000185645516254365
0.000185645516254365
0.000185645516254365
0.000185645516254365
0.000185645516254365
0.000185645516254365
0.000185645516254365
0.000185645516254365
0.000185645516254365
0.000185645516254365
0.000185645516254365
0.000185645516254365
0.000185645516254365
0.000185645516254365
0.000185645516254365
0.000185645516254365
0.000185645516254365
0.000185645516254365
0.000185645516254365
0.000185645516254365
0.000185645516254365
0.000185645516254365
0.000185645516254365
0.000185645516254365
0.000185645516254365
0.000185645516254365
0.000185645516254365
0.000185645516254365
0.000185645516254365
0.000185645516254365
0.000185645516254365
0.000112437286495767
0.000112437286495767
0.000112437286495767
0.000112437286495767
0.000112437286495767
0.000112437286495767
0.000112437286495767
0.000112437286495767
0.000112437286495767
0.000112437286495767
0.000112437286495767
0.000112437286495767
0.000112437286495767
0.000112437286495767
0.000112437286495767
0.000112437286495767
0.000112437286495767
0.000112437286495767
0.000112437286495767
0.000112437286495767
0.000112437286495767
0.000112437286495767
0.000112437286495767
0.000112437286495767
9.86798085727001E-05
9.86798085727001E-05
9.86798085727001E-05
9.86798085727001E-05
9.86798085727001E-05
9.86798085727001E-05
9.86798085727001E-05
9.86798085727001E-05
9.86798085727001E-05
9.86798085727001E-05
9.86798085727001E-05
9.86798085727001E-05
9.86798085727001E-05
9.86798085727001E-05
9.86798085727001E-05
9.86798085727001E-05
9.86798085727001E-05
9.86798085727001E-05
9.86798085727001E-05
8.33182245976983E-05
8.33182245976983E-05
7.05369352099941E-05
7.05369352099941E-05
7.05369352099941E-05
7.05369352099941E-05
7.05369352099941E-05
7.05369352099941E-05
7.05369352099941E-05
7.05369352099941E-05
7.05369352099941E-05
7.05369352099941E-05
7.05369352099941E-05
7.05369352099941E-05
7.05369352099941E-05
7.05369352099941E-05
7.05369352099941E-05
7.05369352099941E-05
7.05369352099941E-05
5.40929177960415E-05
5.40929177960415E-05
5.40929177960415E-05
5.40929177960415E-05
5.40929177960415E-05
5.40929177960415E-05
5.40929177960415E-05
5.40929177960415E-05
5.40929177960415E-05
5.40929177960415E-05
5.40929177960415E-05
5.40929177960415E-05
5.40929177960415E-05
5.40929177960415E-05
5.40929177960415E-05
5.40929177960415E-05
5.40929177960415E-05
5.40929177960415E-05
5.40929177960415E-05
5.40929177960415E-05
5.40929177960415E-05
5.40929177960415E-05
5.40929177960415E-05
5.40929177960415E-05
5.40929177960415E-05
5.40929177960415E-05
5.40929177960415E-05
5.40929177960415E-05
5.40929177960415E-05
5.12469419458397E-05
5.12469419458397E-05
5.12469419458397E-05
5.12469419458397E-05
5.12469419458397E-05
5.12469419458397E-05
4.32271258454554E-05
4.32271258454554E-05
4.32271258454554E-05
4.32271258454554E-05
4.32271258454554E-05
4.32271258454554E-05
4.28904989678544E-05
4.28904989678544E-05
4.28904989678544E-05
4.28904989678544E-05
3.81118994202798E-05
3.81118994202798E-05
3.81118994202798E-05
3.81118994202798E-05
3.81118994202798E-05
3.81118994202798E-05
3.81118994202798E-05
3.81118994202798E-05
3.81118994202798E-05
3.81118994202798E-05
3.81118994202798E-05
3.81118994202798E-05
3.81118994202798E-05
3.81118994202798E-05
3.81118994202798E-05
3.81118994202798E-05
3.81118994202798E-05
3.81118994202798E-05
3.81118994202798E-05
1.22009972595663E-05
1.22009972595663E-05
1.22009972595663E-05
1.22009972595663E-05
1.22009972595663E-05
1.22009972595663E-05
1.22009972595663E-05
1.22009972595663E-05
1.22009972595663E-05
1.22009972595663E-05
1.22009972595663E-05
1.22009972595663E-05
1.22009972595663E-05
1.22009972595663E-05
1.22009972595663E-05
1.22009972595663E-05
1.22009972595663E-05
1.22009972595663E-05
1.22009972595663E-05
1.22009972595663E-05
1.22009972595663E-05
1.22009972595663E-05
1.22009972595663E-05
1.22009972595663E-05
1.22009972595663E-05
1.22009972595663E-05
1.22009972595663E-05
1.22009972595663E-05
1.22009972595663E-05
1.22009972595663E-05
1.22009972595663E-05
1.22009972595663E-05
1.22009972595663E-05
1.22009972595663E-05
1.22009972595663E-05
1.22009972595663E-05
1.22009972595663E-05
1.22009972595663E-05
1.22009972595663E-05
1.22009972595663E-05
1.22009972595663E-05
1.22009972595663E-05
1.22009972595663E-05
1.22009972595663E-05
1.22009972595663E-05
1.22009972595663E-05
1.22009972595663E-05
1.22009972595663E-05
1.22009972595663E-05
1.22009972595663E-05
1.22009972595663E-05
1.22009972595663E-05
1.22009972595663E-05
1.22009972595663E-05
1.22009972595663E-05
1.22009972595663E-05
1.22009972595663E-05

