1.41937381964298
0.59701444952199
0.0249147269597088
0.0249147269597088
0.0249147269597088
0.022419442800428
0.0165177021368018
0.010129203081826
0.010129203081826
0.010129203081826
0.010129203081826
0.010129203081826
0.010129203081826
0.000369683877047483
0.000369683877047483
0.000369683877047483
0.000369683877047483
0.000369683877047483
0.000369683877047483
0.000369683877047483
0.000369683877047483
0.000369683877047483
0.000369683877047483
0.000369683877047483
0.000369683877047483
0.000369683877047483
0.000369683877047483
0.000369683877047483
0.000369683877047483
0.000369683877047483
0.000369683877047483
0.000369683877047483
0.000369683877047483
0.000369683877047483
0.000369683877047483
0.000369683877047483
0.000369683877047483
0.000369683877047483
0.000369683877047483
0.000369683877047483
0.000369683877047483
0.000369683877047483
0.000369683877047483
0.000369683877047483
0.000369683877047483
0.000369683877047483
0.000369683877047483
0.000369683877047483
0.000369683877047483
0.000369683877047483
0.000369683877047483
0.000369683877047483
0.000369683877047483
0.000369683877047483
0.000369683877047483
0.000369683877047483
0.000369683877047483
0.000369683877047483
0.000369683877047483
0.000369683877047483
0.000369683877047483
0.000369683877047483
0.000369683877047483
0.000369683877047483
0.000369683877047483
0.000369683877047483
0.000369683877047483
0.000369683877047483
0.000369683877047483
0.000369683877047483
0.000369683877047483
0.000369683877047483
0.000369683877047483
0.000369683877047483
0.000369683877047483
0.000369683877047483
0.000369683877047483
0.000369683877047483
0.000369683877047483
0.000369683877047483
0.000369683877047483
0.000369683877047483
0.000369683877047483
0.000369683877047483
0.000369683877047483
0.000369683877047483
0.000369683877047483
0.000369683877047483
0.000369683877047483
0.000369683877047483
0.000369683877047483
0.000369683877047483
0.000369683877047483
0.000369683877047483
0.000369683877047483
0.000369683877047483
0.000369683877047483
0.000354182710665395
0.000354182710665395
0.000354182710665395
0.000354182710665395
0.000354182710665395
0.000191629573268299
0.000191629573268299
0.000191629573268299
0.000191629573268299
0.000191629573268299
0.000191629573268299
0.000191629573268299
0.000191629573268299
0.000191629573268299
0.000191629573268299
0.000191629573268299
0.000191629573268299
0.000191629573268299
0.000191629573268299
0.000191629573268299
0.000191629573268299
0.000191629573268299
0.000191629573268299
0.000191629573268299
0.000191629573268299
0.000191629573268299
0.000191629573268299
0.000191629573268299
0.000191629573268299
0.000191629573268299
0.000191629573268299
0.000191629573268299
0.000191629573268299
0.000191629573268299
0.000191629573268299
0.000191629573268299
0.000191629573268299
0.000191629573268299
0.000191629573268299
0.000191629573268299
0.000191629573268299
0.000191629573268299
0.000191629573268299
0.000191629573268299
0.000191629573268299
0.000191629573268299
0.000191629573268299
0.000191629573268299
0.000191629573268299
0.000191629573268299
0.000191629573268299
0.000191629573268299
0.000191629573268299
0.000191629573268299
0.000191629573268299
0.000191629573268299
0.000191629573268299
0.000191629573268299
0.000191629573268299
0.000191629573268299
0.000191629573268299
0.000191629573268299
0.000191629573268299
0.000191629573268299
0.000191629573268299
0.000191629573268299
0.000191629573268299
0.000191629573268299
0.000191629573268299
0.000191629573268299
0.000191629573268299
0.000191629573268299
0.000191629573268299
0.000191629573268299
0.000191629573268299
0.000191629573268299
0.000191629573268299
0.000191629573268299
0.000191629573268299
0.000191629573268299
0.000191629573268299
0.000191629573268299
0.000191629573268299
0.000191629573268299
0.000191629573268299
0.000191629573268299
0.000191629573268299
0.000191629573268299
0.000191629573268299
0.000191629573268299
0.000191629573268299
0.000191629573268299
0.000191629573268299
0.000191629573268299
0.000191629573268299
0.000191629573268299
0.000191629573268299
0.000191629573268299
0.000191629573268299
0.000191629573268299
0.000191629573268299
0.000191629573268299
0.000191629573268299
0.000191629573268299
0.000191629573268299
0.000191629573268299
0.000191629573268299
0.000191629573268299
0.000191629573268299
0.000191629573268299
0.000191629573268299
0.000191629573268299
0.000191629573268299
0.000191629573268299
0.000191629573268299
0.000191629573268299
0.000191629573268299
0.000191629573268299
0.000191629573268299
0.000191629573268299
0.000191629573268299
0.000191629573268299
0.000191629573268299
0.000191629573268299
0.000191629573268299
0.000191629573268299
0.000191629573268299
0.000191629573268299
0.000191629573268299
0.000191629573268299
0.000191629573268299
0.000191629573268299
0.000191629573268299
0.000191629573268299
0.000191629573268299
0.000191629573268299
0.000191629573268299
0.000191629573268299
0.000191629573268299
0.000191629573268299
0.000191629573268299
0.000191629573268299
0.000191629573268299
0.000191629573268299
0.000191629573268299
0.000191629573268299
0.000191629573268299
0.000183493011696403
0.000183493011696403
0.000183493011696403
0.000183493011696403
0.000183493011696403
0.000183493011696403
0.000183493011696403
0.000183493011696403
0.000183493011696403
0.000183493011696403
0.000183493011696403
0.000183493011696403
0.000183493011696403
0.000183493011696403
0.000183493011696403
0.000121607274475165
0.000121607274475165
0.000121607274475165
0.000121607274475165
0.000121607274475165
0.000121607274475165
0.000121607274475165
0.000121607274475165
0.000121607274475165
0.000121607274475165
0.000121607274475165
0.000121607274475165
0.000121607274475165
0.000121607274475165
0.000121607274475165
0.000121607274475165
0.000121607274475165
7.04538507509582E-05
7.04538507509582E-05
7.04538507509582E-05
7.04538507509582E-05
7.04538507509582E-05
7.04538507509582E-05
7.04538507509582E-05
7.04538507509582E-05
7.04538507509582E-05
7.04538507509582E-05
7.04538507509582E-05
7.04538507509582E-05
7.04538507509582E-05
7.04538507509582E-05
7.04538507509582E-05
7.04538507509582E-05
7.04538507509582E-05
7.04538507509582E-05
7.04538507509582E-05
7.04538507509582E-05
7.04538507509582E-05
7.04538507509582E-05
7.04538507509582E-05
7.04538507509582E-05
7.04538507509582E-05
7.04538507509582E-05
7.04538507509582E-05
7.04538507509582E-05
7.04538507509582E-05
7.04538507509582E-05
7.04538507509582E-05
7.04538507509582E-05
7.04538507509582E-05
7.04538507509582E-05
7.04538507509582E-05
7.04538507509582E-05
7.04538507509582E-05
7.04538507509582E-05
7.04538507509582E-05
7.04538507509582E-05
7.04538507509582E-05
7.04538507509582E-05
7.04538507509582E-05
7.04538507509582E-05
7.04538507509582E-05
7.04538507509582E-05
7.04538507509582E-05
7.04538507509582E-05
7.04538507509582E-05
7.04538507509582E-05
7.04538507509582E-05
7.04538507509582E-05
7.04538507509582E-05
7.04538507509582E-05
7.04538507509582E-05
7.04538507509582E-05
7.04538507509582E-05
7.04538507509582E-05
7.04538507509582E-05
7.04538507509582E-05
2.36392767828729E-06
2.36392767828729E-06
2.36392767828729E-06
2.36392767828729E-06
2.36392767828729E-06
2.36392767828729E-06
2.36392767828729E-06
2.36392767828729E-06
2.36392767828729E-06
2.36392767828729E-06
2.36392767828729E-06
2.36392767828729E-06
2.36392767828729E-06
2.36392767828729E-06
2.36392767828729E-06
2.36392767828729E-06
2.36392767828729E-06
2.36392767828729E-06
2.36392767828729E-06
2.36392767828729E-06
2.36392767828729E-06
2.36392767828729E-06
2.36392767828729E-06
2.36392767828729E-06
2.36392767828729E-06
2.36392767828729E-06
2.36392767828729E-06
2.36392767828729E-06
2.36392767828729E-06
2.36392767828729E-06
2.36392767828729E-06
2.36392767828729E-06
2.36392767828729E-06
2.36392767828729E-06
2.36392767828729E-06
2.36392767828729E-06
2.36392767828729E-06
2.36392767828729E-06
2.36392767828729E-06
2.36392767828729E-06
2.36392767828729E-06
2.36392767828729E-06
2.36392767828729E-06
2.36392767828729E-06
2.36392767828729E-06
2.36392767828729E-06
2.36392767828729E-06
2.36392767828729E-06
2.36392767828729E-06
2.36392767828729E-06
2.36392767828729E-06
2.36392767828729E-06
2.36392767828729E-06
2.36392767828729E-06
2.36392767828729E-06
2.36392767828729E-06
2.36392767828729E-06
2.36392767828729E-06
2.36392767828729E-06
2.36392767828729E-06
2.36392767828729E-06
2.36392767828729E-06
2.36392767828729E-06
2.36392767828729E-06
2.36392767828729E-06
2.36392767828729E-06
2.36392767828729E-06
2.36392767828729E-06
2.36392767828729E-06
2.36392767828729E-06
2.36392767828729E-06
2.36392767828729E-06
2.36392767828729E-06
2.36392767828729E-06
2.36392767828729E-06
2.36392767828729E-06
2.36392767828729E-06
2.36392767828729E-06
2.36392767828729E-06
2.36392767828729E-06
2.36392767828729E-06
2.36392767828729E-06
2.36392767828729E-06
2.36392767828729E-06
2.36392767828729E-06
2.36392767828729E-06
2.36392767828729E-06
2.36392767828729E-06
2.36392767828729E-06
2.36392767828729E-06
2.36392767828729E-06
2.36392767828729E-06
2.36392767828729E-06
2.36392767828729E-06
2.36392767828729E-06
2.36392767828729E-06
2.36392767828729E-06
2.36392767828729E-06
2.36392767828729E-06
2.36392767828729E-06
2.36392767828729E-06
2.36392767828729E-06
2.36392767828729E-06
2.36392767828729E-06
2.36392767828729E-06
2.36392767828729E-06
2.36392767828729E-06
2.36392767828729E-06
2.36392767828729E-06
2.36392767828729E-06
2.36392767828729E-06
2.36392767828729E-06
2.36392767828729E-06
2.36392767828729E-06
2.36392767828729E-06
2.36392767828729E-06
2.36392767828729E-06
2.36392767828729E-06
2.36392767828729E-06
2.36392767828729E-06
2.36392767828729E-06
2.36392767828729E-06
2.36392767828729E-06
2.36392767828729E-06
2.36392767828729E-06
2.36392767828729E-06
2.36392767828729E-06
2.36392767828729E-06
2.36392767828729E-06
2.36392767828729E-06
2.36392767828729E-06
2.36392767828729E-06
2.36392767828729E-06
2.36392767828729E-06
2.36392767828729E-06
2.36392767828729E-06
2.36392767828729E-06
2.36392767828729E-06
2.36392767828729E-06
2.36392767828729E-06
2.36392767828729E-06
2.36392767828729E-06
2.36392767828729E-06
2.36392767828729E-06
2.36392767828729E-06
2.36392767828729E-06
2.36392767828729E-06
2.36392767828729E-06
2.36392767828729E-06
2.36392767828729E-06
2.36392767828729E-06
2.36392767828729E-06
2.36392767828729E-06
2.36392767828729E-06
2.36392767828729E-06
2.36392767828729E-06
2.36392767828729E-06
2.36392767828729E-06
2.36392767828729E-06
2.36392767828729E-06
2.36392767828729E-06
2.36392767828729E-06
2.36392767828729E-06
2.36392767828729E-06

