1.08363869171112
0.488916045811086
0.0158882017034925
0.0158882017034925
0.0117315217010016
0.0117315217010016
0.0117315217010016
0.0117315217010016
0.0117315217010016
0.00635045689121212
0.00635045689121212
0.00635045689121212
0.00635045689121212
0.00635045689121212
0.00635045689121212
0.00332932789776488
0.00332932789776488
0.00332932789776488
0.00332932789776488
0.00332932789776488
0.00332932789776488
0.00332932789776488
0.00332932789776488
0.00332932789776488
0.00237919441774551
0.00237919441774551
0.00237919441774551
0.00237919441774551
0.00237919441774551
0.00237919441774551
0.00237919441774551
0.000282093631458575
0.000282093631458575
0.000282093631458575
0.000282093631458575
0.000282093631458575
0.000282093631458575
0.000282093631458575
0.000282093631458575
0.000282093631458575
0.000282093631458575
0.000282093631458575
0.000282093631458575
0.000282093631458575
0.000282093631458575
0.000282093631458575
0.000282093631458575
0.000282093631458575
0.000282093631458575
0.000282093631458575
0.000282093631458575
0.000282093631458575
0.000282093631458575
0.000255007143762552
0.000255007143762552
0.000255007143762552
0.000255007143762552
0.000255007143762552
0.000255007143762552
0.000255007143762552
0.000255007143762552
0.000255007143762552
0.000255007143762552
0.000255007143762552
0.000255007143762552
0.000255007143762552
0.000255007143762552
0.000255007143762552
0.000255007143762552
0.000255007143762552
0.000255007143762552
0.000255007143762552
0.000255007143762552
0.000255007143762552
0.000255007143762552
0.000255007143762552
0.000255007143762552
0.000255007143762552
0.000255007143762552
0.000255007143762552
0.000255007143762552
0.000255007143762552
0.000255007143762552
0.000255007143762552
0.000255007143762552
0.000255007143762552
0.000255007143762552
0.000255007143762552
0.000255007143762552
0.000255007143762552
0.000255007143762552
0.000255007143762552
0.000255007143762552
0.000255007143762552
0.000255007143762552
0.000255007143762552
0.000255007143762552
0.000255007143762552
0.000255007143762552
0.000255007143762552
0.000255007143762552
0.000255007143762552
0.000255007143762552
0.000255007143762552
0.000255007143762552
0.000255007143762552
0.000255007143762552
0.000255007143762552
0.000255007143762552
0.000255007143762552
0.000255007143762552
0.000255007143762552
0.000255007143762552
0.000255007143762552
0.000255007143762552
0.000255007143762552
0.000255007143762552
0.000255007143762552
0.000255007143762552
0.000255007143762552
0.000255007143762552
0.000255007143762552
0.000255007143762552
0.000255007143762552
0.000255007143762552
0.000255007143762552
0.000255007143762552
0.000255007143762552
0.000255007143762552
0.000255007143762552
0.000255007143762552
0.000255007143762552
0.000255007143762552
0.000255007143762552
0.000255007143762552
0.000255007143762552
0.000255007143762552
0.000255007143762552
0.000255007143762552
0.000255007143762552
0.000255007143762552
0.000255007143762552
0.000255007143762552
0.000255007143762552
0.000255007143762552
0.000255007143762552
0.000255007143762552
0.000255007143762552
0.000255007143762552
0.000255007143762552
0.000255007143762552
0.000255007143762552
0.000255007143762552
0.000255007143762552
0.000255007143762552
0.000255007143762552
0.000255007143762552
0.000255007143762552
0.000255007143762552
0.000255007143762552
0.000255007143762552
0.000255007143762552
0.000255007143762552
0.000255007143762552
0.000255007143762552
0.000255007143762552
0.000255007143762552
0.000255007143762552
0.000255007143762552
0.000255007143762552
0.000255007143762552
0.000255007143762552
0.000255007143762552
0.000255007143762552
0.000255007143762552
0.000255007143762552
0.000255007143762552
0.000255007143762552
0.000255007143762552
0.000255007143762552
0.000255007143762552
0.000255007143762552
0.000255007143762552
0.000255007143762552
0.000255007143762552
0.000255007143762552
0.000255007143762552
0.000255007143762552
0.000255007143762552
0.000255007143762552
0.000255007143762552
0.000255007143762552
0.000255007143762552
0.000255007143762552
0.000255007143762552
0.000255007143762552
0.000255007143762552
0.000255007143762552
0.000255007143762552
0.000255007143762552
0.000255007143762552
0.000255007143762552
9.32736013292432E-05
9.32736013292432E-05
9.32736013292432E-05
9.32736013292432E-05
9.32736013292432E-05
9.32736013292432E-05
9.32736013292432E-05
9.32736013292432E-05
9.32736013292432E-05
9.32736013292432E-05
9.32736013292432E-05
9.32736013292432E-05
9.32736013292432E-05
9.32736013292432E-05
9.32736013292432E-05
9.32736013292432E-05
9.32736013292432E-05
9.32736013292432E-05
9.32736013292432E-05
9.32736013292432E-05
9.32736013292432E-05
9.32736013292432E-05
9.32736013292432E-05
9.32736013292432E-05
9.32736013292432E-05
9.32736013292432E-05
9.32736013292432E-05
9.32736013292432E-05
9.32736013292432E-05
9.32736013292432E-05
9.32736013292432E-05
9.32736013292432E-05
9.32736013292432E-05
9.32736013292432E-05
9.32736013292432E-05
9.32736013292432E-05
9.32736013292432E-05
9.32736013292432E-05
9.32736013292432E-05
9.32736013292432E-05
9.32736013292432E-05
9.32736013292432E-05
9.32736013292432E-05
9.32736013292432E-05
9.32736013292432E-05
9.32736013292432E-05
9.32736013292432E-05
9.32736013292432E-05
9.32736013292432E-05
9.32736013292432E-05
9.32736013292432E-05
9.32736013292432E-05
9.32736013292432E-05
9.32736013292432E-05
9.32736013292432E-05
9.32736013292432E-05
9.32736013292432E-05
9.32736013292432E-05
9.32736013292432E-05
9.32736013292432E-05
9.32736013292432E-05
9.32736013292432E-05
9.32736013292432E-05
9.32736013292432E-05
9.32736013292432E-05
9.32736013292432E-05
9.32736013292432E-05
9.32736013292432E-05
9.32736013292432E-05
9.32736013292432E-05
9.32736013292432E-05
9.32736013292432E-05
9.32736013292432E-05
9.32736013292432E-05
9.32736013292432E-05
9.32736013292432E-05
9.32736013292432E-05
4.98882971169439E-05
4.98882971169439E-05
4.98882971169439E-05
4.98882971169439E-05
4.98882971169439E-05
4.98882971169439E-05
4.98882971169439E-05
4.98882971169439E-05
4.98882971169439E-05
4.98882971169439E-05
4.98882971169439E-05
4.98882971169439E-05
4.98882971169439E-05
4.98882971169439E-05
4.98882971169439E-05
4.98882971169439E-05
4.98882971169439E-05
4.98882971169439E-05
4.98882971169439E-05
4.98882971169439E-05
4.98882971169439E-05
4.98882971169439E-05
4.98882971169439E-05
4.98882971169439E-05
4.98882971169439E-05
4.98882971169439E-05
4.98882971169439E-05
4.98882971169439E-05
4.98882971169439E-05
4.98882971169439E-05
4.98882971169439E-05
4.98882971169439E-05
4.98882971169439E-05
4.98882971169439E-05
4.98882971169439E-05
4.98882971169439E-05
4.98882971169439E-05
4.98882971169439E-05
4.98882971169439E-05
4.98882971169439E-05
4.98882971169439E-05
4.98882971169439E-05
4.98882971169439E-05
4.98882971169439E-05
4.98882971169439E-05
4.98882971169439E-05
4.98882971169439E-05
4.98882971169439E-05
4.98882971169439E-05
4.98882971169439E-05
4.98882971169439E-05
4.98882971169439E-05
4.98882971169439E-05
4.98882971169439E-05
4.98882971169439E-05
4.98882971169439E-05
4.98882971169439E-05
4.98882971169439E-05
4.98882971169439E-05
4.98882971169439E-05
4.98882971169439E-05
4.98882971169439E-05
4.98882971169439E-05
4.98882971169439E-05
4.98882971169439E-05
4.98882971169439E-05
4.98882971169439E-05
4.98882971169439E-05
4.98882971169439E-05
4.98882971169439E-05
4.98882971169439E-05
4.98882971169439E-05
4.98882971169439E-05
4.98882971169439E-05
4.98882971169439E-05
4.98882971169439E-05
4.98882971169439E-05
4.98882971169439E-05
4.98882971169439E-05
4.98882971169439E-05
4.98882971169439E-05
4.98882971169439E-05
4.98882971169439E-05
4.98882971169439E-05
4.98882971169439E-05
4.98882971169439E-05
4.98882971169439E-05
4.98882971169439E-05
4.98882971169439E-05
4.98882971169439E-05
4.98882971169439E-05
4.98882971169439E-05
4.98882971169439E-05
4.98882971169439E-05
4.98882971169439E-05
4.98882971169439E-05
4.98882971169439E-05
4.98882971169439E-05
4.98882971169439E-05
4.98882971169439E-05
4.98882971169439E-05
4.98882971169439E-05
4.98882971169439E-05
4.98882971169439E-05
4.98882971169439E-05
4.98882971169439E-05
4.98882971169439E-05
4.98882971169439E-05
4.98882971169439E-05
4.98882971169439E-05
4.98882971169439E-05
4.98882971169439E-05
1.74203147387799E-05
1.74203147387799E-05
1.74203147387799E-05
1.74203147387799E-05
1.74203147387799E-05
1.74203147387799E-05
1.74203147387799E-05
1.74203147387799E-05
1.74203147387799E-05
1.74203147387799E-05
1.74203147387799E-05
1.74203147387799E-05
1.74203147387799E-05
1.74203147387799E-05
1.74203147387799E-05
1.74203147387799E-05
1.74203147387799E-05
1.74203147387799E-05
1.74203147387799E-05
1.74203147387799E-05
1.74203147387799E-05
1.74203147387799E-05
1.74203147387799E-05
1.74203147387799E-05
1.74203147387799E-05
1.74203147387799E-05
1.74203147387799E-05
1.74203147387799E-05
1.74203147387799E-05
1.74203147387799E-05
1.74203147387799E-05
1.74203147387799E-05
1.74203147387799E-05
1.74203147387799E-05
1.74203147387799E-05
1.74203147387799E-05
1.74203147387799E-05
1.74203147387799E-05
1.74203147387799E-05
1.74203147387799E-05
1.74203147387799E-05
1.74203147387799E-05
1.74203147387799E-05
1.74203147387799E-05
1.74203147387799E-05
1.74203147387799E-05
1.74203147387799E-05
1.74203147387799E-05
1.74203147387799E-05
1.74203147387799E-05
1.74203147387799E-05
1.74203147387799E-05
1.74203147387799E-05
1.74203147387799E-05
1.74203147387799E-05
1.74203147387799E-05
1.74203147387799E-05
1.74203147387799E-05
1.74203147387799E-05
1.74203147387799E-05
1.74203147387799E-05
1.74203147387799E-05
1.74203147387799E-05
1.74203147387799E-05
1.74203147387799E-05
1.74203147387799E-05
1.74203147387799E-05
1.74203147387799E-05
1.74203147387799E-05
1.74203147387799E-05
1.74203147387799E-05
1.74203147387799E-05
1.74203147387799E-05
1.74203147387799E-05
1.74203147387799E-05
1.74203147387799E-05
1.74203147387799E-05
1.74203147387799E-05
1.74203147387799E-05
1.74203147387799E-05
1.74203147387799E-05
1.74203147387799E-05
1.74203147387799E-05
1.74203147387799E-05
1.74203147387799E-05
1.74203147387799E-05
1.74203147387799E-05
1.74203147387799E-05
1.74203147387799E-05
1.74203147387799E-05
1.74203147387799E-05
1.74203147387799E-05
1.74203147387799E-05
1.74203147387799E-05
1.74203147387799E-05
1.74203147387799E-05
1.74203147387799E-05
1.74203147387799E-05
1.74203147387799E-05
1.74203147387799E-05
1.74203147387799E-05
1.74203147387799E-05
1.74203147387799E-05
1.74203147387799E-05
1.74203147387799E-05
1.74203147387799E-05
1.74203147387799E-05
1.74203147387799E-05
1.74203147387799E-05

