0.310989430514702
0.310989430514702
0.310989430514702
0.0743656660689549
0.0457946764310602
0.0408050877046834
0.0308504829431696
0.0139430856119753
0.0139430856119753
0.0139430856119753
0.0139430856119753
0.0139430856119753
0.00755088704361275
0.00755088704361275
0.00755088704361275
0.00597470530463318
0.00597470530463318
0.00597470530463318
0.00597470530463318
0.00584803612730075
0.00462419924525077
0.00462419924525077
0.00462419924525077
0.00462419924525077
0.00462419924525077
0.00462419924525077
0.00411044475204085
0.00411044475204085
0.0040405996563101
0.0040405996563101
0.0040405996563101
0.0040405996563101
0.00402039726176637
0.00316799468246301
0.00316799468246301
0.00316799468246301
0.00316799468246301
0.00316799468246301
0.00316799468246301
0.00221316037198277
0.00221316037198277
0.00221316037198277
0.00221316037198277
0.00221316037198277
0.00221316037198277
0.00221316037198277
0.00221316037198277
0.00221316037198277
0.00221316037198277
0.00221316037198277
0.00221316037198277
0.00221316037198277
0.00221316037198277
0.00221316037198277
0.00221316037198277
0.000706210808275201
0.000706210808275201
0.000706210808275201
0.000706210808275201
0.000706210808275201
0.000706210808275201
0.000706210808275201
0.000706210808275201
0.000706210808275201
0.000706210808275201
0.000706210808275201
0.000706210808275201
0.000706210808275201
0.000706210808275201
0.000706210808275201
0.000706210808275201
0.000706210808275201
0.000706210808275201
0.000706210808275201
0.000706210808275201
0.000706210808275201
0.000706210808275201
0.000594926110819639
0.000594926110819639
0.000594926110819639
0.000594926110819639
0.000594926110819639
0.000594926110819639
0.000594926110819639
0.000594926110819639
0.000594926110819639
0.000594926110819639
0.000594926110819639
0.000594926110819639
0.000594926110819639
0.000594926110819639
0.000594926110819639
0.000594926110819639
0.000594926110819639
0.000594926110819639
0.000594926110819639
0.000594926110819639
0.000594926110819639
0.000594926110819639
0.000594926110819639
0.000594926110819639
0.000594926110819639
0.000594926110819639
0.000594926110819639
0.000594926110819639
0.000594926110819639
0.000594926110819639
0.000594926110819639
0.000594926110819639
0.000594926110819639
0.000594926110819639
0.000594926110819639
0.000594926110819639
0.000594926110819639
0.000594926110819639
0.000594926110819639
0.000594926110819639
0.000594926110819639
0.000594926110819639
0.000594926110819639
0.000594926110819639
0.000594926110819639
0.000594926110819639
0.000594926110819639
0.000594926110819639
0.000594926110819639
0.000594926110819639
0.000594926110819639
0.000594926110819639
0.000594926110819639
0.000594926110819639
0.000594926110819639
0.000594926110819639
0.000594926110819639
0.000594926110819639
0.000594926110819639
0.000594926110819639
0.000594926110819639
0.000594926110819639
0.000594926110819639
0.000594926110819639
0.000594926110819639
0.000594926110819639
0.00045184464900976
0.00045184464900976
0.00045184464900976
0.00045184464900976
0.00045184464900976
0.00045184464900976
0.00045184464900976
0.00045184464900976
0.00045184464900976
0.00045184464900976
0.00045184464900976
0.00045184464900976
0.00045184464900976
0.00045184464900976
0.00045184464900976
0.00045184464900976
0.00045184464900976
0.00045184464900976
0.00045184464900976
0.00045184464900976
0.00045184464900976
0.00045184464900976
0.00045184464900976
0.000307917823442008
0.000307917823442008
0.000307917823442008
0.000307917823442008
0.000307917823442008
0.000307917823442008
0.000307917823442008
0.000307917823442008
0.000307917823442008
0.000234388060190917
0.000234388060190917
0.000234388060190917
0.000234388060190917
0.000234388060190917
0.000234388060190917
0.000234388060190917
0.000234388060190917
0.000234388060190917
0.000234388060190917
0.000234388060190917
0.000234388060190917
0.000234388060190917
0.000234388060190917
0.000234388060190917
0.000234388060190917
0.000234388060190917
0.000234388060190917
0.000234388060190917
0.000234388060190917
0.000234388060190917
0.000234388060190917
0.000234388060190917
0.000234388060190917
0.000234388060190917
0.000234388060190917
0.000234388060190917
0.000234388060190917
0.000234388060190917
0.000234388060190917
0.000234388060190917
0.000234388060190917
0.000234388060190917
0.000234388060190917
0.000234388060190917
0.000234388060190917
0.000234388060190917
0.000234388060190917
0.000234388060190917
0.000234388060190917
0.000234388060190917
0.000234388060190917
0.000212594770485341
0.000212594770485341
0.000212594770485341
0.000212594770485341
0.000212594770485341
0.000212594770485341
0.000212594770485341
0.000212594770485341
0.000212594770485341
0.000212594770485341
4.26397679775697E-05
4.26397679775697E-05
4.26397679775697E-05
4.26397679775697E-05
4.26397679775697E-05
4.26397679775697E-05
4.26397679775697E-05
4.26397679775697E-05
4.26397679775697E-05
4.26397679775697E-05
4.26397679775697E-05
4.26397679775697E-05
4.26397679775697E-05
4.26397679775697E-05
4.26397679775697E-05
4.26397679775697E-05
4.26397679775697E-05
4.26397679775697E-05
4.26397679775697E-05
4.26397679775697E-05
4.26397679775697E-05
4.26397679775697E-05
4.26397679775697E-05
4.26397679775697E-05
4.26397679775697E-05
4.26397679775697E-05
4.26397679775697E-05
4.26397679775697E-05
4.26397679775697E-05
4.26397679775697E-05
4.26397679775697E-05
4.26397679775697E-05
4.26397679775697E-05
4.26397679775697E-05
4.26397679775697E-05
4.26397679775697E-05
4.26397679775697E-05
4.26397679775697E-05
4.26397679775697E-05
4.26397679775697E-05
4.26397679775697E-05
4.26397679775697E-05
4.26397679775697E-05
4.26397679775697E-05
4.26397679775697E-05
4.26397679775697E-05
4.26397679775697E-05
4.26397679775697E-05
4.26397679775697E-05
4.26397679775697E-05
4.26397679775697E-05
4.26397679775697E-05
4.26397679775697E-05
4.26397679775697E-05
4.26397679775697E-05
4.26397679775697E-05
4.26397679775697E-05
4.26397679775697E-05
4.26397679775697E-05
4.26397679775697E-05
4.26397679775697E-05
4.26397679775697E-05
4.26397679775697E-05
4.26397679775697E-05
4.26397679775697E-05
4.26397679775697E-05
4.26397679775697E-05
4.26397679775697E-05
4.26397679775697E-05
4.26397679775697E-05
4.26397679775697E-05
4.26397679775697E-05
4.26397679775697E-05
4.26397679775697E-05
4.26397679775697E-05
4.26397679775697E-05
4.26397679775697E-05
4.26397679775697E-05
4.26397679775697E-05
4.26397679775697E-05
4.26397679775697E-05
4.26397679775697E-05
4.26397679775697E-05
4.26397679775697E-05
4.26397679775697E-05
4.26397679775697E-05
4.26397679775697E-05
4.26397679775697E-05
4.26397679775697E-05
4.26397679775697E-05
4.26397679775697E-05
4.26397679775697E-05
4.26397679775697E-05
4.26397679775697E-05
4.26397679775697E-05
4.26397679775697E-05
4.26397679775697E-05
4.26397679775697E-05
4.26397679775697E-05
4.26397679775697E-05
4.26397679775697E-05
4.26397679775697E-05
4.26397679775697E-05
4.26397679775697E-05
4.26397679775697E-05
4.26397679775697E-05
4.26397679775697E-05
4.26397679775697E-05
4.26397679775697E-05
4.26397679775697E-05
4.26397679775697E-05
4.26397679775697E-05
4.26397679775697E-05
4.26397679775697E-05
4.26397679775697E-05
4.26397679775697E-05
4.26397679775697E-05
4.26397679775697E-05
4.26397679775697E-05
4.26397679775697E-05
4.26397679775697E-05
4.26397679775697E-05
4.26397679775697E-05
4.26397679775697E-05
4.26397679775697E-05
4.26397679775697E-05
4.26397679775697E-05
4.26397679775697E-05
4.26397679775697E-05
4.26397679775697E-05
4.26397679775697E-05
4.26397679775697E-05
4.26397679775697E-05
4.26397679775697E-05
4.26397679775697E-05
4.26397679775697E-05
4.26397679775697E-05
4.26397679775697E-05
4.26397679775697E-05
4.26397679775697E-05
4.26397679775697E-05
4.26397679775697E-05
4.26397679775697E-05
4.26397679775697E-05
4.26397679775697E-05
4.26397679775697E-05
4.26397679775697E-05
4.26397679775697E-05
4.26397679775697E-05
4.26397679775697E-05
4.26397679775697E-05
4.26397679775697E-05
4.26397679775697E-05
4.26397679775697E-05
4.26397679775697E-05
4.26397679775697E-05
4.26397679775697E-05
4.26397679775697E-05
4.26397679775697E-05
4.26397679775697E-05
4.26397679775697E-05
4.26397679775697E-05
4.26397679775697E-05
4.26397679775697E-05
4.26397679775697E-05
4.26397679775697E-05
4.26397679775697E-05
4.26397679775697E-05
4.26397679775697E-05
4.26397679775697E-05
4.26397679775697E-05
4.26397679775697E-05
4.26397679775697E-05
4.26397679775697E-05
4.26397679775697E-05
4.26397679775697E-05
4.26397679775697E-05
4.26397679775697E-05
4.26397679775697E-05
3.41675491905825E-05
3.41675491905825E-05
3.41675491905825E-05
3.41675491905825E-05
3.41675491905825E-05
3.41675491905825E-05
3.41675491905825E-05
3.41675491905825E-05
3.41675491905825E-05
3.41675491905825E-05
3.41675491905825E-05
3.41675491905825E-05
3.41675491905825E-05
3.41675491905825E-05
3.41675491905825E-05
3.41675491905825E-05
3.41675491905825E-05
3.41675491905825E-05
3.41675491905825E-05
3.41675491905825E-05
3.41675491905825E-05
3.41675491905825E-05
3.41675491905825E-05
3.41675491905825E-05
3.41675491905825E-05
3.41675491905825E-05
3.41675491905825E-05
3.41675491905825E-05
3.41675491905825E-05
3.41675491905825E-05
3.41675491905825E-05
3.41675491905825E-05
3.41675491905825E-05
3.41675491905825E-05
3.41675491905825E-05
3.41675491905825E-05
3.41675491905825E-05
3.41675491905825E-05
3.41675491905825E-05
3.41675491905825E-05
3.41675491905825E-05
3.41675491905825E-05
3.41675491905825E-05
3.41675491905825E-05
3.41675491905825E-05
3.41675491905825E-05
3.41675491905825E-05
3.41675491905825E-05
3.41675491905825E-05
3.41675491905825E-05
3.41675491905825E-05
3.41675491905825E-05
3.41675491905825E-05
3.41675491905825E-05
3.41675491905825E-05
3.41675491905825E-05
3.41675491905825E-05
3.41675491905825E-05
3.41675491905825E-05
3.41675491905825E-05
3.41675491905825E-05
3.41675491905825E-05
3.41675491905825E-05
3.41675491905825E-05
3.41675491905825E-05
3.41675491905825E-05
3.41675491905825E-05
3.41675491905825E-05
3.41675491905825E-05
3.41675491905825E-05
3.41675491905825E-05
3.41675491905825E-05
3.41675491905825E-05
3.41675491905825E-05
3.41675491905825E-05
3.41675491905825E-05
3.41675491905825E-05
3.41675491905825E-05
3.41675491905825E-05
3.41675491905825E-05
3.41675491905825E-05
3.41675491905825E-05
3.41675491905825E-05
3.41675491905825E-05
2.99120754178092E-05
2.99120754178092E-05
2.99120754178092E-05
2.99120754178092E-05
2.99120754178092E-05
2.99120754178092E-05
2.99120754178092E-05
2.99120754178092E-05
2.99120754178092E-05
2.99120754178092E-05

