0.209480729715813
0.209480729715813
0.209480729715813
0.209480729715813
0.179213320700634
0.0795611140228573
0.0795611140228573
0.0790987918026353
0.0491003645433189
0.0375115846687158
0.021099487202611
0.021099487202611
0.021099487202611
0.021099487202611
0.021099487202611
0.00931941689752047
0.0029925200212737
0.0029925200212737
0.00146696345678721
0.00146696345678721
0.00146696345678721
0.000572812018115654
0.000572812018115654
0.000572812018115654
0.000572812018115654
0.000572812018115654
0.000572812018115654
0.000572812018115654
0.000572812018115654
0.000572812018115654
0.000572812018115654
0.000461464266847345
0.000461464266847345
0.000461464266847345
0.000461464266847345
0.000461464266847345
0.000461464266847345
0.000461464266847345
0.000461464266847345
0.000461464266847345
0.000461464266847345
0.000461464266847345
0.000300307013983425
0.00012402197650685
0.00012402197650685
0.000120465473306575
0.000108180214562936
0.000108180214562936
0.000108180214562936
0.000101213465199201
0.000101213465199201
0.000101213465199201
8.81499705388533E-05
8.81499705388533E-05
8.81499705388533E-05
1.76067447527073E-05
1.76067447527073E-05
1.76067447527073E-05
1.76067447527073E-05
1.76067447527073E-05
1.76067447527073E-05
1.76067447527073E-05
1.76067447527073E-05
1.76067447527073E-05
1.76067447527073E-05
1.76067447527073E-05
1.48966423135777E-05
1.48966423135777E-05
1.48966423135777E-05
1.48966423135777E-05
1.48966423135777E-05
1.48966423135777E-05
1.48966423135777E-05
1.48966423135777E-05
1.48966423135777E-05
1.37548899070694E-05
1.37548899070694E-05
1.37548899070694E-05
1.28845978669689E-05
1.28845978669689E-05
1.28845978669689E-05
1.28845978669689E-05
1.28710097020424E-05
1.28710097020424E-05
1.04993897405148E-05
1.04993897405148E-05
8.90853020807381E-06
8.90853020807381E-06
7.63308602136359E-06
7.63308602136359E-06
2.38252695472507E-06
2.38252695472507E-06
8.74487473434549E-07
8.74487473434549E-07
8.74487473434549E-07
8.74487473434549E-07
8.74487473434549E-07
8.74487473434549E-07
8.74487473434549E-07
8.74487473434549E-07
8.74487473434549E-07
8.74487473434549E-07
8.74487473434549E-07
8.74487473434549E-07
8.74487473434549E-07
8.74487473434549E-07
8.74487473434549E-07
8.74487473434549E-07
8.74487473434549E-07
8.74487473434549E-07
8.74487473434549E-07
8.74487473434549E-07
3.78794907551772E-07
3.78794907551772E-07
3.78794907551772E-07
3.78794907551772E-07
3.78794907551772E-07
3.78794907551772E-07
3.78794907551772E-07
3.78794907551772E-07
3.78794907551772E-07
3.78794907551772E-07
3.78794907551772E-07
2.97492223300111E-07
2.97492223300111E-07
2.97492223300111E-07
2.97492223300111E-07
2.97492223300111E-07
2.94229717257011E-07
1.51450608276704E-07
1.51450608276704E-07
1.51450608276704E-07
1.51450608276704E-07
1.51450608276704E-07
1.4600155007205E-07
1.4600155007205E-07
1.4600155007205E-07
1.4600155007205E-07
1.4600155007205E-07
1.4600155007205E-07
1.19130234566001E-07
9.43013275245264E-08
7.61801981497001E-08
6.29546732522357E-08
5.33021562443281E-08
4.62573631621055E-08
4.11157916602178E-08
3.73632669248281E-08
3.46245242477394E-08
3.26256803795388E-08
3.11668442165569E-08
3.01021272353097E-08
2.9325054051732E-08
2.87579149382822E-08
2.83439944848141E-08
2.80418982478992E-08
2.78214166149482E-08
2.76605003346475E-08
2.75430572793667E-08
2.74573425107505E-08
2.7394784440915E-08
2.73491269631165E-08
2.73158045072108E-08
2.72914844057226E-08
2.72737346040941E-08
2.72607801887759E-08
2.72513254184759E-08
2.7244424716244E-08
2.7239388633582E-08
2.72357129071921E-08
2.72330301642754E-08
2.42848446907473E-08
2.42848446907473E-08
2.42848446907473E-08
5.4180296915618E-09
5.4180296915618E-09
5.4180296915618E-09
5.4180296915618E-09
5.4180296915618E-09
5.4180296915618E-09
5.4180296915618E-09
5.4180296915618E-09
5.4180296915618E-09
5.4180296915618E-09
3.98703281501156E-09
1.0820108142795E-09
1.0820108142795E-09
1.0820108142795E-09
1.0820108142795E-09
1.0820108142795E-09
1.0820108142795E-09
1.0820108142795E-09
1.0820108142795E-09
6.79590272945063E-10
6.79590272945063E-10
6.79590272945063E-10
6.79590272945063E-10
5.81081183170795E-10
5.81081183170795E-10
5.81081183170795E-10
5.81081183170795E-10
5.81081183170795E-10
5.81081183170795E-10
4.16162881933246E-10
4.16162881933246E-10
4.16162881933246E-10
4.16162881933246E-10
4.16162881933246E-10
4.16162881933246E-10
4.16162881933246E-10
4.16162881933246E-10
4.16162881933246E-10
4.16162881933246E-10
4.16162881933246E-10
4.16162881933246E-10
4.01943145433847E-10
4.01943145433847E-10
4.01943145433847E-10
4.01943145433847E-10
4.01943145433847E-10
4.01943145433847E-10
4.01943145433847E-10
4.01943145433847E-10
4.01943145433847E-10
4.01943145433847E-10
2.6632696048523E-10
2.6632696048523E-10
2.6632696048523E-10
2.6632696048523E-10
1.62684532512003E-10
5.98245897265315E-11
1.52470258640847E-11
1.52470258640847E-11
1.52470258640847E-11
1.10110809359298E-11
1.10110809359298E-11
1.10110809359298E-11
1.10110809359298E-11
1.10110809359298E-11
1.10110809359298E-11
1.10110809359298E-11
1.10110809359298E-11
1.10110809359298E-11
1.10110809359298E-11
1.10110809359298E-11
1.10110809359298E-11
1.10110809359298E-11
1.10110809359298E-11
1.01201269586682E-11
1.01201269586682E-11
6.63535892897471E-12
6.63535892897471E-12
6.63535892897471E-12
6.63535892897471E-12
4.5049519670215E-12
4.5049519670215E-12
4.5049519670215E-12
4.5049519670215E-12
3.9718228705965E-12
3.9718228705965E-12
3.9718228705965E-12
3.9718228705965E-12
3.9718228705965E-12
3.9718228705965E-12
3.39961392370469E-12
2.4722446312353E-12
2.4722446312353E-12
2.4722446312353E-12
2.4722446312353E-12
2.4722446312353E-12
2.4722446312353E-12
2.4722446312353E-12
2.4722446312353E-12
2.40907294113413E-12
2.40907294113413E-12
2.40907294113413E-12
2.40907294113413E-12
2.40907294113413E-12
2.40907294113413E-12
2.40907294113413E-12
2.29116725591894E-12
2.29116725591894E-12
1.73416836446449E-12
1.38633549084943E-12
1.13253850742012E-12
1.13253850742012E-12
1.13253850742012E-12
1.13253850742012E-12
1.13253850742012E-12
1.13253850742012E-12
1.13253850742012E-12
1.13253850742012E-12
1.13253850742012E-12
1.13253850742012E-12
1.13253850742012E-12
1.13253850742012E-12
1.13253850742012E-12
1.13253850742012E-12
1.13253850742012E-12
1.13253850742012E-12
1.13253850742012E-12
1.13253850742012E-12
1.10245146345278E-12
1.09756648214443E-12
1.09390274616317E-12
1.09123821090407E-12
1.0893508317622E-12
1.08790754183019E-12
1.08690834110803E-12
1.08613118499079E-12
1.08557607347848E-12
7.76489983422834E-13
7.39297512097892E-13
1.5709655798446E-13
1.5709655798446E-13
1.5709655798446E-13
1.5709655798446E-13
1.5709655798446E-13
1.5709655798446E-13
9.43689570931383E-14
9.43689570931383E-14
7.86037901434611E-14
7.86037901434611E-14
7.86037901434611E-14
7.86037901434611E-14
7.86037901434611E-14
7.86037901434611E-14
7.04991620636974E-14
7.04991620636974E-14
7.04991620636974E-14
7.04991620636974E-14
7.88258347483861E-15
7.88258347483861E-15
7.88258347483861E-15
7.88258347483861E-15
7.88258347483861E-15
7.88258347483861E-15
7.88258347483861E-15
7.88258347483861E-15
7.88258347483861E-15
7.88258347483861E-15
7.88258347483861E-15
7.88258347483861E-15
7.88258347483861E-15
7.88258347483861E-15
7.88258347483861E-15
7.88258347483861E-15
7.88258347483861E-15
7.88258347483861E-15
7.88258347483861E-15
7.88258347483861E-15
5.88418203051333E-15
4.77395900588817E-15
3.99680288865056E-15
3.99680288865056E-15
3.66373598126302E-15
3.66373598126302E-15
3.66373598126302E-15
3.66373598126302E-15
3.66373598126302E-15
3.66373598126302E-15
3.66373598126302E-15
3.21964677141295E-15
3.21964677141295E-15
3.21964677141295E-15
3.21964677141295E-15
3.21964677141295E-15
3.21964677141295E-15
3.21964677141295E-15
3.21964677141295E-15
3.21964677141295E-15
3.21964677141295E-15
1.66533453693773E-15
1.66533453693773E-15
1.66533453693773E-15
1.66533453693773E-15
1.66533453693773E-15
1.66533453693773E-15
1.66533453693773E-15
1.66533453693773E-15
1.66533453693773E-15
1.66533453693773E-15
1.66533453693773E-15
7.7715611723761E-16
7.7715611723761E-16
7.7715611723761E-16
6.66133814775094E-16
6.66133814775094E-16
6.66133814775094E-16
6.66133814775094E-16
6.66133814775094E-16
6.66133814775094E-16
6.66133814775094E-16
6.66133814775094E-16
6.66133814775094E-16
6.66133814775094E-16
6.66133814775094E-16
5.55111512312578E-16
5.55111512312578E-16
5.55111512312578E-16
5.55111512312578E-16
5.55111512312578E-16
5.55111512312578E-16
5.55111512312578E-16
5.55111512312578E-16
5.55111512312578E-16
5.55111512312578E-16
5.55111512312578E-16
4.44089209850063E-16
4.44089209850063E-16
4.44089209850063E-16
4.44089209850063E-16
2.22044604925031E-16
2.22044604925031E-16
2.22044604925031E-16
2.22044604925031E-16
2.22044604925031E-16
2.22044604925031E-16
2.22044604925031E-16
1.11022302462516E-16
1.11022302462516E-16
1.11022302462516E-16
1.11022302462516E-16
1.11022302462516E-16
1.11022302462516E-16
1.11022302462516E-16
1.11022302462516E-16
1.11022302462516E-16
1.11022302462516E-16
1.11022302462516E-16
1.11022302462516E-16
1.11022302462516E-16
1.11022302462516E-16
1.11022302462516E-16
1.11022302462516E-16
1.11022302462516E-16
1.11022302462516E-16
1.11022302462516E-16
1.11022302462516E-16
1.11022302462516E-16
1.11022302462516E-16
1.11022302462516E-16
1.11022302462516E-16
1.11022302462516E-16
1.11022302462516E-16
1.11022302462516E-16
1.11022302462516E-16
1.11022302462516E-16
1.11022302462516E-16
1.11022302462516E-16
1.11022302462516E-16
1.11022302462516E-16
1.11022302462516E-16
1.11022302462516E-16
1.11022302462516E-16
1.11022302462516E-16
1.11022302462516E-16
1.11022302462516E-16
1.11022302462516E-16
1.11022302462516E-16
1.11022302462516E-16
1.11022302462516E-16
1.11022302462516E-16
1.11022302462516E-16
1.11022302462516E-16
1.11022302462516E-16
1.11022302462516E-16
1.11022302462516E-16
1.11022302462516E-16
1.11022302462516E-16
1.11022302462516E-16
1.11022302462516E-16
1.11022302462516E-16
1.11022302462516E-16
1.11022302462516E-16
1.11022302462516E-16
1.11022302462516E-16
1.11022302462516E-16
1.11022302462516E-16
1.11022302462516E-16
1.11022302462516E-16
1.11022302462516E-16
1.11022302462516E-16
1.11022302462516E-16
1.11022302462516E-16
1.11022302462516E-16
1.11022302462516E-16
1.11022302462516E-16
1.11022302462516E-16
1.11022302462516E-16
1.11022302462516E-16
1.11022302462516E-16
1.11022302462516E-16
1.11022302462516E-16
1.11022302462516E-16
1.11022302462516E-16
1.11022302462516E-16
1.11022302462516E-16
1.11022302462516E-16
1.11022302462516E-16

