0.0709801759644727
0.0709801759644727
0.0709801759644727
0.0709801759644727
0.0709801759644727
0.0709801759644727
0.0709801759644727
0.0205998828245832
0.0205998828245832
0.0205998828245832
0.0205998828245832
0.0205998828245832
0.0205998828245832
0.0144727126076605
0.0144727126076605
0.0144727126076605
0.0128606302898445
0.0103099350515221
0.0103099350515221
0.00724024985378968
0.00724024985378968
0.00724024985378968
0.00724024985378968
0.0052949264917771
0.0052949264917771
0.0052949264917771
0.0052949264917771
0.0052949264917771
0.00343635023396693
0.00329616200071559
0.00227616072491343
0.00164862590239978
0.00164862590239978
0.00164862590239978
0.00164862590239978
0.00164862590239978
0.0013428680596661
0.0013428680596661
0.0013428680596661
0.0013428680596661
0.0013428680596661
0.0013428680596661
0.0013428680596661
0.0013428680596661
0.0013428680596661
0.0013428680596661
0.0013428680596661
0.0013428680596661
0.0013428680596661
0.00114411708966489
0.000634196117288099
0.000634196117288099
0.000634196117288099
0.000634196117288099
0.000634196117288099
0.000621306638254215
0.000621306638254215
0.000388618865783674
0.000357362486771651
0.000357362486771651
0.000357362486771651
0.000178741883342437
4.72228227897942E-05
4.72228227897942E-05
4.72228227897942E-05
4.72228227897942E-05
4.72228227897942E-05
4.72228227897942E-05
4.72228227897942E-05
4.72228227897942E-05
4.72228227897942E-05
4.72228227897942E-05
4.38161714081398E-05
4.38161714081398E-05
4.38161714081398E-05
4.38161714081398E-05
4.38161714081398E-05
4.38161714081398E-05
2.62515776917605E-05
2.62515776917605E-05
2.62515776917605E-05
2.26446056535989E-05
2.26446056535989E-05
2.26446056535989E-05
2.26446056535989E-05
1.55886619380707E-05
1.41267433710901E-05
1.41267433710901E-05
8.89629201816788E-06
8.89629201816788E-06
3.70782178060747E-06
3.70782178060747E-06
3.70782178060747E-06
3.70782178060747E-06
3.70782178060747E-06
3.70782178060747E-06
3.70782178060747E-06
3.70782178060747E-06
3.70782178060747E-06
3.70782178060747E-06
2.91837386168226E-06
2.91837386168226E-06
1.88137118917187E-06
1.88137118917187E-06
1.88137118917187E-06
1.88137118917187E-06
1.88137118917187E-06
1.88137118917187E-06
1.88137118917187E-06
1.88137118917187E-06
1.88137118917187E-06
1.88137118917187E-06
1.88137118917187E-06
1.88137118917187E-06
9.70709730707675E-07
9.70709730707675E-07
9.70709730707675E-07
9.70709730707675E-07
7.75811589082132E-07
7.75811589082132E-07
4.41418733232446E-07
4.41418733232446E-07
1.97472355356609E-07
1.97472355356609E-07
1.06148490108815E-07
1.06148490108815E-07
1.06148490108815E-07
1.06148490108815E-07
1.06148490108815E-07
1.06148490108815E-07
1.06148490108815E-07
1.06148490108815E-07
1.06148490108815E-07
1.06148490108815E-07
1.06148490108815E-07
1.06148490108815E-07
1.06148490108815E-07
1.06148490108815E-07
1.06148490108815E-07
1.06148490108815E-07
1.06148490108815E-07
1.06148490108815E-07
1.06148490108815E-07
1.06148490108815E-07
1.06148490108815E-07
5.12945214081739E-08
5.12945214081739E-08
5.12945214081739E-08
5.12945214081739E-08
5.12945214081739E-08
5.12945214081739E-08
4.40279173119507E-08
4.40279173119507E-08
4.40279173119507E-08
4.40279173119507E-08
5.81068848592992E-09
5.81068848592992E-09
5.81068848592992E-09
5.81068848592992E-09
5.81068848592992E-09
5.81068848592992E-09
5.81068848592992E-09
5.44658929069186E-09
5.44658929069186E-09
2.22135998484418E-09
2.22135998484418E-09
2.22135998484418E-09
2.22135998484418E-09
2.22135998484418E-09
1.97458360773339E-09
1.97458360773339E-09
1.97458360773339E-09
1.52645618367586E-09
1.52645618367586E-09
1.52645618367586E-09
5.20594234387772E-10
5.20594234387772E-10
4.41903180714576E-10
4.41903180714576E-10
4.41903180714576E-10
4.41903180714576E-10
4.41903180714576E-10
4.41903180714576E-10
1.26377242004594E-10
1.26377242004594E-10
1.26377242004594E-10
1.26377242004594E-10
1.26377242004594E-10
1.26377242004594E-10
1.26377242004594E-10
3.35836913833987E-11
3.35836913833987E-11
3.35836913833987E-11
3.35836913833987E-11
3.35836913833987E-11
3.35836913833987E-11
2.44649855929424E-11
1.97295513260087E-11
1.97295513260087E-11
1.97295513260087E-11
1.81142878474816E-11
1.81142878474816E-11
1.81142878474816E-11
1.81142878474816E-11
1.81142878474816E-11
1.81142878474816E-11
1.81142878474816E-11
1.81142878474816E-11
1.81142878474816E-11
1.71379577196262E-11
1.71379577196262E-11
1.71379577196262E-11
1.71379577196262E-11
1.71379577196262E-11
1.71379577196262E-11
1.71379577196262E-11
1.71379577196262E-11
1.71379577196262E-11
1.71379577196262E-11
1.71379577196262E-11
1.71379577196262E-11
1.71379577196262E-11
1.71379577196262E-11
1.71379577196262E-11
1.71379577196262E-11
1.71379577196262E-11
1.71379577196262E-11
1.71379577196262E-11
1.71379577196262E-11
1.71379577196262E-11
1.71379577196262E-11
1.71379577196262E-11
1.71379577196262E-11
1.71379577196262E-11
1.71379577196262E-11
1.71379577196262E-11
1.71379577196262E-11
1.70135017185657E-11
1.70135017185657E-11
1.70135017185657E-11
1.70135017185657E-11
1.70135017185657E-11
1.2282841410638E-11
1.2282841410638E-11
1.2282841410638E-11
1.2282841410638E-11
1.2282841410638E-11
1.18759446721128E-11
1.18759446721128E-11
1.18759446721128E-11
1.07696074280739E-11
8.99602614623518E-12
8.99602614623518E-12
8.99602614623518E-12
8.99602614623518E-12
8.99602614623518E-12
8.99602614623518E-12
8.99602614623518E-12
8.99602614623518E-12
8.99602614623518E-12
8.99602614623518E-12
6.65656418874505E-12
2.12085904394144E-12
2.12085904394144E-12
2.12085904394144E-12
1.12820863762408E-12
6.03184169278848E-13
6.03184169278848E-13
6.03184169278848E-13
6.03184169278848E-13
3.56492613207138E-13
2.06834549487667E-13
2.06834549487667E-13
1.88515869581352E-13
1.88515869581352E-13
1.88515869581352E-13
1.88515869581352E-13
1.88515869581352E-13
1.69197988952874E-13
1.69197988952874E-13
1.69197988952874E-13
1.69197988952874E-13
1.69197988952874E-13
1.69197988952874E-13
1.69197988952874E-13
1.69197988952874E-13
1.69197988952874E-13
1.69197988952874E-13
1.69197988952874E-13
1.69197988952874E-13
1.69197988952874E-13
1.69197988952874E-13
1.69197988952874E-13
1.69197988952874E-13
1.68531855138099E-13
1.68531855138099E-13
1.68531855138099E-13
1.61426427780498E-13
1.52544643583497E-13
1.52544643583497E-13
1.51989532071184E-13
1.51434420558871E-13
1.49547041417009E-13
1.48325796089921E-13
1.47326595367758E-13
1.46438416948058E-13
1.45994327738208E-13
1.38333788868295E-13
1.29118937763906E-13
1.22346577313692E-13
1.17350573702879E-13
1.13797860024079E-13
1.11022302462516E-13
1.0902390101819E-13
1.07580611086178E-13
1.0635936575909E-13
1.05582209641852E-13
1.04916075827077E-13
1.04471986617227E-13
1.04249942012302E-13
1.04027897407377E-13
1.03805852802452E-13
1.03583808197527E-13
1.03583808197527E-13
7.12763181809351E-14
7.12763181809351E-14
7.12763181809351E-14
2.14273043752655E-14
2.14273043752655E-14
2.14273043752655E-14
2.14273043752655E-14
2.14273043752655E-14
2.14273043752655E-14
2.14273043752655E-14
2.14273043752655E-14
2.14273043752655E-14
2.14273043752655E-14
2.14273043752655E-14
2.14273043752655E-14
1.69864122767649E-14
1.69864122767649E-14
1.69864122767649E-14
1.13242748511766E-14
1.13242748511766E-14
1.13242748511766E-14
1.13242748511766E-14
7.21644966006352E-15
7.21644966006352E-15
7.21644966006352E-15
6.99440505513849E-15
6.99440505513849E-15
6.99440505513849E-15
6.99440505513849E-15
3.33066907387547E-15
3.33066907387547E-15
3.33066907387547E-15
3.33066907387547E-15
3.10862446895044E-15
2.99760216648792E-15
2.22044604925031E-15
2.22044604925031E-15
1.88737914186277E-15
1.88737914186277E-15
1.88737914186277E-15
1.88737914186277E-15
9.99200722162641E-16
9.99200722162641E-16
9.99200722162641E-16
9.99200722162641E-16
9.99200722162641E-16
9.99200722162641E-16
9.99200722162641E-16
9.99200722162641E-16
9.99200722162641E-16
9.99200722162641E-16
9.99200722162641E-16
9.99200722162641E-16
9.99200722162641E-16
9.99200722162641E-16
9.99200722162641E-16
9.99200722162641E-16
7.7715611723761E-16
5.55111512312578E-16
3.33066907387547E-16
3.33066907387547E-16
3.33066907387547E-16
3.33066907387547E-16
1.11022302462516E-16
1.11022302462516E-16
1.11022302462516E-16
1.11022302462516E-16
1.11022302462516E-16
1.11022302462516E-16
1.11022302462516E-16
1.11022302462516E-16
1.11022302462516E-16
1.11022302462516E-16
1.11022302462516E-16
1.11022302462516E-16
1.11022302462516E-16
1.11022302462516E-16
1.11022302462516E-16
1.11022302462516E-16
1.11022302462516E-16
1.11022302462516E-16
1.11022302462516E-16
1.11022302462516E-16
1.11022302462516E-16
1.11022302462516E-16
1.11022302462516E-16
1.11022302462516E-16
1.11022302462516E-16
1.11022302462516E-16
1.11022302462516E-16
1.11022302462516E-16
1.11022302462516E-16
1.11022302462516E-16
1.11022302462516E-16
1.11022302462516E-16
1.11022302462516E-16
1.11022302462516E-16
1.11022302462516E-16
1.11022302462516E-16
1.11022302462516E-16
1.11022302462516E-16
1.11022302462516E-16
1.11022302462516E-16
1.11022302462516E-16
1.11022302462516E-16
1.11022302462516E-16
1.11022302462516E-16
1.11022302462516E-16
1.11022302462516E-16
1.11022302462516E-16
1.11022302462516E-16
1.11022302462516E-16
1.11022302462516E-16
1.11022302462516E-16
1.11022302462516E-16
1.11022302462516E-16
1.11022302462516E-16
1.11022302462516E-16
1.11022302462516E-16
1.11022302462516E-16
1.11022302462516E-16
1.11022302462516E-16
1.11022302462516E-16
1.11022302462516E-16
1.11022302462516E-16
1.11022302462516E-16
1.11022302462516E-16
1.11022302462516E-16
1.11022302462516E-16
1.11022302462516E-16
1.11022302462516E-16
1.11022302462516E-16
1.11022302462516E-16
1.11022302462516E-16
1.11022302462516E-16
1.11022302462516E-16
1.11022302462516E-16
1.11022302462516E-16
1.11022302462516E-16
1.11022302462516E-16
1.11022302462516E-16
1.11022302462516E-16
1.11022302462516E-16
1.11022302462516E-16
1.11022302462516E-16
1.11022302462516E-16
1.11022302462516E-16
1.11022302462516E-16
1.11022302462516E-16
1.11022302462516E-16
1.11022302462516E-16
1.11022302462516E-16
1.11022302462516E-16
1.11022302462516E-16
1.11022302462516E-16
1.11022302462516E-16
1.11022302462516E-16
1.11022302462516E-16
1.11022302462516E-16
1.11022302462516E-16
1.11022302462516E-16
1.11022302462516E-16
1.11022302462516E-16
1.11022302462516E-16
1.11022302462516E-16
1.11022302462516E-16
1.11022302462516E-16
1.11022302462516E-16
1.11022302462516E-16
1.11022302462516E-16
1.11022302462516E-16
1.11022302462516E-16
1.11022302462516E-16
1.11022302462516E-16
1.11022302462516E-16
1.11022302462516E-16

