0.111595918066242
0.111595918066242
0.0715245849146595
0.0317734731715266
0.0317734731715266
0.0214570961543149
0.0214570961543149
0.0214570961543149
0.0214570961543149
0.0214570961543149
0.0214570961543149
0.0194836256148891
0.0194836256148891
0.018987760654212
0.0152753905415142
0.00997261496420032
0.00997261496420032
0.00997261496420032
0.00980070640403918
0.00980070640403918
0.00554321070107666
0.00200156680927821
0.00200156680927821
0.00200156680927821
0.00200156680927821
0.00200156680927821
0.000278126452855298
0.000278126452855298
0.000278126452855298
0.000278126452855298
0.000278126452855298
0.000278126452855298
0.000278126452855298
0.000278126452855298
0.000278126452855298
0.000278126452855298
0.000278126452855298
0.000278126452855298
0.000278126452855298
0.000278126452855298
0.000278126452855298
0.000122872792777451
0.000122872792777451
0.000122872792777451
0.000122872792777451
0.000122872792777451
0.000122872792777451
0.000122872792777451
0.000122872792777451
0.000122872792777451
0.000122872792777451
0.000122872792777451
7.59994071868331E-05
7.59994071868331E-05
7.59994071868331E-05
7.59994071868331E-05
7.59994071868331E-05
7.59994071868331E-05
6.34588658224855E-05
6.34588658224855E-05
2.22390359994051E-05
2.22390359994051E-05
2.22390359994051E-05
2.22390359994051E-05
2.22390359994051E-05
2.22390359994051E-05
2.22390359994051E-05
2.22390359994051E-05
2.22390359994051E-05
2.22390359994051E-05
2.22390359994051E-05
2.22390359994051E-05
2.22390359994051E-05
2.22390359994051E-05
2.22390359994051E-05
2.22390359994051E-05
2.22390359994051E-05
2.22390359994051E-05
2.22390359994051E-05
2.22390359994051E-05
2.22390359994051E-05
1.71018107627541E-05
1.71018107627541E-05
9.00475463816441E-06
9.00475463816441E-06
9.00475463816441E-06
9.00475463816441E-06
9.00475463816441E-06
9.00475463816441E-06
9.00475463816441E-06
8.37159605970861E-06
7.84209009385695E-06
6.73289276853506E-06
6.73289276853506E-06
6.73289276853506E-06
5.09417857663674E-06
5.09417857663674E-06
3.31992318369778E-06
3.31992318369778E-06
2.79869892427786E-06
2.79869892427786E-06
2.6464232099066E-06
2.6464232099066E-06
2.6464232099066E-06
2.3797453607699E-06
2.35385193525506E-06
2.35385193525506E-06
2.35385193525506E-06
2.12227771834161E-06
2.12227771834161E-06
1.30092569516904E-06
1.72706056122962E-07
1.72706056122962E-07
1.72706056122962E-07
1.72706056122962E-07
1.72706056122962E-07
1.72706056122962E-07
1.72706056122962E-07
1.72706056122962E-07
1.72706056122962E-07
1.72706056122962E-07
1.72706056122962E-07
1.72706056122962E-07
1.72706056122962E-07
1.72706056122962E-07
1.72706056122962E-07
1.72706056122962E-07
1.72706056122962E-07
1.72706056122962E-07
1.72706056122962E-07
1.65578590283211E-07
1.17635358565238E-07
3.68062386124635E-08
3.68062386124635E-08
3.68062386124635E-08
3.68062386124635E-08
3.68062386124635E-08
3.68062386124635E-08
1.23026625553635E-08
1.23026625553635E-08
1.23026625553635E-08
1.23026625553635E-08
1.23026625553635E-08
1.23026625553635E-08
1.23026625553635E-08
1.23026625553635E-08
1.23026625553635E-08
8.26767598827161E-09
8.26767598827161E-09
8.26767598827161E-09
8.26767598827161E-09
8.26767598827161E-09
8.26767598827161E-09
8.26767598827161E-09
8.26767598827161E-09
7.29491989037712E-09
6.32374830278337E-09
6.32374830278337E-09
6.32374830278337E-09
4.76578865260535E-09
4.76578865260535E-09
4.76578865260535E-09
4.76578865260535E-09
4.39527347850799E-09
4.39527347850799E-09
4.39527347850799E-09
4.39527347850799E-09
4.02872435412149E-09
8.59996851509948E-10
8.59996851509948E-10
8.59996851509948E-10
8.59996851509948E-10
8.59996851509948E-10
8.59996851509948E-10
8.59996851509948E-10
8.59996851509948E-10
8.59996851509948E-10
8.59996851509948E-10
8.59996851509948E-10
8.59996851509948E-10
8.59996851509948E-10
8.59996851509948E-10
8.59996851509948E-10
8.59996851509948E-10
8.59996851509948E-10
8.59996851509948E-10
8.59996851509948E-10
8.59996851509948E-10
8.59996851509948E-10
8.59996851509948E-10
8.59996851509948E-10
8.59996851509948E-10
8.59996851509948E-10
8.59996851509948E-10
8.59996851509948E-10
5.41306111045969E-10
5.41306111045969E-10
5.41306111045969E-10
5.41306111045969E-10
5.41306111045969E-10
5.01303110134188E-10
5.01303110134188E-10
5.01303110134188E-10
5.01303110134188E-10
4.02227140483546E-10
4.02227140483546E-10
3.69075769945937E-10
3.1330993355283E-10
3.1330993355283E-10
2.70924838119413E-10
2.70924838119413E-10
1.56130219863826E-10
1.56130219863826E-10
1.56130219863826E-10
1.56130219863826E-10
1.55225499121059E-10
1.54550150455179E-10
1.54057322454548E-10
1.5369761019457E-10
1.53435042449246E-10
1.53243528977498E-10
1.48314693859675E-10
1.37853839454749E-10
1.37853839454749E-10
1.37853839454749E-10
6.98744395677409E-11
6.98744395677409E-11
3.25445226323495E-11
3.25445226323495E-11
2.27298180277558E-11
2.27298180277558E-11
2.15019113625203E-11
2.15019113625203E-11
2.15019113625203E-11
2.15019113625203E-11
2.15019113625203E-11
2.15019113625203E-11
2.15019113625203E-11
2.04799510683529E-11
1.78674852691074E-11
1.78674852691074E-11
1.78674852691074E-11
1.78674852691074E-11
1.78674852691074E-11
1.59324775594882E-11
1.48719925263663E-11
1.48719925263663E-11
1.48719925263663E-11
1.4064194253649E-11
1.34373623339457E-11
1.34373623339457E-11
1.29021238137739E-11
9.39337496674852E-12
9.39337496674852E-12
7.81830156171281E-12
7.47779616006028E-12
6.36124486419476E-12
6.36124486419476E-12
3.36364269770684E-12
3.36364269770684E-12
3.36364269770684E-12
2.4606983117792E-12
2.4606983117792E-12
2.4606983117792E-12
2.4606983117792E-12
2.4606983117792E-12
2.40241160298638E-12
2.01016980838631E-12
1.80311321429372E-12
1.80311321429372E-12
1.80311321429372E-12
1.80311321429372E-12
1.80311321429372E-12
1.00974784089658E-12
9.47020240005259E-13
9.47020240005259E-13
9.47020240005259E-13
9.47020240005259E-13
9.45910016980633E-13
9.01390073693165E-13
4.85500528668581E-13
4.43423076035288E-13
4.27324842178223E-13
4.15556478117196E-13
4.07007760827582E-13
4.0600856010542E-13
4.0600856010542E-13
4.0600856010542E-13
2.74669176292264E-13
2.74669176292264E-13
2.74669176292264E-13
2.74669176292264E-13
2.74669176292264E-13
2.74669176292264E-13
2.74669176292264E-13
2.74669176292264E-13
1.81632486828676E-13
1.81632486828676E-13
1.65423230669148E-13
1.65423230669148E-13
1.34892097491957E-13
1.34892097491957E-13
4.98490138056695E-14
4.98490138056695E-14
4.98490138056695E-14
4.98490138056695E-14
4.98490138056695E-14
4.98490138056695E-14
4.98490138056695E-14
4.98490138056695E-14
4.98490138056695E-14
4.98490138056695E-14
4.98490138056695E-14
4.85167461761193E-14
4.85167461761193E-14
3.51940698806175E-14
3.51940698806175E-14
2.23154827949656E-14
1.85407245112401E-14
1.69864122767649E-14
1.69864122767649E-14
1.23234755733392E-14
1.23234755733392E-14
1.23234755733392E-14
1.23234755733392E-14
1.23234755733392E-14
1.23234755733392E-14
1.23234755733392E-14
1.23234755733392E-14
1.23234755733392E-14
1.13242748511766E-14
6.77236045021345E-15
6.77236045021345E-15
6.77236045021345E-15
6.77236045021345E-15
3.44169137633799E-15
3.44169137633799E-15
3.44169137633799E-15
3.44169137633799E-15
3.44169137633799E-15
3.44169137633799E-15
3.44169137633799E-15
3.44169137633799E-15
3.44169137633799E-15
3.44169137633799E-15
3.44169137633799E-15
3.44169137633799E-15
3.44169137633799E-15
3.44169137633799E-15
8.88178419700125E-16
8.88178419700125E-16
8.88178419700125E-16
8.88178419700125E-16
8.88178419700125E-16
8.88178419700125E-16
8.88178419700125E-16
8.88178419700125E-16
8.88178419700125E-16
8.88178419700125E-16
8.88178419700125E-16
8.88178419700125E-16
7.7715611723761E-16
7.7715611723761E-16
6.66133814775094E-16
6.66133814775094E-16
6.66133814775094E-16
6.66133814775094E-16
5.55111512312578E-16
5.55111512312578E-16
2.22044604925031E-16
2.22044604925031E-16
2.22044604925031E-16
2.22044604925031E-16
2.22044604925031E-16
2.22044604925031E-16
1.11022302462516E-16
1.11022302462516E-16
1.11022302462516E-16
1.11022302462516E-16
1.11022302462516E-16
1.11022302462516E-16
1.11022302462516E-16
1.11022302462516E-16
1.11022302462516E-16
1.11022302462516E-16
1.11022302462516E-16
1.11022302462516E-16
1.11022302462516E-16
1.11022302462516E-16
1.11022302462516E-16
1.11022302462516E-16
1.11022302462516E-16
1.11022302462516E-16
1.11022302462516E-16
1.11022302462516E-16
1.11022302462516E-16
1.11022302462516E-16
1.11022302462516E-16
1.11022302462516E-16
1.11022302462516E-16
1.11022302462516E-16
1.11022302462516E-16
1.11022302462516E-16
1.11022302462516E-16
1.11022302462516E-16
1.11022302462516E-16
1.11022302462516E-16
1.11022302462516E-16
1.11022302462516E-16
1.11022302462516E-16
1.11022302462516E-16
1.11022302462516E-16
1.11022302462516E-16
1.11022302462516E-16
1.11022302462516E-16
1.11022302462516E-16
1.11022302462516E-16
1.11022302462516E-16
1.11022302462516E-16
1.11022302462516E-16
1.11022302462516E-16
1.11022302462516E-16
1.11022302462516E-16
1.11022302462516E-16
1.11022302462516E-16
1.11022302462516E-16
1.11022302462516E-16
1.11022302462516E-16
1.11022302462516E-16
1.11022302462516E-16
1.11022302462516E-16
1.11022302462516E-16
1.11022302462516E-16
1.11022302462516E-16
1.11022302462516E-16
1.11022302462516E-16
1.11022302462516E-16
1.11022302462516E-16
1.11022302462516E-16
1.11022302462516E-16
1.11022302462516E-16
1.11022302462516E-16
1.11022302462516E-16
1.11022302462516E-16
1.11022302462516E-16
1.11022302462516E-16
1.11022302462516E-16
1.11022302462516E-16
1.11022302462516E-16
1.11022302462516E-16
1.11022302462516E-16
1.11022302462516E-16
1.11022302462516E-16
1.11022302462516E-16
1.11022302462516E-16
1.11022302462516E-16
1.11022302462516E-16
1.11022302462516E-16
1.11022302462516E-16
1.11022302462516E-16
1.11022302462516E-16
1.11022302462516E-16
1.11022302462516E-16
1.11022302462516E-16
1.11022302462516E-16
1.11022302462516E-16
1.11022302462516E-16
1.11022302462516E-16
1.11022302462516E-16
1.11022302462516E-16
1.11022302462516E-16
1.11022302462516E-16
1.11022302462516E-16
1.11022302462516E-16
1.11022302462516E-16
1.11022302462516E-16
1.11022302462516E-16
1.11022302462516E-16
1.11022302462516E-16
1.11022302462516E-16
1.11022302462516E-16
1.11022302462516E-16
1.11022302462516E-16
1.11022302462516E-16
1.11022302462516E-16
1.11022302462516E-16
1.11022302462516E-16
1.11022302462516E-16
1.11022302462516E-16
1.11022302462516E-16
1.11022302462516E-16
1.11022302462516E-16
1.11022302462516E-16
1.11022302462516E-16
1.11022302462516E-16
1.11022302462516E-16
1.11022302462516E-16
1.11022302462516E-16
1.11022302462516E-16
1.11022302462516E-16

