0.137035034214084
0.137035034214084
0.137035034214084
0.137035034214084
0.137035034214084
0.0691923402138732
0.0414695129638692
0.0414695129638692
0.0414605144573323
0.0271585300078702
0.0271585300078702
0.0271585300078702
0.0271585300078702
0.0210736009167017
0.0210736009167017
0.0210736009167017
0.0210736009167017
0.00432589208172496
0.00432589208172496
0.00432589208172496
0.00432589208172496
0.00432589208172496
0.00432589208172496
0.00432589208172496
0.003398930535219
0.003398930535219
0.003398930535219
0.00141847154570152
0.00141847154570152
0.00141847154570152
0.00141847154570152
0.00141847154570152
0.00141847154570152
0.00141847154570152
0.00141847154570152
0.00141847154570152
0.000783021046900756
0.000783021046900756
0.000783021046900756
0.000538067968672951
0.000538067968672951
0.000538067968672951
0.000538067968672951
0.000538067968672951
0.000538067968672951
0.000538067968672951
0.000538067968672951
0.000535634905052373
0.000293147041669606
0.000293147041669606
0.000293147041669606
0.000293147041669606
0.000293147041669606
0.000219802820773607
0.000200446547230393
0.000200446547230393
0.000200446547230393
0.000200446547230393
0.000200446547230393
0.000191382041201504
0.000191382041201504
0.000191382041201504
0.000129020291400717
2.00204513324254E-05
2.00204513324254E-05
2.00204513324254E-05
2.00204513324254E-05
2.00204513324254E-05
2.00204513324254E-05
2.00204513324254E-05
2.00204513324254E-05
2.00204513324254E-05
2.00204513324254E-05
1.92858010849006E-05
1.92858010849006E-05
1.92858010849006E-05
7.3019531188212E-06
7.3019531188212E-06
7.3019531188212E-06
7.3019531188212E-06
7.3019531188212E-06
7.3019531188212E-06
7.3019531188212E-06
7.3019531188212E-06
7.3019531188212E-06
7.3019531188212E-06
7.3019531188212E-06
7.3019531188212E-06
7.3019531188212E-06
7.3019531188212E-06
7.3019531188212E-06
7.3019531188212E-06
7.3019531188212E-06
7.3019531188212E-06
7.22031141131563E-06
1.45387254613105E-06
1.45387254613105E-06
1.45387254613105E-06
1.45387254613105E-06
1.45387254613105E-06
1.45387254613105E-06
1.45387254613105E-06
1.45387254613105E-06
1.45387254613105E-06
1.45387254613105E-06
1.45387254613105E-06
1.45387254613105E-06
1.45387254613105E-06
1.45387254613105E-06
1.45387254613105E-06
1.3013077895252E-06
1.3013077895252E-06
1.3013077895252E-06
1.3013077895252E-06
1.3013077895252E-06
1.14093703673657E-06
9.47215939128832E-07
9.47215939128832E-07
9.47215939128832E-07
9.47215939128832E-07
7.88464102785547E-07
6.1525235706128E-07
5.72604529458509E-07
5.41478429094688E-07
5.18761350654096E-07
5.02181515482647E-07
4.90080887094457E-07
4.81249363581959E-07
4.74803763861331E-07
4.70099507210442E-07
4.66666152609818E-07
4.64160352930953E-07
7.47000047374158E-08
7.47000047374158E-08
7.47000047374158E-08
7.47000047374158E-08
7.47000047374158E-08
7.47000047374158E-08
7.47000047374158E-08
7.47000047374158E-08
7.47000047374158E-08
7.47000047374158E-08
7.47000047374158E-08
7.47000047374158E-08
7.47000047374158E-08
7.47000047374158E-08
7.47000047374158E-08
7.47000047374158E-08
6.37629898880832E-08
6.37629898880832E-08
6.37629898880832E-08
6.37629898880832E-08
6.37629898880832E-08
6.37629898880832E-08
6.37629898880832E-08
6.03243589525349E-08
1.08791438080402E-08
1.08791438080402E-08
1.08791438080402E-08
1.08791438080402E-08
1.08791438080402E-08
1.08791438080402E-08
1.08791438080402E-08
1.08791438080402E-08
1.08791438080402E-08
1.08791438080402E-08
1.08791438080402E-08
1.08791438080402E-08
1.08791438080402E-08
1.08791438080402E-08
8.71964456194974E-09
8.71964456194974E-09
8.71964456194974E-09
8.71964456194974E-09
8.71964456194974E-09
8.71964456194974E-09
6.81378808931044E-09
6.81378808931044E-09
6.81378808931044E-09
6.81378808931044E-09
6.81378808931044E-09
6.81378808931044E-09
6.81378808931044E-09
6.81378808931044E-09
6.81378808931044E-09
4.63855120980128E-09
2.77001066528726E-09
2.77001066528726E-09
1.54906243388098E-09
1.54906243388098E-09
1.54906243388098E-09
1.54906243388098E-09
2.89120727359204E-10
2.89120727359204E-10
2.89120727359204E-10
2.89120727359204E-10
2.89120727359204E-10
2.89120727359204E-10
1.36861189048432E-10
1.36861189048432E-10
1.36861189048432E-10
1.36861189048432E-10
1.27900245949775E-10
1.27900245949775E-10
1.27900245949775E-10
1.27900245949775E-10
6.62483401470126E-11
3.39612782340737E-11
3.39612782340737E-11
3.39612782340737E-11
2.46083153854215E-11
2.46083153854215E-11
1.78734804734404E-11
1.78734804734404E-11
1.78734804734404E-11
1.78734804734404E-11
1.41674449949392E-11
1.41674449949392E-11
1.41674449949392E-11
1.41674449949392E-11
1.41674449949392E-11
1.24951160529463E-11
1.24951160529463E-11
1.1392775611796E-11
8.38817904025291E-12
8.20599144191192E-12
8.20599144191192E-12
8.20599144191192E-12
7.43327621677281E-12
7.14583947569736E-12
7.14583947569736E-12
7.14583947569736E-12
6.68487487587299E-12
6.68487487587299E-12
6.38655794915621E-12
6.38655794915621E-12
6.38655794915621E-12
6.38655794915621E-12
6.38655794915621E-12
6.38655794915621E-12
6.38655794915621E-12
6.38533670382913E-12
6.35369534762731E-12
6.35369534762731E-12
6.35369534762731E-12
6.35369534762731E-12
6.34636787566478E-12
6.34636787566478E-12
6.34636787566478E-12
6.34636787566478E-12
6.34636787566478E-12
6.34636787566478E-12
6.34636787566478E-12
6.34636787566478E-12
3.33544303288136E-12
3.33544303288136E-12
2.07978079203031E-12
1.55742085894417E-12
1.55742085894417E-12
1.55742085894417E-12
1.55742085894417E-12
1.55742085894417E-12
1.55742085894417E-12
1.55742085894417E-12
1.55742085894417E-12
1.55742085894417E-12
1.14142029161712E-12
1.14142029161712E-12
1.14142029161712E-12
1.14142029161712E-12
1.14142029161712E-12
1.14142029161712E-12
1.14142029161712E-12
1.14142029161712E-12
1.14142029161712E-12
1.14142029161712E-12
1.14142029161712E-12
1.14142029161712E-12
1.14142029161712E-12
1.14142029161712E-12
1.14142029161712E-12
1.01940678121082E-12
6.87783163755284E-13
4.24327240011735E-13
4.24327240011735E-13
4.24327240011735E-13
4.24327240011735E-13
4.21440660147709E-13
1.87960758069039E-13
1.65201186064223E-13
1.65201186064223E-13
1.65201186064223E-13
1.65201186064223E-13
1.4477308241112E-13
1.4477308241112E-13
1.4477308241112E-13
1.4477308241112E-13
1.4477308241112E-13
1.4477308241112E-13
1.41442413337245E-13
1.41442413337245E-13
1.0635936575909E-13
1.0635936575909E-13
1.0635936575909E-13
9.10382880192628E-14
7.38298311375729E-14
6.11732886568461E-14
5.21804821573824E-14
4.52970994047064E-14
4.05231403988182E-14
3.69704267200177E-14
3.43058914609173E-14
3.24185123190546E-14
3.10862446895044E-14
3.01980662698043E-14
2.94209101525666E-14
2.87547763377916E-14
2.85327317328665E-14
2.56461518688411E-14
2.19824158875781E-14
1.82076576038526E-14
1.82076576038526E-14
1.82076576038526E-14
1.82076576038526E-14
1.82076576038526E-14
1.82076576038526E-14
1.82076576038526E-14
1.82076576038526E-14
1.75415237890775E-14
1.31006316905768E-14
1.24344978758018E-14
1.12132525487141E-14
1.04360964314765E-14
9.76996261670138E-15
9.2148511043888E-15
8.88178419700125E-15
6.77236045021345E-15
4.9960036108132E-15
3.66373598126302E-15
2.66453525910038E-15
1.88737914186277E-15
1.4432899320127E-15
1.11022302462516E-15
9.99200722162641E-16
4.44089209850063E-16
3.33066907387547E-16
3.33066907387547E-16
3.33066907387547E-16
2.22044604925031E-16
2.22044604925031E-16
2.22044604925031E-16
2.22044604925031E-16
2.22044604925031E-16
2.22044604925031E-16
2.22044604925031E-16
2.22044604925031E-16
2.22044604925031E-16
2.22044604925031E-16
2.22044604925031E-16
2.22044604925031E-16
2.22044604925031E-16
2.22044604925031E-16
2.22044604925031E-16
2.22044604925031E-16
2.22044604925031E-16
2.22044604925031E-16
2.22044604925031E-16
2.22044604925031E-16
2.22044604925031E-16
2.22044604925031E-16
2.22044604925031E-16
2.22044604925031E-16
2.22044604925031E-16
2.22044604925031E-16
2.22044604925031E-16
2.22044604925031E-16
2.22044604925031E-16
2.22044604925031E-16
1.11022302462516E-16
1.11022302462516E-16
1.11022302462516E-16
1.11022302462516E-16
1.11022302462516E-16
1.11022302462516E-16
1.11022302462516E-16
1.11022302462516E-16
1.11022302462516E-16
1.11022302462516E-16
1.11022302462516E-16
1.11022302462516E-16
1.11022302462516E-16
1.11022302462516E-16
1.11022302462516E-16
1.11022302462516E-16
1.11022302462516E-16
1.11022302462516E-16
1.11022302462516E-16
1.11022302462516E-16
1.11022302462516E-16
1.11022302462516E-16
1.11022302462516E-16
1.11022302462516E-16
1.11022302462516E-16
1.11022302462516E-16
1.11022302462516E-16
1.11022302462516E-16
1.11022302462516E-16
1.11022302462516E-16
1.11022302462516E-16
1.11022302462516E-16
1.11022302462516E-16
1.11022302462516E-16
1.11022302462516E-16
1.11022302462516E-16
1.11022302462516E-16
1.11022302462516E-16
1.11022302462516E-16
1.11022302462516E-16
1.11022302462516E-16
1.11022302462516E-16
1.11022302462516E-16
1.11022302462516E-16
1.11022302462516E-16
1.11022302462516E-16
1.11022302462516E-16
1.11022302462516E-16
1.11022302462516E-16
1.11022302462516E-16
1.11022302462516E-16
1.11022302462516E-16
1.11022302462516E-16
1.11022302462516E-16
1.11022302462516E-16
1.11022302462516E-16
1.11022302462516E-16
1.11022302462516E-16
1.11022302462516E-16
1.11022302462516E-16
1.11022302462516E-16
1.11022302462516E-16
1.11022302462516E-16
1.11022302462516E-16
1.11022302462516E-16
1.11022302462516E-16
1.11022302462516E-16
1.11022302462516E-16
1.11022302462516E-16
1.11022302462516E-16
1.11022302462516E-16
1.11022302462516E-16
1.11022302462516E-16
1.11022302462516E-16
1.11022302462516E-16
1.11022302462516E-16
1.11022302462516E-16
1.11022302462516E-16
1.11022302462516E-16
1.11022302462516E-16
1.11022302462516E-16
1.11022302462516E-16
1.11022302462516E-16
1.11022302462516E-16
1.11022302462516E-16
1.11022302462516E-16
1.11022302462516E-16
1.11022302462516E-16
1.11022302462516E-16
1.11022302462516E-16
1.11022302462516E-16
1.11022302462516E-16
1.11022302462516E-16
1.11022302462516E-16
1.11022302462516E-16
1.11022302462516E-16
1.11022302462516E-16
1.11022302462516E-16
1.11022302462516E-16
1.11022302462516E-16
1.11022302462516E-16
1.11022302462516E-16
1.11022302462516E-16
1.11022302462516E-16
1.11022302462516E-16
1.11022302462516E-16
1.11022302462516E-16
1.11022302462516E-16
1.11022302462516E-16
1.11022302462516E-16
1.11022302462516E-16
1.11022302462516E-16
1.11022302462516E-16
1.11022302462516E-16
1.11022302462516E-16
1.11022302462516E-16
1.11022302462516E-16
1.11022302462516E-16
1.11022302462516E-16
1.11022302462516E-16
1.11022302462516E-16
1.11022302462516E-16

