0.162571103933983
0.162571103933983
0.162571103933983
0.116863420619667
0.116863420619667
0.116863420619667
0.116863420619667
0.0956229027391928
0.0524003707896805
0.0502799435260788
0.0327141473246149
0.0284558492395559
0.0275135269754413
0.0275135269754413
0.0275135269754413
0.0275135269754413
0.0120555404997662
0.0120555404997662
0.0112675526928327
0.0112675526928327
0.0109205946764864
0.0109205946764864
0.00443154742477669
0.00443154742477669
0.00443154742477669
0.0043994620446659
0.00437157899667096
0.00437157899667096
0.00207583894071162
0.00207583894071162
0.00124522659211734
0.00124522659211734
0.00124522659211734
0.00124522659211734
0.00124522659211734
0.00124522659211734
0.00124522659211734
0.00124522659211734
0.00124522659211734
0.00124522659211734
0.00124522659211734
0.00124522659211734
0.000441987947969125
0.000441987947969125
0.000441987947969125
0.000441987947969125
0.000441987947969125
0.000441987947969125
0.000441987947969125
0.000441987947969125
0.000441987947969125
0.000399957848213117
0.000399957848213117
0.000399957848213117
0.000360588836230358
0.00019139081553976
8.73661604392506E-05
8.73661604392506E-05
8.73661604392506E-05
8.73661604392506E-05
8.73661604392506E-05
8.73661604392506E-05
8.73661604392506E-05
8.73661604392506E-05
8.73661604392506E-05
8.73661604392506E-05
8.73661604392506E-05
8.73661604392506E-05
8.63546076877997E-05
7.60296939406047E-05
6.84942048361226E-05
6.29945279411182E-05
5.8980656792107E-05
5.60511800166141E-05
5.10706898712021E-05
5.10706898712021E-05
5.10706898712021E-05
2.20602576503914E-05
2.20602576503914E-05
2.20602576503914E-05
2.20602576503914E-05
2.20602576503914E-05
2.20602576503914E-05
1.1672253383499E-05
1.1672253383499E-05
1.1672253383499E-05
1.1672253383499E-05
1.1672253383499E-05
1.09321608343649E-05
8.30206291002611E-06
8.30206291002611E-06
8.30206291002611E-06
3.37561035845813E-06
3.37561035845813E-06
3.37561035845813E-06
3.37561035845813E-06
1.62108452150811E-06
1.62108452150811E-06
1.62108452150811E-06
1.62108452150811E-06
1.62108452150811E-06
1.15172068293479E-06
1.15172068293479E-06
9.79744671725236E-07
9.79744671725236E-07
9.79744671725236E-07
5.08982024305382E-07
5.08982024305382E-07
5.08982024305382E-07
5.08982024305382E-07
5.08982024305382E-07
5.08982024305382E-07
5.08982024305382E-07
2.17598843388345E-07
2.17598843388345E-07
2.17598843388345E-07
1.24582914318161E-07
1.24582914318161E-07
1.24582914318161E-07
1.24582914318161E-07
1.24582914318161E-07
1.24582914318161E-07
1.24582914318161E-07
1.24582914318161E-07
1.24582914318161E-07
1.23732126322551E-07
1.07719520414662E-07
9.60328799815002E-08
8.7503502221864E-08
8.12784213266582E-08
7.67351081565337E-08
7.34192165952052E-08
7.09991463399007E-08
6.92328823159727E-08
6.79437917039394E-08
6.70029624005863E-08
6.63163073344464E-08
6.58151587673572E-08
6.54494006768758E-08
5.71002566340795E-08
5.71002566340795E-08
5.71002566340795E-08
5.71002566340795E-08
5.71002566340795E-08
5.71002566340795E-08
5.71002566340795E-08
5.71002566340795E-08
2.81190984940949E-08
2.81190984940949E-08
2.81190984940949E-08
2.46495114319956E-08
2.46495114319956E-08
2.39245243616182E-08
2.39245243616182E-08
2.39245243616182E-08
8.69976857220678E-09
8.69976857220678E-09
8.69976857220678E-09
8.69976857220678E-09
8.69976857220678E-09
8.69976857220678E-09
8.69976857220678E-09
8.69976857220678E-09
8.55103843289129E-09
5.34131505691704E-09
5.34131505691704E-09
4.91755791642845E-09
4.91755791642845E-09
4.91755791642845E-09
4.36058855690646E-09
4.36058855690646E-09
4.36058855690646E-09
4.36058855690646E-09
4.36058855690646E-09
4.36058855690646E-09
4.36058855690646E-09
4.36058855690646E-09
4.36058855690646E-09
4.1923963189916E-09
4.1923963189916E-09
4.1923963189916E-09
4.1923963189916E-09
3.69965247326576E-09
2.97815416772096E-09
2.97815416772096E-09
2.58130250507804E-09
2.58130250507804E-09
2.58130250507804E-09
2.58130250507804E-09
2.58130250507804E-09
2.58130250507804E-09
2.58130250507804E-09
2.58130250507804E-09
2.58130250507804E-09
2.58130250507804E-09
2.58130250507804E-09
1.67976654807944E-09
1.67976654807944E-09
1.67976654807944E-09
1.67976654807944E-09
1.67976654807944E-09
1.66651070721002E-09
1.66651070721002E-09
1.66651070721002E-09
2.68843725059753E-10
2.68843725059753E-10
2.68843725059753E-10
2.68843725059753E-10
2.68843725059753E-10
2.14061324221859E-10
2.14061324221859E-10
2.14061324221859E-10
2.14061324221859E-10
1.09061426556423E-10
1.09061426556423E-10
1.09061426556423E-10
9.93027882145725E-11
9.93027882145725E-11
5.55379076061513E-11
5.55379076061513E-11
5.55379076061513E-11
5.55379076061513E-11
5.55379076061513E-11
5.55379076061513E-11
5.55379076061513E-11
5.55379076061513E-11
5.55379076061513E-11
5.55379076061513E-11
5.55379076061513E-11
5.55379076061513E-11
5.55379076061513E-11
5.55379076061513E-11
5.55379076061513E-11
5.55379076061513E-11
1.89716020670971E-11
1.89716020670971E-11
1.89716020670971E-11
1.89716020670971E-11
1.89716020670971E-11
1.89716020670971E-11
1.89716020670971E-11
1.89716020670971E-11
1.89716020670971E-11
1.89716020670971E-11
1.89716020670971E-11
1.89716020670971E-11
1.89716020670971E-11
1.89716020670971E-11
1.45014000807464E-11
1.45014000807464E-11
1.17589271653173E-11
1.17589271653173E-11
1.17589271653173E-11
1.17589271653173E-11
1.17589271653173E-11
4.39148717390481E-12
4.39148717390481E-12
4.39148717390481E-12
4.39148717390481E-12
4.39148717390481E-12
4.39148717390481E-12
4.39148717390481E-12
4.39148717390481E-12
4.39148717390481E-12
4.39148717390481E-12
4.39148717390481E-12
4.39148717390481E-12
4.39148717390481E-12
4.39148717390481E-12
2.31481500634345E-12
2.31481500634345E-12
2.31481500634345E-12
2.31481500634345E-12
2.31481500634345E-12
2.31481500634345E-12
2.31481500634345E-12
2.31481500634345E-12
2.31481500634345E-12
2.19035900528297E-12
2.19035900528297E-12
2.19035900528297E-12
1.44251277589547E-12
1.44251277589547E-12
1.24711352356144E-12
1.24711352356144E-12
1.24711352356144E-12
1.24711352356144E-12
1.24711352356144E-12
1.24711352356144E-12
1.24711352356144E-12
9.3780538890087E-13
9.3780538890087E-13
9.3780538890087E-13
9.3780538890087E-13
8.76743122546486E-13
8.76743122546486E-13
7.54618589837719E-13
7.54618589837719E-13
7.54618589837719E-13
7.54618589837719E-13
7.54618589837719E-13
7.54618589837719E-13
7.54618589837719E-13
7.54618589837719E-13
7.54618589837719E-13
7.54618589837719E-13
7.54618589837719E-13
7.54618589837719E-13
7.54618589837719E-13
7.54618589837719E-13
7.54618589837719E-13
7.54618589837719E-13
7.54618589837719E-13
3.81250586656279E-13
3.81250586656279E-13
2.86548562655753E-13
2.86548562655753E-13
2.86548562655753E-13
2.86548562655753E-13
2.27817764653082E-13
2.27817764653082E-13
3.98570065840431E-14
3.98570065840431E-14
3.98570065840431E-14
3.98570065840431E-14
3.14193115968919E-14
3.14193115968919E-14
3.14193115968919E-14
3.14193115968919E-14
3.14193115968919E-14
3.14193115968919E-14
3.14193115968919E-14
3.14193115968919E-14
2.25375273998907E-14
2.25375273998907E-14
9.2148511043888E-15
9.2148511043888E-15
9.2148511043888E-15
9.2148511043888E-15
9.2148511043888E-15
9.2148511043888E-15
9.2148511043888E-15
9.2148511043888E-15
9.2148511043888E-15
9.2148511043888E-15
9.2148511043888E-15
8.10462807976364E-15
3.99680288865056E-15
3.99680288865056E-15
2.88657986402541E-15
2.88657986402541E-15
2.88657986402541E-15
1.99840144432528E-15
1.99840144432528E-15
1.99840144432528E-15
1.99840144432528E-15
1.99840144432528E-15
1.99840144432528E-15
1.88737914186277E-15
1.4432899320127E-15
1.11022302462516E-15
8.88178419700125E-16
8.88178419700125E-16
8.88178419700125E-16
8.88178419700125E-16
8.88178419700125E-16
8.88178419700125E-16
8.88178419700125E-16
8.88178419700125E-16
8.88178419700125E-16
8.88178419700125E-16
8.88178419700125E-16
8.88178419700125E-16
8.88178419700125E-16
8.88178419700125E-16
8.88178419700125E-16
8.88178419700125E-16
8.88178419700125E-16
8.88178419700125E-16
8.88178419700125E-16
8.88178419700125E-16
8.88178419700125E-16
8.88178419700125E-16
8.88178419700125E-16
8.88178419700125E-16
8.88178419700125E-16
8.88178419700125E-16
8.88178419700125E-16
8.88178419700125E-16
8.88178419700125E-16
3.33066907387547E-16
3.33066907387547E-16
3.33066907387547E-16
3.33066907387547E-16
1.11022302462516E-16
1.11022302462516E-16
1.11022302462516E-16
1.11022302462516E-16
1.11022302462516E-16
1.11022302462516E-16
1.11022302462516E-16
1.11022302462516E-16
1.11022302462516E-16
1.11022302462516E-16
1.11022302462516E-16
1.11022302462516E-16
1.11022302462516E-16
1.11022302462516E-16
1.11022302462516E-16
1.11022302462516E-16
1.11022302462516E-16
1.11022302462516E-16
1.11022302462516E-16
1.11022302462516E-16
1.11022302462516E-16
1.11022302462516E-16
1.11022302462516E-16
1.11022302462516E-16
1.11022302462516E-16
1.11022302462516E-16
1.11022302462516E-16
1.11022302462516E-16
1.11022302462516E-16
1.11022302462516E-16
1.11022302462516E-16
1.11022302462516E-16
1.11022302462516E-16
1.11022302462516E-16
1.11022302462516E-16
1.11022302462516E-16
1.11022302462516E-16
1.11022302462516E-16
1.11022302462516E-16
1.11022302462516E-16
1.11022302462516E-16
1.11022302462516E-16
1.11022302462516E-16
1.11022302462516E-16
1.11022302462516E-16
1.11022302462516E-16
1.11022302462516E-16
1.11022302462516E-16
1.11022302462516E-16
1.11022302462516E-16
1.11022302462516E-16
1.11022302462516E-16
1.11022302462516E-16
1.11022302462516E-16
1.11022302462516E-16
1.11022302462516E-16
1.11022302462516E-16
1.11022302462516E-16
1.11022302462516E-16
1.11022302462516E-16
1.11022302462516E-16
1.11022302462516E-16
1.11022302462516E-16
1.11022302462516E-16
1.11022302462516E-16
1.11022302462516E-16
1.11022302462516E-16
1.11022302462516E-16
1.11022302462516E-16
1.11022302462516E-16
1.11022302462516E-16
1.11022302462516E-16
1.11022302462516E-16
1.11022302462516E-16
1.11022302462516E-16
1.11022302462516E-16
1.11022302462516E-16
1.11022302462516E-16
1.11022302462516E-16
1.11022302462516E-16
1.11022302462516E-16
1.11022302462516E-16
1.11022302462516E-16
1.11022302462516E-16
1.11022302462516E-16
1.11022302462516E-16
1.11022302462516E-16
1.11022302462516E-16
1.11022302462516E-16
1.11022302462516E-16
1.11022302462516E-16
1.11022302462516E-16
1.11022302462516E-16
1.11022302462516E-16
1.11022302462516E-16
1.11022302462516E-16
1.11022302462516E-16
1.11022302462516E-16
1.11022302462516E-16
1.11022302462516E-16
1.11022302462516E-16
1.11022302462516E-16
1.11022302462516E-16
1.11022302462516E-16
1.11022302462516E-16
1.11022302462516E-16

