0.0720137326682639
0.0720137326682639
0.0720137326682639
0.0350402751462975
0.0350402751462975
0.0350402751462975
0.0254388663778955
0.0247573144369276
0.0247573144369276
0.0247573144369276
0.0172258022883867
0.0172258022883867
0.0172258022883867
0.0172258022883867
0.0172258022883867
0.0172258022883867
0.0172258022883867
0.0123235865308094
0.0123235865308094
0.0123235865308094
0.0123235865308094
0.0123235865308094
0.00498753262177265
0.00498753262177265
0.00498753262177265
0.00498753262177265
0.00498753262177265
0.00309002912063439
0.00309002912063439
0.00309002912063439
0.00309002912063439
0.00254539714294633
0.00254539714294633
0.00254539714294633
0.00174173090507634
0.00174173090507634
0.00174173090507634
0.000382357272804223
0.000382357272804223
0.000382357272804223
0.000382357272804223
0.000382357272804223
0.000382357272804223
0.000382357272804223
0.000382357272804223
0.000241318964190218
0.000241318964190218
0.000241318964190218
0.000241318964190218
0.000241318964190218
7.58756533156824E-05
7.58756533156824E-05
7.58756533156824E-05
7.58756533156824E-05
7.58756533156824E-05
2.85256994410066E-05
2.85256994410066E-05
2.85256994410066E-05
2.85256994410066E-05
2.85256994410066E-05
2.85256994410066E-05
2.85256994410066E-05
2.64223012671483E-05
2.64223012671483E-05
2.64223012671483E-05
2.64223012671483E-05
2.64223012671483E-05
2.64223012671483E-05
2.64223012671483E-05
2.30895312486323E-05
2.30895312486323E-05
2.30895312486323E-05
2.30895312486323E-05
2.30895312486323E-05
2.30895312486323E-05
1.64424961126564E-05
1.64424961126564E-05
9.74141710108345E-06
9.74141710108345E-06
9.74141710108345E-06
9.74141710108345E-06
9.74141710108345E-06
9.74141710108345E-06
9.74141710108345E-06
9.74141710108345E-06
9.74141710108345E-06
9.74141710108345E-06
9.74141710108345E-06
9.74141710108345E-06
9.74141710108345E-06
9.74141710108345E-06
9.74141710108345E-06
9.74141710108345E-06
9.74141710108345E-06
9.74141710108345E-06
9.74141710108345E-06
5.90772648556559E-06
5.90772648556559E-06
5.90772648556559E-06
5.90772648556559E-06
5.90772648556559E-06
5.43002378350366E-06
5.43002378350366E-06
5.43002378350366E-06
5.6902606548892E-07
5.6902606548892E-07
5.6902606548892E-07
5.6902606548892E-07
5.6902606548892E-07
5.6902606548892E-07
5.6902606548892E-07
5.6902606548892E-07
5.6902606548892E-07
5.6902606548892E-07
5.6902606548892E-07
5.6902606548892E-07
5.6902606548892E-07
5.43237595018731E-07
5.13530682089147E-07
4.91849388994936E-07
4.7602551411785E-07
4.64476617278997E-07
4.56047770547308E-07
4.49896061072153E-07
4.45406297400197E-07
4.42129488242848E-07
4.3973794172647E-07
4.37992495716522E-07
2.73298834896352E-07
2.73298834896352E-07
1.73950402082568E-07
1.73950402082568E-07
1.73950402082568E-07
1.73950402082568E-07
1.73950402082568E-07
1.73950402082568E-07
1.73950402082568E-07
1.00623332777161E-07
1.00623332777161E-07
1.00623332777161E-07
1.00623332777161E-07
1.00623332777161E-07
1.00623332777161E-07
1.00623332777161E-07
3.40941669341177E-08
3.40941669341177E-08
3.40941669341177E-08
3.40941669341177E-08
3.40941669341177E-08
3.40941669341177E-08
3.40941669341177E-08
2.30145592583497E-08
2.30145592583497E-08
2.30145592583497E-08
2.30145592583497E-08
2.30145592583497E-08
2.30145592583497E-08
2.30145592583497E-08
2.30145592583497E-08
2.30145592583497E-08
1.52892994931264E-08
1.52892994931264E-08
1.11661584423217E-08
1.11661584423217E-08
1.11661584423217E-08
1.11661584423217E-08
1.11661584423217E-08
8.83025363940249E-09
6.44855524534194E-09
6.44855524534194E-09
6.44855524534194E-09
6.44855524534194E-09
6.44855524534194E-09
3.82080378447114E-09
1.21927890006646E-09
1.21927890006646E-09
1.21927890006646E-09
5.31494404043542E-10
5.31494404043542E-10
1.08089204253758E-10
1.08089204253758E-10
1.08089204253758E-10
1.08089204253758E-10
1.08089204253758E-10
1.08089204253758E-10
1.08089204253758E-10
1.08089204253758E-10
1.08089204253758E-10
1.08089204253758E-10
1.08089204253758E-10
1.08089204253758E-10
1.08089204253758E-10
1.08089204253758E-10
1.08089204253758E-10
1.08089204253758E-10
1.08089204253758E-10
1.08089204253758E-10
1.08089204253758E-10
1.08089204253758E-10
1.05890185508883E-10
1.05890185508883E-10
1.05890185508883E-10
1.05890185508883E-10
1.05890185508883E-10
7.69954100476866E-11
7.69954100476866E-11
7.65151275672338E-11
7.65151275672338E-11
6.61789512079736E-11
6.61789512079736E-11
6.12927486542958E-11
6.12927486542958E-11
6.12927486542958E-11
6.12927486542958E-11
6.12927486542958E-11
6.12927486542958E-11
6.12927486542958E-11
6.12927486542958E-11
6.12927486542958E-11
6.12927486542958E-11
6.12927486542958E-11
6.12927486542958E-11
5.19274623300703E-11
5.19274623300703E-11
5.19274623300703E-11
5.08707520552321E-11
5.08707520552321E-11
5.08707520552321E-11
5.08707520552321E-11
5.08707520552321E-11
5.0364490356003E-11
4.9219739395312E-11
4.8384407591584E-11
4.8384407591584E-11
4.83535433914994E-11
4.82139883573041E-11
4.82139883573041E-11
4.82139883573041E-11
4.81399364815616E-11
4.81399364815616E-11
4.8073545144689E-11
4.8073545144689E-11
4.8073545144689E-11
4.8073545144689E-11
4.8073545144689E-11
4.8073545144689E-11
4.8073545144689E-11
4.8073545144689E-11
4.8073545144689E-11
4.8073545144689E-11
2.37737607378108E-11
2.37737607378108E-11
2.37737607378108E-11
2.37737607378108E-11
1.3225975870057E-11
1.3225975870057E-11
1.3225975870057E-11
1.3225975870057E-11
1.3225975870057E-11
1.3225975870057E-11
1.3225975870057E-11
1.3225975870057E-11
1.3225975870057E-11
1.3225975870057E-11
1.3225975870057E-11
8.41626768277592E-12
8.41626768277592E-12
8.41626768277592E-12
8.41626768277592E-12
8.41626768277592E-12
7.39541761163309E-12
3.73245878648731E-12
3.73245878648731E-12
3.07154301992796E-12
2.20856666288682E-12
1.30151445176807E-12
6.3948846218409E-13
6.3948846218409E-13
6.3948846218409E-13
5.99853500204972E-13
3.28181926079196E-13
3.28181926079196E-13
3.28181926079196E-13
3.28181926079196E-13
3.28181926079196E-13
3.28181926079196E-13
3.03090885722668E-13
3.03090885722668E-13
3.03090885722668E-13
3.03090885722668E-13
3.03090885722668E-13
3.03090885722668E-13
3.03090885722668E-13
3.03090885722668E-13
3.03090885722668E-13
3.03090885722668E-13
3.03090885722668E-13
3.03090885722668E-13
3.03090885722668E-13
3.03090885722668E-13
2.99982261253717E-13
2.97206703692154E-13
2.95097279945367E-13
2.93542967710891E-13
2.92654789291191E-13
2.91655588569029E-13
3.44169137633799E-14
3.44169137633799E-14
3.44169137633799E-14
3.44169137633799E-14
3.44169137633799E-14
3.44169137633799E-14
3.44169137633799E-14
3.44169137633799E-14
3.44169137633799E-14
3.44169137633799E-14
3.44169137633799E-14
3.44169137633799E-14
3.44169137633799E-14
3.44169137633799E-14
3.44169137633799E-14
3.44169137633799E-14
3.44169137633799E-14
3.44169137633799E-14
3.44169137633799E-14
3.44169137633799E-14
3.44169137633799E-14
3.44169137633799E-14
3.44169137633799E-14
3.44169137633799E-14
3.44169137633799E-14
3.44169137633799E-14
3.05311331771918E-14
3.05311331771918E-14
3.05311331771918E-14
3.05311331771918E-14
3.05311331771918E-14
3.05311331771918E-14
9.54791801177635E-15
9.54791801177635E-15
9.54791801177635E-15
9.54791801177635E-15
9.54791801177635E-15
9.54791801177635E-15
9.54791801177635E-15
9.54791801177635E-15
9.54791801177635E-15
9.54791801177635E-15
5.10702591327572E-15
5.10702591327572E-15
5.10702591327572E-15
3.99680288865056E-15
3.99680288865056E-15
3.44169137633799E-15
3.44169137633799E-15
3.44169137633799E-15
8.88178419700125E-16
8.88178419700125E-16
8.88178419700125E-16
8.88178419700125E-16
8.88178419700125E-16
8.88178419700125E-16
8.88178419700125E-16
8.88178419700125E-16
8.88178419700125E-16
8.88178419700125E-16
8.88178419700125E-16
8.88178419700125E-16
8.88178419700125E-16
8.88178419700125E-16
8.88178419700125E-16
6.66133814775094E-16
5.55111512312578E-16
5.55111512312578E-16
5.55111512312578E-16
5.55111512312578E-16
5.55111512312578E-16
5.55111512312578E-16
3.33066907387547E-16
3.33066907387547E-16
3.33066907387547E-16
2.22044604925031E-16
2.22044604925031E-16
1.11022302462516E-16
1.11022302462516E-16
1.11022302462516E-16
1.11022302462516E-16
1.11022302462516E-16
1.11022302462516E-16
1.11022302462516E-16
1.11022302462516E-16
1.11022302462516E-16
1.11022302462516E-16
1.11022302462516E-16
1.11022302462516E-16
1.11022302462516E-16
1.11022302462516E-16
1.11022302462516E-16
1.11022302462516E-16
1.11022302462516E-16
1.11022302462516E-16
1.11022302462516E-16
1.11022302462516E-16
1.11022302462516E-16
1.11022302462516E-16
1.11022302462516E-16
1.11022302462516E-16
1.11022302462516E-16
1.11022302462516E-16
1.11022302462516E-16
1.11022302462516E-16
1.11022302462516E-16
1.11022302462516E-16
1.11022302462516E-16
1.11022302462516E-16
1.11022302462516E-16
1.11022302462516E-16
1.11022302462516E-16
1.11022302462516E-16
1.11022302462516E-16
1.11022302462516E-16
1.11022302462516E-16
1.11022302462516E-16
1.11022302462516E-16
1.11022302462516E-16
1.11022302462516E-16
1.11022302462516E-16
1.11022302462516E-16
1.11022302462516E-16
1.11022302462516E-16
1.11022302462516E-16
1.11022302462516E-16
1.11022302462516E-16
1.11022302462516E-16
1.11022302462516E-16
1.11022302462516E-16
1.11022302462516E-16
1.11022302462516E-16
1.11022302462516E-16
1.11022302462516E-16
1.11022302462516E-16
1.11022302462516E-16
1.11022302462516E-16
1.11022302462516E-16
1.11022302462516E-16
1.11022302462516E-16
1.11022302462516E-16
1.11022302462516E-16
1.11022302462516E-16
1.11022302462516E-16
1.11022302462516E-16
1.11022302462516E-16
1.11022302462516E-16
1.11022302462516E-16
1.11022302462516E-16
1.11022302462516E-16
1.11022302462516E-16
1.11022302462516E-16
1.11022302462516E-16
1.11022302462516E-16
1.11022302462516E-16
1.11022302462516E-16
1.11022302462516E-16
1.11022302462516E-16
1.11022302462516E-16
1.11022302462516E-16
1.11022302462516E-16
1.11022302462516E-16
1.11022302462516E-16
1.11022302462516E-16
1.11022302462516E-16
1.11022302462516E-16
1.11022302462516E-16
1.11022302462516E-16
1.11022302462516E-16
1.11022302462516E-16
1.11022302462516E-16
1.11022302462516E-16
1.11022302462516E-16
1.11022302462516E-16
1.11022302462516E-16
1.11022302462516E-16
1.11022302462516E-16
1.11022302462516E-16
1.11022302462516E-16
1.11022302462516E-16
1.11022302462516E-16
1.11022302462516E-16
1.11022302462516E-16
1.11022302462516E-16
1.11022302462516E-16
1.11022302462516E-16
1.11022302462516E-16
1.11022302462516E-16
1.11022302462516E-16
1.11022302462516E-16
1.11022302462516E-16
1.11022302462516E-16
1.11022302462516E-16
1.11022302462516E-16

