5.81976304006242
5.81976304006242
5.81976304006242
5.81976304006242
5.81976304006242
5.70284200093968
4.94911133173238
3.47946737339087
3.47946737339087
3.47946737339087
2.55416970922004
2.30122810162573
2.30122810162573
2.13484069131937
2.13484069131937
2.13484069131937
2.13484069131937
2.13484069131937
1.3997653739618
1.3997653739618
1.3997653739618
1.20960417954679
1.20960417954679
1.20960417954679
1.20960417954679
1.20960417954679
1.20960417954679
1.20960417954679
1.20960417954679
1.20960417954679
1.18900458168811
1.10681534088858
1.10681534088858
1.10681534088858
0.912187638271968
0.912187638271968
0.912187638271968
0.912187638271968
0.912187638271968
0.912187638271968
0.912187638271968
0.912187638271968
0.912187638271968
0.912187638271968
0.903760563991613
0.903760563991613
0.903760563991613
0.903760563991613
0.711989459207623
0.711989459207623
0.711989459207623
0.665771724155815
0.665771724155815
0.665771724155815
0.665771724155815
0.665771724155815
0.665771724155815
0.665771724155815
0.665771724155815
0.665771724155815
0.663445105049714
0.663445105049714
0.659180802149922
0.659180802149922
0.619377473554601
0.619377473554601
0.618865669199997
0.618865669199997
0.518262092748814
0.518262092748814
0.518262092748814
0.457940737100034
0.457940737100034
0.457940737100034
0.445828131472223
0.445828131472223
0.445828131472223
0.445828131472223
0.445828131472223
0.445828131472223
0.445828131472223
0.445828131472223
0.445828131472223
0.445828131472223
0.445828131472223
0.445828131472223
0.445828131472223
0.445680211490183
0.445237847572465
0.445107568984345
0.445107568984345
0.445107568984345
0.445107568984345
0.445067859360542
0.444477773158795
0.444477773158795
0.443081821988697
0.44296004222141
0.44296004222141
0.428891831484567
0.428891831484567
0.428225200594698
0.357875372842881
0.350760712823787
0.350760712823787
0.338040864150571
0.338040864150571
0.333310470106176
0.328146236093703
0.328146236093703
0.299330752846548
0.299330752846548
0.292282233222205
0.292282233222205
0.289072635611764
0.289072635611764
0.289072635611764
0.28726494014402
0.28726494014402
0.28726494014402
0.277721145026178
0.277721145026178
0.277721145026178
0.277721145026178
0.248874308631187
0.248874308631187
0.247545738122903
0.247545738122903
0.247545738122903
0.242454226746886
0.239507901245499
0.238952597675366
0.238952597675366
0.238952597675366
0.238952597675366
0.238952597675366
0.238952597675366
0.238720728564926
0.238720728564926
0.238720728564926
0.238720728564926
0.238720728564926
0.238702485558883
0.232204372812958
0.231474608548651
0.231474608548651
0.230309601551419
0.229870844766107
0.22955054688755
0.22931674040024
0.229146077615807
0.229021509659401
0.228930588893819
0.228864228039246
0.228815793505695
0.228780443125575
0.22459090212761
0.22459090212761
0.22459090212761
0.18258483582795
0.18258483582795
0.18258483582795
0.18258483582795
0.18258483582795
0.180554734236806
0.180554734236806
0.17988215209329
0.17988215209329
0.178711423710196
0.178711423710196
0.177473055368702
0.177473055368702
0.165041945224
0.165041945224
0.147173307210151
0.147173307210151
0.147173307210151
0.142467531667778
0.142467531667778
0.142467531667778
0.142467531667778
0.142467531667778
0.142467531667778
0.142467531667778
0.142467531667778
0.140766993981738
0.140766993981738
0.129878368068587
0.129878368068587
0.129878368068587
0.129878368068587
0.129878368068587
0.129878368068587
0.129878368068587
0.128037966793832
0.118558262592384
0.118558262592384
0.116719288233587
0.116719288233587
0.103840324417364
0.103840324417364
0.103840324417364
0.103840324417364
0.103840324417364
0.103840324417364
0.103840324417364
0.103840324417364
0.103840324417364
0.0957528105691256
0.0877316276076003
0.0877316276076003
0.0877316276076003
0.0630291513055648
0.0630291513055648
0.0606386574599361
0.0606386574599361
0.0606386574599361
0.0606386574599361
0.0606386574599361
0.0606386574599361
0.0606386574599361
0.0606386574599361
0.0606386574599361
0.0606386574599361
0.0606386574599361
0.058165778381437
0.058165778381437
0.058165778381437
0.058165778381437
0.058165778381437
0.058165778381437
0.058165778381437
0.0578994378542139
0.0534375533127489
0.0534375533127489
0.0534375533127489
0.053299451993011
0.053299451993011
0.053299451993011
0.0493166928422662
0.0493166928422662
0.0493166928422662
0.0493166928422662
0.0493166928422662
0.0493166928422662
0.0493166928422662
0.0493166928422662
0.0493166928422662
0.0493166928422662
0.0493166928422662
0.0493166928422662
0.0493166928422662
0.0493166928422662
0.0487954828724391
0.0487954828724391
0.0487954828724391
0.0487954828724391
0.0487954828724391
0.0487954828724391
0.0487954828724391
0.0487954828724391
0.0475513765840289
0.0475513765840289
0.0475513765840289
0.0475513765840289
0.0475513765840289
0.0475513765840289
0.0469513084021986
0.0433772772764039
0.0433772772764039
0.0425335966073711
0.0425335966073711
0.0425335966073711
0.0425335966073711
0.0373805008261765
0.0373805008261765
0.0323501342586909
0.0323501342586909
0.0323501342586909
0.0323501342586909
0.029567745094977
0.029567745094977
0.0281440459617191
0.0281440459617191
0.0281440459617191
0.0281440459617191
0.0273874408060125
0.0261147797306878
0.0261147797306878
0.0261147797306878
0.0261147797306878
0.0261142900860579
0.0252056214459026
0.0246258333748196
0.0241179527093815
0.0240124939012481
0.0240124939012481
0.0240124939012481
0.0240124939012481
0.0240124939012481
0.0240124939012481
0.0240124939012481
0.0239318815271562
0.0239318815271562
0.0239318815271562
0.0239030877588123
0.023816346397189
0.0237433099672409
0.0236899929023535
0.023651073500168
0.0231500676856969
0.022983676244246
0.0225171609948458
0.0221765966157078
0.0219279949567753
0.0216741128210908
0.0212095963695128
0.0209807674769238
0.0209051077607532
0.0209051077607532
0.0209051077607532
0.0209051077607532
0.0207681740106125
0.0207681740106125
0.0203669990475913
0.0203669990475913
0.0203669990475913
0.0203097445567075
0.0202605980573015
0.0198748138745481
0.0191823073212846
0.0191823073212846
0.0191823073212846
0.0191823073212846
0.0191823073212846
0.0191316109569914
0.0188514212495634
0.0188514212495634
0.0187715109349614
0.0187715109349614
0.0187715109349614
0.0187715109349614
0.0187715109349614
0.0187619087202311
0.0143710448954585
0.0143710448954585
0.0143710448954585
0.0143710448954585
0.0143710448954585
0.0143710448954585
0.0139726516518459
0.0139726516518459
0.0139726516518459
0.0139726516518459
0.012210840421364
0.0117642291067718
0.0117244571081091
0.0117244571081091
0.0115338032335833
0.0115338032335833
0.0115338032335833
0.0111178971773479
0.0101893859679292
0.00953286689728304
0.00953286689728304
0.00953286689728304
0.00953286689728304
0.00951867495510187
0.00917276658899573
0.00912887391155683
0.0088294684095919
0.0088294684095919
0.0088294684095919
0.0088294684095919
0.0088294684095919
0.0088294684095919
0.00881751474213483
0.00881751474213483
0.00878379292750267
0.00878379292750267
0.00862147478682653
0.00862147478682653
0.00862147478682653
0.00854463068894324
0.00854463068894324
0.00851565787534099
0.00851565787534099
0.00835612684959736
0.00835612684959736
0.00835612684959736
0.00690106377681519
0.00690106377681519
0.00690106377681519
0.00690106377681519
0.00690106377681519
0.00690106377681519
0.00690106377681519
0.00580868265976267
0.00580868265976267
0.00580868265976267
0.00580868265976267
0.00580868265976267
0.00580868265976267
0.00580868265976267
0.00580868265976267
0.00506427180141631
0.00506427180141631
0.00506427180141631
0.00502937390822932
0.00502937390822932
0.00479765542355704
0.00479765542355704
0.00479765542355704
0.00479765542355704
0.00479765542355704
0.00479765542355704
0.00479765542355704
0.00413046976207587
0.00413046976207587
0.00413046976207587
0.00413046976207587
0.00413046976207587
0.00399037375330648
0.00399037375330648
0.00399037375330648
0.00399037375330648
0.0039845290646696
0.00397710826842252
0.00397710826842252
0.00397710826842252
0.00397710826842252
0.00396623855794366
0.0038691781337688
0.0038537035694157
0.0038537035694157
0.00384937767920392
0.00384937767920392
0.00360686837162689
0.00353658492641053
0.00353658492641053
0.00353658492641053
0.00353658492641053
0.00353658492641053
0.00345428215826487
0.00345428215826487
0.00339867858410529
0.00339867858410529
0.00339867858410529
0.00339867858410529
0.0033744160117746
0.0033744160117746
0.00337355482429904
0.00337355482429904
0.00337355482429904
0.00337355482429904
0.00337355482429904
0.00337355482429904
0.00337355482429904
0.0033458303806178
0.00330337181470502
0.00330337181470502
0.00330337181470502
0.00330337181470502
0.00320957732752135
0.00306304884422482
0.00297144024803081
0.00297144024803081
0.00295950959844854
0.00295950959844854
0.00295950959844854
0.00295950959844854
0.00295950959844854
0.00294081761736461
0.00294081761736461
0.00294081761736461
0.002821270393825
0.002821270393825
0.002821270393825
0.0027761449447914
0.0027761449447914
0.0027761449447914
0.0027761449447914
0.00276912065099772
0.00275737886296705
0.00274880915795173
0.00274255460266204
0.00273798975577363
0.0027346581360653
0.00273222658042295
0.00273045193048942
0.00272915671819036
0.00272821141949089
0.00272752150218011
0.00272701797265921
0.0027179260908332
0.0027179260908332
0.00267922655476213
0.00260493736941129
0.00260493736941129
0.00260493736941129

