5.43256446757233
5.43256446757233
5.43256446757233
5.28669155005766
5.28669155005766
4.91930377737548
4.91930377737548
3.23219733827709
3.23219733827709
3.23219733827709
3.23219733827709
3.23219733827709
2.41976944666457
2.41976944666457
2.41976944666457
2.41976944666457
2.22772376436228
2.22772376436228
1.38026546611042
1.38026546611042
1.06751714296301
1.06751714296301
1.06751714296301
1.01378508257734
1.01378508257734
1.01378508257734
1.01378508257734
1.01378508257734
1.01378508257734
1.01378508257734
1.00149438911434
0.999714179810337
0.995406262866287
0.995406262866287
0.995406262866287
0.965771552887241
0.965771552887241
0.824216712826462
0.824216712826462
0.824216712826462
0.803115492665193
0.803115492665193
0.803115492665193
0.803115492665193
0.803115492665193
0.77691195078716
0.77691195078716
0.775428025294128
0.761429610609108
0.761429610609108
0.761429610609108
0.761429610609108
0.761429610609108
0.653415936583641
0.653415936583641
0.599798344686493
0.599798344686493
0.599798344686493
0.599798344686493
0.599798344686493
0.599798344686493
0.599798344686493
0.599798344686493
0.599798344686493
0.599798344686493
0.599798344686493
0.596439896363146
0.596439896363146
0.524629747136026
0.524629747136026
0.524629747136026
0.524629747136026
0.524629747136026
0.524629747136026
0.524629747136026
0.524629747136026
0.524629747136026
0.524629747136026
0.524629747136026
0.524629747136026
0.524629747136026
0.483244498856128
0.483244498856128
0.483244498856128
0.479687876878826
0.479687876878826
0.479687876878826
0.479687876878826
0.479687876878826
0.389733701229858
0.389733701229858
0.389733701229858
0.389733701229858
0.389733701229858
0.389733701229858
0.357041593844232
0.357041593844232
0.357041593844232
0.357041593844232
0.357041593844232
0.357041593844232
0.355614622279923
0.355614622279923
0.354996551005136
0.343301565062115
0.343301565062115
0.343301565062115
0.343301565062115
0.343301565062115
0.341173546452691
0.324513692575747
0.320434947463666
0.319311593780981
0.319311593780981
0.318053738617485
0.318053738617485
0.318053738617485
0.305769782983465
0.305769782983465
0.297819183365199
0.292701265326825
0.292701265326825
0.292701265326825
0.292701265326825
0.292701265326825
0.292701265326825
0.290141194378673
0.290141194378673
0.290141194378673
0.288562521842992
0.271767440935411
0.246393044925493
0.238854053139455
0.238854053139455
0.238854053139455
0.238854053139455
0.237057923489536
0.23505488306042
0.23505488306042
0.228319448679084
0.223207128079733
0.223207128079733
0.223207128079733
0.223207128079733
0.223207128079733
0.205016067375129
0.205016067375129
0.205016067375129
0.202193695092081
0.19529131397095
0.19529131397095
0.19529131397095
0.191544937152449
0.191544937152449
0.190218970049543
0.189938904434768
0.189938904434768
0.189938904434768
0.189938904434768
0.18959222597996
0.177791572738508
0.170852244080152
0.170852244080152
0.159016889228552
0.159016889228552
0.159016889228552
0.159016889228552
0.159016889228552
0.155924841149906
0.155924841149906
0.155924841149906
0.155924841149906
0.136568525013701
0.136568525013701
0.136103246786826
0.136103246786826
0.136103246786826
0.136103246786826
0.136103246786826
0.136103246786826
0.136103246786826
0.136103246786826
0.136103246786826
0.129829659296532
0.129829659296532
0.129829659296532
0.121018024565084
0.121018024565084
0.121018024565084
0.121018024565084
0.121018024565084
0.12081873683531
0.12081873683531
0.116371195367671
0.116371195367671
0.116371195367671
0.116371195367671
0.116371195367671
0.116371195367671
0.116371195367671
0.116371195367671
0.116371195367671
0.116371195367671
0.116371195367671
0.116371195367671
0.115846886982804
0.113894138478347
0.113894138478347
0.113894138478347
0.113894138478347
0.113894138478347
0.11273414101811
0.11273414101811
0.11273414101811
0.11273414101811
0.112529877195765
0.110719247564528
0.105281434809164
0.105281434809164
0.104261715479713
0.0967122919174979
0.0967122919174979
0.094308575324806
0.094308575324806
0.0863396989151403
0.0813100016807598
0.0813100016807598
0.076006378668088
0.076006378668088
0.0753495582312639
0.0753495582312639
0.0753113167540207
0.0753113167540207
0.0753113167540207
0.0753113167540207
0.0753113167540207
0.0747914924300074
0.0747914924300074
0.0744534428977139
0.0744534428977139
0.0742818058944986
0.0742818058944986
0.0742818058944986
0.0733791814750027
0.0733791814750027
0.0682719394445923
0.0682719394445923
0.0663582317019175
0.0663582317019175
0.0663582317019175
0.0663582317019175
0.0663582317019175
0.0660991258354984
0.0660991258354984
0.0640597836544575
0.0640597836544575
0.0640597836544575
0.0640597836544575
0.0630409474210996
0.0630409474210996
0.0630409474210996
0.0630409474210996
0.0630409474210996
0.0630409474210996
0.0630409474210996
0.0625428441528112
0.0625428441528112
0.0624164420342982
0.0624164420342982
0.0621651732397882
0.0621651732397882
0.0608148450171409
0.0608148450171409
0.0608148450171409
0.0608148450171409
0.0608148450171409
0.0600049844326877
0.0600049844326877
0.0600049844326877
0.0600049844326877
0.0577385426862897
0.0577385426862897
0.0577385426862897
0.0577385426862897
0.0568658429157582
0.0568658429157582
0.0537192871357039
0.0537192871357039
0.0537192871357039
0.0514819167077132
0.0514819167077132
0.0507430692642552
0.0503433897459316
0.0503433897459316
0.0477582118939722
0.0477582118939722
0.0477582118939722
0.0471531754792446
0.0471531754792446
0.0434245467115277
0.0434245467115277
0.0434245467115277
0.0434245467115277
0.0432466837375524
0.0432466837375524
0.0429913365149746
0.0429913365149746
0.0429913365149746
0.0402405051379881
0.0378773805117338
0.0361459194877273
0.0348786301360769
0.0339517941628873
0.0332743308015351
0.032779346879233
0.032779346879233
0.0326376094455174
0.0326376094455174
0.0326362542682688
0.0326362542682688
0.0326332364704422
0.0326332364704422
0.0320823928229949
0.0307957698132223
0.0287326114328147
0.0287326114328147
0.0287326114328147
0.0287326114328147
0.028573447782947
0.028573447782947
0.028573447782947
0.028573447782947
0.028573447782947
0.0271153595715082
0.0271153595715082
0.0271153595715082
0.0271153595715082
0.0268652035384269
0.0244740145004909
0.0244740145004909
0.0241002418276707
0.0241002418276707
0.0241002418276707
0.0241002418276707
0.0241002418276707
0.0241002418276707
0.0241002418276707
0.0235926473949014
0.0235926473949014
0.0235926473949014
0.0232691877063475
0.0224455352446229
0.0224455352446229
0.0224455352446229
0.0222935807838254
0.0222935807838254
0.022150377161057
0.022150377161057
0.022150377161057
0.022150377161057
0.022150377161057
0.022150377161057
0.022150377161057
0.022150377161057
0.0218976872175251
0.0218976872175251
0.0217155050537796
0.0215207134064387
0.0208223147824476
0.0208223147824476
0.0203517884953049
0.0201869991829095
0.0197401550574739
0.0180930005418077
0.0180930005418077
0.0180930005418077
0.0180930005418077
0.0180930005418077
0.0173334403221051
0.0169937016546272
0.0169937016546272
0.0168777692068753
0.0168777692068753
0.0168777692068753
0.0168777692068753
0.0168777692068753
0.0168777692068753
0.0168777692068753
0.0158575952633799
0.0158575952633799
0.0154514054849327
0.0154514054849327
0.0154514054849327
0.0154514054849327
0.0154514054849327
0.0154514054849327
0.0154514054849327
0.0152122723284112
0.0152122723284112
0.0146309251128572
0.0137804163505519
0.0118043841503429
0.0118043841503429
0.0116493498315075
0.0111138977470033
0.0111138977470033
0.0111138977470033
0.0105609200909048
0.0105609200909048
0.0105609200909048
0.0105609200909048
0.0105609200909048
0.0102953908533874
0.0102953908533874
0.0102953908533874
0.0102953908533874
0.0102953908533874
0.0101181388741254
0.0101181388741254
0.00997445484035935
0.00997445484035935
0.0099020811753736
0.0099020811753736
0.0099020811753736
0.00952165773049236
0.00952165773049236
0.00952165773049236
0.00952165773049236
0.00952165773049236
0.00952165773049236
0.00952165773049236
0.00931017119489237
0.00922710774904836
0.00916815764304933
0.00912511939084584
0.00909370083861648
0.00880105022909485
0.00864527971816155
0.00853157373162938
0.00853157373162938
0.00853157373162938
0.00853157373162938
0.00853157373162938
0.00853157373162938
0.00847276172482251
0.00843149753757267
0.00814197310917727
0.00788949259258223
0.00788949259258223
0.00788949259258223
0.00788949259258223
0.00788949259258223
0.00788949259258223
0.00788949259258223
0.00633669226174304
0.00633669226174304
0.00633669226174304
0.00633669226174304
0.00580633764812441
0.00580633764812441
0.00580633764812441
0.00580633764812441
0.00580633764812441
0.00580633764812441
0.00580633764812441
0.00564572602650096
0.00564572602650096
0.00557803652781398
0.00557803652781398
0.00557803652781398
0.00557803652781398
0.00557803652781398
0.00557803652781398
0.00557803652781398
0.00557803652781398
0.00555628943564648
0.00548810664009123
0.00548810664009123
0.0054573237612967
0.0054573237612967
0.0054573237612967
0.0054573237612967
0.00499511107901216
0.00499511107901216
0.00499511107901216
0.00499511107901216
0.00499511107901216
0.00499511107901216
0.00496782465889721
0.00485129713790569
0.00472888244977321
0.00443278931272874
0.00443278931272874
0.00436854242588967
0.00436854242588967
0.00436854242588967
0.00436854242588967
0.00436854242588967
0.00436854242588967
0.00436854242588967

