6.88824716010946
5.11164781454688
5.01177933866161
3.91152589251575
3.91057865361947
3.04194711393995
2.18817572953144
1.22887433036598
1.22887433036598
1.22887433036598
1.22887433036598
1.22138592762906
0.82606424363381
0.82606424363381
0.781104267163954
0.781104267163954
0.676244321216385
0.676244321216385
0.641652592697138
0.641652592697138
0.480311716443248
0.480311716443248
0.447789547810509
0.427089403827186
0.372306005716051
0.372306005716051
0.372306005716051
0.264200025295084
0.264200025295084
0.243395218958296
0.243395218958296
0.243395218958296
0.243005157135853
0.243005157135853
0.212361019609059
0.212361019609059
0.212361019609059
0.200702420791702
0.159766028534616
0.159766028534616
0.153525540422309
0.149407069783396
0.149407069783396
0.118468791711842
0.118468791711842
0.118468791711842
0.118468791711842
0.102090465203339
0.102090465203339
0.0799972589371475
0.0799972589371475
0.0799972589371475
0.0799972589371475
0.0799972589371475
0.0799972589371475
0.0799972589371475
0.0799972589371475
0.0772947923924688
0.0772947923924688
0.0772947923924688
0.0726535538111133
0.0726535538111133
0.0726535538111133
0.0726535538111133
0.0726535538111133
0.0721358109364012
0.0660682668327856
0.0660682668327856
0.0587984266472919
0.0587984266472919
0.051631923121688
0.051631923121688
0.0456963356919204
0.0421252722474304
0.0421252722474304
0.0416320192647716
0.0336998963430626
0.0336998963430626
0.0336998963430626
0.0288870142763187
0.02778742845463
0.02778742845463
0.0248492749343391
0.0248492749343391
0.0212588108323413
0.0212588108323413
0.0145461858195318
0.0145461858195318
0.0145461858195318
0.0145461858195318
0.0145461858195318
0.0145461858195318
0.0137308489073168
0.013100253895867
0.012869169020514
0.0114831016335202
0.0114831016335202
0.01031711099346
0.01031711099346
0.0076022326360284
0.00704228387108969
0.00704228387108969
0.00704228387108969
0.00704228387108969
0.00614458659940307
0.00614458659940307
0.00614458659940307
0.00614458659940307
0.00614458659940307
0.00564159951704787
0.00540625983481623
0.00420498247258802
0.00420498247258802
0.0039593027691861
0.0039593027691861
0.00374654552436311
0.00306384204580767
0.00306384204580767
0.00306384204580767
0.00306384204580767
0.00271696057127696
0.00271696057127696
0.00254585367933249
0.00248205196231177
0.00207400680865531
0.00131756556093236
0.00131756556093236
0.00131756556093236
0.00131756556093236
0.0012090705770881
0.0012090705770881
0.0012090705770881
0.0011340709172453
0.0011340709172453
0.000882500655749704
0.000814250337248703
0.000814250337248703
0.000788824291306988
0.000784264852994911
0.000784264852994911
0.000604171606809759
0.000604171606809759
0.000595572029494332
0.000595572029494332
0.000573960597989572
0.000512636572235349
0.000512636572235349
0.000465871920155679
0.000445334432997339
0.000445334432997339
0.000445334432997339
0.000445334432997339
0.000445334432997339
0.000392986963920353
0.000392986963920353
0.000392986963920353
0.000320796099282804
0.00028325447076467
0.00028325447076467
0.00028325447076467
0.000280832736801451
0.000268554540300309
0.000268554540300309
0.000200804390839643
0.000199406652711274
0.000186649148526183
0.000186649148526183
0.000186649148526183
0.000186649148526183
0.000171668340884523
0.000158449251361292
0.000127873393447816
0.000127873393447816
0.00012493641767646
0.00012493641767646
0.00012493641767646
0.00012493641767646
0.00012493641767646
0.00012493641767646
0.00012493641767646
0.000102247287648099
0.000102247287648099
9.01276291187101E-05
8.09519741828005E-05
8.09519741828005E-05
8.09519741828005E-05
8.03792561805501E-05
8.03792561805501E-05
6.96282263719983E-05
5.78446991321052E-05
5.78446991321052E-05
4.90352927384851E-05
4.90352927384851E-05
4.46565044628027E-05
3.78423353552258E-05
3.78423353552258E-05
3.48604622294248E-05
2.79728818096498E-05
2.66207741490181E-05
2.58102375599493E-05
2.58102375599493E-05
2.58102375599493E-05
2.03972333930061E-05
2.01723542325809E-05
1.97913204269779E-05
1.97913204269779E-05
1.7735725533723E-05
1.7735725533723E-05
1.73317126863489E-05
1.73317126863489E-05
1.73317126863489E-05
1.65993269473495E-05
1.44351060733884E-05
1.39324750294773E-05
1.25819178514726E-05
1.25819178514726E-05
1.25819178514726E-05
1.25819178514726E-05
1.25819178514726E-05
1.14407344872935E-05
1.10626371411299E-05
1.10626371411299E-05
1.10626371411299E-05
1.10626371411299E-05
1.10626371411299E-05
1.08139489765993E-05
1.08139489765993E-05
1.04891327895233E-05
1.04891327895233E-05
1.04802353553452E-05
8.7843644230242E-06
8.3984705399062E-06
8.3984705399062E-06
7.72259886668943E-06
7.72259886668943E-06
5.34165694484652E-06
5.33556187163343E-06
4.6863388309052E-06
4.6863388309052E-06
4.6863388309052E-06
4.52830801628615E-06
4.3678154410167E-06
3.31720223645077E-06
3.31720223645077E-06
3.10664310204221E-06
3.10664310204221E-06
3.10664310204221E-06
3.10664310204221E-06
2.90558670285288E-06
2.90558670285288E-06
2.90390992890218E-06
2.73309728490296E-06
2.35562105105266E-06
2.35562105105266E-06
2.15929265654132E-06
2.15929265654132E-06
2.12687166950181E-06
1.66044843824584E-06
1.66044843824584E-06
1.66044843824584E-06
1.66044843824584E-06
1.50269192884605E-06
1.50269192884605E-06
1.50269192884605E-06
1.50269192884605E-06
1.47754725582411E-06
1.47754725582411E-06
1.47754725582411E-06
1.4451555229375E-06
1.42527496555262E-06
1.28834568266686E-06
1.28834568266686E-06
1.1672876235002E-06
1.14225569628595E-06
1.12398639444641E-06
1.00435538340512E-06
8.15006907658894E-07
8.15006907658894E-07
6.68956871936208E-07
6.68956871936208E-07
6.68956871936208E-07
6.68956871936208E-07
6.68956871936208E-07
6.32809405070457E-07
5.9679080730326E-07
4.46118210862049E-07
3.76374994402419E-07
3.76374994402419E-07
3.66345241224136E-07
3.58934567645514E-07
3.58934567645514E-07
3.58934567645514E-07
3.58934567645514E-07
3.58934567645514E-07
3.44313350807891E-07
3.28314283967887E-07
2.91923949177298E-07
2.56053583837101E-07
2.56053583837101E-07
2.5418760632609E-07
2.5418760632609E-07
2.49883593335231E-07
2.4549284521287E-07
2.4549284521287E-07
2.4549284521287E-07
2.4549284521287E-07
2.26924000613755E-07
2.26924000613755E-07
1.89583485570518E-07
1.70329667092329E-07
1.70329667092329E-07
1.69187972276578E-07
1.65405377090703E-07
1.65405377090703E-07
1.65405377090703E-07
1.61358913770573E-07
1.43722056828931E-07
1.43722056828931E-07
1.43722056828931E-07
1.4030900838645E-07
1.3491083453806E-07
1.17851756665557E-07
1.17851756665557E-07
1.17851756665557E-07
1.17851756665557E-07
1.17851756665557E-07
1.17851756665557E-07
1.17851756665557E-07
1.17851756665557E-07
1.17851756665557E-07
1.17851756665557E-07
1.17851756665557E-07
1.17851756665557E-07
1.17851756665557E-07
1.16235538278414E-07
1.08561915674624E-07
1.07262144757161E-07
1.04742228641391E-07
1.02837611309854E-07
9.72146683383545E-08
9.10905675021856E-08
8.87357254712209E-08
8.60343330678359E-08
8.22344643455589E-08
8.22344643455589E-08
8.22344643455589E-08
8.06114689699475E-08
7.8028758551433E-08
7.46557986027852E-08
7.46557986027852E-08
7.32995481130628E-08
7.32995481130628E-08
5.60023326559408E-08
5.60023326559408E-08
5.17460689174399E-08
5.17460689174399E-08
5.17460689174399E-08
4.80992667007838E-08
4.00243572850827E-08
3.96589610751568E-08
3.96589610751568E-08
3.96589610751568E-08
3.96589610751568E-08
3.6057865754496E-08
3.6057865754496E-08
3.6057865754496E-08
3.6057865754496E-08
3.6057865754496E-08
2.85755505542306E-08
2.85755505542306E-08
2.85755505542306E-08
2.41455437990459E-08
2.41455437990459E-08
2.41455437990459E-08
2.32668038380867E-08
2.14345923954851E-08
1.7290367480425E-08
1.7290367480425E-08
1.7290367480425E-08
1.7290367480425E-08
1.7290367480425E-08
1.55692487402643E-08
1.53052443861632E-08
1.36797085077283E-08
1.36797085077283E-08
1.28463876862962E-08
1.23160957579614E-08
1.19312133026967E-08
1.19312133026967E-08
1.19312133026967E-08
1.14176087752073E-08
9.40803052640677E-09
9.02023133555419E-09
9.02023133555419E-09
9.02023133555419E-09
7.00357382260669E-09
6.53053137519022E-09
6.53053137519022E-09
5.65967296191908E-09
4.86499470382991E-09
4.86499470382991E-09
3.9178201121567E-09
3.9178201121567E-09
3.9178201121567E-09
3.9178201121567E-09
3.669518349717E-09
3.669518349717E-09
3.669518349717E-09
3.669518349717E-09
3.669518349717E-09
3.43582819186634E-09
3.43582819186634E-09
3.12476062055652E-09
3.12476062055652E-09
2.88233717819452E-09
2.88233717819452E-09
2.63621227442317E-09
2.03874110446958E-09
2.03874110446958E-09
1.73995427204477E-09
1.73995427204477E-09
1.73995427204477E-09
1.73995427204477E-09
1.66413501065248E-09
1.66413501065248E-09
1.40354730671435E-09
1.40354730671435E-09
1.40354730671435E-09
1.1455786797988E-09
9.66787240135672E-10
9.66787240135672E-10
9.66787240135672E-10
9.66787240135672E-10
9.38659077057798E-10
7.51311125627305E-10
7.51311125627305E-10
7.51311125627305E-10
7.51311125627305E-10
7.25713423988518E-10
7.25713423988518E-10
7.25713423988518E-10
7.25713423988518E-10
5.60544835169833E-10
5.60544835169833E-10
5.27972041128226E-10
5.27972041128226E-10
5.27972041128226E-10
4.52234941252004E-10
4.52234941252004E-10
4.52234941252004E-10
4.49275010855167E-10
3.43459228315807E-10
3.43459228315807E-10
3.43459228315807E-10
3.43459228315807E-10
2.40223769509439E-10
2.40223769509439E-10
2.40223769509439E-10
2.40223769509439E-10
2.20931391747286E-10
2.11023206271064E-10
2.09789381223763E-10
2.09789381223763E-10
2.02664801162585E-10
2.02664801162585E-10
2.02664801162585E-10
1.60284614471516E-10
1.60284614471516E-10
1.42913399102147E-10
1.42913399102147E-10
1.42913399102147E-10
1.42913399102147E-10
1.42913399102147E-10
1.42913399102147E-10
1.40377874417413E-10
1.33153079700909E-10
1.33153079700909E-10
1.2534055423113E-10
1.2534055423113E-10
1.23883756391178E-10
1.06951063374322E-10
1.06951063374322E-10
1.06951063374322E-10
1.06229904161242E-10
9.65532547175567E-11
9.11069425332823E-11
9.11069425332823E-11
9.11069425332823E-11
8.46109254234356E-11
8.46109254234356E-11
8.46109254234356E-11
8.46109254234356E-11
7.65996965754369E-11
7.63278719441012E-11
7.63278719441012E-11
6.84738729040315E-11
6.84738729040315E-11
6.84738729040315E-11
5.75117161356259E-11
5.75117161356259E-11

