7.47471563052639
2.64802874157248
2.64802874157248
1.98772431918285
1.6061691494388
1.23810902858568
0.860298136296271
0.860298136296271
0.860298136296271
0.860298136296271
0.656094263613454
0.656094263613454
0.641489608713354
0.641489608713354
0.576058900867698
0.552475278547108
0.498516056073316
0.435248688693175
0.423367145690026
0.423367145690026
0.420585620792539
0.399642085430657
0.39625308257434
0.312035286558437
0.312035286558437
0.268329167000583
0.268329167000583
0.234741689808325
0.234741689808325
0.234741689808325
0.205590929240746
0.205590929240746
0.19930055492881
0.182365589344475
0.182365589344475
0.17978161159187
0.17978161159187
0.17978161159187
0.151697021302887
0.151697021302887
0.151697021302887
0.151697021302887
0.151697021302887
0.14107257438867
0.14107257438867
0.14107257438867
0.108803437643261
0.108803437643261
0.0958350364318353
0.0958350364318353
0.0958350364318353
0.0851540533945543
0.0851540533945543
0.0783233680797893
0.0783233680797893
0.0783233680797893
0.0726250674141712
0.0726250674141712
0.0664132600684283
0.0596819426099431
0.0596819426099431
0.0519639597734842
0.0519639597734842
0.0519639597734842
0.0489605924206815
0.0489605924206815
0.0406199932814407
0.0406199932814407
0.0391553047677516
0.0285549263783704
0.0285549263783704
0.0285549263783704
0.0285549263783704
0.0259880113518035
0.0259880113518035
0.0203125151868332
0.0203125151868332
0.0203125151868332
0.0203125151868332
0.0203125151868332
0.0203125151868332
0.0181460282442986
0.0159591113993622
0.0138975272485125
0.0131029325611135
0.0131029325611135
0.0131029325611135
0.0131029325611135
0.0131029325611135
0.0131029325611135
0.0129426249109407
0.0126365145395093
0.0108013368904795
0.0108013368904795
0.0108013368904795
0.00898364310796554
0.00898364310796554
0.00898364310796554
0.00881597839826105
0.00861959943977947
0.0077879690225
0.00642276647211221
0.00640847646120288
0.00570797342743005
0.00548269874194097
0.00471139180164529
0.00438545407291263
0.00431644429471966
0.00431644429471966
0.00364963916657685
0.00364963916657685
0.00364963916657685
0.00364963916657685
0.00349708686902202
0.003171118338572
0.00295327204857633
0.00295327204857633
0.00291332427162957
0.00247162851309165
0.00247162851309165
0.00245273267218532
0.00245273267218532
0.00236638932853726
0.00236638932853726
0.00210030793749295
0.00210030793749295
0.00205145041143547
0.00205145041143547
0.00205145041143547
0.00192777176502272
0.00191699541057711
0.00189290015661407
0.00187847441804015
0.00183629853313908
0.00155771881042559
0.00155771881042559
0.00155771881042559
0.00155771881042559
0.00152151129103247
0.00141346246886161
0.00110219186712634
0.00110219186712634
0.00110219186712634
0.000953976803938988
0.000953976803938988
0.000953976803938988
0.000953976803938988
0.000944374684727753
0.000918059625264284
0.000850617678907163
0.000813891288502401
0.000790443673245361
0.000706663150893619
0.000670816377227759
0.000625298985810874
0.000621453501140858
0.000512604611167275
0.000512604611167275
0.000512604611167275
0.000440836843556661
0.000440836843556661
0.000421398200842032
0.000408455915206054
0.000408455915206054
0.000408455915206054
0.000408455915206054
0.000389622875356698
0.000378932214937916
0.000378932214937916
0.000358525054003977
0.000358525054003977
0.000324637893368038
0.000324637893368038
0.000312040426714295
0.000222613107064608
0.000222613107064608
0.000222613107064608
0.000222613107064608
0.000222613107064608
0.000222613107064608
0.000222613107064608
0.000206140473950718
0.000202910625346053
0.000198660874379444
0.0001861366433132
0.0001861366433132
0.000185928875264516
0.000151241967391933
0.000151241967391933
0.000151241967391933
0.000151241967391933
0.000151241967391933
0.000151241967391933
0.000148198927869996
0.000148198927869996
0.00013794631706175
0.000132851874703343
0.000120762396068749
0.000112806323283013
0.000112806323283013
0.000104828588982174
0.000104828588982174
8.34147869389944E-05
8.34147869389944E-05
8.34147869389944E-05
8.34147869389944E-05
8.34147869389944E-05
8.29072858756876E-05
7.45808193253219E-05
7.3869807181549E-05
7.3869807181549E-05
6.95920306140985E-05
6.95920306140985E-05
6.91857557057946E-05
6.03092973269996E-05
6.03092973269996E-05
5.86048815272715E-05
5.86048815272715E-05
5.86048815272715E-05
5.86048815272715E-05
5.69014190887832E-05
5.69014190887832E-05
5.69014190887832E-05
5.51180938466222E-05
5.51180938466222E-05
5.23087524245204E-05
5.08142204397869E-05
5.08142204397869E-05
4.65547833673126E-05
4.4173017729524E-05
4.4173017729524E-05
3.47192403300761E-05
3.45764442170545E-05
3.45764442170545E-05
3.39663334087204E-05
2.95560969308516E-05
2.95560969308516E-05
2.62243062255969E-05
2.62243062255969E-05
2.62243062255969E-05
1.94455714670652E-05
1.94455714670652E-05
1.94455714670652E-05
1.69617575874435E-05
1.61553748166087E-05
1.61553748166087E-05
1.61553748166087E-05
1.55181931819848E-05
1.55181931819848E-05
1.55181931819848E-05
1.55181931819848E-05
1.48381501510464E-05
1.4527168218761E-05
1.4527168218761E-05
1.39926678954248E-05
1.36516305902415E-05
1.17543710190309E-05
1.17543710190309E-05
1.17543710190309E-05
1.17543710190309E-05
1.17543710190309E-05
1.17543710190309E-05
1.07446347795286E-05
1.01984951670956E-05
9.23085709420249E-06
9.23085709420249E-06
8.99921446055308E-06
7.24756946307731E-06
6.72635395267469E-06
6.72635395267469E-06
6.64061468542112E-06
6.63272636683771E-06
6.63272636683771E-06
6.41933417174326E-06
6.36055950064453E-06
6.36055950064453E-06
6.2708679977072E-06
6.2708679977072E-06
5.59798135827091E-06
4.99984217222974E-06
4.99984217222974E-06
4.02900814123374E-06
4.02900814123374E-06
3.36649030340816E-06
3.36649030340816E-06
3.36649030340816E-06
3.36649030340816E-06
3.26337782054898E-06
3.26337782054898E-06
3.26337782054898E-06
3.03691842364647E-06
2.82070656055432E-06
2.24708959765886E-06
2.12656956642916E-06
2.12656956642916E-06
2.12656956642916E-06
1.40636309689973E-06
1.40636309689973E-06
1.1946582993135E-06
1.09717580765215E-06
1.09717580765215E-06
7.6712413863922E-07
7.6712413863922E-07
7.6712413863922E-07
7.6712413863922E-07
6.60177585519042E-07
6.60177585519042E-07
6.60177585519042E-07
6.60177585519042E-07
6.60177585519042E-07
6.4399596531588E-07
5.48732410323181E-07
5.48732410323181E-07
4.85629770488131E-07
4.85629770488131E-07
4.85629770488131E-07
4.67529859233094E-07
4.67529859233094E-07
4.67529859233094E-07
4.4929571193963E-07
3.98883970838997E-07
3.98883970838997E-07
3.98883970838997E-07
3.98883970838997E-07
3.92054470725952E-07
3.72862443857219E-07
3.27072727972822E-07
3.27072727972822E-07
2.98938285202749E-07
2.98938285202749E-07
2.79843046755467E-07
2.5616394361229E-07
2.35240089264765E-07
2.35240089264765E-07
2.11257054131073E-07
1.88600103098866E-07
1.88600103098866E-07
1.87542459428152E-07
1.87542459428152E-07
1.55825109736548E-07
1.55825109736548E-07
1.55825109736548E-07
1.55825109736548E-07
1.23904575104148E-07
1.23904575104148E-07
1.23904575104148E-07
1.23904575104148E-07
1.22403206075473E-07
1.05646696845807E-07
1.03477540451919E-07
1.03137575392289E-07
1.03137575392289E-07
1.03137575392289E-07
9.11711741188075E-08
7.3597989256953E-08
6.68765546548435E-08
6.68765546548435E-08
6.68765546548435E-08
6.05727301392152E-08
6.05727301392152E-08
5.62281570932211E-08
5.25302295377282E-08
5.25302295377282E-08
4.17920852845744E-08
4.17920852845744E-08
4.17920852845744E-08
4.17920852845744E-08
3.55295719745727E-08
3.55295719745727E-08
3.55295719745727E-08
3.55295719745727E-08
2.98389362254262E-08
2.98389362254262E-08
2.8170975737939E-08
2.58809211286729E-08
2.58809211286729E-08
2.52856198127792E-08
2.52856198127792E-08
2.24053409125778E-08
2.15152406944067E-08
2.15152406944067E-08
2.07207853315292E-08
1.83821038158137E-08
1.83821038158137E-08
1.8317168364942E-08
1.82902739111184E-08
1.82902739111184E-08
1.82902739111184E-08
1.64072816753924E-08
1.30337188771938E-08
1.30337188771938E-08
1.07551357432129E-08
1.04477752921089E-08
9.1538779532433E-09
9.1538779532433E-09
8.70657134041152E-09
8.21159140569145E-09
7.99939053555791E-09
7.45683719891257E-09
7.45683719891257E-09
6.72189711428756E-09
4.69834551535435E-09
4.69834551535435E-09
4.69834551535435E-09
4.69834551535435E-09
4.67694514544005E-09
4.67694514544005E-09
4.33340649500562E-09
4.21175565711987E-09
4.21175565711987E-09
4.21175565711987E-09
3.56100006664457E-09
3.56100006664457E-09
3.19065740527982E-09
3.19065740527982E-09
3.10778655186386E-09
2.98237963748791E-09
2.98237963748791E-09
2.98237963748791E-09
2.95712518498984E-09
2.95501360791879E-09
2.91745754912425E-09
2.66845757005527E-09
2.58077206436718E-09
2.35393529878046E-09
2.12211450731939E-09
2.12211450731939E-09
2.12211450731939E-09
2.12211450731939E-09
1.78990399750706E-09
1.56556871620875E-09
1.56556871620875E-09
1.53412729624253E-09
1.51439027435654E-09
1.51439027435654E-09
1.46235538915341E-09
1.46235538915341E-09
1.29261279874498E-09
1.2363656670689E-09
1.12954536829361E-09
1.12954536829361E-09
1.12954536829361E-09
1.12954536829361E-09
1.12954536829361E-09
1.12954536829361E-09
1.10235348841418E-09
1.011860935342E-09
9.46699897453526E-10
9.46699897453526E-10
9.29401905565955E-10
8.52842590697026E-10
8.52842590697026E-10
8.52842590697026E-10
8.52842590697026E-10
8.52842590697026E-10
8.52842590697026E-10
8.30094427514715E-10
8.22735840927976E-10
8.13027854028118E-10
7.48136589344693E-10
7.46524600565459E-10
7.39357119538357E-10
6.79222936213434E-10
6.33309721775705E-10
6.33309721775705E-10
6.21532058504978E-10
5.63631535040995E-10
5.17990612314401E-10
5.17990612314401E-10
4.6099442968752E-10
4.6099442968752E-10
4.6099442968752E-10
3.91875069194923E-10
3.88208427202573E-10
3.4895929563827E-10
3.38158905965252E-10
2.83791969811431E-10
2.58915691400765E-10
2.58915691400765E-10
2.49445254604044E-10
2.16087145047315E-10
2.16087145047315E-10
2.16087145047315E-10
1.99682864939879E-10
1.99682864939879E-10
1.47714425305185E-10
1.47714425305185E-10
1.47714425305185E-10
1.30523465668751E-10
1.30523465668751E-10
1.30523465668751E-10
1.30491001758432E-10
1.26119779128609E-10
1.03883876914879E-10
1.03267226279046E-10
1.03267226279046E-10
1.03267226279046E-10
8.36855299151234E-11
8.36855299151234E-11
8.10956206082234E-11

