7.37334881858927
3.54369015244579
3.54369015244579
3.00404542988026
2.99872000773323
2.49102253723362
2.20052864830679
0.972772981378626
0.972772981378626
0.972772981378626
0.972772981378626
0.972772981378626
0.893869735451478
0.893869735451478
0.873285484994577
0.873285484994577
0.782778264961015
0.752288360966967
0.721834433853147
0.721834433853147
0.68455420703948
0.68455420703948
0.68455420703948
0.68455420703948
0.653527024134033
0.500869618083027
0.500869618083027
0.42142580535442
0.42142580535442
0.42142580535442
0.292750088241586
0.292750088241586
0.271407559750569
0.271407559750569
0.271407559750569
0.242744970486311
0.242744970486311
0.218284648454352
0.218284648454352
0.217801918312105
0.200427495818027
0.200427495818027
0.152241977497933
0.152241977497933
0.152241977497933
0.152241977497933
0.152241977497933
0.122766252234601
0.122766252234601
0.122766252234601
0.122766252234601
0.1181632225635
0.1181632225635
0.113873945696881
0.11373971046635
0.11373971046635
0.106920068706086
0.0942884832657878
0.0942884832657878
0.0868563774957969
0.0786473621883718
0.0780722915087407
0.0780722915087407
0.0752576813387208
0.0751877901525668
0.0649602018779178
0.0622424335141193
0.0538730339056325
0.0538730339056325
0.0527944676766893
0.0527944676766893
0.0509121227904242
0.0345800472877942
0.0345800472877942
0.0345800472877942
0.0345800472877942
0.03423998111924
0.03423998111924
0.03423998111924
0.0312401538983955
0.0312401538983955
0.0312401538983955
0.0312401538983955
0.0272672942422541
0.0272672942422541
0.0221391175300684
0.0221391175300684
0.0221391175300684
0.0221391175300684
0.0221391175300684
0.0221391175300684
0.020420394427096
0.0189278437268966
0.0189278437268966
0.0153417660464536
0.0153417660464536
0.0136674640490566
0.0130911396940218
0.0130911396940218
0.0130911396940218
0.0130911396940218
0.0103158506959945
0.0103158506959945
0.0101954160142442
0.0101954160142442
0.00744531680705524
0.00744531680705524
0.00744531680705524
0.00744531680705524
0.00673454024252687
0.00651585560789914
0.00651585560789914
0.00651585560789914
0.00639911200743063
0.00639911200743063
0.00639911200743063
0.00623388432270517
0.00623388432270517
0.0058768571301973
0.00577378486670128
0.00562859506150375
0.00558116148530727
0.00544172528014815
0.00544172528014815
0.00542369507744506
0.00494960157253441
0.00463738702886904
0.00438114575886754
0.00438114575886754
0.00393354211640959
0.00393354211640959
0.00393354211640959
0.00355331428716743
0.00355100100284264
0.00355100100284264
0.00326243953417746
0.00287705587204044
0.00287705587204044
0.00287705587204044
0.00287705587204044
0.00287705587204044
0.00287705587204044
0.0027049249963775
0.00179716463937585
0.00179716463937585
0.00179716463937585
0.00179716463937585
0.00179716463937585
0.00141468934095974
0.00132034872905096
0.00132034872905096
0.00115831266693049
0.00113900734439184
0.00101960337861474
0.000947484642723576
0.000947484642723576
0.000846096763876462
0.000609502429670752
0.000609502429670752
0.000609502429670752
0.000609502429670752
0.000609502429670752
0.000609502429670752
0.000578346758879507
0.000578346758879507
0.000578346758879507
0.000543686408311302
0.000543686408311302
0.000543686408311302
0.000483019965877452
0.000483019965877452
0.000417173140447799
0.000397326435535401
0.000369381403206472
0.000369381403206472
0.000369381403206472
0.000369381403206472
0.000369381403206472
0.000344179002626619
0.000337739939332723
0.000317263545226675
0.00022712511494737
0.00022712511494737
0.000176036723090145
0.000176036723090145
0.000176036723090145
0.000176036723090145
0.000176036723090145
0.00014294181262886
0.00013337328797619
0.00013337328797619
0.000128055565824105
0.000114573167363398
0.000114573167363398
0.000114573167363398
0.000102514032436894
9.5028211522004E-05
8.5621322219809E-05
8.5621322219809E-05
8.22425926087355E-05
8.22425926087355E-05
8.22425926087355E-05
7.86377322382451E-05
7.86377322382451E-05
7.68175572599516E-05
7.376221451716E-05
7.15323011169959E-05
7.15323011169959E-05
7.15323011169959E-05
7.15323011169959E-05
7.09813333352917E-05
6.69121360995189E-05
6.63481628114201E-05
6.48725954604725E-05
6.48725954604725E-05
6.48725954604725E-05
6.30043086392E-05
6.30043086392E-05
5.97896332226743E-05
5.97896332226743E-05
5.97896332226743E-05
5.97896332226743E-05
5.46647470026251E-05
5.46647470026251E-05
5.03036837457851E-05
5.03036837457851E-05
4.26456805386704E-05
4.26456805386704E-05
3.62669578983063E-05
3.62669578983063E-05
3.57845149312429E-05
3.38875255638807E-05
3.33207834452381E-05
3.08550205382981E-05
3.08550205382981E-05
2.51081756344615E-05
2.51081756344615E-05
2.51081756344615E-05
2.38778918214538E-05
2.11354627623521E-05
2.11354627623521E-05
2.09650170361782E-05
1.77455699560574E-05
1.77455699560574E-05
1.67620960341534E-05
1.54976886782467E-05
1.54976886782467E-05
1.54976886782467E-05
1.54976886782467E-05
1.47879127168763E-05
1.22681368414165E-05
1.22681368414165E-05
1.09125871172826E-05
1.01188566672603E-05
9.41143943740774E-06
9.41143943740774E-06
9.41143943740774E-06
9.41143943740774E-06
9.41143943740774E-06
7.6759252052512E-06
7.6759252052512E-06
7.6759252052512E-06
7.6759252052512E-06
7.40493612194682E-06
7.40493612194682E-06
7.37710404404905E-06
7.04268802974325E-06
7.04268802974325E-06
6.39781985874758E-06
6.39781985874758E-06
6.08207666947457E-06
5.73714010652336E-06
5.58504860988608E-06
4.99381858388724E-06
4.99381858388724E-06
4.6281574351897E-06
4.6281574351897E-06
4.2265196562605E-06
4.2265196562605E-06
3.73593134933982E-06
3.73593134933982E-06
3.73593134933982E-06
3.73593134933982E-06
3.5544693237235E-06
3.37299745638237E-06
2.40376083665197E-06
2.40376083665197E-06
2.33619809389872E-06
2.11661858854511E-06
2.07025823185665E-06
2.07025823185665E-06
1.82875856053927E-06
1.82875856053927E-06
1.82875856053927E-06
1.82875856053927E-06
1.66754595550384E-06
1.51060695323464E-06
1.51060695323464E-06
1.41046808380382E-06
1.41046808380382E-06
1.41046808380382E-06
1.41046808380382E-06
1.41046808380382E-06
1.38144557505223E-06
1.35208199511166E-06
1.35141284908932E-06
1.34750413305658E-06
1.08407750888067E-06
9.7981507354068E-07
8.27099801116427E-07
6.39825721553866E-07
6.39825721553866E-07
6.39825721553866E-07
6.39825721553866E-07
5.77021627401199E-07
5.46385000795363E-07
5.45026404503307E-07
5.22200585058803E-07
4.94531600918676E-07
4.94531600918676E-07
4.26998435191021E-07
4.26998435191021E-07
4.19917653081127E-07
4.19917653081127E-07
3.87814682307598E-07
3.38631323762962E-07
3.38631323762962E-07
3.38631323762962E-07
3.27906233470353E-07
3.27906233470353E-07
2.93423165652212E-07
2.93423165652212E-07
2.86065005362209E-07
2.76609066285682E-07
2.53051679932758E-07
2.53051679932758E-07
2.19420176456274E-07
2.19420176456274E-07
2.19420176456274E-07
2.15462178499855E-07
2.15462178499855E-07
1.98125056566781E-07
1.98125056566781E-07
1.98125056566781E-07
1.8950760174134E-07
1.81502705997045E-07
1.62877811918193E-07
1.45964689660726E-07
1.45964689660726E-07
1.28172563776147E-07
1.16554107828464E-07
1.07321875412505E-07
1.07321875412505E-07
1.07321875412505E-07
1.07321875412505E-07
9.16968654009071E-08
8.45628381922825E-08
8.45628381922825E-08
7.68941638899582E-08
7.68941638899582E-08
7.57342471789899E-08
7.57342471789899E-08
7.57342471789899E-08
7.57342471789899E-08
7.10264429653271E-08
6.11080133951039E-08
5.28518994369887E-08
5.28518994369887E-08
4.87202901365274E-08
4.79195105283734E-08
4.79195105283734E-08
4.79195105283734E-08
3.50246898449008E-08
3.50246898449008E-08
3.50246898449008E-08
3.46723425537851E-08
3.46723425537851E-08
3.41700599253209E-08
3.23196771207771E-08
3.23196771207771E-08
3.03571304756339E-08
2.9725897151832E-08
2.89127586517643E-08
2.68491744245464E-08
2.68491744245464E-08
2.68491744245464E-08
2.62210634579693E-08
2.62210634579693E-08
2.34287199381669E-08
2.34287199381669E-08
2.34287199381669E-08
2.34287199381669E-08
2.34287199381669E-08
1.96196292742668E-08
1.96196292742668E-08
1.86251217261185E-08
1.86251217261185E-08
1.38307198153022E-08
1.38307198153022E-08
1.38307198153022E-08
1.38307198153022E-08
1.24173877669711E-08
1.02770333088109E-08
1.02770333088109E-08
1.02770333088109E-08
1.02770333088109E-08
1.02770333088109E-08
9.57687729077122E-09
9.57687729077122E-09
9.57687729077122E-09
8.78068236618953E-09
8.5381129897689E-09
7.5474045966995E-09
7.4593473895166E-09
6.49531538764607E-09
5.66727793153506E-09
5.66727793153506E-09
5.66727793153506E-09
5.66727793153506E-09
5.66727793153506E-09
4.74344050742385E-09
4.69120646219052E-09
4.00502610793915E-09
3.6394668413558E-09
3.60352823144074E-09
3.60352823144074E-09
3.60352823144074E-09
3.60352823144074E-09
3.43499041197607E-09
3.43499041197607E-09
3.43499041197607E-09
3.43499041197607E-09
3.20758045719388E-09
2.88659863669382E-09
2.84078093886149E-09
2.84078093886149E-09
2.84078093886149E-09
2.73363259014773E-09
2.22462170742242E-09
2.01402350456027E-09
2.01402350456027E-09
2.01402350456027E-09
2.01402350456027E-09
2.01402350456027E-09
1.90392159490375E-09
1.88838146747231E-09
1.80379402446772E-09
1.77757340430545E-09
1.77757340430545E-09
1.77757340430545E-09
1.63796887881036E-09
1.63796887881036E-09
1.53706692559934E-09
1.5178642824756E-09
1.43835117547232E-09
1.43835117547232E-09
1.43835117547232E-09
1.43835117547232E-09
1.43835117547232E-09
1.43439088724495E-09
1.43439088724495E-09
1.42721380259419E-09
1.34383150565809E-09
1.3352216597826E-09
1.1063530979591E-09
9.13922129426102E-10
8.41888002401912E-10
8.41888002401912E-10
8.41347485068607E-10
8.30559890099114E-10
8.30559890099114E-10
5.48135445267552E-10
5.48135445267552E-10
5.48135445267552E-10
5.32634782104365E-10
5.32634782104365E-10
4.95480969613355E-10
4.95480969613355E-10
4.95480969613355E-10
4.76212397803798E-10
4.13931383729583E-10
4.13931383729583E-10
2.83511241622628E-10
2.83511241622628E-10
2.81313574939678E-10
2.81313574939678E-10
2.81313574939678E-10
1.82228938717505E-10
1.82228938717505E-10
1.82228938717505E-10
1.82228938717505E-10
1.82228938717505E-10
1.76824019651956E-10
1.76824019651956E-10
1.76824019651956E-10
1.74504185415126E-10
1.736503488057E-10
1.7125640293656E-10
1.54584453543394E-10
1.54584453543394E-10

