0.303595725245948
0.119814689958524
0.0757726423890021
0.0757726423890021
0.0757726423890021
0.0757726423890021
0.0757726423890021
0.0587838340097733
0.0587838340097733
0.0587838340097733
0.0587838340097733
0.0587838340097733
0.0587838340097733
0.0587838340097733
0.0182360895567068
0.0182360895567068
0.0182360895567068
0.0105527125237458
0.0105527125237458
0.0105527125237458
0.0105527125237458
0.0105527125237458
0.0105527125237458
0.00779092971782935
0.00779092971782935
0.00779092971782935
0.00779092971782935
0.00779092971782935
0.00615053635331508
0.00615053635331508
0.00615053635331508
0.00360434841621771
0.00360434841621771
0.00238770291538937
0.00238770291538937
0.000944383961090201
0.000944383961090201
0.000264290899193553
0.000264290899193553
0.000264290899193553
0.000264290899193553
0.000264290899193553
0.000264290899193553
0.000264290899193553
0.000264290899193553
0.000264290899193553
0.000264290899193553
0.000264290899193553
0.000264290899193553
0.000264290899193553
0.000264290899193553
0.000264290899193553
0.000264290899193553
0.000264290899193553
0.000264290899193553
0.000264290899193553
0.000264290899193553
0.000264290899193553
0.000264290899193553
0.000264290899193553
0.000264290899193553
0.000264290899193553
0.000264290899193553
0.000162636362010082
0.000162636362010082
0.000162636362010082
0.000156363967251938
0.000156363967251938
0.000156363967251938
0.000156363967251938
0.000141479870783501
0.000141479870783501
0.00013418921145314
0.00013418921145314
0.00013418921145314
0.00013418921145314
9.77024163368867E-05
9.77024163368867E-05
7.18099879186695E-05
7.18099879186695E-05
7.18099879186695E-05
7.18099879186695E-05
7.18099879186695E-05
7.18099879186695E-05
7.18099879186695E-05
7.18099879186695E-05
5.22793330806666E-05
5.22793330806666E-05
5.22793330806666E-05
5.22793330806666E-05
5.22793330806666E-05
5.22793330806666E-05
4.94001312272658E-05
4.94001312272658E-05
4.94001312272658E-05
1.19780032677237E-05
0
0
0
0
0
0
0
0
0
0
0
0
0
0
0
0
0
0
0
0
0
0
0
0
0
0
0
0
0
0
0
0
0
0
0
0
0
0
0
0
0
0
0
0
0
0
0
0
0
0
0
0
0
0
0
0
0
0
0
0
0
0
0
0
0
0
0
0
0
0
0
0
0
0
0
0
0
0
0
0
0
0
0
0
0
0
0
0
0
0
0
0
0
0
0
0
0
0
0
0
0
0
0
0
0
0
0
0
0
0
0
0
0
0
0
0
0
0
0
0
0
0
0
0
0
0
0
0
0
0
0
0
0
0
0
0
0
0
0
0
0
0
0
0
0
0
0
0
0
0
0
0
0
0
0
0
0
0
0
0
0
0
0
0
0
0
0
0
0
0
0
0
0
0
0
0
0
0
0
0
0
0
0
0
0
0
0
0
0
0
0
0
0
0
0
0
0
0
0
0
0
0
0
0
0
0
0
0
0
0
0
0
0
0
0
0
0
0
0
0
0
0
0
0
0
0
0
0
0
0
0
0
0
0
0
0
0
0
0
0
0
0
0
0
0
0
0
0
0
0
0
0
0
0
0
0
0
0
0
0
0
0
0
0
0
0
0
0
0
0
0
0
0
0
0
0
0
0
0
0
0
0
0
0
0
0
0
0
0
0
0
0
0
0
0
0
0
0
0
0
0
0
0
0
0
0
0
0
0
0
0
0
0
0
0
0
0
0
0
0
0
0
0
0
0
0
0
0
0
0
0
0
0
0
0
0
0
0
0
0
0
0
0
0
0
0
0
0
0
0
0
0
0
0
0
0
0
0
0
0
0
0
0
0
0
0
0
0
0
0
0
0
0
0
0
0
0
0
0
0
0
0
0
0
0
0
0
0
0
0
0
0
0
0
0
0
0
0
0
0
0
0
0
0

