0.114536798236206
0.0984066010023247
0.0918647938114692
0.0918647938114692
0.0102213814083521
0.0102213814083521
0.0102213814083521
0.0102213814083521
0.0102213814083521
0.0102213814083521
0.0102213814083521
0.0102213814083521
0.0102213814083521
0.0102213814083521
0.0102213814083521
0.0102213814083521
0.0102213814083521
0.0102213814083521
0.0102213814083521
0.0102213814083521
0.0102213814083521
0.0102213814083521
0.0102213814083521
0.0102213814083521
0.0102213814083521
0.0102213814083521
0.0102213814083521
0.0102213814083521
0.0102213814083521
0.0102213814083521
0.0102213814083521
0.0102213814083521
0.0102213814083521
0.0102213814083521
0.0102213814083521
0.0102213814083521
0.0098527391319956
0.00827976102028521
0.00827976102028521
0.00786161999794103
0.00441013700380107
0.00441013700380107
0.00441013700380107
0.00421751480517124
0.00421751480517124
0.00421751480517124
0.00421751480517124
0.00421751480517124
0.00392336036096593
0.00392336036096593
0.00184986680838061
0.00184986680838061
0.00184986680838061
0.00081066039884854
0.00081066039884854
0.00081066039884854
0.00081066039884854
0.00081066039884854
0.00081066039884854
0.00081066039884854
0.00081066039884854
0.00081066039884854
0.00081066039884854
0.000799697845501853
0.000450913701619398
0.000450913701619398
0.00026611841751973
0.00026611841751973
0.00026611841751973
0.00026611841751973
0.00026611841751973
0.00026611841751973
0.00026611841751973
0.00026611841751973
0.00026611841751973
7.19103956229621E-05
7.19103956229621E-05
7.19103956229621E-05
7.19103956229621E-05
7.19103956229621E-05
7.19103956229621E-05
6.35080936836142E-05
6.35080936836142E-05
2.2005516857406E-05
2.2005516857406E-05
2.2005516857406E-05
2.2005516857406E-05
2.2005516857406E-05
2.2005516857406E-05
2.2005516857406E-05
2.2005516857406E-05
2.2005516857406E-05
2.2005516857406E-05
2.2005516857406E-05
2.2005516857406E-05
2.1020861472562E-05
2.1020861472562E-05
1.94891968114266E-05
1.94891968114266E-05
1.89993928620795E-05
1.89993928620795E-05
1.89993928620795E-05
1.89993928620795E-05
1.67991987617667E-05
1.11062039394095E-05
7.48359650890152E-06
3.58843494897949E-06
3.58843494897949E-06
3.4842214633168E-06
3.4842214633168E-06
2.77610708046001E-06
2.05066734426992E-06
2.05066734426992E-06
2.05066734426992E-06
2.05066734426992E-06
2.05066734426992E-06
2.05066734426992E-06
1.3272204244056E-06
1.3272204244056E-06
1.3272204244056E-06
1.04524207540643E-06
4.22581922842405E-07
4.22581922842405E-07
4.22581922842405E-07
4.22581922842405E-07
4.22581922842405E-07
4.22581922842405E-07
4.22581922842405E-07
4.22581922842405E-07
4.22581922842405E-07
4.22581922842405E-07
4.22581922842405E-07
3.54287698341706E-07
3.54287698341706E-07
2.1796883767118E-07
2.1796883767118E-07
2.1796883767118E-07
1.47523848108955E-07
1.47523848108955E-07
1.47523848108955E-07
1.47523848108955E-07
1.29277330242997E-07
1.08979828700611E-07
1.08979828700611E-07
1.08979828700611E-07
9.61764008010709E-08
9.61764008010709E-08
9.32173908606151E-08
8.63837002805829E-08
8.63837002805829E-08
8.63837002805829E-08
8.63837002805829E-08
8.63837002805829E-08
2.69753318928399E-08
2.69753318928399E-08
2.69753318928399E-08
2.69753318928399E-08
2.69753318928399E-08
8.9956751026549E-09
8.9956751026549E-09
8.9956751026549E-09
8.9956751026549E-09
8.9956751026549E-09
8.9956751026549E-09
8.9956751026549E-09
8.9956751026549E-09
8.9956751026549E-09
8.9956751026549E-09
8.9956751026549E-09
8.9956751026549E-09
8.9956751026549E-09
8.9956751026549E-09
8.9956751026549E-09
8.9956751026549E-09
8.9956751026549E-09
8.9956751026549E-09
8.9956751026549E-09
8.9956751026549E-09
7.94663597940743E-09
7.94663597940743E-09
7.94663597940743E-09
7.94663597940743E-09
4.58788213233598E-09
2.64520976009145E-09
2.64520976009145E-09
2.64520976009145E-09
2.64520976009145E-09
2.64520976009145E-09
2.64520976009145E-09
1.82856435360444E-09
1.82856435360444E-09
1.82856435360444E-09
1.82856435360444E-09
1.82856435360444E-09
1.36460275813143E-09
1.36460275813143E-09
1.29289819806784E-09
1.29289819806784E-09
1.29289819806784E-09
1.29289819806784E-09
1.0997617488996E-09
1.0997617488996E-09
1.04504464092928E-09
1.04504464092928E-09
1.04504464092928E-09
1.04322841146627E-09
1.04322841146627E-09
1.04322841146627E-09
1.04322841146627E-09
1.04322841146627E-09
1.04322841146627E-09
1.04322841146627E-09
8.1502766893682E-10
8.1502766893682E-10
8.1502766893682E-10
8.1502766893682E-10
2.70415086019619E-10
2.70415086019619E-10
2.70415086019619E-10
2.70415086019619E-10
2.16840293847746E-10
1.17049767499917E-10
1.17049767499917E-10
4.83957065679068E-12
4.83957065679068E-12
4.83957065679068E-12
4.83957065679068E-12
4.83957065679068E-12
4.83957065679068E-12
4.83957065679068E-12
4.83957065679068E-12
4.83957065679068E-12
4.83957065679068E-12
4.83957065679068E-12
4.83957065679068E-12
4.83957065679068E-12
4.83957065679068E-12
4.83957065679068E-12
4.83957065679068E-12
4.83957065679068E-12
4.83957065679068E-12
4.83957065679068E-12
4.83957065679068E-12
4.83957065679068E-12
4.83957065679068E-12
4.83957065679068E-12
4.83957065679068E-12
4.83957065679068E-12
4.83957065679068E-12
4.83957065679068E-12
4.83957065679068E-12
4.83957065679068E-12
4.83957065679068E-12
4.83957065679068E-12
4.83957065679068E-12
4.83957065679068E-12
4.83957065679068E-12
4.83957065679068E-12
4.83957065679068E-12
4.83957065679068E-12
4.75697515916271E-12
2.3030343781555E-12
2.3030343781555E-12
2.3030343781555E-12
2.3030343781555E-12
2.3030343781555E-12
2.3030343781555E-12
2.3030343781555E-12
2.05606438886994E-12
2.05606438886994E-12
2.05606438886994E-12
2.05590373106605E-12
1.42262285911325E-12
1.42262285911325E-12
4.56391398251381E-13
4.56391398251381E-13
4.56391398251381E-13
4.56391398251381E-13
1.34000647156158E-13
1.34000647156158E-13
1.34000647156158E-13
1.34000647156158E-13
1.34000647156158E-13
1.34000647156158E-13
1.34000647156158E-13
1.34000647156158E-13
8.32826048982425E-14
8.32826048982425E-14
5.11858942235075E-14
5.11858942235075E-14
2.89426955143376E-14
2.89426955143376E-14
1.65552610117889E-14
1.65552610117889E-14
1.65552610117889E-14
1.65552610117889E-14
1.65552610117889E-14
1.65552610117889E-14
1.65552610117889E-14
1.65552610117889E-14
1.65552610117889E-14
1.54274438051118E-14
1.54274438051118E-14
1.54274438051118E-14
1.39439022624659E-14
1.04509938908971E-14
8.57435635075712E-15
4.27568354545598E-15
1.51654893742244E-15
1.51654893742244E-15
1.51654893742244E-15
1.51654893742244E-15
1.51654893742244E-15
1.51654893742244E-15
1.51654893742244E-15
1.51654893742244E-15
1.51654893742244E-15
1.51654893742244E-15
1.51654893742244E-15
1.51654893742244E-15
1.51654893742244E-15
1.51654893742244E-15
1.51654893742244E-15
1.51654893742244E-15
1.51654893742244E-15
1.51654893742244E-15
1.51654893742244E-15
1.51654893742244E-15
1.51654893742244E-15
1.51654893742244E-15
1.51654893742244E-15
1.51654893742244E-15
1.51654893742244E-15
1.51654893742244E-15
1.51654893742244E-15
1.51654893742244E-15
1.51654893742244E-15
1.51654893742244E-15
1.51654893742244E-15
1.51654893742244E-15
1.51654893742244E-15
1.24581317254898E-15
1.1316437789984E-15
1.1316437789984E-15
1.09408659567828E-15
6.08460057024617E-16
1.62093361003616E-16
1.62093361003616E-16
1.62093361003616E-16
1.62093361003616E-16
1.62093361003616E-16
1.09710202923308E-16
1.09710202923308E-16
1.09710202923308E-16
6.48179113525879E-19
6.48179113525879E-19
6.48179113525879E-19
6.48179113525879E-19
6.48179113525879E-19
6.48179113525879E-19
6.48179113525879E-19
6.48179113525879E-19
6.48179113525879E-19
6.48179113525879E-19
6.48179113525879E-19
6.48179113525879E-19
6.48179113525879E-19
6.48179113525879E-19
6.48179113525879E-19
6.48179113525879E-19
6.48179113525879E-19
6.48179113525879E-19
6.48179113525879E-19
6.48179113525879E-19
6.48179113525879E-19
6.48179113525879E-19
6.48179113525879E-19
6.48179113525879E-19
6.48179113525879E-19
6.48179113525879E-19
5.81034973987147E-19
5.81034973987147E-19
5.81034973987147E-19
5.81034973987147E-19
5.81034973987147E-19
4.78930091809784E-19
4.46318215315831E-19
4.46318215315831E-19
4.46318215315831E-19
4.46318215315831E-19
4.46318215315831E-19
4.27347874253437E-19
4.27347874253437E-19
4.27347874253437E-19
4.27347874253437E-19
4.27347874253437E-19
4.27347874253437E-19
4.27347874253437E-19
4.27347874253437E-19
4.27347874253437E-19
4.27347874253437E-19
4.27347874253437E-19
4.27347874253437E-19
4.27347874253437E-19
1.97954561262636E-19
1.97954561262636E-19
1.97954561262636E-19
1.97954561262636E-19
1.97954561262636E-19
1.97954561262636E-19
1.97954561262636E-19
1.97954561262636E-19
1.97954561262636E-19
1.97954561262636E-19
1.97954561262636E-19
1.97954561262636E-19
1.97954561262636E-19
1.97954561262636E-19
1.97954561262636E-19
1.97954561262636E-19
1.97954561262636E-19
1.97954561262636E-19
1.97954561262636E-19
1.97954561262636E-19
1.97954561262636E-19
1.97954561262636E-19
1.97954561262636E-19
1.97954561262636E-19
1.97954561262636E-19
1.91912540153792E-19
1.91912540153792E-19
1.47788607488908E-19
6.14643336439802E-20
6.14643336439802E-20
4.96196458875779E-20
4.96196458875779E-20
3.043049855294E-20
3.043049855294E-20
3.043049855294E-20
3.043049855294E-20
3.043049855294E-20
3.043049855294E-20
3.043049855294E-20
3.043049855294E-20
3.043049855294E-20
3.043049855294E-20
2.67937029636313E-20
2.34125754606509E-20
2.34125754606509E-20
7.31976698007884E-21
7.31976698007884E-21
7.31976698007884E-21
6.20581199660611E-21
6.20581199660611E-21
6.20581199660611E-21
6.20581199660611E-21
6.20581199660611E-21
6.20581199660611E-21
6.20581199660611E-21
4.85342370902273E-21
4.85342370902273E-21
4.85342370902273E-21
4.85342370902273E-21
3.35070464351942E-21
3.35070464351942E-21
3.35070464351942E-21
3.35070464351942E-21
3.35070464351942E-21
3.35070464351942E-21
3.35070464351942E-21
3.35070464351942E-21
3.35070464351942E-21
3.35070464351942E-21
3.35070464351942E-21
3.34420783655915E-21
3.34420783655915E-21
3.34420783655915E-21
3.34420783655915E-21
3.34420783655915E-21
3.34420783655915E-21
1.99413022731669E-21
1.99413022731669E-21
1.35289152309016E-21
7.6210063389953E-22
3.46367852828544E-22
2.87495018238404E-22
2.44527268641137E-22
2.44527268641137E-22
2.44527268641137E-22
1.36248021745117E-22
1.13844611455931E-22
1.05392664661409E-22
9.92240958128947E-23
9.92240958128947E-23
9.60504948262072E-23
9.60504948262072E-23
9.60504948262072E-23
9.60504948262072E-23
9.60504948262072E-23
8.76419751515367E-23

