0.0277366538102918
0.0277366538102918
0.0277366538102918
0.0277366538102918
0.0277366538102918
0.0253446172681768
0.0114752560476459
0.00679758408454645
0.00679758408454645
0.00679758408454645
0.00679758408454645
0.00679758408454645
0.00679758408454645
0.00468524292153438
0.00468524292153438
0.00291818485857909
0.00291818485857909
0.00291818485857909
0.00291818485857909
0.00291818485857909
0.00165190350153965
0.00165190350153965
0.00165190350153965
0.00165190350153965
0.0013207196615892
0.0013207196615892
0.0013207196615892
0.0013207196615892
0.0013207196615892
0.0013207196615892
0.0013207196615892
0.00117943286888289
0.000837938958642037
0.000435068797812965
0.000435068797812965
0.000435068797812965
0.000435068797812965
0.000435068797812965
0.000320203996696966
0.000320203996696966
0.000308033379114114
8.99635822672051E-05
8.99635822672051E-05
8.99635822672051E-05
7.36459654777644E-05
7.36459654777644E-05
4.179079955835E-05
4.179079955835E-05
4.179079955835E-05
4.179079955835E-05
4.179079955835E-05
1.53456880174208E-05
1.53456880174208E-05
1.53456880174208E-05
1.04575150624564E-05
1.04575150624564E-05
1.04575150624564E-05
1.04575150624564E-05
1.04575150624564E-05
1.04575150624564E-05
1.04575150624564E-05
1.04575150624564E-05
1.04575150624564E-05
1.04575150624564E-05
1.04575150624564E-05
1.04575150624564E-05
4.71279243363654E-06
4.71279243363654E-06
4.71279243363654E-06
4.71279243363654E-06
4.71279243363654E-06
4.64531986521521E-06
4.20726125871518E-06
3.53471928893345E-06
1.91525827653027E-06
1.91525827653027E-06
9.82710486874261E-07
9.82710486874261E-07
7.84587415814109E-07
7.84587415814109E-07
7.84587415814109E-07
7.84587415814109E-07
7.84587415814109E-07
7.84587415814109E-07
7.84587415814109E-07
7.84587415814109E-07
7.84587415814109E-07
5.78388990701839E-07
5.78388990701839E-07
5.78388990701839E-07
5.78388990701839E-07
4.18972898263981E-07
4.18972898263981E-07
4.18972898263981E-07
4.18972898263981E-07
2.5881520371307E-07
2.5881520371307E-07
6.19658171441273E-08
6.19658171441273E-08
6.19658171441273E-08
6.19658171441273E-08
6.19658171441273E-08
3.84414788889842E-08
3.84414788889842E-08
3.84414788889842E-08
3.84414788889842E-08
3.84414788889842E-08
3.84414788889842E-08
3.84414788889842E-08
3.84414788889842E-08
3.84414788889842E-08
3.84414788889842E-08
3.84414788889842E-08
2.63906279052151E-08
2.63906279052151E-08
2.63906279052151E-08
2.63906279052151E-08
5.39126843168702E-09
5.39126843168702E-09
5.39126843168702E-09
5.39126843168702E-09
5.39126843168702E-09
5.39126843168702E-09
5.39126843168702E-09
5.39126843168702E-09
4.44361314411168E-09
4.44361314411168E-09
3.904970902191E-09
3.904970902191E-09
1.72045500068663E-09
1.72045500068663E-09
1.72045500068663E-09
1.72045500068663E-09
1.72045500068663E-09
1.72045500068663E-09
1.72045500068663E-09
1.72045500068663E-09
1.72045500068663E-09
1.72045500068663E-09
1.19119503150245E-09
1.17599219251474E-09
4.40771086296365E-10
4.40771086296365E-10
4.40771086296365E-10
4.40771086296365E-10
4.40771086296365E-10
4.40771086296365E-10
4.40771086296365E-10
1.20079501897408E-10
1.20079501897408E-10
1.20079501897408E-10
1.20079501897408E-10
1.20079501897408E-10
1.20079501897408E-10
1.20079501897408E-10
1.20079501897408E-10
1.20079501897408E-10
1.20079501897408E-10
1.20079501897408E-10
1.20079501897408E-10
1.20079501897408E-10
1.20079501897408E-10
1.20079501897408E-10
1.20079501897408E-10
4.11434220026763E-11
4.11434220026763E-11
4.11434220026763E-11
4.11434220026763E-11
4.11434220026763E-11
2.56115129104728E-11
2.56115129104728E-11
2.56115129104728E-11
2.26326735131011E-11
2.26326735131011E-11
2.26326735131011E-11
2.26326735131011E-11
2.26326735131011E-11
2.26326735131011E-11
2.26326735131011E-11
2.26326735131011E-11
2.26326735131011E-11
7.04403202433923E-12
7.04403202433923E-12
7.04403202433923E-12
7.04403202433923E-12
4.46676029497439E-12
4.46676029497439E-12
4.46676029497439E-12
4.46676029497439E-12
4.46676029497439E-12
4.46676029497439E-12
4.46676029497439E-12
4.46676029497439E-12
4.46676029497439E-12
4.46676029497439E-12
4.46676029497439E-12
4.46676029497439E-12
4.46676029497439E-12
4.46676029497439E-12
4.46676029497439E-12
4.46676029497439E-12
4.46676029497439E-12
4.46676029497439E-12
2.5986990337401E-12
2.5986990337401E-12
2.03481675953299E-12
2.03481675953299E-12
2.03481675953299E-12
2.03481675953299E-12
2.03481675953299E-12
2.03481675953299E-12
1.69519953630015E-12
1.55564450210477E-12
6.43707309677666E-13
6.43707309677666E-13
6.43707309677666E-13
6.43707309677666E-13
6.43707309677666E-13
6.43707309677666E-13
6.43707309677666E-13
6.43707309677666E-13
2.73114864057789E-13
2.73114864057789E-13
2.73114864057789E-13
2.73114864057789E-13
2.73114864057789E-13
2.73114864057789E-13
1.94733118519252E-13
1.94733118519252E-13
1.94733118519252E-13
3.96349619791181E-14
3.96349619791181E-14
3.96349619791181E-14
2.88657986402541E-14
2.88657986402541E-14
2.88657986402541E-14
2.88657986402541E-14
2.88657986402541E-14
2.88657986402541E-14
2.88657986402541E-14
2.88657986402541E-14
2.53130849614536E-14
2.53130849614536E-14
2.53130849614536E-14
1.7430501486615E-14
1.7430501486615E-14
1.7430501486615E-14
1.7430501486615E-14
1.7430501486615E-14
1.7430501486615E-14
1.7430501486615E-14
1.7430501486615E-14
1.7430501486615E-14
1.7430501486615E-14
1.7430501486615E-14
1.7430501486615E-14
1.45439216225896E-14
1.45439216225896E-14
3.33066907387547E-15
3.33066907387547E-15
3.33066907387547E-15
3.33066907387547E-15
3.33066907387547E-15
3.33066907387547E-15
2.66453525910038E-15
2.66453525910038E-15
2.66453525910038E-15
1.55431223447522E-15
6.66133814775094E-16
6.66133814775094E-16
6.66133814775094E-16
6.66133814775094E-16
6.66133814775094E-16
6.66133814775094E-16
6.66133814775094E-16
6.66133814775094E-16
6.66133814775094E-16
6.66133814775094E-16
6.66133814775094E-16
6.66133814775094E-16
6.66133814775094E-16
6.66133814775094E-16
6.66133814775094E-16
6.66133814775094E-16
2.22044604925031E-16
2.22044604925031E-16
2.22044604925031E-16
2.22044604925031E-16
2.22044604925031E-16
2.22044604925031E-16
2.22044604925031E-16
2.22044604925031E-16
2.22044604925031E-16
2.22044604925031E-16
2.22044604925031E-16
2.22044604925031E-16
2.22044604925031E-16
2.22044604925031E-16
2.22044604925031E-16
2.22044604925031E-16
2.22044604925031E-16
2.22044604925031E-16
2.22044604925031E-16
2.22044604925031E-16
2.22044604925031E-16
2.22044604925031E-16
2.22044604925031E-16
2.22044604925031E-16
2.22044604925031E-16
2.22044604925031E-16
2.22044604925031E-16
2.22044604925031E-16
2.22044604925031E-16
2.22044604925031E-16
2.22044604925031E-16
2.22044604925031E-16
2.22044604925031E-16
2.22044604925031E-16
2.22044604925031E-16
2.22044604925031E-16
2.22044604925031E-16
2.22044604925031E-16
2.22044604925031E-16
2.22044604925031E-16
2.22044604925031E-16
2.22044604925031E-16
2.22044604925031E-16
2.22044604925031E-16
2.22044604925031E-16
2.22044604925031E-16
2.22044604925031E-16
2.22044604925031E-16
2.22044604925031E-16
2.22044604925031E-16
2.22044604925031E-16
2.22044604925031E-16
2.22044604925031E-16
2.22044604925031E-16
2.22044604925031E-16
2.22044604925031E-16
2.22044604925031E-16
2.22044604925031E-16
2.22044604925031E-16
2.22044604925031E-16
2.22044604925031E-16
2.22044604925031E-16
2.22044604925031E-16
2.22044604925031E-16
2.22044604925031E-16
2.22044604925031E-16
2.22044604925031E-16
2.22044604925031E-16
2.22044604925031E-16
2.22044604925031E-16
2.22044604925031E-16
2.22044604925031E-16
2.22044604925031E-16
2.22044604925031E-16
2.22044604925031E-16
2.22044604925031E-16
2.22044604925031E-16
2.22044604925031E-16
2.22044604925031E-16
2.22044604925031E-16
2.22044604925031E-16
2.22044604925031E-16
2.22044604925031E-16
2.22044604925031E-16
2.22044604925031E-16
2.22044604925031E-16
2.22044604925031E-16
2.22044604925031E-16
2.22044604925031E-16
2.22044604925031E-16
2.22044604925031E-16
2.22044604925031E-16
2.22044604925031E-16
2.22044604925031E-16
2.22044604925031E-16
2.22044604925031E-16
2.22044604925031E-16
2.22044604925031E-16
2.22044604925031E-16
2.22044604925031E-16
2.22044604925031E-16
2.22044604925031E-16
2.22044604925031E-16
2.22044604925031E-16
2.22044604925031E-16
2.22044604925031E-16
2.22044604925031E-16
2.22044604925031E-16
2.22044604925031E-16
2.22044604925031E-16
2.22044604925031E-16
2.22044604925031E-16
2.22044604925031E-16
2.22044604925031E-16
2.22044604925031E-16
2.22044604925031E-16
2.22044604925031E-16
2.22044604925031E-16
2.22044604925031E-16
2.22044604925031E-16
2.22044604925031E-16
2.22044604925031E-16
2.22044604925031E-16
2.22044604925031E-16
2.22044604925031E-16
2.22044604925031E-16
2.22044604925031E-16
2.22044604925031E-16
2.22044604925031E-16
2.22044604925031E-16
2.22044604925031E-16
2.22044604925031E-16
2.22044604925031E-16
2.22044604925031E-16
2.22044604925031E-16
2.22044604925031E-16
2.22044604925031E-16
2.22044604925031E-16
2.22044604925031E-16
2.22044604925031E-16
2.22044604925031E-16
2.22044604925031E-16
2.22044604925031E-16
2.22044604925031E-16
2.22044604925031E-16
2.22044604925031E-16
2.22044604925031E-16
2.22044604925031E-16
2.22044604925031E-16
2.22044604925031E-16
2.22044604925031E-16
2.22044604925031E-16
2.22044604925031E-16
2.22044604925031E-16
2.22044604925031E-16
2.22044604925031E-16
2.22044604925031E-16
2.22044604925031E-16
2.22044604925031E-16
2.22044604925031E-16
2.22044604925031E-16
2.22044604925031E-16
2.22044604925031E-16
2.22044604925031E-16
2.22044604925031E-16
2.22044604925031E-16
2.22044604925031E-16
2.22044604925031E-16
2.22044604925031E-16
2.22044604925031E-16
2.22044604925031E-16
2.22044604925031E-16
2.22044604925031E-16
2.22044604925031E-16
2.22044604925031E-16
2.22044604925031E-16
2.22044604925031E-16
2.22044604925031E-16
2.22044604925031E-16
2.22044604925031E-16
2.22044604925031E-16
2.22044604925031E-16
2.22044604925031E-16
2.22044604925031E-16
2.22044604925031E-16
2.22044604925031E-16
2.22044604925031E-16
2.22044604925031E-16
2.22044604925031E-16
2.22044604925031E-16
2.22044604925031E-16
2.22044604925031E-16
2.22044604925031E-16
2.22044604925031E-16
2.22044604925031E-16
2.22044604925031E-16
2.22044604925031E-16
2.22044604925031E-16
2.22044604925031E-16
2.22044604925031E-16
2.22044604925031E-16
2.22044604925031E-16
2.22044604925031E-16
2.22044604925031E-16
2.22044604925031E-16
2.22044604925031E-16
2.22044604925031E-16
2.22044604925031E-16
2.22044604925031E-16
2.22044604925031E-16
2.22044604925031E-16
2.22044604925031E-16
2.22044604925031E-16
2.22044604925031E-16
2.22044604925031E-16
2.22044604925031E-16

