0.111153118642729
0.111153118642729
0.0848660258344943
0.0848660258344943
0.0848660258344943
0.0848660258344943
0.0848660258344943
0.0848660258344943
0.0848660258344943
0.0848660258344943
0.0309694889299516
0.0309694889299516
0.0309694889299516
0.0146708141159469
0.0146708141159469
0.0146708141159469
0.0146708141159469
0.0146708141159469
0.0116191223218013
0.0116191223218013
0.00511109971821458
0.00511109971821458
0.00511109971821458
0.00511109971821458
0.00511109971821458
0.00511109971821458
0.00511109971821458
0.00511109971821458
0.00511109971821458
0.00511109971821458
0.00511109971821458
0.00511109971821458
0.00511109971821458
0.00511109971821458
0.00511109971821458
0.00511109971821458
0.00511109971821458
0.00511109971821458
0.00511109971821458
0.00511109971821458
0.00511109971821458
0.00511109971821458
0.00511109971821458
0.00511109971821458
0.00511109971821458
0.00511109971821458
0.00511109971821458
0.00511109971821458
0.00511109971821458
0.00333592460638066
0.00293942187907731
0.00293942187907731
0.00293942187907731
0.00293942187907731
0.00293942187907731
0.00293942187907731
0.00239053464211814
0.00239053464211814
0.00133187527002315
0.00133187527002315
0.00133187527002315
0.00133187527002315
0.00133187527002315
0.00133187527002315
0.000352608765054831
0.000352608765054831
0.000352608765054831
0.000352608765054831
0.000352608765054831
0.000352608765054831
0.000352608765054831
0.000352608765054831
0.000352608765054831
0.000214894434367623
0.000214894434367623
0.000214894434367623
0.000214894434367623
0.000214894434367623
0.000116877877487222
0.000116877877487222
0.000116877877487222
0.000116877877487222
7.57281570121665E-05
7.57281570121665E-05
5.57258221236691E-05
5.57258221236691E-05
5.57258221236691E-05
5.57258221236691E-05
5.57258221236691E-05
5.57258221236691E-05
5.57258221236691E-05
2.54081694778888E-05
2.54081694778888E-05
2.54081694778888E-05
2.54081694778888E-05
2.54081694778888E-05
1.46347380862943E-05
1.46347380862943E-05
1.46347380862943E-05
1.46347380862943E-05
1.46347380862943E-05
1.23769160703719E-05
1.23769160703719E-05
1.93557250380155E-06
1.93557250380155E-06
1.93557250380155E-06
1.93557250380155E-06
1.93557250380155E-06
1.93557250380155E-06
1.93557250380155E-06
1.93557250380155E-06
1.93557250380155E-06
1.93557250380155E-06
1.93557250380155E-06
1.93557250380155E-06
1.02661701008567E-06
1.02661701008567E-06
1.02661701008567E-06
1.02661701008567E-06
7.44758253532603E-07
4.87975586630061E-07
3.61596717947595E-07
3.61596717947595E-07
3.61596717947595E-07
3.61596717947595E-07
3.61596717947595E-07
3.51013170473079E-07
3.51013170473079E-07
3.51013170473079E-07
3.51013170473079E-07
3.51013170473079E-07
3.51013170473079E-07
3.51013170473079E-07
9.19562708407387E-08
9.19562708407387E-08
9.19562708407387E-08
9.19562708407387E-08
9.19562708407387E-08
9.19562708407387E-08
7.7348138629613E-08
7.7348138629613E-08
7.7348138629613E-08
5.98070742582482E-08
5.98070742582482E-08
5.98070742582482E-08
5.98070742582482E-08
5.98070742582482E-08
5.98070742582482E-08
5.98070742582482E-08
5.98070742582482E-08
5.98070742582482E-08
5.25906810427961E-08
4.65234239815803E-08
4.65234239815803E-08
3.05616404890847E-08
3.05616404890847E-08
3.05616404890847E-08
2.9775472969616E-08
2.9775472969616E-08
2.40849199068801E-08
2.40849199068801E-08
2.40849199068801E-08
2.40849199068801E-08
2.37830769754197E-08
1.04614336894325E-08
1.04614336894325E-08
1.04614336894325E-08
1.04614336894325E-08
1.04614336894325E-08
1.04614336894325E-08
1.04614336894325E-08
7.63807683069207E-09
7.63807683069207E-09
7.63807683069207E-09
7.63807683069207E-09
7.63807683069207E-09
7.63807683069207E-09
5.58335598489941E-09
5.58335598489941E-09
5.58335598489941E-09
5.58335598489941E-09
5.19756887019729E-09
1.45577700521549E-09
1.45577700521549E-09
1.45577700521549E-09
3.48981687778919E-10
3.48981687778919E-10
3.48981687778919E-10
3.48981687778919E-10
3.48981687778919E-10
3.48981687778919E-10
3.48981687778919E-10
3.48981687778919E-10
3.48981687778919E-10
3.48981687778919E-10
3.48981687778919E-10
3.48981687778919E-10
3.48981687778919E-10
3.48981687778919E-10
3.48981687778919E-10
3.48981687778919E-10
3.48981687778919E-10
3.48981687778919E-10
3.48981687778919E-10
3.48981687778919E-10
3.48981687778919E-10
2.90698414431087E-10
2.90698414431087E-10
2.90698414431087E-10
2.90698414431087E-10
2.90698414431087E-10
2.8664950250043E-10
1.72807955502037E-10
1.72807955502037E-10
7.81822351187001E-11
7.01619946416739E-11
5.31152681052594E-11
5.31152681052594E-11
5.31152681052594E-11
5.31152681052594E-11
5.31152681052594E-11
1.8880303960002E-11
1.8880303960002E-11
1.8880303960002E-11
1.8880303960002E-11
1.8880303960002E-11
1.8880303960002E-11
1.8880303960002E-11
1.8880303960002E-11
1.8880303960002E-11
1.8880303960002E-11
1.8880303960002E-11
1.8880303960002E-11
1.8880303960002E-11
1.8880303960002E-11
1.24350328128935E-11
1.24350328128935E-11
7.73170377042958E-12
7.73170377042958E-12
7.73170377042958E-12
7.73170377042958E-12
4.80085922152065E-12
4.80085922152065E-12
4.80085922152065E-12
4.80085922152065E-12
4.80085922152065E-12
4.80085922152065E-12
4.80085922152065E-12
3.46149326457362E-12
3.46149326457362E-12
3.46149326457362E-12
3.46149326457362E-12
1.1871057981257E-12
1.1871057981257E-12
1.0068000270078E-12
1.0068000270078E-12
1.0068000270078E-12
1.0068000270078E-12
1.0068000270078E-12
1.0068000270078E-12
1.0068000270078E-12
5.03265042239592E-13
5.03265042239592E-13
5.03265042239592E-13
5.03265042239592E-13
1.98771694852472E-13
1.98771694852472E-13
1.98771694852472E-13
1.98771694852472E-13
1.98771694852472E-13
1.98771694852472E-13
1.98771694852472E-13
1.98771694852472E-13
1.98771694852472E-13
8.87401295140983E-14
8.87401295140983E-14
8.87401295140983E-14
8.87401295140983E-14
8.87401295140983E-14
8.87401295140983E-14
8.87401295140983E-14
8.87401295140983E-14
8.87401295140983E-14
8.87401295140983E-14
8.87401295140983E-14
8.87401295140983E-14
8.87401295140983E-14
8.87401295140983E-14
7.28774985603551E-14
7.28774985603551E-14
7.28774985603551E-14
7.28774985603551E-14
3.53191105619374E-14
3.53191105619374E-14
3.53191105619374E-14
3.53191105619374E-14
2.52865511464841E-14
2.52865511464841E-14
2.52865511464841E-14
2.52865511464841E-14
2.52865511464841E-14
2.05541127958243E-14
2.05541127958243E-14
2.05541127958243E-14
2.05541127958243E-14
2.05541127958243E-14
2.05541127958243E-14
5.66122248139188E-15
3.93571628870003E-15
3.93571628870003E-15
3.93571628870003E-15
3.93571628870003E-15
3.93571628870003E-15
3.93571628870003E-15
3.93571628870003E-15
3.93571628870003E-15
3.93571628870003E-15
3.93571628870003E-15
3.93571628870003E-15
3.93571628870003E-15
2.75256145210234E-15
2.75256145210234E-15
2.14527161904885E-15
2.05695360519125E-15
2.05695360519125E-15
2.05695360519125E-15
2.05695360519125E-15
2.05695360519125E-15
6.16954725834542E-16
6.16954725834542E-16
6.16954725834542E-16
6.16954725834542E-16
2.65324020171955E-16
2.65324020171955E-16
2.65324020171955E-16
2.65324020171955E-16
2.65324020171955E-16
2.65324020171955E-16
2.65324020171955E-16
2.65324020171955E-16
2.65324020171955E-16
2.65324020171955E-16
2.65324020171955E-16
2.65324020171955E-16
2.65324020171955E-16
2.65324020171955E-16
2.65324020171955E-16
2.65324020171955E-16
2.65324020171955E-16
4.7607915174117E-17
4.7607915174117E-17
4.7607915174117E-17
4.7607915174117E-17
4.7607915174117E-17
4.7607915174117E-17
4.7607915174117E-17
4.7607915174117E-17
4.7607915174117E-17
4.7607915174117E-17
4.7607915174117E-17
4.7607915174117E-17
4.7607915174117E-17
4.7607915174117E-17
4.7607915174117E-17
4.7607915174117E-17
4.06790952517671E-17
4.06790952517671E-17
4.06790952517671E-17
4.06790952517671E-17
3.34770336731857E-17
3.33067154383247E-17
3.33067154383247E-17
3.03213995242593E-17
3.03213995242593E-17
1.80714183871884E-17
1.80714183871884E-17
1.80714183871884E-17
1.80714183871884E-17
1.80714183871884E-17
1.80714183871884E-17
1.80714183871884E-17
1.80714183871884E-17
1.80714183871884E-17
1.80714183871884E-17
1.24473185492735E-17
1.24473185492735E-17
1.24473185492735E-17
1.24473185492735E-17
1.24473185492735E-17
1.029370975448E-17
1.029370975448E-17
1.029370975448E-17
1.029370975448E-17
1.00098332016716E-17
8.86074101921091E-18
8.86074101921091E-18
8.04264998847881E-18
7.503064954116E-18
7.503064954116E-18
3.34169196971892E-18
3.34169196971892E-18
3.34169196971892E-18
3.06905032164295E-18
3.06905032164295E-18
5.51721577628692E-19
5.51721577628692E-19
5.51721577628692E-19
5.51721577628692E-19
2.08536139989346E-19
2.08536139989346E-19
2.08536139989346E-19
2.08536139989346E-19
2.08536139989346E-19
2.08536139989346E-19
5.08169129696453E-20
5.08169129696453E-20
5.08169129696453E-20
5.08169129696453E-20
5.08169129696453E-20
5.08169129696453E-20
5.08169129696453E-20
5.08169129696453E-20
5.08169129696453E-20
5.08169129696453E-20
5.08169129696453E-20
5.08169129696453E-20
5.08169129696453E-20
5.08169129696453E-20
5.08169129696453E-20
5.08169129696453E-20
5.08169129696453E-20
5.08169129696453E-20
4.89555492216944E-20
4.89555492216944E-20
4.89273818043641E-20
4.89273818043641E-20
4.43558432395881E-20
4.43558432395881E-20
4.43558432395881E-20
4.43558432395881E-20
4.43558432395881E-20
4.43558432395881E-20
4.43558432395881E-20
4.43558432395881E-20
4.43558432395881E-20
2.4953186529981E-20
2.4953186529981E-20
2.4953186529981E-20
1.07494463974812E-20
1.07494463974812E-20
1.07494463974812E-20
1.07494463974812E-20
1.07494463974812E-20
1.07494463974812E-20
1.07494463974812E-20
1.07494463974812E-20
1.07494463974812E-20
8.50235121722733E-21
8.50235121722733E-21
8.50235121722733E-21
8.50235121722733E-21
8.50235121722733E-21
8.50235121722733E-21
8.50235121722733E-21
8.50235121722733E-21
8.50235121722733E-21
8.50235121722733E-21
7.59534747166288E-21
7.59534747166288E-21
7.59534747166288E-21
3.83400134063455E-21
1.2191040248869E-21
1.2191040248869E-21
5.49876605347433E-22
5.49876605347433E-22
5.49876605347433E-22
5.49876605347433E-22
5.49876605347433E-22
5.49876605347433E-22
5.49876605347433E-22
5.49876605347433E-22
5.49876605347433E-22
5.49876605347433E-22
5.49876605347433E-22
5.49876605347433E-22
5.49876605347433E-22
3.08844068232366E-22
3.08844068232366E-22
3.08844068232366E-22
3.08844068232366E-22
3.08844068232366E-22
3.08844068232366E-22
3.08844068232366E-22
3.08844068232366E-22
3.08844068232366E-22
3.08844068232366E-22
3.08844068232366E-22
2.11086407726913E-22
2.11086407726913E-22
2.11086407726913E-22

