0.0750135986925679
0.0750135986925679
0.0750135986925679
0.0750135986925679
0.0750135986925679
0.0750135986925679
0.070057626864322
0.070057626864322
0.070057626864322
0.070057626864322
0.070057626864322
0.031880670027747
0.031880670027747
0.031880670027747
0.031880670027747
0.031880670027747
0.031880670027747
0.0125686022529259
0.00686307872423675
0.00686307872423675
0.00686307872423675
0.00686307872423675
0.00686307872423675
0.00686307872423675
0.00686307872423675
0.00686307872423675
0.00686307872423675
0.003938085563995
0.003938085563995
0.00323385849417956
0.00323385849417956
0.00323385849417956
0.0018834754430016
0.0018834754430016
0.0018834754430016
0.0018834754430016
0.00142993169565842
0.00142993169565842
0.00142993169565842
0.00142993169565842
0.00142993169565842
0.00142993169565842
0.000805776825662186
0.000805776825662186
0.000805776825662186
0.000737674036919156
0.000737674036919156
0.000737674036919156
0.000651081252855956
0.000651081252855956
0.000330487003963098
0.000209027474333601
0.000209027474333601
0.000209027474333601
0.000209027474333601
0.00018302775415957
0.00018302775415957
0.00018302775415957
0.00018302775415957
0.00018302775415957
9.30737733727538E-05
9.30737733727538E-05
9.30737733727538E-05
9.30737733727538E-05
5.62892446069885E-05
5.62892446069885E-05
2.51607897576722E-05
2.51607897576722E-05
2.51607897576722E-05
1.79302385445723E-05
1.79302385445723E-05
1.79302385445723E-05
1.79302385445723E-05
1.79302385445723E-05
1.79302385445723E-05
1.79302385445723E-05
1.79302385445723E-05
1.79302385445723E-05
1.79302385445723E-05
1.04848156478043E-05
1.04848156478043E-05
1.02379992069634E-05
1.02379992069634E-05
1.02379992069634E-05
1.02379992069634E-05
1.02379992069634E-05
1.02379992069634E-05
1.02379992069634E-05
1.02379992069634E-05
1.02379992069634E-05
1.02379992069634E-05
1.02379992069634E-05
1.02379992069634E-05
1.02379992069634E-05
1.02379992069634E-05
5.60113475300827E-06
5.60113475300827E-06
3.83060838093918E-06
3.83060838093918E-06
3.83060838093918E-06
3.83060838093918E-06
3.83060838093918E-06
3.83060838093918E-06
3.83060838093918E-06
3.83060838093918E-06
3.15261081962337E-06
3.15261081962337E-06
3.15261081962337E-06
3.15261081962337E-06
1.37957678736367E-06
1.37957678736367E-06
7.04512821192438E-07
7.04512821192438E-07
7.04512821192438E-07
7.04512821192438E-07
7.04512821192438E-07
1.02420817271742E-07
1.02420817271742E-07
1.02420817271742E-07
1.02420817271742E-07
1.02420817271742E-07
1.02420817271742E-07
1.02420817271742E-07
1.02420817271742E-07
6.23146210187997E-08
6.23146210187997E-08
6.23146210187997E-08
6.23146210187997E-08
6.23146210187997E-08
4.54470634458914E-08
4.54470634458914E-08
4.54470634458914E-08
4.54470634458914E-08
4.54470634458914E-08
4.54470634458914E-08
4.54470634458914E-08
4.54470634458914E-08
4.54470634458914E-08
4.54470634458914E-08
1.93750312460494E-08
1.93750312460494E-08
1.93750312460494E-08
1.93750312460494E-08
1.93750312460494E-08
1.50637414764176E-08
1.50637414764176E-08
1.50637414764176E-08
7.89521803490345E-09
7.89521803490345E-09
7.89521803490345E-09
7.89521803490345E-09
7.89521803490345E-09
7.89521803490345E-09
1.13495512987782E-09
1.13495512987782E-09
1.13495512987782E-09
1.13495512987782E-09
1.13495512987782E-09
1.13495512987782E-09
9.62597002107657E-10
9.62597002107657E-10
9.62597002107657E-10
9.62597002107657E-10
9.62597002107657E-10
9.62597002107657E-10
9.62597002107657E-10
9.62597002107657E-10
9.62597002107657E-10
9.62597002107657E-10
9.62597002107657E-10
9.62597002107657E-10
9.62597002107657E-10
9.06573149883627E-10
9.06573149883627E-10
9.06573149883627E-10
8.18131007385148E-10
8.18131007385148E-10
3.81871867460859E-10
3.81871867460859E-10
1.35379929488977E-10
1.35379929488977E-10
1.35379929488977E-10
1.35379929488977E-10
7.26876336898385E-11
7.26876336898385E-11
7.26876336898385E-11
7.26876336898385E-11
7.26876336898385E-11
3.93416410560121E-11
3.93416410560121E-11
3.93416410560121E-11
3.93416410560121E-11
3.93416410560121E-11
3.93416410560121E-11
3.93416410560121E-11
3.93416410560121E-11
3.93416410560121E-11
3.3908542640404E-11
3.3908542640404E-11
3.3908542640404E-11
3.3908542640404E-11
3.3908542640404E-11
3.3908542640404E-11
3.3908542640404E-11
3.3908542640404E-11
3.11822789811345E-11
3.11822789811345E-11
3.11822789811345E-11
2.60521604289465E-11
1.7576939903563E-11
1.7576939903563E-11
1.7576939903563E-11
1.65113478445278E-11
1.38749012279504E-11
6.33282315476436E-12
6.33282315476436E-12
6.33282315476436E-12
6.33282315476436E-12
6.33282315476436E-12
6.33282315476436E-12
6.33282315476436E-12
6.33282315476436E-12
6.33282315476436E-12
6.33282315476436E-12
6.33282315476436E-12
4.59199345215211E-12
4.59199345215211E-12
4.59199345215211E-12
4.59199345215211E-12
4.59199345215211E-12
4.59199345215211E-12
9.58677581763823E-13
9.58677581763823E-13
9.58677581763823E-13
9.58677581763823E-13
9.58677581763823E-13
9.58677581763823E-13
9.58677581763823E-13
9.58677581763823E-13
9.58677581763823E-13
9.58677581763823E-13
9.58677581763823E-13
9.58677581763823E-13
9.22595333463505E-13
9.22595333463505E-13
9.22595333463505E-13
3.28626015289046E-13
3.28626015289046E-13
2.4624746686186E-13
2.4624746686186E-13
2.4624746686186E-13
2.4624746686186E-13
2.4624746686186E-13
2.4624746686186E-13
2.4624746686186E-13
2.4624746686186E-13
2.4624746686186E-13
2.4624746686186E-13
2.4624746686186E-13
1.83519865970538E-13
1.83519865970538E-13
5.51780843238703E-14
5.51780843238703E-14
5.51780843238703E-14
5.51780843238703E-14
5.51780843238703E-14
5.51780843238703E-14
5.51780843238703E-14
5.51780843238703E-14
5.51780843238703E-14
5.51780843238703E-14
5.51780843238703E-14
5.51780843238703E-14
5.51780843238703E-14
5.51780843238703E-14
5.51780843238703E-14
5.51780843238703E-14
5.51780843238703E-14
5.51780843238703E-14
5.51780843238703E-14
5.51780843238703E-14
5.51780843238703E-14
5.51780843238703E-14
4.91828799908944E-14
3.38618022510673E-14
3.38618022510673E-14
3.38618022510673E-14
3.31956684362922E-14
3.31956684362922E-14
3.31956684362922E-14
2.52020626589911E-14
2.20934381900406E-14
1.84297022087776E-14
1.84297022087776E-14
7.88258347483861E-15
7.88258347483861E-15
6.21724893790088E-15
4.77395900588817E-15
4.77395900588817E-15
4.77395900588817E-15
3.88578058618805E-15
3.88578058618805E-15
3.88578058618805E-15
1.66533453693773E-15
1.66533453693773E-15
1.66533453693773E-15
1.66533453693773E-15
1.55431223447522E-15
1.55431223447522E-15
1.55431223447522E-15
1.55431223447522E-15
1.55431223447522E-15
3.33066907387547E-16
3.33066907387547E-16
3.33066907387547E-16
3.33066907387547E-16
3.33066907387547E-16
3.33066907387547E-16
1.11022302462516E-16
1.11022302462516E-16
1.11022302462516E-16
1.11022302462516E-16
1.11022302462516E-16
1.11022302462516E-16
1.11022302462516E-16
1.11022302462516E-16
1.11022302462516E-16
1.11022302462516E-16
1.11022302462516E-16
1.11022302462516E-16
1.11022302462516E-16
1.11022302462516E-16
1.11022302462516E-16
1.11022302462516E-16
1.11022302462516E-16
1.11022302462516E-16
1.11022302462516E-16
1.11022302462516E-16
1.11022302462516E-16
1.11022302462516E-16
1.11022302462516E-16
1.11022302462516E-16
1.11022302462516E-16
1.11022302462516E-16
1.11022302462516E-16
1.11022302462516E-16
1.11022302462516E-16
1.11022302462516E-16
1.11022302462516E-16
1.11022302462516E-16
1.11022302462516E-16
1.11022302462516E-16
1.11022302462516E-16
1.11022302462516E-16
1.11022302462516E-16
1.11022302462516E-16
1.11022302462516E-16
1.11022302462516E-16
1.11022302462516E-16
1.11022302462516E-16
1.11022302462516E-16
1.11022302462516E-16
1.11022302462516E-16
1.11022302462516E-16
1.11022302462516E-16
1.11022302462516E-16
1.11022302462516E-16
1.11022302462516E-16
1.11022302462516E-16
1.11022302462516E-16
1.11022302462516E-16
1.11022302462516E-16
1.11022302462516E-16
1.11022302462516E-16
1.11022302462516E-16
1.11022302462516E-16
1.11022302462516E-16
1.11022302462516E-16
1.11022302462516E-16
1.11022302462516E-16
1.11022302462516E-16
1.11022302462516E-16
1.11022302462516E-16
1.11022302462516E-16
1.11022302462516E-16
1.11022302462516E-16
1.11022302462516E-16
1.11022302462516E-16
1.11022302462516E-16
1.11022302462516E-16
1.11022302462516E-16
1.11022302462516E-16
1.11022302462516E-16
1.11022302462516E-16
1.11022302462516E-16
1.11022302462516E-16
1.11022302462516E-16
1.11022302462516E-16
1.11022302462516E-16
1.11022302462516E-16
1.11022302462516E-16
1.11022302462516E-16
1.11022302462516E-16
1.11022302462516E-16
1.11022302462516E-16
1.11022302462516E-16
1.11022302462516E-16
1.11022302462516E-16
1.11022302462516E-16
1.11022302462516E-16
1.11022302462516E-16
1.11022302462516E-16
1.11022302462516E-16
1.11022302462516E-16
1.11022302462516E-16
1.11022302462516E-16
1.11022302462516E-16
1.11022302462516E-16
1.11022302462516E-16
1.11022302462516E-16
1.11022302462516E-16
1.11022302462516E-16
1.11022302462516E-16
1.11022302462516E-16
1.11022302462516E-16
1.11022302462516E-16
1.11022302462516E-16
1.11022302462516E-16
1.11022302462516E-16
1.11022302462516E-16
1.11022302462516E-16
1.11022302462516E-16
1.11022302462516E-16
1.11022302462516E-16
1.11022302462516E-16
1.11022302462516E-16
1.11022302462516E-16
1.11022302462516E-16
1.11022302462516E-16
1.11022302462516E-16
1.11022302462516E-16
1.11022302462516E-16
1.11022302462516E-16
1.11022302462516E-16
1.11022302462516E-16
1.11022302462516E-16
1.11022302462516E-16
1.11022302462516E-16
1.11022302462516E-16
1.11022302462516E-16
1.11022302462516E-16
1.11022302462516E-16
1.11022302462516E-16
1.11022302462516E-16
1.11022302462516E-16
1.11022302462516E-16
1.11022302462516E-16
1.11022302462516E-16
1.11022302462516E-16
1.11022302462516E-16
1.11022302462516E-16
1.11022302462516E-16
1.11022302462516E-16
1.11022302462516E-16
1.11022302462516E-16
1.11022302462516E-16
1.11022302462516E-16
1.11022302462516E-16
1.11022302462516E-16
1.11022302462516E-16
1.11022302462516E-16
1.11022302462516E-16
1.11022302462516E-16
1.11022302462516E-16
1.11022302462516E-16
1.11022302462516E-16
1.11022302462516E-16
1.11022302462516E-16
1.11022302462516E-16
1.11022302462516E-16
1.11022302462516E-16
1.11022302462516E-16
1.11022302462516E-16
1.11022302462516E-16
1.11022302462516E-16
1.11022302462516E-16
1.11022302462516E-16
1.11022302462516E-16
1.11022302462516E-16
1.11022302462516E-16
1.11022302462516E-16
1.11022302462516E-16
1.11022302462516E-16
1.11022302462516E-16
1.11022302462516E-16
1.11022302462516E-16
1.11022302462516E-16
1.11022302462516E-16
1.11022302462516E-16
1.11022302462516E-16

