0.193012413190699
0.149151220123204
0.149151220123204
0.0526278449848879
0.032309928113528
0.0032577688757226
0.00107403672436901
0.00107403672436901
2.68956956828159E-06
2.68956956828159E-06
2.68956956828159E-06
2.68956956828159E-06
2.68956956828159E-06
2.68956956828159E-06
2.68956956828159E-06
2.68956956828159E-06
3.11763303395551E-07
3.11763303395551E-07
3.11763303395551E-07
3.11763303395551E-07
3.11763303395551E-07
3.11763303395551E-07
3.11763303395551E-07
3.11763303395551E-07
3.11763303395551E-07
3.11763303395551E-07
3.11763303395551E-07
3.11763303395551E-07
3.11763303395551E-07
3.11763303395551E-07
3.11763303395551E-07
3.11763303395551E-07
3.11763303395551E-07
3.11763303395551E-07
3.11763303395551E-07
3.11763303395551E-07
3.11763303395551E-07
3.11763303395551E-07
3.11763303395551E-07
3.11763303395551E-07
3.11763303395551E-07
3.11763303395551E-07
9.85568293643269E-11
9.85568293643269E-11
9.85568293643269E-11
9.85568293643269E-11
9.85568293643269E-11
9.85568293643269E-11
9.85568293643269E-11
9.85568293643269E-11
9.85568293643269E-11
9.85568293643269E-11
9.85568293643269E-11
9.85568293643269E-11
9.85568293643269E-11
9.85568293643269E-11
9.85568293643269E-11
9.85568293643269E-11
9.85568293643269E-11
9.85568293643269E-11
5.70516967002277E-11
5.70516967002277E-11
5.70516967002277E-11
5.70516967002277E-11
5.70516967002277E-11
5.70516967002277E-11
1.04771746833876E-12
1.04771746833876E-12
1.04771746833876E-12
1.04771746833876E-12
1.04771746833876E-12
1.04771746833876E-12
1.04771746833876E-12
1.04771746833876E-12
1.04771746833876E-12
1.04771746833876E-12
1.04771746833876E-12
1.04771746833876E-12
1.04771746833876E-12
1.04771746833876E-12
1.04771746833876E-12
1.04771746833876E-12
1.04771746833876E-12
1.04771746833876E-12
1.04771746833876E-12
1.04771746833876E-12
2.21045404202869E-13
2.21045404202869E-13
2.21045404202869E-13
2.21045404202869E-13
2.21045404202869E-13
2.21045404202869E-13
6.66133814775094E-14
6.66133814775094E-14
6.66133814775094E-14
6.66133814775094E-14
6.66133814775094E-14
6.66133814775094E-14
2.98649993624167E-14
1.29896093881143E-14
1.29896093881143E-14
1.0769163338864E-14
3.33066907387547E-15
3.33066907387547E-15
0
0
0
0
0
0
0
0
0
0
0
0
0
0
0
0
0
0
0
0
0
0
0
0
0
0
0
0
0
0
0
0
0
0
0
0
0
0
0
0
0
0
0
0
0
0
0
0
0
0
0
0
0
0
0
0
0
0
0
0
0
0
0
0
0
0
0
0
0
0
0
0
0
0
0
0
0
0
0
0
0
0
0
0
0
0
0
0
0
0
0
0
0
0
0
0
0
0
0
0
0
0
0
0
0
0
0
0
0
0
0
0
0
0
0
0
0
0
0
0
0
0
0
0
0
0
0
0
0
0
0
0
0
0
0
0
0
0
0
0
0
0
0
0
0
0
0
0
0
0
0
0
0
0
0
0
0
0
0
0
0
0
0
0
0
0
0
0
0
0
0
0
0
0
0
0
0
0
0
0
0
0
0
0
0
0
0
0
0
0
0
0
0
0
0
0
0
0
0
0
0
0
0
0
0
0
0
0
0
0
0
0
0
0
0
0
0
0
0
0
0
0
0
0
0
0
0
0
0
0
0
0
0
0
0
0
0
0
0
0
0
0
0
0
0
0
0
0
0
0
0
0
0
0
0
0
0
0
0
0
0
0
0
0
0
0
0
0
0
0
0
0
0
0
0
0
0
0
0
0
0
0
0
0
0
0
0
0
0
0
0
0
0
0
0
0
0
0
0
0
0
0
0
0
0
0
0
0
0
0
0
0
0
0
0
0
0
0
0
0
0
0
0
0
0
0
0
0
0
0
0
0
0
0
0
0
0
0
0
0
0
0
0
0
0
0
0
0
0
0
0
0
0
0
0
0
0
0
0
0
0
0
0
0
0
0
0
0
0
0
0
0
0
0
0
0
0
0
0
0
0
0
0
0
0
0
0
0
0
0
0
0
0
0
0
0

