0.0365223975341425
0.0365223975341425
0.0365223975341425
0.0365223975341425
0.0365223975341425
0.0365223975341425
0.0365223975341425
0.0351744469196312
0.0351744469196312
0.0200140879083426
0.0200140879083426
0.0181170088770498
0.00442046946310148
0.00381423188618535
0.00381423188618535
0.00381423188618535
0.00381423188618535
0.00381423188618535
0.00381423188618535
0.00381423188618535
0.00381423188618535
0.00381423188618535
0.00381423188618535
0.00365256525032231
0.00115885417028294
0.00115885417028294
0.00115885417028294
0.00115885417028294
0.00115885417028294
0.00115885417028294
0.000901314448643054
0.000901314448643054
0.000901314448643054
0.000901314448643054
0.000772077550958428
0.000744353985736579
0.000744353985736579
0.000744353985736579
0.000744353985736579
0.000744353985736579
0.000744353985736579
0.000744353985736579
0.000744353985736579
0.000554341634541378
0.000554341634541378
0.000506010106391508
0.000193699003408265
0.000193699003408265
0.000165586769449888
0.000165586769449888
0.000165586769449888
0.000106391089162217
8.018823720779E-05
8.018823720779E-05
8.018823720779E-05
1.88159138779787E-05
1.88159138779787E-05
1.88159138779787E-05
1.88159138779787E-05
1.88159138779787E-05
1.88159138779787E-05
1.88159138779787E-05
1.88159138779787E-05
1.88159138779787E-05
1.88159138779787E-05
1.88159138779787E-05
1.88159138779787E-05
1.88159138779787E-05
8.8078801375735E-06
8.8078801375735E-06
8.8078801375735E-06
8.8078801375735E-06
8.8078801375735E-06
8.8078801375735E-06
3.15914831872099E-06
3.15914831872099E-06
3.15914831872099E-06
3.15914831872099E-06
3.15914831872099E-06
1.83153300525873E-06
7.85339547504371E-07
7.85339547504371E-07
7.85339547504371E-07
7.85339547504371E-07
7.85339547504371E-07
7.85339547504371E-07
7.85339547504371E-07
7.85339547504371E-07
7.85339547504371E-07
7.85339547504371E-07
4.85100113523096E-07
4.85100113523096E-07
4.85100113523096E-07
4.85100113523096E-07
4.85100113523096E-07
3.92166478069278E-07
3.92166478069278E-07
3.92166478069278E-07
3.92166478069278E-07
3.92166478069278E-07
2.64134445870923E-07
2.64134445870923E-07
2.09840709031184E-07
2.09840709031184E-07
2.09840709031184E-07
2.09840709031184E-07
2.09840709031184E-07
2.09840709031184E-07
2.09840709031184E-07
2.09840709031184E-07
2.09840709031184E-07
2.09840709031184E-07
1.88933270250935E-07
1.27849693387638E-07
1.27849693387638E-07
1.27849693387638E-07
6.16174510303935E-08
6.16174510303935E-08
6.16174510303935E-08
6.16174510303935E-08
5.55026252735402E-08
5.55026252735402E-08
5.10684653454163E-08
5.10684653454163E-08
5.10684653454163E-08
2.11109201231352E-08
2.11109201231352E-08
2.11109201231352E-08
1.28414598954407E-08
1.28414598954407E-08
2.78427059186015E-09
2.78427059186015E-09
2.78427059186015E-09
2.78427059186015E-09
2.78427059186015E-09
2.78427059186015E-09
2.78427059186015E-09
2.78427059186015E-09
2.78427059186015E-09
2.78427059186015E-09
2.78427059186015E-09
2.78427059186015E-09
2.78427059186015E-09
1.29927291148135E-09
1.29927291148135E-09
1.29927291148135E-09
1.29927291148135E-09
1.29927291148135E-09
1.29927291148135E-09
1.29927291148135E-09
1.29927291148135E-09
1.29927291148135E-09
1.29927291148135E-09
1.29927291148135E-09
1.29927291148135E-09
1.29927291148135E-09
1.29927291148135E-09
1.2872282129095E-09
1.2872282129095E-09
1.2872282129095E-09
1.2872282129095E-09
1.2872282129095E-09
7.12394587765175E-10
7.12394587765175E-10
7.12394587765175E-10
7.12394587765175E-10
7.12394587765175E-10
7.12394587765175E-10
7.12394587765175E-10
5.38544431272214E-10
4.84464912631211E-10
4.84464912631211E-10
4.84464912631211E-10
4.84464912631211E-10
2.35566899320361E-10
8.54797344018721E-11
6.01727556670539E-11
6.01727556670539E-11
6.01727556670539E-11
6.01727556670539E-11
6.01727556670539E-11
6.01727556670539E-11
6.01727556670539E-11
6.01727556670539E-11
6.01727556670539E-11
3.78976849901846E-11
3.78976849901846E-11
3.78976849901846E-11
3.78976849901846E-11
3.78976849901846E-11
3.78976849901846E-11
3.78976849901846E-11
3.78976849901846E-11
3.78976849901846E-11
3.78976849901846E-11
3.72925024194615E-11
3.72925024194615E-11
3.72925024194615E-11
3.72925024194615E-11
3.72925024194615E-11
3.72925024194615E-11
2.18489670800182E-11
2.18489670800182E-11
1.66611169305497E-11
1.66611169305497E-11
1.66611169305497E-11
1.66611169305497E-11
1.66611169305497E-11
1.66611169305497E-11
9.36251076666395E-12
9.36251076666395E-12
9.36251076666395E-12
9.36251076666395E-12
9.36251076666395E-12
9.36251076666395E-12
9.36251076666395E-12
3.65119046108475E-12
2.69451128076525E-12
2.69451128076525E-12
2.69451128076525E-12
2.69451128076525E-12
2.69451128076525E-12
2.69451128076525E-12
2.69451128076525E-12
1.64035451888367E-12
1.64035451888367E-12
1.64035451888367E-12
4.46309655899313E-13
4.46309655899313E-13
4.46309655899313E-13
4.46309655899313E-13
4.46309655899313E-13
4.46309655899313E-13
4.46309655899313E-13
3.59157148466238E-13
3.59157148466238E-13
3.59157148466238E-13
3.75255382323303E-14
3.75255382323303E-14
3.75255382323303E-14
3.75255382323303E-14
3.75255382323303E-14
3.75255382323303E-14
3.75255382323303E-14
3.75255382323303E-14
3.75255382323303E-14
3.75255382323303E-14
3.75255382323303E-14
3.75255382323303E-14
3.75255382323303E-14
3.75255382323303E-14
1.85407245112401E-14
1.85407245112401E-14
1.85407245112401E-14
1.85407245112401E-14
1.85407245112401E-14
1.85407245112401E-14
1.85407245112401E-14
3.44169137633799E-15
3.44169137633799E-15
3.44169137633799E-15
3.44169137633799E-15
3.44169137633799E-15
3.44169137633799E-15
3.44169137633799E-15
3.44169137633799E-15
3.44169137633799E-15
3.44169137633799E-15
3.44169137633799E-15
3.44169137633799E-15
3.44169137633799E-15
3.44169137633799E-15
3.44169137633799E-15
3.44169137633799E-15
3.44169137633799E-15
3.44169137633799E-15
3.44169137633799E-15
3.44169137633799E-15
3.44169137633799E-15
3.44169137633799E-15
3.44169137633799E-15
3.44169137633799E-15
3.44169137633799E-15
3.44169137633799E-15
1.99840144432528E-15
1.11022302462516E-15
1.11022302462516E-15
1.11022302462516E-15
8.88178419700125E-16
8.88178419700125E-16
3.33066907387547E-16
0
0
0
0
0
0
0
0
0
0
0
0
0
0
0
0
0
0
0
0
0
0
0
0
0
0
0
0
0
0
0
0
0
0
0
0
0
0
0
0
0
0
0
0
0
0
0
0
0
0
0
0
0
0
0
0
0
0
0
0
0
0
0
0
0
0
0
0
0
0
0
0
0
0
0
0
0
0
0
0
0
0
0
0
0
0
0
0
0
0
0
0
0
0
0
0
0
0
0
0
0
0
0
0
0
0
0
0
0
0
0
0
0
0
0
0
0
0
0
0
0
0
0
0
0
0
0
0
0
0
0
0
0
0
0
0
0
0
0
0
0
0
0
0
0
0
0
0
0
0
0
0
0
0
0
0
0
0
0
0
0
0
0
0
0
0
0
0
0
0
0
0
0
0
0
0
0
0
0
0
0
0
0
0
0
0
0
0
0
0
0
0
0
0
0
0
0
0
0
0
0
0
0
0
0
0
0
0
0

