0.132068227804634
0.0215903655483973
0.00874892604781352
0.00874892604781352
0.00874892604781352
0.00874892604781352
0.00172438091879235
0.00172438091879235
0.00172438091879235
0.00172438091879235
0.00172438091879235
0.00162901748365885
0.00162901748365885
0.00162901748365885
0.00162901748365885
0.00162901748365885
0.00162901748365885
0.000620096137038284
0.000620096137038284
0.000620096137038284
0.000620096137038284
0.000620096137038284
0.000620096137038284
0.000568348550659681
0.000568348550659681
0.000568348550659681
0.000161864871459971
0.000161864871459971
0.000161864871459971
0.000161864871459971
0.000161864871459971
0.000161864871459971
0.000161864871459971
0.000161864871459971
0.000161864871459971
0.000161864871459971
0.000161864871459971
0.000161864871459971
0.000161864871459971
0.000161864871459971
0.000161864871459971
0.000161864871459971
0.000161864871459971
0.000161864871459971
0.000161864871459971
0.000161864871459971
0.000161864871459971
0.000161864871459971
0.000161864871459971
0.000161864871459971
0.000161864871459971
0.000161864871459971
0.000161864871459971
0.000114592336649788
0.000114592336649788
0.000114592336649788
0.000114592336649788
0.000114592336649788
0.000114592336649788
0.000114592336649788
0.000114592336649788
0.000114592336649788
2.33011201351552E-05
2.33011201351552E-05
2.33011201351552E-05
2.33011201351552E-05
2.33011201351552E-05
2.33011201351552E-05
2.33011201351552E-05
2.33011201351552E-05
2.1497587101349E-05
2.1497587101349E-05
2.1497587101349E-05
2.1497587101349E-05
2.1497587101349E-05
2.1497587101349E-05
2.1497587101349E-05
2.1497587101349E-05
2.1497587101349E-05
2.1497587101349E-05
2.1497587101349E-05
2.1497587101349E-05
2.1497587101349E-05
2.1497587101349E-05
2.1497587101349E-05
2.1497587101349E-05
2.1497587101349E-05
2.1497587101349E-05
2.1497587101349E-05
2.1497587101349E-05
2.1497587101349E-05
2.1497587101349E-05
2.1497587101349E-05
2.1497587101349E-05
2.1497587101349E-05
2.1497587101349E-05
2.1497587101349E-05
2.1497587101349E-05
2.1497587101349E-05
2.1497587101349E-05
2.1497587101349E-05
2.1497587101349E-05
2.1497587101349E-05
2.1497587101349E-05
2.1497587101349E-05
2.1497587101349E-05
2.1497587101349E-05
2.1497587101349E-05
2.1497587101349E-05
2.1497587101349E-05
2.1497587101349E-05
2.1497587101349E-05
2.1497587101349E-05
2.1497587101349E-05
2.1497587101349E-05
2.1497587101349E-05
2.1497587101349E-05
2.1497587101349E-05
2.1497587101349E-05
2.1497587101349E-05
2.1497587101349E-05
2.1497587101349E-05
2.1497587101349E-05
2.1497587101349E-05
2.1497587101349E-05
2.1497587101349E-05
2.1497587101349E-05
2.1497587101349E-05
2.1497587101349E-05
2.1497587101349E-05
2.1497587101349E-05
2.1497587101349E-05
2.1497587101349E-05
2.1497587101349E-05
2.1497587101349E-05
2.1497587101349E-05
2.1497587101349E-05
2.1497587101349E-05
2.1497587101349E-05
2.1497587101349E-05
2.1497587101349E-05
2.1497587101349E-05
2.1497587101349E-05
2.1497587101349E-05
2.1497587101349E-05
2.1497587101349E-05
2.1497587101349E-05
2.1497587101349E-05
1.19202627967274E-05
1.19202627967274E-05
1.19202627967274E-05
1.19202627967274E-05
1.19202627967274E-05
1.19202627967274E-05
1.19202627967274E-05
1.19202627967274E-05
1.19202627967274E-05
1.19202627967274E-05
1.19202627967274E-05
1.19202627967274E-05
1.19202627967274E-05
1.19202627967274E-05
1.19202627967274E-05
1.19202627967274E-05
1.19202627967274E-05
1.19202627967274E-05
1.19202627967274E-05
1.19202627967274E-05
1.19202627967274E-05
1.19202627967274E-05
1.19202627967274E-05
1.19202627967274E-05
1.19202627967274E-05
1.19202627967274E-05
1.19202627967274E-05
1.19202627967274E-05
1.19202627967274E-05
1.19202627967274E-05
1.19202627967274E-05
1.19202627967274E-05
1.19202627967274E-05
1.19202627967274E-05
1.19202627967274E-05
1.08050332919829E-05
1.08050332919829E-05
1.08050332919829E-05
1.08050332919829E-05
1.08050332919829E-05
1.08050332919829E-05
1.08050332919829E-05
1.08050332919829E-05
1.08050332919829E-05
1.08050332919829E-05
1.08050332919829E-05
1.08050332919829E-05
1.08050332919829E-05
1.08050332919829E-05
1.08050332919829E-05
1.08050332919829E-05
1.08050332919829E-05
1.08050332919829E-05
1.08050332919829E-05
1.08050332919829E-05
1.08050332919829E-05
1.08050332919829E-05
1.08050332919829E-05
1.08050332919829E-05
1.08050332919829E-05
1.08050332919829E-05
1.08050332919829E-05
1.08050332919829E-05
1.08050332919829E-05
1.08050332919829E-05
1.08050332919829E-05
1.08050332919829E-05
1.08050332919829E-05
1.08050332919829E-05
1.08050332919829E-05
1.08050332919829E-05
1.08050332919829E-05
1.08050332919829E-05
1.08050332919829E-05
1.08050332919829E-05
1.08050332919829E-05
1.08050332919829E-05
1.08050332919829E-05
1.08050332919829E-05
1.08050332919829E-05
1.08050332919829E-05
1.08050332919829E-05
1.08050332919829E-05
1.08050332919829E-05
1.08050332919829E-05
1.08050332919829E-05
1.08050332919829E-05
1.08050332919829E-05
1.08050332919829E-05
1.08050332919829E-05
1.08050332919829E-05
1.08050332919829E-05
1.08050332919829E-05
1.08050332919829E-05
1.08050332919829E-05
1.08050332919829E-05
1.08050332919829E-05
1.08050332919829E-05
1.08050332919829E-05
1.08050332919829E-05
1.08050332919829E-05
1.08050332919829E-05
1.08050332919829E-05
1.08050332919829E-05
1.08050332919829E-05
1.08050332919829E-05
1.08050332919829E-05
1.08050332919829E-05
1.08050332919829E-05
1.08050332919829E-05
1.08050332919829E-05
1.08050332919829E-05
1.08050332919829E-05
1.08050332919829E-05
1.08050332919829E-05
1.08050332919829E-05
1.08050332919829E-05
1.08050332919829E-05
1.08050332919829E-05
1.08050332919829E-05
1.08050332919829E-05
1.08050332919829E-05
1.08050332919829E-05
1.08050332919829E-05
1.08050332919829E-05
1.08050332919829E-05
1.08050332919829E-05
1.08050332919829E-05
1.08050332919829E-05
1.08050332919829E-05
1.08050332919829E-05
1.08050332919829E-05
1.08050332919829E-05
1.08050332919829E-05
1.08050332919829E-05
1.08050332919829E-05
1.08050332919829E-05
1.08050332919829E-05
1.08050332919829E-05
1.08050332919829E-05
1.08050332919829E-05
1.08050332919829E-05
1.08050332919829E-05
1.08050332919829E-05
1.08050332919829E-05
1.08050332919829E-05
1.08050332919829E-05
1.08050332919829E-05
1.08050332919829E-05
1.08050332919829E-05
1.08050332919829E-05
1.08050332919829E-05
1.08050332919829E-05
1.08050332919829E-05
1.08050332919829E-05
1.08050332919829E-05
1.08050332919829E-05
1.08050332919829E-05
1.08050332919829E-05
1.08050332919829E-05
1.08050332919829E-05
1.08050332919829E-05
1.08050332919829E-05
1.08050332919829E-05
1.08050332919829E-05
1.08050332919829E-05
1.08050332919829E-05
1.08050332919829E-05
1.08050332919829E-05
1.08050332919829E-05
1.08050332919829E-05
1.08050332919829E-05
1.08050332919829E-05
1.08050332919829E-05
1.08050332919829E-05
4.00631724439826E-06
4.00631724439826E-06
4.00631724439826E-06
4.00631724439826E-06
4.00631724439826E-06
4.00631724439826E-06
4.00631724439826E-06
4.00631724439826E-06
4.00631724439826E-06
4.00631724439826E-06
4.00631724439826E-06
4.00631724439826E-06
4.00631724439826E-06
4.00631724439826E-06
4.00631724439826E-06
4.00631724439826E-06
4.00631724439826E-06
4.00631724439826E-06
4.00631724439826E-06
4.00631724439826E-06
4.00631724439826E-06
4.00631724439826E-06
4.00631724439826E-06
4.00631724439826E-06
4.00631724439826E-06
4.00631724439826E-06
4.00631724439826E-06
4.00631724439826E-06
4.00631724439826E-06
4.00631724439826E-06
4.00631724439826E-06
4.00631724439826E-06
4.00631724439826E-06
4.00631724439826E-06
4.00631724439826E-06
4.00631724439826E-06
4.00631724439826E-06
4.00631724439826E-06
4.00631724439826E-06
4.00631724439826E-06
4.00631724439826E-06
4.00631724439826E-06
4.00631724439826E-06
4.00631724439826E-06
4.00631724439826E-06
4.00631724439826E-06
4.00631724439826E-06
4.00631724439826E-06
4.00631724439826E-06
4.00631724439826E-06
4.00631724439826E-06
4.00631724439826E-06
4.00631724439826E-06
4.00631724439826E-06
4.00631724439826E-06
4.00631724439826E-06
4.00631724439826E-06
4.00631724439826E-06
4.00631724439826E-06
4.00631724439826E-06
4.00631724439826E-06
2.37913928913258E-06
2.37913928913258E-06
2.37913928913258E-06
2.37913928913258E-06
2.37913928913258E-06
2.37913928913258E-06
6.39587979911482E-07
6.39587979911482E-07
6.39587979911482E-07
6.39587979911482E-07
6.39587979911482E-07
6.39587979911482E-07
6.39587979911482E-07
6.39587979911482E-07
6.39587979911482E-07
6.39587979911482E-07
6.39587979911482E-07
6.39587979911482E-07
6.39587979911482E-07
6.39587979911482E-07
6.39587979911482E-07
6.39587979911482E-07
6.39587979911482E-07
6.39587979911482E-07
6.39587979911482E-07
6.39587979911482E-07
6.39587979911482E-07
6.39587979911482E-07
6.39587979911482E-07
6.39587979911482E-07
6.39587979911482E-07
6.39587979911482E-07
6.39587979911482E-07
6.39587979911482E-07
6.39587979911482E-07
6.39587979911482E-07
6.39587979911482E-07
6.39587979911482E-07
6.39587979911482E-07
6.39587979911482E-07
6.39587979911482E-07
6.39587979911482E-07
6.39587979911482E-07
6.39587979911482E-07
6.39587979911482E-07
6.39587979911482E-07
6.39587979911482E-07
6.39587979911482E-07
6.39587979911482E-07
6.39587979911482E-07
6.39587979911482E-07
6.39587979911482E-07
6.39587979911482E-07
6.39587979911482E-07
6.39587979911482E-07
6.39587979911482E-07
6.39587979911482E-07
6.39587979911482E-07
6.39587979911482E-07
6.39587979911482E-07
6.39587979911482E-07
6.39587979911482E-07
6.39587979911482E-07
6.39587979911482E-07
6.39587979911482E-07
6.39587979911482E-07
6.39587979911482E-07
6.39587979911482E-07
6.39587979911482E-07
6.39587979911482E-07
6.39587979911482E-07
6.39587979911482E-07
6.39587979911482E-07
6.39587979911482E-07
6.39587979911482E-07
6.39587979911482E-07
6.39587979911482E-07
6.39587979911482E-07
6.39587979911482E-07
6.39587979911482E-07
6.39587979911482E-07
6.39587979911482E-07
6.39587979911482E-07
6.39587979911482E-07
6.39587979911482E-07
6.39587979911482E-07
6.39587979911482E-07
6.39587979911482E-07
6.39587979911482E-07
6.39587979911482E-07
6.39587979911482E-07
6.39587979911482E-07
6.39587979911482E-07
6.39587979911482E-07
6.39587979911482E-07
6.39587979911482E-07
6.39587979911482E-07
6.39587979911482E-07
6.39587979911482E-07
6.39587979911482E-07
6.39587979911482E-07
6.39587979911482E-07
6.39587979911482E-07
6.39587979911482E-07
6.39587979911482E-07
6.39587979911482E-07
6.39587979911482E-07
6.39587979911482E-07
6.39587979911482E-07
6.39587979911482E-07
6.39587979911482E-07
6.39587979911482E-07
6.39587979911482E-07
6.39587979911482E-07
6.39587979911482E-07
6.39587979911482E-07

