0.258119923943964
0.126101729438876
0.0184473461545804
0.0184473461545804
0.0184473461545804
0.0184473461545804
0.0184473461545804
0.0184473461545804
0.0184473461545804
0.0170132965011565
0.00888727027506794
0.00888727027506794
0.00888727027506794
0.00888727027506794
0.00543010252933814
0.00543010252933814
0.00543010252933814
0.00139053628589727
0.00139053628589727
0.00139053628589727
0.00139053628589727
0.00139053628589727
0.00139053628589727
0.00139053628589727
0.00139053628589727
0.0013211775571037
0.00100046821569475
0.00100046821569475
0.00100046821569475
0.00100046821569475
0.000287692432258352
0.000287692432258352
6.45348067447633E-05
6.45348067447633E-05
6.45348067447633E-05
6.45348067447633E-05
6.45348067447633E-05
6.45348067447633E-05
6.45348067447633E-05
6.45348067447633E-05
6.45348067447633E-05
6.45348067447633E-05
6.45348067447633E-05
6.45348067447633E-05
6.45348067447633E-05
6.45348067447633E-05
6.45348067447633E-05
6.45348067447633E-05
6.45348067447633E-05
6.45348067447633E-05
6.45348067447633E-05
2.12712817335508E-05
2.12712817335508E-05
2.12712817335508E-05
2.12712817335508E-05
2.12712817335508E-05
2.12712817335508E-05
2.12712817335508E-05
2.12712817335508E-05
2.12712817335508E-05
2.12712817335508E-05
2.12712817335508E-05
4.90517156616549E-06
4.90517156616549E-06
3.33801071733399E-06
3.33801071733399E-06
3.33801071733399E-06
3.33801071733399E-06
3.33801071733399E-06
1.38960819617007E-06
1.38960819617007E-06
1.38960819617007E-06
1.38960819617007E-06
1.38960819617007E-06
1.38960819617007E-06
1.38960819617007E-06
1.38960819617007E-06
1.38960819617007E-06
1.38960819617007E-06
1.38960819617007E-06
1.38960819617007E-06
1.38960819617007E-06
1.38960819617007E-06
1.38960819617007E-06
1.38960819617007E-06
1.38960819617007E-06
1.38960819617007E-06
1.32417696742742E-06
1.32417696742742E-06
1.32417696742742E-06
1.32417696742742E-06
1.32417696742742E-06
1.32417696742742E-06
1.32417696742742E-06
1.12188170713681E-07
1.12188170713681E-07
1.12188170713681E-07
1.12188170713681E-07
1.12188170713681E-07
1.12188170713681E-07
1.12188170713681E-07
1.12188170713681E-07
1.12188170713681E-07
1.12188170713681E-07
1.12188170713681E-07
1.12188170713681E-07
1.12188170713681E-07
1.12188170713681E-07
1.12188170713681E-07
1.12188170713681E-07
1.12188170713681E-07
6.13807464834717E-08
6.13807464834717E-08
6.13807464834717E-08
6.13807464834717E-08
6.13807464834717E-08
6.13807464834717E-08
5.43129379008923E-08
5.43129379008923E-08
5.43129379008923E-08
5.43129379008923E-08
5.43129379008923E-08
5.43129379008923E-08
5.43129379008923E-08
5.43129379008923E-08
5.43129379008923E-08
5.43129379008923E-08
5.43129379008923E-08
5.43129379008923E-08
3.45202644876705E-08
3.45202644876705E-08
1.34310822972078E-08
5.9432361329914E-09
5.9432361329914E-09
5.9432361329914E-09
5.9432361329914E-09
5.9432361329914E-09
5.9432361329914E-09
5.9432361329914E-09
5.9432361329914E-09
5.9432361329914E-09
5.9432361329914E-09
5.9432361329914E-09
3.9312966402212E-09
3.9312966402212E-09
3.21728024716798E-09
3.21728024716798E-09
3.21728024716798E-09
3.21728024716798E-09
3.21728024716798E-09
3.21728024716798E-09
3.21728024716798E-09
3.21728024716798E-09
3.21728024716798E-09
3.21728024716798E-09
3.21728024716798E-09
3.21728024716798E-09
3.21728024716798E-09
2.42701869636438E-09
2.42701869636438E-09
2.42701869636438E-09
2.42701869636438E-09
2.1390189542277E-09
2.1390189542277E-09
9.04844569834596E-10
9.04844569834596E-10
9.04844569834596E-10
9.04844569834596E-10
9.04844569834596E-10
9.04844569834596E-10
9.04844569834596E-10
9.04844569834596E-10
9.04844569834596E-10
9.04844569834596E-10
9.04844569834596E-10
9.04844569834596E-10
9.04844569834596E-10
9.04844569834596E-10
9.04844569834596E-10
9.04844569834596E-10
9.04844569834596E-10
9.04844569834596E-10
9.04844569834596E-10
8.99153087255629E-10
8.99153087255629E-10
8.99153087255629E-10
8.99153087255629E-10
8.99153087255629E-10
8.99153087255629E-10
8.99153087255629E-10
8.99153087255629E-10
8.99153087255629E-10
8.99153087255629E-10
8.99153087255629E-10
5.0912083511573E-10
5.0912083511573E-10
5.0912083511573E-10
5.0912083511573E-10
5.0912083511573E-10
5.0912083511573E-10
5.0912083511573E-10
5.0912083511573E-10
5.0912083511573E-10
5.0912083511573E-10
5.0912083511573E-10
5.0912083511573E-10
5.0912083511573E-10
5.0912083511573E-10
5.0912083511573E-10
5.0912083511573E-10
5.0912083511573E-10
1.63645808715675E-10
1.63645808715675E-10
1.63645808715675E-10
1.63645808715675E-10
1.63645808715675E-10
1.63645808715675E-10
1.63645808715675E-10
1.63645808715675E-10
1.63645808715675E-10
1.63645808715675E-10
1.63645808715675E-10
1.63645808715675E-10
1.63645808715675E-10
1.30068541455644E-10
1.30068541455644E-10
6.47376233033223E-11
6.47376233033223E-11
6.47376233033223E-11
6.47376233033223E-11
6.47376233033223E-11
6.47376233033223E-11
6.47376233033223E-11
4.41199427315818E-11
4.41199427315818E-11
4.41199427315818E-11
4.41199427315818E-11
4.41199427315818E-11
4.41199427315818E-11
4.41199427315818E-11
4.41199427315818E-11
4.41199427315818E-11
1.59970059321231E-11
1.59970059321231E-11
1.59970059321231E-11
1.59970059321231E-11
1.59970059321231E-11
1.59970059321231E-11
1.59970059321231E-11
1.59970059321231E-11
1.59970059321231E-11
1.59970059321231E-11
1.59970059321231E-11
1.59970059321231E-11
1.59970059321231E-11
1.59970059321231E-11
1.59970059321231E-11
1.59970059321231E-11
1.59970059321231E-11
1.59970059321231E-11
1.59970059321231E-11
1.59970059321231E-11
1.59970059321231E-11
1.59970059321231E-11
1.59970059321231E-11
1.59970059321231E-11
1.59970059321231E-11
1.59970059321231E-11
1.59970059321231E-11
1.14167070420513E-11
1.14167070420513E-11
1.14167070420513E-11
1.14167070420513E-11
1.14167070420513E-11
1.14167070420513E-11
1.14167070420513E-11
1.14167070420513E-11
1.14167070420513E-11
1.14167070420513E-11
1.14167070420513E-11
1.14167070420513E-11
1.14167070420513E-11
1.14167070420513E-11
7.85775155247503E-12
7.85775155247503E-12
7.85775155247503E-12
7.85775155247503E-12
7.85775155247503E-12
4.41169730786968E-12
4.41169730786968E-12
4.41169730786968E-12
4.31956915600383E-12
4.31956915600383E-12
4.31956915600383E-12
4.31956915600383E-12
4.31956915600383E-12
4.31956915600383E-12
4.31956915600383E-12
4.31956915600383E-12
4.31956915600383E-12
4.31956915600383E-12
4.31956915600383E-12
4.31956915600383E-12
4.31956915600383E-12
4.31956915600383E-12
4.31956915600383E-12
4.31956915600383E-12
4.31956915600383E-12
4.31956915600383E-12
4.31956915600383E-12
4.31956915600383E-12
4.31956915600383E-12
1.95076070372603E-12
1.95076070372603E-12
1.95076070372603E-12
1.95076070372603E-12
1.95076070372603E-12
1.95076070372603E-12
1.95076070372603E-12
1.11004192069599E-12
1.11004192069599E-12
1.11004192069599E-12
2.82193290844552E-13
2.82193290844552E-13
2.12569043829271E-13
2.12569043829271E-13
2.12569043829271E-13
1.19492987397729E-13
1.19492987397729E-13
1.19492987397729E-13
1.19492987397729E-13
1.19492987397729E-13
1.19492987397729E-13
2.50008361122063E-14
2.50008361122063E-14
2.50008361122063E-14
2.50008361122063E-14
2.50008361122063E-14
2.50008361122063E-14
2.50008361122063E-14
2.50008361122063E-14
2.50008361122063E-14
2.50008361122063E-14
2.50008361122063E-14
2.50008361122063E-14
2.50008361122063E-14
2.50008361122063E-14
2.50008361122063E-14
2.50008361122063E-14
2.50008361122063E-14
2.33462787725032E-14
2.33462787725032E-14
2.33462787725032E-14
2.33462787725032E-14
2.33462787725032E-14
2.33462787725032E-14
2.33462787725032E-14
2.10514082792215E-14
2.10514082792215E-14
2.10514082792215E-14
2.10514082792215E-14
2.10514082792215E-14
2.10514082792215E-14
2.10514082792215E-14
2.10514082792215E-14
1.61557259271921E-14
1.61557259271921E-14
1.61557259271921E-14
1.61557259271921E-14
1.61557259271921E-14
1.61557259271921E-14
1.61557259271921E-14
1.61557259271921E-14
1.61557259271921E-14
1.61557259271921E-14
1.61557259271921E-14
1.61557259271921E-14
1.61557259271921E-14
1.61557259271921E-14
1.61557259271921E-14
1.61557259271921E-14
1.61557259271921E-14
1.61557259271921E-14
1.61557259271921E-14
1.61557259271921E-14
1.59337977363577E-14
1.59337977363577E-14
1.59337977363577E-14
1.59337977363577E-14
1.59333612232223E-14
1.59333612232223E-14
1.59333612232223E-14
1.59333612232223E-14
1.59333612232223E-14
1.13724235920303E-14
1.13724235920303E-14
1.13724235920303E-14
1.13724235920303E-14
1.13724235920303E-14
1.13724235920303E-14
2.67479658680033E-15
2.67479658680033E-15
2.67479658680033E-15
2.67479658680033E-15
2.67479658680033E-15
2.67479658680033E-15
2.67479658680033E-15
2.67479658680033E-15
2.67479658680033E-15
2.67479658680033E-15
2.67479658680033E-15
2.67479658680033E-15
2.67479658680033E-15
2.67479658680033E-15
2.67479658680033E-15
2.67479658680033E-15
2.67479658680033E-15
2.67479658680033E-15
2.67479658680033E-15
2.67479658680033E-15
2.67479658680033E-15
2.67479658680033E-15
2.67479658680033E-15
2.67479658680033E-15
2.67479658680033E-15
2.67479658680033E-15
2.67479658680033E-15
2.67479658680033E-15
2.67479658680033E-15
2.67479658680033E-15
2.67479658680033E-15
2.67479658680033E-15
1.59485030488852E-15
1.0878296175519E-15
1.0878296175519E-15
1.0878296175519E-15
1.0878296175519E-15
1.0878296175519E-15
1.0878296175519E-15
1.0878296175519E-15
1.04030045482931E-15
9.68476534294902E-16
9.68476534294902E-16
7.47322716862807E-16
7.47322716862807E-16
7.45398628583559E-16
7.45398628583559E-16
7.45398628583559E-16
7.45398628583559E-16
7.43999303684916E-16
7.43999303684916E-16
7.43999303684916E-16
7.43999303684916E-16
7.40730100615649E-16
7.38911917924588E-16
7.37584987873155E-16
7.37584987873155E-16
7.36480006923682E-16
7.3638042761282E-16
7.36307715128255E-16
7.36254616750374E-16
7.36215891462816E-16
7.36187595268422E-16
7.36167001779892E-16
7.36151966945078E-16
7.36141008456323E-16
7.36132988113104E-16
7.36127138291812E-16
7.36122876657296E-16
7.36119700283744E-16
7.36117476822257E-16
7.36115835695922E-16
7.3611464455584E-16
7.36113771053113E-16
7.36113135778402E-16
7.36112685792149E-16
7.36112341685014E-16
7.36112103456998E-16
7.36111918168541E-16
7.36111785819643E-16
7.36111679940524E-16
7.36111600531186E-16
7.36111547591626E-16
7.36111521121847E-16
7.36111494652067E-16
7.36111468182288E-16
7.36111441712508E-16
7.36111441712508E-16
4.28833405316184E-16
4.28833405316184E-16
4.28833405316184E-16
4.28833405316184E-16
4.28833405316184E-16
4.28833405316184E-16
4.24796949215382E-16
4.24796949215382E-16
4.24796949215382E-16
4.24796949215382E-16
4.13041534805811E-16
4.13041534805811E-16

