0.0328119993612481
0.0239136519791903
0.00195219376109179
0.000450021841248205
0.000450021841248205
0.000450021841248205
0.000450021841248205
0.000450021841248205
0.000450021841248205
0.000153690205481394
0.000153690205481394
0.000153690205481394
0.000153690205481394
0.000153690205481394
0.000153690205481394
0.000153690205481394
0.000153690205481394
0.000129445854500032
0.000129445854500032
0.000129445854500032
0.000129445854500032
0.000129445854500032
0.000129445854500032
0.000129445854500032
0.000129445854500032
0.000129445854500032
0.000129445854500032
0.000129445854500032
0.000129445854500032
0.000129445854500032
0.000129445854500032
0.000129445854500032
0.000129445854500032
0.000129445854500032
0.000129445854500032
0.000129445854500032
0.000129445854500032
0.000129445854500032
0.000129445854500032
0.000129445854500032
0.000129445854500032
0.000129445854500032
0.000129445854500032
0.000129445854500032
0.000129445854500032
0.000129445854500032
0.000129445854500032
0.000129445854500032
0.000129445854500032
0.000129445854500032
0.000129445854500032
9.23066756695068E-05
9.23066756695068E-05
9.23066756695068E-05
9.23066756695068E-05
8.13259095596708E-05
8.13259095596708E-05
7.42030720969344E-05
6.19886358389499E-05
4.93922274557024E-05
2.93704139674444E-05
2.93704139674444E-05
2.93704139674444E-05
2.93704139674444E-05
2.93704139674444E-05
2.26251668554722E-05
2.26251668554722E-05
2.26251668554722E-05
2.26251668554722E-05
5.32736423553004E-06
5.32736423553004E-06
5.32736423553004E-06
5.32736423553004E-06
5.32736423553004E-06
5.32736423553004E-06
5.32736423553004E-06
5.32736423553004E-06
5.32736423553004E-06
5.32736423553004E-06
5.32736423553004E-06
3.22988098311328E-06
3.22988098311328E-06
3.22988098311328E-06
3.22988098311328E-06
3.22988098311328E-06
3.22988098311328E-06
3.22988098311328E-06
3.22988098311328E-06
3.22988098311328E-06
3.22988098311328E-06
3.22988098311328E-06
3.22988098311328E-06
3.22988098311328E-06
3.22988098311328E-06
3.22988098311328E-06
6.55552828465744E-07
6.55552828465744E-07
6.55552828465744E-07
6.55552828465744E-07
6.55552828465744E-07
6.55552828465744E-07
6.55552828465744E-07
6.55552828465744E-07
6.55552828465744E-07
6.55552828465744E-07
6.12145219514026E-07
4.4566243895261E-07
4.4566243895261E-07
4.4566243895261E-07
4.4566243895261E-07
4.21025677654896E-07
4.21025677654896E-07
3.25059017369789E-07
3.25059017369789E-07
3.25059017369789E-07
3.25059017369789E-07
3.16036368963601E-07
3.16036368963601E-07
3.16036368963601E-07
3.16036368963601E-07
3.16036368963601E-07
3.16036368963601E-07
3.16036368963601E-07
2.91631523263725E-07
2.91631523263725E-07
2.91631523263725E-07
2.79092149835236E-07
2.79092149835236E-07
2.79092149835236E-07
2.71421790820625E-07
2.24863296871547E-07
2.12450241621198E-07
2.12450241621198E-07
2.00166211272723E-07
1.57504185138713E-07
9.85592297775284E-08
5.60294308726839E-08
5.60294308726839E-08
1.04204511686135E-08
1.04204511686135E-08
1.04204511686135E-08
1.04204511686135E-08
1.04204511686135E-08
1.04204511686135E-08
1.04204511686135E-08
1.04204511686135E-08
1.04204511686135E-08
1.04204511686135E-08
1.04204511686135E-08
1.04204511686135E-08
1.04204511686135E-08
1.04204511686135E-08
1.04204511686135E-08
1.04204511686135E-08
1.04204511686135E-08
1.04204511686135E-08
8.27606438935646E-09
8.27606438935646E-09
8.27606438935646E-09
8.1767892456952E-09
8.1767892456952E-09
8.1767892456952E-09
7.75075226222555E-09
7.75075226222555E-09
7.67804553269968E-09
7.67804553269968E-09
7.55928886153612E-09
7.55928886153612E-09
7.47913764254093E-09
8.2746276497403E-10
8.2746276497403E-10
8.2746276497403E-10
8.2746276497403E-10
8.2746276497403E-10
8.2746276497403E-10
8.2746276497403E-10
8.2746276497403E-10
8.2746276497403E-10
8.2746276497403E-10
8.2746276497403E-10
8.2746276497403E-10
8.2746276497403E-10
8.2746276497403E-10
8.2746276497403E-10
8.2746276497403E-10
2.66925703762411E-10
2.66925703762411E-10
2.66925703762411E-10
2.66925703762411E-10
2.66925703762411E-10
2.66925703762411E-10
2.66925703762411E-10
5.78697090247715E-11
5.78697090247715E-11
5.78697090247715E-11
5.78697090247715E-11
5.78697090247715E-11
5.78697090247715E-11
5.78697090247715E-11
5.78697090247715E-11
5.78697090247715E-11
5.78697090247715E-11
5.78697090247715E-11
5.78697090247715E-11
5.78697090247715E-11
5.78697090247715E-11
5.78697090247715E-11
5.78697090247715E-11
5.78697090247715E-11
5.78697090247715E-11
5.78697090247715E-11
3.76414455161012E-11
3.76414455161012E-11
3.76414455161012E-11
3.76414455161012E-11
2.1214030532235E-11
2.1214030532235E-11
2.1214030532235E-11
2.1214030532235E-11
2.1214030532235E-11
2.1214030532235E-11
2.1214030532235E-11
2.1214030532235E-11
2.1214030532235E-11
2.1214030532235E-11
2.1214030532235E-11
2.1214030532235E-11
2.1214030532235E-11
2.1214030532235E-11
2.1214030532235E-11
2.1214030532235E-11
2.1214030532235E-11
2.1214030532235E-11
2.1214030532235E-11
2.1214030532235E-11
2.03618233385328E-11
2.03618233385328E-11
2.03618233385328E-11
2.03618233385328E-11
2.03618233385328E-11
2.03618233385328E-11
1.98503435910879E-11
1.98503435910879E-11
1.98503435910879E-11
1.98503435910879E-11
1.98503435910879E-11
1.98503435910879E-11
1.98503435910879E-11
1.98503435910879E-11
1.98503435910879E-11
1.98503435910879E-11
1.98503435910879E-11
1.96077598602074E-11
1.96077598602074E-11
1.96077598602074E-11
1.96077598602074E-11
1.96077598602074E-11
1.96077598602074E-11
1.96077598602074E-11
1.96077598602074E-11
1.96077598602074E-11
1.96077598602074E-11
1.96077598602074E-11
1.96077598602074E-11
1.96077598602074E-11
1.96077598602074E-11
1.21618271009538E-11
1.21618271009538E-11
1.21618271009538E-11
1.21618271009538E-11
1.21618271009538E-11
1.21618271009538E-11
1.21618271009538E-11
1.21618271009538E-11
1.21618271009538E-11
1.21618271009538E-11
1.21618271009538E-11
6.78868072867544E-12
6.78868072867544E-12
2.03503880413791E-13
2.03503880413791E-13
2.03503880413791E-13
2.03503880413791E-13
2.03503880413791E-13
2.03503880413791E-13
2.03503880413791E-13
2.03503880413791E-13
2.03503880413791E-13
2.03503880413791E-13
2.03503880413791E-13
2.03503880413791E-13
2.03503880413791E-13
2.03503880413791E-13
2.03503880413791E-13
2.03503880413791E-13
2.03503880413791E-13
2.03503880413791E-13
2.03503880413791E-13
2.03503880413791E-13
2.03503880413791E-13
2.03503880413791E-13
2.03503880413791E-13
2.03503880413791E-13
2.03503880413791E-13
2.03503880413791E-13
2.03503880413791E-13
2.03503880413791E-13
2.03503880413791E-13
2.03503880413791E-13
2.03503880413791E-13
1.9240165016754E-13
1.9240165016754E-13
1.9240165016754E-13
1.9240165016754E-13
1.9240165016754E-13
1.9240165016754E-13
1.9240165016754E-13
1.9240165016754E-13
1.9240165016754E-13
1.9240165016754E-13
1.9240165016754E-13
1.92290627865077E-13
1.78634884662188E-13
1.77302617032638E-13
1.05360165036927E-13
8.73745520379998E-14
8.73745520379998E-14
4.67403893367191E-14
4.67403893367191E-14
4.67403893367191E-14
3.37507799486048E-14
2.73114864057789E-14
2.73114864057789E-14
2.73114864057789E-14
2.73114864057789E-14
1.68753899743024E-14
3.88578058618805E-15
3.88578058618805E-15
3.88578058618805E-15
3.88578058618805E-15
3.88578058618805E-15
3.88578058618805E-15
3.88578058618805E-15
3.88578058618805E-15
3.88578058618805E-15
3.88578058618805E-15
2.22044604925031E-15
2.22044604925031E-15
2.22044604925031E-15
2.22044604925031E-15
1.4432899320127E-15
1.4432899320127E-15
1.4432899320127E-15
1.22124532708767E-15
7.7715611723761E-16
7.7715611723761E-16
7.7715611723761E-16
2.22044604925031E-16
2.22044604925031E-16
1.11022302462516E-16
1.11022302462516E-16
1.11022302462516E-16
1.11022302462516E-16
1.11022302462516E-16
1.11022302462516E-16
1.11022302462516E-16
1.11022302462516E-16
1.11022302462516E-16
1.11022302462516E-16
1.11022302462516E-16
1.11022302462516E-16
1.11022302462516E-16
1.11022302462516E-16
1.11022302462516E-16
1.11022302462516E-16
1.11022302462516E-16
1.11022302462516E-16
1.11022302462516E-16
1.11022302462516E-16
1.11022302462516E-16
1.11022302462516E-16
1.11022302462516E-16
1.11022302462516E-16
1.11022302462516E-16
1.11022302462516E-16
1.11022302462516E-16
1.11022302462516E-16
1.11022302462516E-16
1.11022302462516E-16
0
0
0
0
0
0
0
0
0
0
0
0
0
0
0
0
0
0
0
0
0
0
0
0
0
0
0
0
0
0
0
0
0
0
0
0
0
0
0
0
0
0
0
0
0
0
0
0
0
0
0
0
0
0
0
0
0
0
0
0
0
0
0
0
0
0
0
0
0
0
0
0
0
0
0
0
0
0
0
0
0
0
0
0
0
0
0
0
0
0
0
0
0
0
0
0
0
0
0
0
0
0
0
0
0
0
0
0
0
0
0

