0.228728708535638
0.087604526715039
0.087604526715039
0.087604526715039
0.087604526715039
0.087604526715039
0.032315159532574
0.032315159532574
0.032315159532574
0.032315159532574
0.014923989452409
0.014923989452409
0.014923989452409
0.014923989452409
0.014923989452409
0.014923989452409
0.014923989452409
0.014923989452409
0.014923989452409
0.0113182615296708
0.0113182615296708
0.00608771518401913
0.00608771518401913
0.00608771518401913
0.00608771518401913
0.00608771518401913
0.00608771518401913
0.00608771518401913
0.00608771518401913
0.00608771518401913
0.00608771518401913
0.00608771518401913
0.00608771518401913
0.00608771518401913
0.000490591374137707
0.000490591374137707
0.000490591374137707
0.000490591374137707
0.000490591374137707
0.000490591374137707
0.000490591374137707
0.000490591374137707
0.000490591374137707
0.000490591374137707
0.000490591374137707
0.000490591374137707
0.000490591374137707
0.000490591374137707
0.000490591374137707
0.000490591374137707
0.000490591374137707
0.000490591374137707
0.000490591374137707
0.000490591374137707
0.000490591374137707
0.000410515063477531
0.000410515063477531
0.000410515063477531
0.000410515063477531
0.000352295871677079
4.82663676395449E-05
4.82663676395449E-05
4.82663676395449E-05
4.82663676395449E-05
4.82663676395449E-05
4.82663676395449E-05
4.82663676395449E-05
4.82663676395449E-05
4.82663676395449E-05
4.82663676395449E-05
4.82663676395449E-05
4.82663676395449E-05
4.82663676395449E-05
4.82663676395449E-05
1.61823522355628E-05
1.61823522355628E-05
1.61823522355628E-05
1.61823522355628E-05
1.61823522355628E-05
1.61823522355628E-05
1.61823522355628E-05
1.61823522355628E-05
1.61823522355628E-05
1.61823522355628E-05
1.61823522355628E-05
1.61823522355628E-05
1.61823522355628E-05
5.14184463460496E-06
5.14184463460496E-06
5.14184463460496E-06
5.14184463460496E-06
5.14184463460496E-06
5.14184463460496E-06
2.00004373023968E-06
2.00004373023968E-06
2.00004373023968E-06
2.00004373023968E-06
2.00004373023968E-06
2.00004373023968E-06
2.00004373023968E-06
2.00004373023968E-06
1.30098598445637E-06
1.30098598445637E-06
1.30098598445637E-06
1.30098598445637E-06
1.30098598445637E-06
9.28674626040749E-07
9.28674626040749E-07
9.28674626040749E-07
9.28674626040749E-07
9.28674626040749E-07
9.28674626040749E-07
9.28674626040749E-07
9.28674626040749E-07
9.28674626040749E-07
5.83479555903609E-07
5.83479555903609E-07
5.83479555903609E-07
5.83479555903609E-07
5.83479555903609E-07
5.75938590788731E-07
5.75938590788731E-07
5.75938590788731E-07
3.88888385191133E-07
3.88888385191133E-07
3.88888385191133E-07
2.13204812018699E-07
2.13204812018699E-07
2.13204812018699E-07
2.13204812018699E-07
2.13204812018699E-07
2.13204812018699E-07
2.13204812018699E-07
2.13204812018699E-07
1.26671801299715E-07
1.26671801299715E-07
1.26671801299715E-07
1.26671801299715E-07
1.26671801299715E-07
1.26671801299715E-07
1.26671801299715E-07
1.26671801299715E-07
1.26671801299715E-07
1.26671801299715E-07
1.26671801299715E-07
1.26671801299715E-07
1.26671801299715E-07
9.68015828147197E-08
9.68015828147197E-08
9.68015828147197E-08
9.68015828147197E-08
9.68015828147197E-08
9.68015828147197E-08
9.68015828147197E-08
9.68015828147197E-08
9.68015828147197E-08
9.68015828147197E-08
9.68015828147197E-08
9.68015828147197E-08
9.68015828147197E-08
9.68015828147197E-08
9.61582937184919E-08
9.61582937184919E-08
7.96499694889627E-08
7.96499694889627E-08
3.95829645250197E-08
1.3784756693405E-08
1.3784756693405E-08
1.3784756693405E-08
1.3784756693405E-08
1.3784756693405E-08
1.3784756693405E-08
4.48743082669415E-09
4.48743082669415E-09
4.48743082669415E-09
4.48743082669415E-09
4.48743082669415E-09
2.43884379089848E-09
2.43884379089848E-09
2.43884379089848E-09
2.43884379089848E-09
1.43942361636577E-09
1.43942361636577E-09
8.80277031121781E-10
8.80277031121781E-10
8.80277031121781E-10
6.6162168671265E-10
6.6162168671265E-10
6.6162168671265E-10
6.6162168671265E-10
6.6162168671265E-10
6.6162168671265E-10
6.6162168671265E-10
6.6162168671265E-10
6.6162168671265E-10
6.6162168671265E-10
6.6162168671265E-10
6.6162168671265E-10
6.6162168671265E-10
6.6162168671265E-10
6.6162168671265E-10
6.6162168671265E-10
6.6162168671265E-10
6.6162168671265E-10
6.6162168671265E-10
6.6162168671265E-10
5.90520917311073E-10
5.90520917311073E-10
5.90520917311073E-10
5.90520917311073E-10
5.90520917311073E-10
5.90520917311073E-10
5.90520917311073E-10
5.90520917311073E-10
5.90520917311073E-10
4.39197864728122E-10
4.39197864728122E-10
4.39197864728122E-10
3.80838945846835E-10
3.80838945846835E-10
2.55558967355523E-10
2.55558967355523E-10
2.55558967355523E-10
2.38081206339854E-10
6.19476467240917E-11
6.19476467240917E-11
6.19476467240917E-11
6.19476467240917E-11
6.19476467240917E-11
6.19476467240917E-11
6.19476467240917E-11
6.19476467240917E-11
6.19476467240917E-11
6.19476467240917E-11
6.19476467240917E-11
6.19476467240917E-11
6.19476467240917E-11
5.68724119587594E-11
5.68724119587594E-11
5.68724119587594E-11
5.68724119587594E-11
5.68724119587594E-11
5.68724119587594E-11
3.47235879795284E-11
3.47235879795284E-11
3.47235879795284E-11
3.47235879795284E-11
3.47235879795284E-11
3.47235879795284E-11
2.21885909174666E-11
2.21885909174666E-11
1.55866385934371E-11
1.55866385934371E-11
1.55866385934371E-11
8.48324864764754E-12
8.48324864764754E-12
8.48324864764754E-12
8.48324864764754E-12
8.48324864764754E-12
8.48324864764754E-12
8.48324864764754E-12
8.48324864764754E-12
3.82991951802298E-12
3.82991951802298E-12
3.82991951802298E-12
3.82991951802298E-12
3.82991951802298E-12
3.82991951802298E-12
3.82991951802298E-12
3.82991951802298E-12
3.82991951802298E-12
3.82991951802298E-12
3.82991951802298E-12
3.82991951802298E-12
3.82991951802298E-12
3.82991951802298E-12
3.82991951802298E-12
3.82991951802298E-12
3.82991951802298E-12
3.82991951802298E-12
3.82991951802298E-12
3.82991951802298E-12
3.82991951802298E-12
3.82991951802298E-12
3.82991951802298E-12
3.79867661924856E-12
3.79867661924856E-12
3.79867661924856E-12
3.38254712974824E-12
2.57258062431605E-12
2.57258062431605E-12
6.14387753105287E-13
6.14387753105287E-13
6.14387753105287E-13
6.14387753105287E-13
6.14387753105287E-13
6.14387753105287E-13
6.14387753105287E-13
6.14387753105287E-13
6.14387753105287E-13
6.14387753105287E-13
6.14387753105287E-13
5.04196117378238E-13
2.6516066151204E-13
2.6516066151204E-13
1.82242848341374E-13
1.82242848341374E-13
1.82242848341374E-13
1.82242848341374E-13
5.59681143360545E-14
5.59681143360545E-14
5.59681143360545E-14
5.59681143360545E-14
5.59681143360545E-14
5.52268996267139E-14
5.52268996267139E-14
5.52268996267139E-14
5.52268996267139E-14
5.52268996267139E-14
4.8603231363468E-14
3.19578432333554E-14
3.19578432333554E-14
3.19578432333554E-14
3.19578432333554E-14
2.49810185587954E-14
2.00446987423303E-14
1.59104785222731E-14
1.59104785222731E-14
1.28620454321644E-14
1.28620454321644E-14
1.28620454321644E-14
1.28620454321644E-14
1.28620454321644E-14
1.28620454321644E-14
1.28620454321644E-14
1.28620454321644E-14
7.13600450584305E-15
7.13600450584305E-15
7.13600450584305E-15
7.13600450584305E-15
7.13600450584305E-15
4.1205485788929E-15
4.1205485788929E-15
4.1205485788929E-15
1.93212704543326E-15
1.93212704543326E-15
1.93212704543326E-15
1.93212704543326E-15
1.93212704543326E-15
1.93212704543326E-15
1.67900861332173E-15
1.67900861332173E-15
4.57581121210844E-16
4.57581121210844E-16
4.57581121210844E-16
4.57581121210844E-16
4.57581121210844E-16
4.57581121210844E-16
4.57581121210844E-16
4.57581121210844E-16
4.57581121210844E-16
4.57581121210844E-16
4.57581121210844E-16
4.12828241321781E-16
4.12828241321781E-16
4.12828241321781E-16
4.12828241321781E-16
4.12828241321781E-16
4.12828241321781E-16
4.12828241321781E-16
4.12828241321781E-16
4.12828241321781E-16
1.24364712508106E-16
1.24364712508106E-16
1.24364712508106E-16
1.24364712508106E-16
1.24364712508106E-16
1.24364712508106E-16
1.24364712508106E-16
1.24364712508106E-16
1.20114512937021E-16
1.20114512937021E-16
1.20114512937021E-16
1.20114512937021E-16
1.20114512937021E-16
1.20114512937021E-16
1.20114512937021E-16
1.20114512937021E-16
1.20114512937021E-16
1.20114512937021E-16
1.20114512937021E-16
1.20114512937021E-16
1.20114512937021E-16
1.20114512937021E-16
1.20114512937021E-16
1.20114512937021E-16
1.20114512937021E-16
1.20114512937021E-16
1.20114512937021E-16
1.20114512937021E-16
3.85011414636154E-17
3.85011414636154E-17
3.85011414636154E-17
2.10286517067721E-18
2.10286517067721E-18
1.87559564301704E-18
1.87559564301704E-18
5.53588970589889E-19
5.53588970589889E-19
5.53588970589889E-19
5.53588970589889E-19
5.53588970589889E-19
5.53588970589889E-19
5.53588970589889E-19
2.49874719440019E-20
2.49874719440019E-20
2.49874719440019E-20
2.49874719440019E-20
2.49874719440019E-20
2.49874719440019E-20
2.49874719440019E-20
2.49874719440019E-20
2.49874719440019E-20
2.49874719440019E-20
2.49874719440019E-20
2.49874719440019E-20
2.49874719440019E-20
2.49874719440019E-20
2.49874719440019E-20
2.49874719440019E-20
2.49874719440019E-20
2.49874719440019E-20
2.49874719440019E-20
2.49874719440019E-20
2.49874719440019E-20
1.12761261103229E-20
1.12761261103229E-20
1.12761261103229E-20
1.12761261103229E-20
1.12761261103229E-20
1.12761261103229E-20
1.12761261103229E-20
1.12761261103229E-20
1.12761261103229E-20
1.12761261103229E-20
1.12761261103229E-20
1.12761261103229E-20
1.12761261103229E-20
1.12761261103229E-20
1.12761261103229E-20
1.12761261103229E-20
1.12761261103229E-20
1.12761261103229E-20
1.12761261103229E-20
1.12761261103229E-20
1.12761261103229E-20
1.12761261103229E-20
1.12761261103229E-20
1.12761261103229E-20
1.12761261103229E-20
1.12761261103229E-20
3.59989002583078E-21
3.59989002583078E-21
3.59989002583078E-21
3.59989002583078E-21
3.59989002583078E-21
3.59989002583078E-21
3.59989002583078E-21
3.59989002583078E-21
3.59989002583078E-21
3.59989002583078E-21
3.59989002583078E-21
3.59989002583078E-21
3.59989002583078E-21
7.94093388050907E-22
7.94093388050907E-22
7.94093388050907E-22
7.94093388050907E-22
7.94093388050907E-22
7.94093388050907E-22
5.29395592033938E-23
5.29395592033938E-23
5.29395592033938E-23
5.29395592033938E-23
5.29395592033938E-23
5.29395592033938E-23
5.29395592033938E-23
5.29395592033938E-23
5.29395592033938E-23
5.29395592033938E-23
5.29395592033938E-23
5.29395592033938E-23
5.29395592033938E-23
5.29395592033938E-23
5.29395592033938E-23
5.29395592033938E-23
5.29395592033938E-23
5.29395592033938E-23
5.29395592033938E-23
5.29395592033938E-23

