0.00491779280825649
0.00491779280825649
0.00491779280825649
0.00491779280825649
0.00491779280825649
0.00491779280825649
0.00491779280825649
0.00491779280825649
0.00491779280825649
0.00491779280825649
0.00491779280825649
0.00491779280825649
0.00491779280825649
0.00491779280825649
0.00491779280825649
0.00491779280825649
0.00491779280825649
0.00397084862364727
0.00397084862364727
0.00369563700913011
0.00369563700913011
0.00369563700913011
0.00369563700913011
0.00130027065195704
0.00130027065195704
0.00130027065195704
0.00130027065195704
0.00130027065195704
0.00130027065195704
0.00130027065195704
0.00130027065195704
0.00130027065195704
0.00130027065195704
0.00130027065195704
0.001254264309557
0.000365590474746602
0.000365590474746602
0.000365590474746602
0.000365590474746602
0.000365590474746602
0.000365590474746602
0.000365590474746602
0.000365590474746602
0.000365590474746602
0.000365590474746602
0.000365590474746602
0.000365590474746602
0.000365590474746602
0.000365590474746602
0.000365590474746602
0.000365590474746602
0.000262324137832393
0.000262324137832393
0.000262324137832393
0.000262324137832393
0.000262324137832393
0.000262324137832393
0.000262324137832393
0.000193970553578893
0.000193970553578893
0.000193970553578893
0.000193970553578893
0.000193970553578893
0.000193970553578893
8.47474088242484E-05
8.47474088242484E-05
2.93007141448642E-05
2.93007141448642E-05
2.93007141448642E-05
2.93007141448642E-05
3.80966659391246E-06
3.80966659391246E-06
3.80966659391246E-06
3.80966659391246E-06
3.80966659391246E-06
3.80966659391246E-06
3.80966659391246E-06
3.80966659391246E-06
3.80966659391246E-06
3.80966659391246E-06
3.80966659391246E-06
3.80966659391246E-06
2.76119354514215E-06
2.76119354514215E-06
2.76119354514215E-06
2.76119354514215E-06
2.60685985659093E-06
2.60685985659093E-06
2.60685985659093E-06
2.60685985659093E-06
1.78694881625141E-06
1.01408339636677E-06
1.01408339636677E-06
1.01408339636677E-06
9.12828734600524E-07
9.12828734600524E-07
9.12828734600524E-07
4.4092009848784E-07
4.4092009848784E-07
4.4092009848784E-07
4.4092009848784E-07
4.4092009848784E-07
4.4092009848784E-07
4.4092009848784E-07
1.74119143159235E-07
1.74119143159235E-07
1.74119143159235E-07
1.74119143159235E-07
1.74119143159235E-07
1.74119143159235E-07
1.74119143159235E-07
1.74119143159235E-07
1.74119143159235E-07
1.74119143159235E-07
1.74119143159235E-07
1.73637828060347E-07
1.73637828060347E-07
1.73637828060347E-07
1.73637828060347E-07
1.73637828060347E-07
1.73637828060347E-07
1.73637828060347E-07
1.36982967635646E-07
1.36982967635646E-07
1.33398164126053E-07
1.33398164126053E-07
1.32788687878804E-07
1.32788687878804E-07
1.31912681056168E-07
1.31912681056168E-07
1.31912681056168E-07
1.31912681056168E-07
1.31912681056168E-07
1.31779744505511E-07
1.31779744505511E-07
1.31667504454924E-07
1.31632928057623E-07
1.31607692688274E-07
1.31589274976474E-07
1.10407598619133E-07
1.10407598619133E-07
6.13219834355583E-08
6.13219834355583E-08
2.1118363668915E-08
2.1118363668915E-08
2.1118363668915E-08
2.1118363668915E-08
2.1118363668915E-08
2.1118363668915E-08
2.1118363668915E-08
2.1118363668915E-08
2.1118363668915E-08
2.07027289755857E-08
2.07027289755857E-08
2.07027289755857E-08
2.07027289755857E-08
1.10881793191631E-08
1.10881793191631E-08
1.10881793191631E-08
1.10881793191631E-08
1.10881793191631E-08
1.10881793191631E-08
4.88304824353136E-09
4.88304824353136E-09
4.26138246911734E-09
3.93196947223728E-09
3.93196947223728E-09
3.93196947223728E-09
3.93196947223728E-09
2.70129985047163E-09
1.34338667967526E-09
1.34338667967526E-09
1.34338667967526E-09
4.28048041456464E-10
4.28048041456464E-10
4.28048041456464E-10
4.28048041456464E-10
4.28048041456464E-10
4.28048041456464E-10
2.53512710823856E-10
2.53512710823856E-10
2.53512710823856E-10
2.53512710823856E-10
2.53512710823856E-10
2.16175632949955E-10
2.16175632949955E-10
2.16175632949955E-10
1.50501888729337E-10
1.50501888729337E-10
1.50501888729337E-10
1.50501888729337E-10
1.50501888729337E-10
1.50501888729337E-10
1.50501888729337E-10
1.50501888729337E-10
1.50501888729337E-10
1.50501888729337E-10
1.49928403025967E-10
1.49928403025967E-10
1.49928403025967E-10
1.49928403025967E-10
9.30790999831288E-11
2.09043338195158E-11
2.09043338195158E-11
2.09043338195158E-11
2.09043338195158E-11
2.09043338195158E-11
2.09043338195158E-11
2.09043338195158E-11
2.09043338195158E-11
1.135869176494E-11
1.135869176494E-11
1.135869176494E-11
1.135869176494E-11
6.64940325023622E-12
3.89616117146829E-12
3.89616117146829E-12
3.89616117146829E-12
3.89616117146829E-12
3.89616117146829E-12
3.89616117146829E-12
3.89616117146829E-12
3.38856720460967E-12
3.38856720460967E-12
3.38856720460967E-12
3.38856720460967E-12
3.36003447287681E-12
3.35986793942311E-12
3.35986793942311E-12
3.35986793942311E-12
3.30507843315786E-12
3.30507843315786E-12
3.30219185329383E-12
3.30219185329383E-12
3.30219185329383E-12
3.30219185329383E-12
3.28487237410968E-12
3.27926574783532E-12
3.27926574783532E-12
3.27471383343436E-12
3.26910720716E-12
3.26910720716E-12
3.26910720716E-12
3.26583204923736E-12
3.26583204923736E-12
3.26583204923736E-12
3.26583204923736E-12
3.26583204923736E-12
3.26566551578367E-12
3.26566551578367E-12
3.26566551578367E-12
3.26566551578367E-12
3.26566551578367E-12
3.26566551578367E-12
3.26566551578367E-12
3.26566551578367E-12
3.26566551578367E-12
3.26566551578367E-12
3.26566551578367E-12
3.26566551578367E-12
2.15172324402602E-12
2.15172324402602E-12
1.89015469942433E-12
6.63913368725844E-13
4.3159920082303E-13
4.3159920082303E-13
4.3159920082303E-13
4.3159920082303E-13
4.3159920082303E-13
2.05002681497035E-13
1.58595359067704E-13
1.58595359067704E-13
1.58595359067704E-13
3.19744231092045E-14
3.19744231092045E-14
3.19744231092045E-14
2.40918396343659E-14
2.40918396343659E-14
2.40918396343659E-14
2.40918396343659E-14
2.40918396343659E-14
2.40918396343659E-14
2.40918396343659E-14
2.40918396343659E-14
2.00950367457153E-14
1.62092561595273E-14
1.31561428418081E-14
1.08246744900953E-14
9.10382880192628E-15
7.93809462606987E-15
7.16093850883226E-15
6.49480469405717E-15
5.99520433297585E-15
5.82867087928207E-15
5.55111512312578E-15
5.38458166943201E-15
5.16253706450698E-15
5.05151476204446E-15
4.94049245958195E-15
4.82947015711943E-15
4.82947015711943E-15
4.82947015711943E-15
4.82947015711943E-15
4.82947015711943E-15
4.82947015711943E-15
4.82947015711943E-15
4.82947015711943E-15
4.82947015711943E-15
4.82947015711943E-15
4.82947015711943E-15
4.82947015711943E-15
4.82947015711943E-15
4.82947015711943E-15
4.82947015711943E-15
4.82947015711943E-15
4.82947015711943E-15
4.82947015711943E-15
4.82947015711943E-15
4.82947015711943E-15
4.82947015711943E-15
4.82947015711943E-15
4.82947015711943E-15
4.82947015711943E-15
4.82947015711943E-15
4.82947015711943E-15
4.82947015711943E-15
4.82947015711943E-15
4.82947015711943E-15
4.82947015711943E-15
3.10862446895044E-15
3.10862446895044E-15
2.4980018054066E-15
1.55431223447522E-15
1.55431223447522E-15
1.55431223447522E-15
1.55431223447522E-15
1.22124532708767E-15
1.22124532708767E-15
6.66133814775094E-16
6.66133814775094E-16
6.66133814775094E-16
6.66133814775094E-16
6.10622663543836E-16
3.33066907387547E-16
5.55111512312578E-17
5.55111512312578E-17
5.55111512312578E-17
5.55111512312578E-17
5.55111512312578E-17
5.55111512312578E-17
5.55111512312578E-17
5.55111512312578E-17
5.55111512312578E-17
5.55111512312578E-17
5.55111512312578E-17
5.55111512312578E-17
5.55111512312578E-17
5.55111512312578E-17
5.55111512312578E-17
5.55111512312578E-17
5.55111512312578E-17
5.55111512312578E-17
5.55111512312578E-17
5.55111512312578E-17
5.55111512312578E-17
5.55111512312578E-17
5.55111512312578E-17
5.55111512312578E-17
5.55111512312578E-17
5.55111512312578E-17
5.55111512312578E-17
5.55111512312578E-17
5.55111512312578E-17
5.55111512312578E-17
5.55111512312578E-17
5.55111512312578E-17
5.55111512312578E-17
5.55111512312578E-17
5.55111512312578E-17
5.55111512312578E-17
5.55111512312578E-17
5.55111512312578E-17
5.55111512312578E-17
5.55111512312578E-17
5.55111512312578E-17
5.55111512312578E-17
0
0
0
0
0
0
0
0
0
0
0
0
0
0
0
0
0
0
0
0
0
0
0
0
0
0
0
0
0
0
0
0
0
0
0
0
0
0
0
0
0
0
0
0
0
0
0
0
0
0
0
0
0
0
0
0
0
0
0
0
0
0
0
0
0
0
0
0
0
0
0
0
0
0
0
0
0
0
0
0
0
0
0
0
0
0
0
0
0
0
0
0
0
0
0
0
0
0
0
0
0
0
0
0
0
0
0
0
0
0
0
0
0
0

