0.207901549778471
0.146273283696911
0.10718894787368
0.0159422760048855
0.0159422760048855
0.0159422760048855
0.0159422760048855
0.0159422760048855
0.0159422760048855
0.0159422760048855
0.0159422760048855
0.0159422760048855
0.0109091866225479
0.0109091866225479
0.00525057056111604
0.00525057056111604
0.00525057056111604
0.00525057056111604
0.00525057056111604
0.00525057056111604
0.00525057056111604
0.00525057056111604
0.00525057056111604
0.00458519520335439
0.00366588430260918
0.00366588430260918
0.00366588430260918
0.00252527667613178
0.00161781504629943
0.00161781504629943
0.00145771082575816
0.00145771082575816
0.00103957642455528
0.00103957642455528
0.00103957642455528
0.000665040148072348
0.000665040148072348
0.000665040148072348
0.000665040148072348
0.000173445177820112
0.000173445177820112
0.000173445177820112
0.000173445177820112
0.000173445177820112
0.000173445177820112
0.000173445177820112
0.000173445177820112
0.000173445177820112
0.000173445177820112
0.000173445177820112
0.000173445177820112
0.000173445177820112
0.000160817491037696
0.000160817491037696
0.000160817491037696
0.000160817491037696
0.000145596666887009
0.000145596666887009
0.000145596666887009
0.000145596666887009
0.0001060945459349
0.0001060945459349
0.0001060945459349
0.0001060945459349
5.82517018893953E-05
5.82517018893953E-05
5.82517018893953E-05
5.82517018893953E-05
5.82517018893953E-05
5.82517018893953E-05
5.82517018893953E-05
5.82517018893953E-05
5.82517018893953E-05
5.82517018893953E-05
5.82517018893953E-05
5.00866504367828E-05
5.00866504367828E-05
2.55360649482112E-05
2.39635338215527E-05
2.39635338215527E-05
2.39635338215527E-05
1.46360370884339E-05
1.46360370884339E-05
1.27880048048266E-05
1.27880048048266E-05
1.21956853285286E-05
1.21956853285286E-05
1.21956853285286E-05
1.21956853285286E-05
1.21956853285286E-05
1.21956853285286E-05
1.21956853285286E-05
1.21956853285286E-05
1.18614212976415E-05
1.18614212976415E-05
1.18614212976415E-05
1.18614212976415E-05
1.18614212976415E-05
1.18614212976415E-05
1.18614212976415E-05
1.18614212976415E-05
1.18614212976415E-05
6.21581235275899E-06
6.21581235275899E-06
6.21581235275899E-06
6.21581235275899E-06
6.21581235275899E-06
6.21581235275899E-06
6.21581235275899E-06
6.21581235275899E-06
6.21581235275899E-06
6.21581235275899E-06
6.21581235275899E-06
6.21581235275899E-06
6.21581235275899E-06
6.21581235275899E-06
6.21581235275899E-06
6.21581235275899E-06
5.24000813133013E-06
3.50462549800532E-06
3.50462549800532E-06
3.50462549800532E-06
2.56053722775718E-06
2.56053722775718E-06
2.56053722775718E-06
2.56053722775718E-06
1.88823714279919E-06
1.88823714279919E-06
1.88823714279919E-06
1.88823714279919E-06
1.88823714279919E-06
1.88823714279919E-06
1.88823714279919E-06
1.88823714279919E-06
1.88823714279919E-06
1.88823714279919E-06
1.88823714279919E-06
1.88823714279919E-06
1.88823714279919E-06
1.88823714279919E-06
1.88823714279919E-06
1.88823714279919E-06
9.61829884534417E-07
9.61829884534417E-07
9.61829884534417E-07
9.61829884534417E-07
9.61829884534417E-07
9.61829884534417E-07
9.61829884534417E-07
9.61829884534417E-07
7.52422716309306E-07
7.52422716309306E-07
5.75383731387724E-07
5.75383731387724E-07
5.75383731387724E-07
4.11043778779483E-07
4.11043778779483E-07
4.11043778779483E-07
4.11043778779483E-07
4.11043778779483E-07
4.11043778779483E-07
4.11043778779483E-07
4.11043778779483E-07
4.11043778779483E-07
4.11043778779483E-07
4.11043778779483E-07
4.11043778779483E-07
3.6286400188317E-07
3.6286400188317E-07
9.27816438675588E-08
9.27816438675588E-08
9.27816438675588E-08
9.27816438675588E-08
9.27816438675588E-08
9.27816438675588E-08
9.27816438675588E-08
9.27816438675588E-08
3.67844736885976E-08
3.67844736885976E-08
3.67844736885976E-08
3.67844736885976E-08
3.67844736885976E-08
3.67844736885976E-08
3.67844736885976E-08
1.13855820337778E-08
1.13855820337778E-08
1.13855820337778E-08
1.13855820337778E-08
1.13855820337778E-08
1.13855820337778E-08
1.13855820337778E-08
1.13855820337778E-08
1.13855820337778E-08
1.13855820337778E-08
1.13855820337778E-08
1.13855820337778E-08
1.13855820337778E-08
1.13855820337778E-08
1.13855820337778E-08
1.13855820337778E-08
1.13855820337778E-08
1.13855820337778E-08
1.13855820337778E-08
1.13855820337778E-08
1.13855820337778E-08
1.13855820337778E-08
1.13855820337778E-08
1.13855820337778E-08
1.13855820337778E-08
8.4812057678187E-09
8.4812057678187E-09
8.4812057678187E-09
3.94750643391262E-09
3.94750643391262E-09
3.94750643391262E-09
3.94750643391262E-09
3.94750643391262E-09
3.94750643391262E-09
3.94750643391262E-09
3.61496154857841E-09
3.61496154857841E-09
3.61496154857841E-09
3.61496154857841E-09
3.49958163891379E-09
3.49958163891379E-09
3.49958163891379E-09
2.89903618223538E-09
2.89903618223538E-09
2.89903618223538E-09
2.89903618223538E-09
4.99561510532652E-10
4.99561510532652E-10
4.99561510532652E-10
3.45084184794089E-10
3.45084184794089E-10
3.45084184794089E-10
3.45084184794089E-10
3.45084184794089E-10
3.45084184794089E-10
3.45084184794089E-10
3.45084184794089E-10
3.45084184794089E-10
3.45084184794089E-10
3.45084184794089E-10
3.45084184794089E-10
3.45084184794089E-10
3.45084184794089E-10
3.45084184794089E-10
3.45084184794089E-10
2.69390700612184E-10
2.69390700612184E-10
2.69390700612184E-10
2.69390700612184E-10
2.69390700612184E-10
2.69390700612184E-10
2.69390700612184E-10
1.03594795005823E-10
1.03594795005823E-10
1.03594795005823E-10
1.03594795005823E-10
1.03594795005823E-10
1.03594795005823E-10
1.03594795005823E-10
1.03594795005823E-10
1.03594795005823E-10
1.03594795005823E-10
1.03594795005823E-10
1.03594795005823E-10
1.03594795005823E-10
5.85339448836367E-11
5.85339448836367E-11
5.85339448836367E-11
5.85339448836367E-11
5.85339448836367E-11
5.85339448836367E-11
5.85339448836367E-11
5.85339448836367E-11
5.59264676192096E-11
5.59264676192096E-11
3.49850583268328E-11
1.77538077100759E-11
1.77538077100759E-11
1.08236127271491E-12
1.08236127271491E-12
1.08236127271491E-12
1.08236127271491E-12
1.08236127271491E-12
1.08236127271491E-12
1.08236127271491E-12
1.08236127271491E-12
1.08236127271491E-12
1.08236127271491E-12
1.08236127271491E-12
1.08236127271491E-12
1.08236127271491E-12
1.08236127271491E-12
1.08236127271491E-12
1.08236127271491E-12
1.08236127271491E-12
1.08236127271491E-12
1.08236127271491E-12
1.08236127271491E-12
1.08236127271491E-12
1.08236127271491E-12
1.08236127271491E-12
1.08236127271491E-12
1.08236127271491E-12
1.08236127271491E-12
1.08236127271491E-12
1.08236127271491E-12
1.08236127271491E-12
1.08236127271491E-12
1.08236127271491E-12
1.08236127271491E-12
1.08236127271491E-12
1.08024434145041E-12
1.08024434145041E-12
1.08024434145041E-12
3.92297987321654E-13
3.92297987321654E-13
3.92297987321654E-13
3.54013146732548E-13
3.54013146732548E-13
3.17431891444199E-13
3.17431891444199E-13
2.30189824252995E-13
2.20285471494762E-13
2.20285471494762E-13
2.20285471494762E-13
1.52449912662755E-13
1.52449912662755E-13
1.52449912662755E-13
1.52449912662755E-13
1.32066127441049E-13
1.32066127441049E-13
1.32066127441049E-13
8.07969159920307E-14
8.07969159920307E-14
8.07969159920307E-14
8.07969159920307E-14
8.07969159920307E-14
8.07969159920307E-14
8.07969159920307E-14
8.07969159920307E-14
8.07969159920307E-14
8.07969159920307E-14
5.94257581221162E-14
5.94257581221162E-14
4.24219667145071E-14
4.24219667145071E-14
4.24219667145071E-14
4.24219667145071E-14
4.08774164024001E-14
4.08774164024001E-14
3.49687719544909E-14
3.49687719544909E-14
3.34646020323201E-14
3.34646020323201E-14
3.34646020323201E-14
3.34646020323201E-14
3.34646020323201E-14
3.34646020323201E-14
3.34646020323201E-14
3.11539278894761E-14
3.11539278894761E-14
3.05700219685777E-14
3.05700219685777E-14
1.88365297775335E-14
1.88365297775335E-14
1.05846053946296E-14
1.05846053946296E-14
1.05846053946296E-14
1.05846053946296E-14
1.05846053946296E-14
1.05846053946296E-14
1.05846053946296E-14
1.05846053946296E-14
8.87682352207588E-15
8.87682352207588E-15
8.87682352207588E-15
8.87682352207588E-15
8.87682352207588E-15
8.87682352207588E-15
8.87682352207588E-15
8.87682352207588E-15
8.87682352207588E-15
8.87682352207588E-15
8.87682352207588E-15
8.87682352207588E-15
8.87682352207588E-15
8.87682352207588E-15
8.87682352207588E-15
8.87682352207588E-15
8.87682352207588E-15
8.87682352207588E-15
1.60492621178237E-15
1.60492621178237E-15
1.60492621178237E-15
1.60492621178237E-15
1.60492621178237E-15
1.60492621178237E-15
1.60492621178237E-15
1.60492621178237E-15
1.60492621178237E-15
1.60492621178237E-15
1.60492621178237E-15
1.60492621178237E-15
1.60492621178237E-15
1.60492621178237E-15
1.34484339536917E-15
1.34484339536917E-15
1.34484339536917E-15
1.34484339536917E-15
1.11291407476836E-15
5.55851130894209E-16
2.65669183988792E-16
2.65669183988792E-16
2.65669183988792E-16
2.65669183988792E-16
2.65669183988792E-16
2.65669183988792E-16
1.96577447635087E-16
1.96577447635087E-16
1.96577447635087E-16
1.96577447635087E-16
1.96577447635087E-16
1.96577447635087E-16
1.96577447635087E-16
1.96577447635087E-16
1.96577447635087E-16
1.45782734672819E-16
1.45782734672819E-16
1.45782734672819E-16
1.45782734672819E-16
1.45782734672819E-16
1.45782734672819E-16
1.45782734672819E-16
1.45782734672819E-16
1.45782734672819E-16
1.45504960805679E-16
1.45504960805679E-16
1.45504960805679E-16
1.45504960805679E-16
1.41769810206084E-16
1.41769810206084E-16
1.41769810206084E-16
1.41769810206084E-16
1.41769810206084E-16
1.41769810206084E-16
1.41769810206084E-16
1.41769810206084E-16
1.41769810206084E-16
1.41769810206084E-16
1.34859080147673E-16
1.34859080147673E-16
1.34859080147673E-16
1.1383508712211E-16
1.1123996346018E-16
1.1123996346018E-16
1.09901730812857E-16
1.09901730812857E-16
1.09901730812857E-16
1.09901730812857E-16
1.09425380659145E-16
1.09425380659145E-16
8.45248354713554E-17
8.45248354713554E-17
8.45248354713554E-17
8.45248354713554E-17
8.45248354713554E-17
8.45248354713554E-17
8.45248354713554E-17
8.45248354713554E-17
8.4231126796895E-17
8.4231126796895E-17
8.35353421702848E-17
8.34776909903123E-17
8.34776909903123E-17
8.17682196840755E-17
8.15558526423311E-17
7.23385989289874E-17
7.23385989289874E-17
7.23385989289874E-17
6.86181125872913E-17
5.86259825458875E-17
5.00604148063376E-17
1.52424637649595E-17
1.52424637649595E-17
9.30248640366115E-18
9.30248640366115E-18
2.91985491808358E-18
2.91985491808358E-18
2.91985491808358E-18
2.91985491808358E-18
2.91985491808358E-18
1.28828417321459E-18
1.28828417321459E-18
1.28828417321459E-18
1.28828417321459E-18
1.23489462775796E-18

