0.650386680041659
0.421024919958657
0.258145522933803
0.258145522933803
0.258145522933803
0.258145522933803
0.208630755887768
0.0323204277126096
0.0323204277126096
0.0323204277126096
0.0323204277126096
0.0323204277126096
0.0323204277126096
0.0223066570870472
0.0223066570870472
0.0223066570870472
0.0160452677412839
0.0160452677412839
0.0160452677412839
0.0142102363591853
0.0142102363591853
0.00881463130600726
0.00881463130600726
0.00881463130600726
0.00881463130600726
0.00881463130600726
0.00881463130600726
0.00881463130600726
0.00881463130600726
0.00881463130600726
0.00881463130600726
0.00881463130600726
0.00881463130600726
0.00680823397057447
0.00680823397057447
0.00680823397057447
0.00680823397057447
0.00593433045215259
0.00452223133254422
0.00452223133254422
0.00452223133254422
0.00405099049278683
0.00227010173077699
0.00227010173077699
0.0018685455651734
0.0018685455651734
0.0018685455651734
0.0018685455651734
0.0018685455651734
0.0018685455651734
0.00184428947118068
0.00184428947118068
0.00182531693486253
0.00182531693486253
0.00174255450745526
0.00167178392463348
0.00167178392463348
0.00167178392463348
0.000499448876583386
0.000499448876583386
0.000499448876583386
0.000499448876583386
0.000499448876583386
0.000499448876583386
0.000499448876583386
0.000499448876583386
0.000499448876583386
0.000499448876583386
0.000499448876583386
0.000499448876583386
0.000499448876583386
0.000499448876583386
0.000499448876583386
0.000499448876583386
0.000499448876583386
0.000499448876583386
0.000499448876583386
0.000499448876583386
0.000499448876583386
0.000499448876583386
0.000499448876583386
0.000499448876583386
0.000499448876583386
0.000499448876583386
0.000499448876583386
0.000487709984127761
0.000487709984127761
0.000487709984127761
0.000487709984127761
0.000487709984127761
0.000487709984127761
0.000487709984127761
0.000446213369399947
0.000446213369399947
0.000446213369399947
0.000446213369399947
0.000446213369399947
0.000403103070234912
0.00040139006556352
0.00040139006556352
0.00040139006556352
0.000306183165207135
0.000306183165207135
0.000306183165207135
0.000285921398109998
0.000265910740562339
0.000265910740562339
0.000262958179450713
0.000262958179450713
0.000250914519395383
0.000244879164840184
0.000244879164840184
0.000244879164840184
0.000243029154168347
0.000202424118995094
0.000202424118995094
0.000190029038254603
0.000190029038254603
0.000159045705423523
0.000117728486962512
0.000117728486962512
0.000117728486962512
0.000117728486962512
8.02224938865206E-05
8.02224938865206E-05
8.02224938865206E-05
6.64463782160688E-05
6.64463782160688E-05
4.74260812536007E-05
4.74260812536007E-05
2.94392025025218E-05
2.94392025025218E-05
2.80471234057255E-05
2.80471234057255E-05
2.80471234057255E-05
2.80471234057255E-05
1.23027397495389E-05
1.23027397495389E-05
1.23027397495389E-05
1.23027397495389E-05
1.23027397495389E-05
1.23027397495389E-05
1.23027397495389E-05
1.23027397495389E-05
1.23027397495389E-05
1.23027397495389E-05
1.09160880038672E-05
1.06970307295796E-05
1.06970307295796E-05
9.40467091598644E-06
9.40467091598644E-06
9.40467091598644E-06
9.40467091598644E-06
7.76583138503435E-06
6.35619351260188E-06
6.35619351260188E-06
6.35619351260188E-06
6.35619351260188E-06
6.35619351260188E-06
5.93536997201348E-06
5.93536997201348E-06
5.47472892209185E-06
5.47472892209185E-06
5.47472892209185E-06
5.47472892209185E-06
5.47472892209185E-06
5.47472892209185E-06
5.47472892209185E-06
5.05217815267427E-06
5.05217815267427E-06
4.01336641837468E-06
3.40296490251324E-06
2.61528553150857E-06
2.61528553150857E-06
2.61528553150857E-06
2.61528553150857E-06
2.38603306994596E-06
2.38603306994596E-06
2.38603306994596E-06
1.82653401249127E-06
1.82653401249127E-06
1.82653401249127E-06
1.82653401249127E-06
1.6148149397909E-06
1.6148149397909E-06
1.6148149397909E-06
1.6148149397909E-06
1.6148149397909E-06
1.60320660051058E-06
1.4468326225084E-06
1.12044361564037E-06
3.30312025814869E-07
3.30312025814869E-07
3.30312025814869E-07
3.30312025814869E-07
3.30312025814869E-07
3.30312025814869E-07
3.18896943842628E-07
3.18896943842628E-07
3.17558215791403E-07
3.17558215791403E-07
3.17558215791403E-07
2.52510364176321E-07
2.52510364176321E-07
2.23658151036635E-07
1.94178015557667E-07
1.94178015557667E-07
1.94178015557667E-07
1.34244960843746E-07
1.34244960843746E-07
1.34244960843746E-07
1.34244960843746E-07
1.34244960843746E-07
1.34244960843746E-07
1.26427878624571E-07
1.26427878624571E-07
1.26427878624571E-07
1.15112684808145E-07
1.15112684808145E-07
1.15112684808145E-07
1.15112684808145E-07
1.15112684808145E-07
1.08955282827428E-07
1.08955282827428E-07
1.08955282827428E-07
1.08955282827428E-07
1.08955282827428E-07
1.08955282827428E-07
4.72244591161861E-08
4.72244591161861E-08
4.72244591161861E-08
4.72244591161861E-08
4.72244591161861E-08
4.72244591161861E-08
4.72244591161861E-08
4.72244591161861E-08
4.72244591161861E-08
4.72244591161861E-08
4.72244591161861E-08
4.72244591161861E-08
4.07503452163416E-08
4.07503452163416E-08
4.07503452163416E-08
4.07503452163416E-08
4.07503452163416E-08
3.71705250352592E-08
3.71705250352592E-08
3.71705250352592E-08
3.71705250352592E-08
2.09278282533761E-08
2.09278282533761E-08
2.09278282533761E-08
2.09278282533761E-08
2.09278282533761E-08
2.09278282533761E-08
2.09278282533761E-08
2.09278282533761E-08
2.09278282533761E-08
2.09278282533761E-08
2.09278282533761E-08
2.09278282533761E-08
2.09278282533761E-08
2.09278282533761E-08
2.09278282533761E-08
1.9459088049903E-08
1.77478700729937E-08
1.69867466882106E-08
1.69867466882106E-08
1.69849375666555E-08
1.69849375666555E-08
1.69849375666555E-08
1.69633259581071E-08
1.69633259581071E-08
1.69633259581071E-08
1.68022087657947E-08
1.68022087657947E-08
1.68022087657947E-08
1.26830948086324E-08
1.26830948086324E-08
1.10164808412857E-08
7.07703943042806E-09
7.07703943042806E-09
7.07703943042806E-09
6.87871629198565E-09
6.87871629198565E-09
6.87871629198565E-09
6.45059315241259E-09
6.45059315241259E-09
6.33598660907308E-09
6.33598660907308E-09
6.33598660907308E-09
5.93322517662932E-09
4.56204062103802E-09
3.96770974508426E-09
3.75042634593746E-09
3.33989134553331E-09
3.00071340743973E-09
3.00071340743973E-09
3.00071340743973E-09
3.00071340743973E-09
3.00071340743973E-09
3.00071340743973E-09
2.97824825327245E-09
2.97824825327245E-09
2.97824825327245E-09
2.7497457377084E-09
2.54414805475529E-09
2.54414805475529E-09
2.54414805475529E-09
2.54414805475529E-09
7.70445705469811E-10
7.70445705469811E-10
7.70445705469811E-10
7.70445705469811E-10
4.24435807016301E-10
4.24435807016301E-10
4.24435807016301E-10
4.24435807016301E-10
4.1775480615724E-10
4.1775480615724E-10
4.1775480615724E-10
4.1775480615724E-10
4.07495194104251E-10
4.07495194104251E-10
4.07495194104251E-10
3.26706984460214E-10
3.26706984460214E-10
3.26706984460214E-10
3.26706984460214E-10
1.76138635253891E-10
1.76138635253891E-10
1.76138635253891E-10
1.53114997917312E-10
1.53114997917312E-10
1.53114997917312E-10
1.53114997917312E-10
1.20141125086232E-10
1.20141125086232E-10
1.16523939266004E-10
1.16523939266004E-10
1.16523939266004E-10
1.16523939266004E-10
1.16523939266004E-10
1.00301116110722E-10
1.00301116110722E-10
3.59830982022185E-11
3.59830982022185E-11
3.4957692385711E-11
3.4957692385711E-11
3.4957692385711E-11
3.4957692385711E-11
3.16829289356161E-11
3.16829289356161E-11
3.16829289356161E-11
2.94719152119951E-11
2.94719152119951E-11
2.94719152119951E-11
2.94719152119951E-11
2.4991128019536E-11
2.4991128019536E-11
2.4991128019536E-11
2.43947213554693E-11
2.43947213554693E-11
2.43947213554693E-11
2.20307513924318E-11
2.20307513924318E-11
2.20307513924318E-11
2.20307513924318E-11
2.20307513924318E-11
2.11259911799469E-11
2.11259911799469E-11
1.7637410407192E-11
1.7637410407192E-11
1.7637410407192E-11
1.7637410407192E-11
1.07515769162472E-11
1.07515769162472E-11
1.07515769162472E-11
1.07515769162472E-11
1.07515769162472E-11
1.07515769162472E-11
1.07515769162472E-11
1.07515769162472E-11
1.07515769162472E-11
1.07515769162472E-11
1.07515769162472E-11
8.0829680045938E-12
8.0829680045938E-12
8.0829680045938E-12
4.16608173067509E-12
4.16608173067509E-12
2.28299431317337E-12
2.28299431317337E-12
8.69307793980683E-13
8.69307793980683E-13
8.69307793980683E-13
8.69307793980683E-13
8.69307793980683E-13
7.57587116323105E-13
7.57587116323105E-13
7.57587116323105E-13
7.57587116323105E-13
7.30639129811872E-13
7.29850588755728E-13
7.29850588755728E-13
7.29850588755728E-13
7.29850588755728E-13
5.94083302019237E-13
5.94083302019237E-13
5.94083302019237E-13
5.94083302019237E-13
5.94083302019237E-13
5.26563260446184E-13
5.26563260446184E-13
5.26563260446184E-13
5.26563260446184E-13
5.26563260446184E-13
5.26563260446184E-13
5.26563260446184E-13
5.26563260446184E-13
5.26563260446184E-13
5.26563260446184E-13
5.25097649549378E-13
5.25097649549378E-13
5.25097649549378E-13
5.25097649549378E-13
5.11458933002145E-13
5.11458933002145E-13
5.09448498053521E-13
5.04403375076799E-13
5.01124866192294E-13
5.01124866192294E-13
5.000892114482E-13
4.40860555428803E-13
4.20304643077391E-13
4.05452537597558E-13
4.05452537597558E-13
4.02296463315487E-13
3.82034432705959E-13
3.78090871075161E-13
3.75212702054581E-13
3.73112099176623E-13
3.71578995172186E-13
3.70460074545594E-13
3.69643441515485E-13
3.69047430064793E-13
3.6861243706762E-13
3.68294961778564E-13
3.680632556136E-13
3.67894147186162E-13
3.67770725091481E-13
3.676806467099E-13
3.67614903903886E-13
3.67566922174345E-13
3.67531903188857E-13
3.67506344932488E-13
3.6748769149466E-13
3.67474077469596E-13
3.67464141409542E-13
3.67456889675473E-13
3.11898315044487E-13
2.63647058061928E-13
2.63647058061928E-13
2.43575376543948E-13
2.17889383514473E-13
2.17889383514473E-13
2.07661868585505E-13
2.07661868585505E-13
2.07661868585505E-13
2.07661868585505E-13
1.50264254656562E-13
1.10797240886694E-13
1.05856199410977E-13
1.05856199410977E-13
8.57245855067335E-14
8.57245855067335E-14
6.38915002025848E-14
6.38915002025848E-14
6.38915002025848E-14
3.22388763813516E-14
3.22388763813516E-14
2.38073772370621E-14
2.38073772370621E-14
2.38073772370621E-14
2.38073772370621E-14
2.38073772370621E-14
2.38073772370621E-14
2.38073772370621E-14
2.38073772370621E-14
2.38073772370621E-14
2.38073772370621E-14
2.38073772370621E-14
2.38073772370621E-14
2.38073772370621E-14
1.41806346770942E-14
1.41806346770942E-14
1.30191443969274E-14
1.30191443969274E-14
1.30191443969274E-14
1.30191443969274E-14

