0.669846949573507
0.316781685725602
0.181539875863582
0.181539875863582
0.181539875863582
0.181539875863582
0.132108114200006
0.132108114200006
0.0947093062022244
0.0947093062022244
0.0947093062022244
0.0947093062022244
0.0947093062022244
0.0947093062022244
0.0183891763009855
0.0183891763009855
0.0183891763009855
0.0183891763009855
0.0183891763009855
0.0183891763009855
0.0183891763009855
0.0183891763009855
0.0183891763009855
0.0183891763009855
0.0183891763009855
0.0183891763009855
0.0183891763009855
0.0138433977433756
0.0138433977433756
0.0138433977433756
0.0138433977433756
0.0138433977433756
0.00504934456199298
0.00504934456199298
0.00504934456199298
0.00504934456199298
0.00504934456199298
0.00504934456199298
0.00504934456199298
0.00504934456199298
0.00253676771949444
0.00253676771949444
0.00253676771949444
0.00253676771949444
0.00253676771949444
0.00253676771949444
0.00253676771949444
0.00253676771949444
0.00253676771949444
0.00253676771949444
0.00253676771949444
0.00185792422199976
0.00185792422199976
0.00185792422199976
0.000760148965677883
0.000760148965677883
0.000162240736859546
0.000162240736859546
0.000162240736859546
0.000162240736859546
0.000162240736859546
0.000162240736859546
0.000162240736859546
0.000162240736859546
0.000162240736859546
8.10600383329507E-05
8.10600383329507E-05
8.10600383329507E-05
8.10600383329507E-05
8.10600383329507E-05
8.10600383329507E-05
8.10600383329507E-05
8.10600383329507E-05
8.10600383329507E-05
8.10600383329507E-05
8.10600383329507E-05
8.10600383329507E-05
8.10600383329507E-05
5.2780490736817E-05
5.2780490736817E-05
5.2780490736817E-05
5.2780490736817E-05
5.2780490736817E-05
5.2780490736817E-05
5.2780490736817E-05
5.2780490736817E-05
5.2780490736817E-05
5.2780490736817E-05
5.2780490736817E-05
5.2780490736817E-05
5.2780490736817E-05
5.2780490736817E-05
5.2780490736817E-05
5.2780490736817E-05
5.2780490736817E-05
5.2780490736817E-05
5.2780490736817E-05
5.2780490736817E-05
5.2780490736817E-05
5.2780490736817E-05
5.2780490736817E-05
5.2780490736817E-05
3.01004908794022E-05
3.01004908794022E-05
3.01004908794022E-05
3.01004908794022E-05
3.01004908794022E-05
1.47341158755114E-05
1.47341158755114E-05
1.47341158755114E-05
1.47341158755114E-05
1.47341158755114E-05
1.47341158755114E-05
1.47341158755114E-05
1.47341158755114E-05
1.47341158755114E-05
1.47341158755114E-05
1.47341158755114E-05
1.47341158755114E-05
1.47341158755114E-05
1.47341158755114E-05
1.47341158755114E-05
1.47341158755114E-05
1.41965528328905E-05
1.41965528328905E-05
1.30765974504559E-05
1.30765974504559E-05
1.30765974504559E-05
1.30765974504559E-05
1.30765974504559E-05
1.30765974504559E-05
1.30765974504559E-05
1.30765974504559E-05
1.30765974504559E-05
1.30765974504559E-05
1.30765974504559E-05
1.30765974504559E-05
1.30765974504559E-05
1.30765974504559E-05
1.30765974504559E-05
1.30765974504559E-05
1.30765974504559E-05
1.30765974504559E-05
1.30765974504559E-05
1.30765974504559E-05
1.30765974504559E-05
1.26382575392713E-05
1.26382575392713E-05
1.26382575392713E-05
1.26382575392713E-05
1.24340849317953E-05
8.3280819546261E-06
7.45748034897333E-06
7.45748034897333E-06
7.45748034897333E-06
7.45748034897333E-06
7.45748034897333E-06
7.45748034897333E-06
7.19446639067772E-06
5.43123132716129E-06
4.60247644126149E-06
4.60247644126149E-06
3.59540212627586E-06
3.59540212627586E-06
3.59540212627586E-06
3.59540212627586E-06
3.59540212627586E-06
3.59540212627586E-06
3.14864695759345E-06
3.14864695759345E-06
3.14864695759345E-06
2.11844523502494E-06
2.11844523502494E-06
2.11844523502494E-06
2.11844523502494E-06
2.11844523502494E-06
2.11844523502494E-06
2.11844523502494E-06
2.11844523502494E-06
2.11844523502494E-06
1.81727952470597E-06
1.81727952470597E-06
1.49431295299329E-06
1.49431295299329E-06
1.49431295299329E-06
1.49431295299329E-06
1.49431295299329E-06
1.49431295299329E-06
1.49431295299329E-06
1.49431295299329E-06
1.49431295299329E-06
1.49431295299329E-06
8.80334183280939E-07
8.80334183280939E-07
8.80334183280939E-07
8.80334183280939E-07
7.49764446263549E-07
7.49764446263549E-07
3.84334056261582E-07
3.84334056261582E-07
3.31061526578908E-07
3.31061526578908E-07
3.31061526578908E-07
3.31061526578908E-07
3.31061526578908E-07
3.28140482710346E-07
3.28140482710346E-07
3.28140482710346E-07
1.05936325243861E-07
1.05936325243861E-07
1.05936325243861E-07
1.05936325243861E-07
1.05936325243861E-07
1.05936325243861E-07
1.05936325243861E-07
1.05936325243861E-07
1.05936325243861E-07
1.05936325243861E-07
8.46037482992475E-08
8.46037482992475E-08
8.46037482992475E-08
8.46037482992475E-08
8.46037482992475E-08
8.46037482992475E-08
8.46037482992475E-08
8.46037482992475E-08
8.46037482992475E-08
8.46037482992475E-08
8.46037482992475E-08
8.46037482992475E-08
8.46037482992475E-08
8.46037482992475E-08
8.46037482992475E-08
8.46037482992475E-08
8.46037482992475E-08
8.46037482992475E-08
8.25137806789955E-08
8.25137806789955E-08
5.5804137298833E-08
5.5804137298833E-08
5.5804137298833E-08
5.5804137298833E-08
5.5804137298833E-08
5.5804137298833E-08
5.5804137298833E-08
5.5804137298833E-08
4.68273003005388E-08
4.68273003005388E-08
4.68273003005388E-08
4.68273003005388E-08
4.68273003005388E-08
4.68273003005388E-08
4.68273003005388E-08
3.75165371665356E-08
3.55663023449309E-08
3.38157634155304E-08
2.30711991491176E-08
1.84680073272371E-08
1.68330310739297E-08
1.68330310739297E-08
1.16684222208268E-08
1.16684222208268E-08
1.16684222208268E-08
1.16684222208268E-08
1.04617026461728E-08
1.04617026461728E-08
1.04617026461728E-08
1.04617026461728E-08
1.04617026461728E-08
1.04617026461728E-08
1.01352855065848E-08
1.01352855065848E-08
1.01352855065848E-08
1.01352855065848E-08
1.01352855065848E-08
5.25608023538622E-09
5.25608023538622E-09
5.25608023538622E-09
5.25608023538622E-09
4.49963310187049E-09
4.49963310187049E-09
4.49963310187049E-09
2.74348356354024E-09
2.74348356354024E-09
2.74348356354024E-09
2.74348356354024E-09
2.5496446586466E-09
1.92599978185387E-09
1.92599978185387E-09
9.82965113982491E-10
9.82965113982491E-10
9.82965113982491E-10
9.82965113982491E-10
6.91604064072909E-10
6.91604064072909E-10
6.91604064072909E-10
6.91604064072909E-10
6.91604064072909E-10
6.91604064072909E-10
6.91604064072909E-10
6.69582590919485E-10
6.69582590919485E-10
6.69582590919485E-10
6.69582590919485E-10
6.30752256407033E-10
6.30752256407033E-10
5.84526531981114E-10
5.84526531981114E-10
5.84526531981114E-10
5.84526531981114E-10
5.66202070252874E-10
5.66202070252874E-10
5.6184541607729E-10
5.08324381532271E-10
5.08324381532271E-10
5.08324381532271E-10
5.08324381532271E-10
5.08324381532271E-10
5.08324381532271E-10
5.08324381532271E-10
5.08324381532271E-10
5.08324381532271E-10
5.08324381532271E-10
5.08324381532271E-10
5.04424574592984E-10
5.04424574592984E-10
4.93144139789839E-10
2.84660530436653E-10
2.84660530436653E-10
2.84660530436653E-10
2.84660530436653E-10
2.57917236892708E-10
2.18846812787912E-10
1.34024816548293E-10
1.34024816548293E-10
1.21892572752576E-10
1.21892572752576E-10
1.21892572752576E-10
1.21892572752576E-10
1.21892572752576E-10
1.21892572752576E-10
1.21892572752576E-10
1.21892572752576E-10
1.21892572752576E-10
1.21892572752576E-10
1.21892572752576E-10
1.21892572752576E-10
6.57603790723666E-11
6.57603790723666E-11
6.57603790723666E-11
6.57603790723666E-11
6.57603790723666E-11
6.57603790723666E-11
6.57603790723666E-11
3.86057116295382E-11
3.86057116295382E-11
3.86057116295382E-11
3.86057116295382E-11
3.86057116295382E-11
3.86057116295382E-11
3.15956714584022E-11
3.15956714584022E-11
3.15956714584022E-11
3.15956714584022E-11
3.15956714584022E-11
3.15956714584022E-11
3.15956714584022E-11
3.15956714584022E-11
3.15956714584022E-11
3.15956714584022E-11
3.15956714584022E-11
2.95612565470812E-11
2.6493755330893E-11
2.04310828683078E-11
1.86629311588087E-11
1.86629311588087E-11
1.18550906485333E-11
1.18550906485333E-11
1.18550906485333E-11
1.18550906485333E-11
1.18550906485333E-11
1.18550906485333E-11
8.22429825635614E-12
8.22429825635614E-12
8.22429825635614E-12
8.22429825635614E-12
8.22429825635614E-12
7.71727121146981E-12
7.09853419397673E-12
7.09853419397673E-12
7.09853419397673E-12
7.0305216884076E-12
7.0305216884076E-12
6.94668047013688E-12
6.94668047013688E-12
4.31768961590384E-12
4.31768961590384E-12
4.31768961590384E-12
4.31768961590384E-12
4.31768961590384E-12
4.31768961590384E-12
4.31768961590384E-12
4.31768961590384E-12
4.31768961590384E-12
4.31768961590384E-12
4.1773073343707E-12
4.1773073343707E-12
4.1773073343707E-12
4.05430392664621E-12
4.05430392664621E-12
2.00634615128734E-12
2.00634615128734E-12
2.00634615128734E-12
2.00634615128734E-12
1.14648867103638E-12
1.08620555478271E-12
1.05154954469664E-12
1.05154954469664E-12
1.04439975848318E-12
7.22550691024122E-13
6.41410167837828E-13
6.41410167837828E-13
6.25958303442798E-13
3.65246004115714E-13
3.65246004115714E-13
3.65246004115714E-13
3.65246004115714E-13
3.65246004115714E-13
3.65246004115714E-13
2.61272979693523E-13
2.61272979693523E-13
2.39575837632652E-13
2.39575837632652E-13
2.39575837632652E-13
1.16656584329879E-13
1.16656584329879E-13
1.16656584329879E-13
1.13513127312606E-13
1.13513127312606E-13
1.13513127312606E-13
1.13513127312606E-13
1.13513127312606E-13
8.1669260059632E-14
8.1669260059632E-14
8.1669260059632E-14
8.13815993068931E-14
8.13815993068931E-14
6.20495697343121E-14
6.20495697343121E-14
6.12071079945393E-14
6.12071079945393E-14
6.12071079945393E-14
3.80267932190302E-14
3.80267932190302E-14
3.80267932190302E-14
3.80267932190302E-14
3.80267932190302E-14
3.80267932190302E-14
3.80267932190302E-14
3.80267932190302E-14
3.80267932190302E-14
3.80267932190302E-14
3.80267932190302E-14
3.30065058899965E-14
3.30065058899965E-14
3.30065058899965E-14
2.70783313001196E-14
2.68245777817797E-14
2.68245777817797E-14
2.48048509483876E-14
2.32395793783023E-14
2.32395793783023E-14
2.32395793783023E-14
2.09399203901708E-14
1.02666445855495E-14
1.02666445855495E-14
6.08093805458904E-15
6.08093805458904E-15
6.08093805458904E-15
6.08093805458904E-15
6.08093805458904E-15
6.08093805458904E-15
6.08093805458904E-15
6.08093805458904E-15
6.08093805458904E-15
6.08093805458904E-15
6.08093805458904E-15
5.22185093848562E-15
5.22185093848562E-15
5.22185093848562E-15
5.17741107135769E-15
5.17741107135769E-15
5.01719279572765E-15
5.01719279572765E-15
4.22200720094006E-15
4.22200720094006E-15
4.01631180256161E-15
4.01631180256161E-15
1.80702314771825E-15
1.80702314771825E-15

