0.422781671858591
0.422781671858591
0.184278783501363
0.184278783501363
0.184278783501363
0.0852049090731478
0.0852049090731478
0.0852049090731478
0.0852049090731478
0.0852049090731478
0.0852049090731478
0.0392626968012319
0.0392626968012319
0.0185951560525758
0.0185951560525758
0.0185951560525758
0.0185951560525758
0.0185951560525758
0.0185951560525758
0.0185951560525758
0.0185951560525758
0.0185951560525758
0.0185951560525758
0.0185951560525758
0.0185951560525758
0.00497875793138361
0.00497875793138361
0.00497875793138361
0.00497875793138361
0.00497875793138361
0.00247184399682634
0.00247184399682634
0.00247184399682634
0.00247184399682634
0.00247184399682634
0.00247184399682634
0.00247184399682634
0.00247184399682634
0.00247184399682634
0.00247184399682634
0.00247184399682634
0.00247184399682634
0.00238790032399656
0.00238790032399656
0.00215751451765162
0.00215751451765162
0.00215751451765162
0.00215751451765162
0.00215751451765162
0.00215751451765162
0.00215751451765162
0.00192742008225399
0.00192742008225399
0.00192742008225399
0.00192742008225399
0.00192742008225399
0.00159581660581176
0.00159581660581176
0.00148483345306203
0.00148483345306203
0.00148483345306203
0.00148483345306203
0.00148483345306203
0.00148483345306203
0.00148483345306203
0.000146005634421591
0.000146005634421591
0.000146005634421591
0.000146005634421591
0.000146005634421591
0.000146005634421591
0.000146005634421591
0.000146005634421591
0.000146005634421591
0.000146005634421591
0.000146005634421591
0.000146005634421591
0.000146005634421591
0.000146005634421591
0.000146005634421591
0.000146005634421591
0.000146005634421591
0.000146005634421591
0.000146005634421591
0.000146005634421591
0.000146005634421591
0.000146005634421591
0.000146005634421591
0.000146005634421591
0.000146005634421591
0.000146005634421591
0.000146005634421591
0.000146005634421591
0.000146005634421591
0.000146005634421591
0.000146005634421591
0.000146005634421591
0.000146005634421591
0.000146005634421591
0.000146005634421591
0.000146005634421591
0.000146005634421591
0.000146005634421591
0.000146005634421591
0.000146005634421591
0.000146005634421591
0.000146005634421591
0.000146005634421591
0.000146005634421591
6.00986299385762E-05
6.00986299385762E-05
6.00986299385762E-05
6.00986299385762E-05
6.00986299385762E-05
6.00986299385762E-05
6.00986299385762E-05
6.00986299385762E-05
6.00986299385762E-05
6.00986299385762E-05
6.00986299385762E-05
6.00986299385762E-05
6.00986299385762E-05
6.00986299385762E-05
6.00986299385762E-05
6.00986299385762E-05
6.00986299385762E-05
6.00986299385762E-05
6.00986299385762E-05
6.00986299385762E-05
6.00986299385762E-05
6.00986299385762E-05
6.00986299385762E-05
2.40206708714048E-05
2.40206708714048E-05
2.40206708714048E-05
2.40206708714048E-05
2.40206708714048E-05
2.40206708714048E-05
2.40206708714048E-05
2.40206708714048E-05
2.40206708714048E-05
2.40206708714048E-05
2.40206708714048E-05
1.55737597975665E-05
1.55737597975665E-05
1.55737597975665E-05
1.55737597975665E-05
1.55737597975665E-05
1.48972160926743E-05
1.48972160926743E-05
1.48972160926743E-05
1.48972160926743E-05
1.23455505435748E-05
1.23455505435748E-05
1.23455505435748E-05
1.23455505435748E-05
1.23455505435748E-05
1.22896690179126E-05
1.22896690179126E-05
1.22896690179126E-05
1.13357533994071E-05
1.13357533994071E-05
1.13357533994071E-05
1.13357533994071E-05
1.13357533994071E-05
1.13044786466674E-05
1.13044786466674E-05
1.13044786466674E-05
1.13044786466674E-05
1.13044786466674E-05
1.13044786466674E-05
1.13044143436616E-05
1.13044143436616E-05
1.13044143436616E-05
1.13044143436616E-05
1.13044143436616E-05
1.13044143436616E-05
1.12973137397451E-05
1.12973137397451E-05
7.90924324321317E-06
7.90924324321317E-06
7.90924324321317E-06
7.90924324321317E-06
7.90924324321317E-06
7.90924324321317E-06
7.39521372994463E-06
6.75051220384221E-06
5.39891505619223E-06
5.39891505619223E-06
5.39891505619223E-06
5.39891505619223E-06
5.39891505619223E-06
5.39891505619223E-06
5.38805290965711E-06
5.38805290965711E-06
5.38805290965711E-06
5.38805290965711E-06
5.18015450747238E-06
4.47148210390727E-06
4.47148210390727E-06
4.47148210390727E-06
4.47148210390727E-06
4.47148210390727E-06
4.47148210390727E-06
4.47148210390727E-06
4.47148210390727E-06
4.30815772165293E-06
4.30815772165293E-06
4.30815772165293E-06
4.30815772165293E-06
4.30815772165293E-06
4.30815772165293E-06
4.30815772165293E-06
4.30815772165293E-06
4.30815772165293E-06
4.30815772165293E-06
4.30815772165293E-06
4.30815772165293E-06
4.30815772165293E-06
4.30815772165293E-06
4.30815772165293E-06
4.30815772165293E-06
4.30376002053228E-06
4.30376002053228E-06
4.30376002053228E-06
4.30376002053228E-06
4.30376002053228E-06
4.30376002053228E-06
4.30376002053228E-06
4.30376002053228E-06
4.30376002053228E-06
4.30376002053228E-06
4.30376002053228E-06
4.29761124940874E-06
4.29761124940874E-06
4.29761124940874E-06
4.29761124940874E-06
3.91940901701548E-06
3.10958029446509E-06
2.17573842821501E-06
2.09035602493194E-06
2.09035602493194E-06
2.09035602493194E-06
2.05004616830144E-06
1.91390152184099E-06
1.8186183105158E-06
1.8186183105158E-06
1.8186183105158E-06
1.57762476564976E-06
1.57762476564976E-06
1.56324256610542E-06
1.56324256610542E-06
1.53239495780965E-06
1.53239495780965E-06
1.53239495780965E-06
1.53239495780965E-06
1.27480466717829E-06
1.27480466717829E-06
1.27480466717829E-06
1.27480466717829E-06
1.27480466717829E-06
1.27480466717829E-06
1.27480466717829E-06
1.14867385166753E-06
1.09285559293942E-06
1.07469946664457E-06
1.07347721827299E-06
1.07347721827299E-06
1.07347721827299E-06
1.07347721827299E-06
1.07347721827299E-06
1.06895878744293E-06
1.06895878744293E-06
4.24351736835739E-07
3.359692501462E-07
3.359692501462E-07
3.359692501462E-07
3.359692501462E-07
3.359692501462E-07
3.359692501462E-07
3.359692501462E-07
3.359692501462E-07
3.359692501462E-07
3.359692501462E-07
3.359692501462E-07
3.359692501462E-07
3.359692501462E-07
2.47432866349121E-07
1.97752884158481E-07
1.97752884158481E-07
1.97752884158481E-07
1.97752884158481E-07
1.97752884158481E-07
1.97752884158481E-07
1.97752884158481E-07
1.97752884158481E-07
1.97752884158481E-07
1.97752884158481E-07
1.97752884158481E-07
1.97752884158481E-07
1.97752884158481E-07
1.97752884158481E-07
1.97752884158481E-07
1.97752884158481E-07
1.97752884158481E-07
1.97752884158481E-07
1.97752884158481E-07
1.97752884158481E-07
1.97752884158481E-07
1.97752884158481E-07
1.83667491302423E-07
1.83667491302423E-07
1.83667491302423E-07
1.83667491302423E-07
1.83667491302423E-07
1.72583236229651E-07
1.72583236229651E-07
1.72583236229651E-07
1.72583236229651E-07
1.72096336403713E-07
1.72096336403713E-07
1.72096336403713E-07
1.72096336403713E-07
1.72096336403713E-07
1.72096336403713E-07
1.72096336403713E-07
1.12242799224411E-07
1.12242799224411E-07
1.12242799224411E-07
1.12242799224411E-07
1.12242799224411E-07
1.12242799224411E-07
1.12242799224411E-07
1.12242799224411E-07
1.12242799224411E-07
1.12242799224411E-07
1.12242799224411E-07
1.12242799224411E-07
7.59888552457889E-08
6.79308905676342E-08
6.79308905676342E-08
5.24060376307058E-08
5.24060376307058E-08
5.24060376307058E-08
5.24060376307058E-08
5.24060376307058E-08
5.24060376307058E-08
5.24060376307058E-08
5.24060376307058E-08
5.24060376307058E-08
5.24060376307058E-08
5.24060376307058E-08
5.24060376307058E-08
5.24060376307058E-08
5.24060376307058E-08
5.24060376307058E-08
5.24060376307058E-08
5.24060376307058E-08
5.24060376307058E-08
5.24060376307058E-08
5.24060376307058E-08
5.24060376307058E-08
5.24060376307058E-08
5.24060376307058E-08
5.24060376307058E-08
5.24060376307058E-08
5.14561281208558E-08
5.14561281208558E-08
5.14561281208558E-08
5.14561281208558E-08
5.14561281208558E-08
5.14561281208558E-08
5.14561281208558E-08
4.98423712123989E-08
4.98423712123989E-08
4.98423712123989E-08
4.98423712123989E-08
4.98423712123989E-08
4.98423712123989E-08
4.98423712123989E-08
4.98423712123989E-08
4.98423712123989E-08
4.92072883114839E-08
4.92072883114839E-08
4.92072883114839E-08
4.92072883114839E-08
4.92072883114839E-08
4.92072883114839E-08
4.92072883114839E-08
4.92072883114839E-08
4.92072883114839E-08
4.92072883114839E-08
4.92072883114839E-08
4.92072883114839E-08
4.92072883114839E-08
4.68235479448904E-08
4.68235479448904E-08
2.08941546789292E-08
2.08941546789292E-08
2.08941546789292E-08
2.08941546789292E-08
2.08941546789292E-08
2.08941546789292E-08
2.08941546789292E-08
2.08941546789292E-08
2.08941546789292E-08
2.08941546789292E-08
2.08941546789292E-08
1.94947426186841E-08
1.94947426186841E-08
1.94947426186841E-08
1.94947426186841E-08
1.94947426186841E-08
1.94947426186841E-08
1.74324558819295E-08
1.74324558819295E-08
1.74324558819295E-08
1.74324558819295E-08
1.74324558819295E-08
1.74324558819295E-08
1.74324558819295E-08
1.74324558819295E-08
1.74324558819295E-08
1.74324558819295E-08
1.74324558819295E-08
1.74324558819295E-08
1.74324558819295E-08
1.74324558819295E-08
1.68581560906245E-08
1.61025898314612E-08
1.61025898314612E-08
1.61025898314612E-08
1.61025898314612E-08
1.59660971423505E-08
1.59217646563774E-08
1.58894091629491E-08
1.58657946971874E-08
1.58485597567798E-08
1.58359812327525E-08
1.58268007392981E-08
1.58201004016158E-08
1.45870837179795E-08
1.45870837179795E-08
9.17750176763035E-09
9.17750176763035E-09
8.36822084456341E-09
8.36822084456341E-09
8.36822084456341E-09
8.36822084456341E-09
8.36822084456341E-09
8.36822084456341E-09
8.36822084456341E-09
8.36822084456341E-09
8.36822084456341E-09
8.36822084456341E-09
8.36822084456341E-09
8.36822084456341E-09
8.36822084456341E-09
7.89654507251559E-09
7.89654507251559E-09
7.89654507251559E-09
7.89654507251559E-09
7.89654507251559E-09
7.89654507251559E-09
7.89654507251559E-09
7.89654507251559E-09
7.89654507251559E-09
6.98580512196986E-09
6.98580512196986E-09
6.98580512196986E-09
6.5641373845916E-09
6.5641373845916E-09
6.5641373845916E-09
5.33629811127895E-09
5.33629811127895E-09
5.33629811127895E-09
5.33629811127895E-09
5.33629811127895E-09
5.33629811127895E-09
5.33629811127895E-09
5.33629811127895E-09
5.33629811127895E-09
5.33629811127895E-09
5.33629811127895E-09
5.29540343481664E-09
5.20556880034608E-09
5.14000397018719E-09
5.12164277148864E-09
5.12164277148864E-09
5.11984241517986E-09
5.11101021516472E-09
5.11101021516472E-09
5.11101021516472E-09
5.10982102884218E-09
5.10982102884218E-09
5.10982102884218E-09
5.10518114222623E-09
5.10518114222623E-09
5.10518114222623E-09
5.10518114222623E-09

