0.585958964445552
0.155433724332741
0.155433724332741
0.155433724332741
0.155433724332741
0.121846065082185
0.121846065082185
0.0544979802494084
0.0544979802494084
0.0544979802494084
0.0544979802494084
0.0374955272919449
0.0374955272919449
0.0374955272919449
0.0374955272919449
0.0374955272919449
0.0346014505782558
0.0346014505782558
0.0346014505782558
0.0346014505782558
0.0346014505782558
0.0281500150926761
0.0281500150926761
0.0223501197857172
0.0036497635936804
0.0036497635936804
0.0036497635936804
0.0036497635936804
0.0036497635936804
0.0036497635936804
0.0036497635936804
0.0036497635936804
0.00303682779574675
0.00303682779574675
0.00303682779574675
0.00303682779574675
0.00303682779574675
0.00303682779574675
0.00303682779574675
0.00303682779574675
0.00303682779574675
0.00228388293888566
0.00228388293888566
0.00228388293888566
0.00217597156685738
0.00217597156685738
0.00217597156685738
0.00217597156685738
0.00217597156685738
0.00144938644215644
0.00144938644215644
0.00144938644215644
0.00144938644215644
0.00144938644215644
0.00144938644215644
0.000952928674853364
0.000952928674853364
0.000952928674853364
0.000952928674853364
0.000952928674853364
0.000824810349521594
0.000824810349521594
0.000683592642800339
0.000683592642800339
0.000539012583458102
0.000539012583458102
0.000539012583458102
0.000539012583458102
0.000266417899297695
0.000266417899297695
0.000266417899297695
8.86338842493769E-05
8.86338842493769E-05
8.86338842493769E-05
8.86338842493769E-05
8.86338842493769E-05
8.86338842493769E-05
8.86338842493769E-05
3.26225467470886E-05
3.26225467470886E-05
1.44649201424686E-05
1.44649201424686E-05
1.44649201424686E-05
1.44649201424686E-05
9.16880784533017E-06
5.86056413848797E-06
5.86056413848797E-06
5.86056413848797E-06
5.71846839952696E-06
5.71846839952696E-06
3.49217845922918E-06
3.49217845922918E-06
3.49217845922918E-06
3.49217845922918E-06
3.49217845922918E-06
3.49217845922918E-06
3.49217845922918E-06
3.49217845922918E-06
3.49217845922918E-06
3.49217845922918E-06
2.36977529617716E-06
2.36977529617716E-06
1.74989727812533E-06
1.74989727812533E-06
1.74989727812533E-06
1.74989727812533E-06
1.74989727812533E-06
1.74989727812533E-06
1.74989727812533E-06
1.74989727812533E-06
1.74989727812533E-06
1.74989727812533E-06
1.74989727812533E-06
1.74989727812533E-06
1.74989727812533E-06
1.74989727812533E-06
1.74989727812533E-06
1.72751525124439E-06
1.72751525124439E-06
1.72751525124439E-06
1.72751525124439E-06
1.72751525124439E-06
1.72751525124439E-06
1.72397140610204E-06
1.72397140610204E-06
1.72397140610204E-06
1.72397140610204E-06
1.72397140610204E-06
1.72397140610204E-06
1.72397140610204E-06
1.72397140610204E-06
1.72397140610204E-06
1.72083844528686E-06
1.71267290814938E-06
1.71267290814938E-06
1.71267290814938E-06
1.71267290814938E-06
1.71267290814938E-06
1.71201276924522E-06
1.71201276924522E-06
1.71201276924522E-06
1.71113425130897E-06
1.71113425130897E-06
1.71113425130897E-06
1.71113425130897E-06
1.71091795267108E-06
1.71091795267108E-06
1.71091795267108E-06
1.71083850507683E-06
1.71083850507683E-06
1.71083850507683E-06
1.71083850507683E-06
1.71083850507683E-06
1.71077810793513E-06
1.71077810793513E-06
1.7107381655686E-06
1.7107381655686E-06
1.7107381655686E-06
1.71071580694227E-06
1.71071580694227E-06
1.71071580694227E-06
1.71071580694227E-06
1.71071580694227E-06
1.71071580694227E-06
1.71071580694227E-06
1.71071580694227E-06
1.71071580694227E-06
1.71071580694227E-06
1.71071580694227E-06
1.71071580694227E-06
1.71071580694227E-06
1.71071580694227E-06
1.71071580694227E-06
4.71651368125932E-07
4.71651368125932E-07
4.71651368125932E-07
4.71651368125932E-07
4.71651368125932E-07
4.71651368125932E-07
4.71651368125932E-07
4.6816985593394E-07
4.6816985593394E-07
4.6816985593394E-07
4.6816985593394E-07
4.6816985593394E-07
4.6816985593394E-07
4.6816985593394E-07
4.6816985593394E-07
4.6816985593394E-07
4.6816985593394E-07
4.6816985593394E-07
4.6816985593394E-07
4.58108254638721E-07
4.17704164800685E-07
4.17704164800685E-07
4.17704164800685E-07
4.17704164800685E-07
4.17704164800685E-07
4.17704164800685E-07
4.17704164800685E-07
1.42811327743655E-07
1.42811327743655E-07
1.42811327743655E-07
1.42811327743655E-07
1.42811327743655E-07
1.42811327743655E-07
1.04525519668744E-07
1.04525519668744E-07
1.04525519668744E-07
1.04525519668744E-07
1.04525519668744E-07
9.82684731070087E-08
9.82684731070087E-08
9.82684731070087E-08
9.31400655882312E-08
9.31400655882312E-08
9.31400655882312E-08
9.31400655882312E-08
9.31400655882312E-08
9.31400655882312E-08
7.72901549791634E-08
2.88582069108586E-08
2.88582069108586E-08
2.88582069108586E-08
2.88582069108586E-08
1.75357964847772E-08
1.75357964847772E-08
1.75357964847772E-08
1.75357964847772E-08
1.75357964847772E-08
1.75357964847772E-08
1.75357964847772E-08
1.75357964847772E-08
1.75357964847772E-08
1.43250027021369E-08
1.43250027021369E-08
8.98415728331389E-09
6.05147764911947E-09
6.05147764911947E-09
6.05147764911947E-09
6.05147764911947E-09
6.05147764911947E-09
6.05147764911947E-09
6.05147764911947E-09
6.05147764911947E-09
5.49911857443629E-09
5.49911857443629E-09
5.15165336744228E-09
4.77002505485636E-09
4.77002505485636E-09
4.77002505485636E-09
3.71777612433135E-09
3.71777612433135E-09
3.71777612433135E-09
3.64907016140265E-09
3.64907016140265E-09
3.43356668106672E-09
2.82862552268582E-09
2.82862552268582E-09
2.71127586337843E-09
1.56112883294855E-09
9.3167519710446E-10
8.71239594061712E-10
8.71239594061712E-10
7.84731631570002E-10
7.23848904887266E-10
6.80886538247145E-10
6.58389890690624E-10
6.58389890690624E-10
6.58389890690624E-10
6.39774128920083E-10
6.39774128920083E-10
6.26225373097125E-10
6.15707005103091E-10
6.15707005103091E-10
6.15707005103091E-10
6.15707005103091E-10
6.15707005103091E-10
6.15707005103091E-10
6.15707005103091E-10
6.15707005103091E-10
6.15707005103091E-10
6.15707005103091E-10
6.15707005103091E-10
6.14705105298709E-10
6.14705105298709E-10
6.1333923997456E-10
6.1333923997456E-10
6.1333923997456E-10
6.1315280360895E-10
6.1315280360895E-10
6.12564600872992E-10
6.12564600872992E-10
6.12564600872992E-10
4.95986843284463E-10
4.95986843284463E-10
4.61889409366265E-10
4.25267331402467E-10
3.76320064587042E-10
3.76320064587042E-10
3.76320064587042E-10
3.60039024397662E-10
3.60039024397662E-10
3.60039024397662E-10
3.56055324454848E-10
3.56055324454848E-10
3.56055324454848E-10
2.55711495054794E-10
1.85614521244255E-10
1.38114864404584E-10
1.03507175951413E-10
7.8280314082281E-11
5.98859359102548E-11
4.64696910935564E-11
4.64696910935564E-11
4.64696910935564E-11
4.64696910935564E-11
4.64696910935564E-11
4.64696910935564E-11
4.64696910935564E-11
4.64696910935564E-11
4.64696910935564E-11
4.58258578542403E-11
4.58258578542403E-11
4.58258578542403E-11
4.58258578542403E-11
4.58258578542403E-11
4.58258578542403E-11
4.57589030180836E-11
4.57589030180836E-11
4.57589030180836E-11
4.57589030180836E-11
4.57589030180836E-11
2.46956682567685E-11
1.93796135327159E-11
1.93796135327159E-11
1.93796135327159E-11
1.93796135327159E-11
1.77637304837131E-11
1.77637304837131E-11
1.301509138495E-11
1.301509138495E-11
7.45984893135971E-12
7.45984893135971E-12
7.28206419773256E-12
7.28206419773256E-12
7.28206419773256E-12
7.28206419773256E-12
5.30607090885491E-12
5.30607090885491E-12
5.30607090885491E-12
5.30607090885491E-12
5.30607090885491E-12
5.30607090885491E-12
5.30607090885491E-12
5.30607090885491E-12
5.30607090885491E-12
5.30607090885491E-12
2.50094020058673E-12
2.50094020058673E-12
2.50094020058673E-12
2.50094020058673E-12
2.50094020058673E-12
2.4721083855919E-12
1.83873133180559E-12
1.83873133180559E-12
4.1696168598634E-13
4.1696168598634E-13
4.1696168598634E-13
4.1696168598634E-13
4.1696168598634E-13
4.1696168598634E-13
4.14461988597199E-13
4.14461988597199E-13
3.2188195318288E-13
3.2188195318288E-13
3.2188195318288E-13
3.2188195318288E-13
2.3088108830502E-13
2.3088108830502E-13
2.3088108830502E-13
2.3088108830502E-13
2.3088108830502E-13
2.3088108830502E-13
2.3088108830502E-13
2.3088108830502E-13
2.3088108830502E-13
2.3088108830502E-13
2.3088108830502E-13
2.3088108830502E-13
2.3088108830502E-13
2.3088108830502E-13
2.3088108830502E-13
2.13685865458776E-13
1.1603873667594E-13
1.1603873667594E-13
1.1603873667594E-13
1.1603873667594E-13
1.09690923861057E-13
1.09690923861057E-13
9.66923431312353E-14
9.61144666719675E-14
8.73168215754181E-14
6.24792415785525E-14
4.69997680891604E-14
4.69997680891604E-14
4.69997680891604E-14
4.69997680891604E-14
4.69997680891604E-14
4.69997680891604E-14
4.69997680891604E-14
4.69997680891604E-14
4.69997680891604E-14
4.69997680891604E-14
4.69997680891604E-14
4.69997680891604E-14
4.69997680891604E-14
4.69997680891604E-14
4.69997680891604E-14
4.64653062256862E-14
3.91362920388205E-14
3.91362920388205E-14
3.91362920388205E-14
3.91362920388205E-14
3.58261346337638E-14
2.86580278165972E-14
2.60397122706595E-14
2.60397122706595E-14
2.60397122706595E-14
2.59802234816969E-14
1.92190969302952E-14
1.92190969302952E-14
1.92190969302952E-14
1.92190969302952E-14
1.92190969302952E-14
1.92190969302952E-14
1.92190969302952E-14
1.68980884822007E-14
1.68980884822007E-14
1.68980884822007E-14
1.68980884822007E-14
1.65970637777884E-14
1.65970637777884E-14
1.65970637777884E-14
1.65970637777884E-14
1.57622138535377E-14
1.56797630254915E-14
1.39165469832686E-14
6.21219548826802E-15
6.21219548826802E-15
6.21219548826802E-15
6.21219548826802E-15
6.21219548826802E-15
6.21219548826802E-15
3.17289644617331E-15
3.17289644617331E-15
3.17289644617331E-15
3.17289644617331E-15
3.17289644617331E-15
3.17289644617331E-15
3.17289644617331E-15
3.17289644617331E-15
3.17289644617331E-15
3.17289644617331E-15
3.17289644617331E-15
2.40951525526984E-15
2.40951525526984E-15
2.23797730711278E-15
2.23797730711278E-15
1.89715046902884E-15
1.76243087563606E-15
1.76243087563606E-15
6.79825102290307E-16
3.85432399963612E-16
3.85432399963612E-16
3.85432399963612E-16
3.85432399963612E-16
3.85432399963612E-16
3.85432399963612E-16
3.85432399963612E-16
3.85432399963612E-16
3.85432399963612E-16
3.85432399963612E-16
3.85432399963612E-16
3.85432399963612E-16
3.85432399963612E-16
3.85432399963612E-16
3.85432399963612E-16
3.85432399963612E-16
3.85432399963612E-16
3.85432399963612E-16
3.85432399963612E-16
3.85432399963612E-16
3.85432399963612E-16
3.85432399963612E-16
3.85432399963612E-16
3.85432399963612E-16
3.85432399963612E-16
3.85432399963612E-16
2.77243001320799E-16

