0.541617721089441
0.369656840797508
0.369656840797508
0.369656840797508
0.287533221264742
0.0987963602943618
0.0987963602943618
0.0985455743519319
0.0985455743519319
0.0985455743519319
0.0985455743519319
0.0786717318769667
0.0786717318769667
0.0786717318769667
0.0744334302459746
0.00864696954914595
0.00864696954914595
0.00864696954914595
0.00864696954914595
0.00864696954914595
0.00864696954914595
0.00864696954914595
0.00784848031366772
0.00784848031366772
0.00784848031366772
0.00645576173687711
0.00645576173687711
0.00645576173687711
0.00645576173687711
0.00645576173687711
0.00425344518752455
0.00425344518752455
0.00425344518752455
0.00425344518752455
0.00425344518752455
0.00425344518752455
0.00425344518752455
0.00425344518752455
0.00425344518752455
0.00362881347103563
0.00321129716125497
0.00321129716125497
0.00321129716125497
0.00321129716125497
0.00301308866408133
0.00301308866408133
0.00301308866408133
0.00301308866408133
0.00301308866408133
0.00159454611449847
0.00135617290202681
0.00135617290202681
0.00135617290202681
0.00135617290202681
0.00135617290202681
0.00109348162205077
0.00109348162205077
0.00109348162205077
0.00109348162205077
0.000713050681245566
0.000713050681245566
0.000713050681245566
0.000443606315938628
0.000443606315938628
0.000443606315938628
0.000443606315938628
0.000424759604004153
0.000424759604004153
0.000424759604004153
0.000424759604004153
0.000424759604004153
0.000424759604004153
0.000424759604004153
0.000424759604004153
0.000424759604004153
0.000424759604004153
0.000424759604004153
0.000424759604004153
0.000424759604004153
0.000424759604004153
0.000424759604004153
0.000424759604004153
0.000424759604004153
0.000424759604004153
0.000424759604004153
0.000424759604004153
0.000424759604004153
0.000424759604004153
0.000424759604004153
0.000181011261981727
0.000181011261981727
0.000181011261981727
0.000181011261981727
0.000181011261981727
0.000181011261981727
0.000181011261981727
0.000181011261981727
0.000181011261981727
0.000181011261981727
0.000181011261981727
0.000181011261981727
0.000181011261981727
0.000181011261981727
0.000181011261981727
0.000181011261981727
0.000181011261981727
0.000181011261981727
0.000181011261981727
0.000181011261981727
0.000181011261981727
0.000181011261981727
0.000181011261981727
0.000158669651385348
0.000158669651385348
0.000158669651385348
0.000158669651385348
0.000140628026595614
0.000140628026595614
0.000140501968786632
0.000140501968786632
0.000140501968786632
0.000140501968786632
0.00013949242892901
0.000113916411436153
0.00010368375117045
8.70608214665416E-05
8.70608214665416E-05
8.36059654539164E-05
8.03110325294756E-05
8.03110325294756E-05
8.03110325294756E-05
7.87361335953273E-05
7.6332793170649E-05
7.53966513610702E-05
7.51446183036098E-05
7.51446183036098E-05
7.32944741222918E-05
7.19385438959628E-05
7.09626577218504E-05
7.02577283088853E-05
6.97471371390133E-05
6.93765617565565E-05
6.90100308435235E-05
6.89112080347261E-05
6.65314666160503E-05
6.09124802766554E-05
6.09124802766554E-05
6.09124802766554E-05
6.09124802766554E-05
5.6604804082853E-05
5.39141401139597E-05
5.39141401139597E-05
5.39141401139597E-05
5.38734598738943E-05
5.38734598738943E-05
5.38734598738943E-05
5.38734598738943E-05
5.38734598738943E-05
5.38734598738943E-05
5.38734598738943E-05
5.38734598738943E-05
5.38734598738943E-05
5.36057290452988E-05
5.36057290452988E-05
4.34600245591475E-05
3.18299134468953E-05
3.18299134468953E-05
3.18299134468953E-05
3.18299134468953E-05
3.18299134468953E-05
3.18299134468953E-05
3.18299134468953E-05
3.18299134468953E-05
2.90930199169613E-05
1.16327474898106E-05
1.16327474898106E-05
1.16327474898106E-05
1.16327474898106E-05
7.26849914686622E-06
7.26849914686622E-06
7.26849914686622E-06
7.26849914686622E-06
7.26849914686622E-06
7.26849914686622E-06
7.26849914686622E-06
6.63016454475898E-06
6.63016454475898E-06
6.63016454475898E-06
6.63016454475898E-06
4.68268464491688E-06
4.68268464491688E-06
4.68268464491688E-06
4.68268464491688E-06
4.67804056576034E-06
4.20185571279259E-06
4.0075198212212E-06
3.94729179488541E-06
3.94680381500056E-06
3.94680381500056E-06
3.94649319592926E-06
2.61522154458807E-06
1.92764561730596E-06
1.92764561730596E-06
1.56775583805952E-06
1.56775583805952E-06
1.56775583805952E-06
8.413239771751E-07
8.413239771751E-07
7.43773635492042E-07
7.43773635492042E-07
7.43773635492042E-07
7.43773635492042E-07
5.85794555045991E-07
5.39671932013149E-07
5.39671932013149E-07
3.76847031396864E-07
3.76847031396864E-07
3.76847031396864E-07
3.76847031396864E-07
3.76847031396864E-07
3.76847031396864E-07
3.76847031396864E-07
3.76847031396864E-07
3.76847031396864E-07
3.76847031396864E-07
3.76847031396864E-07
3.76847031396864E-07
3.76847031396864E-07
3.76847031396864E-07
3.70686153929006E-07
3.70686153929006E-07
3.70686153929006E-07
3.70686153929006E-07
3.70686153929006E-07
2.70655352476705E-07
2.70655352476705E-07
2.70655352476705E-07
2.15705677675418E-07
2.15705677675418E-07
1.96543042354598E-07
1.90416039634909E-07
1.90416039634909E-07
1.90416039634909E-07
1.90416039634909E-07
1.90416039634909E-07
1.80162498230153E-07
1.66626314192721E-07
1.66626314192721E-07
1.6533318237916E-07
1.6533318237916E-07
1.49977830492722E-07
1.49977830492722E-07
1.49977830492722E-07
1.49977830492722E-07
1.49977830492722E-07
1.49977830492722E-07
1.49977830492722E-07
1.49977830492722E-07
1.49977830492722E-07
1.49977830492722E-07
1.49977830492722E-07
1.49977830492722E-07
1.49977830492722E-07
1.48305551223381E-07
1.48305551223381E-07
1.16208088993592E-07
1.16208088993592E-07
1.16208088993592E-07
1.16208088993592E-07
1.16208088993592E-07
1.16208088993592E-07
1.16208088993592E-07
1.16208088993592E-07
1.16208088993592E-07
1.065426937637E-07
1.065426937637E-07
1.065426937637E-07
1.065426937637E-07
8.74715726872328E-08
8.74715726872328E-08
8.74715726872328E-08
8.74715726872328E-08
8.74715726872328E-08
8.74715726872328E-08
6.31312876453749E-08
6.31312876453749E-08
2.17761551460279E-08
1.41903720879783E-08
1.41903720879783E-08
1.41903720879783E-08
1.13704470569737E-08
1.13704470569737E-08
1.13704470569737E-08
1.13704470569737E-08
8.61178610105537E-09
8.61178610105537E-09
8.61178610105537E-09
8.61178610105537E-09
8.3013160220381E-09
8.3013160220381E-09
8.3013160220381E-09
5.54948950713349E-09
5.54948950713349E-09
5.54948950713349E-09
5.54948950713349E-09
5.54948950713349E-09
5.54948950713349E-09
5.54948950713349E-09
5.54948950713349E-09
5.54948950713349E-09
4.52308753036946E-09
4.52308753036946E-09
4.52308753036946E-09
3.80318515580885E-09
3.80318515580885E-09
3.80318515580885E-09
3.80318515580885E-09
3.80318515580885E-09
3.75118679002012E-09
3.75118679002012E-09
2.89689112896747E-09
2.89689112896747E-09
2.89689112896747E-09
2.89689112896747E-09
2.89689112896747E-09
2.89689112896747E-09
2.81960234593776E-09
2.81960234593776E-09
2.70210377683599E-09
2.70210377683599E-09
2.70210377683599E-09
2.70210377683599E-09
2.64772782287052E-09
2.52169859026267E-09
2.44949992401074E-09
2.44949992401074E-09
2.44949992401074E-09
2.44949992401074E-09
2.44949992401074E-09
2.44949992401074E-09
2.41803672601455E-09
1.76150720373424E-09
1.76150720373424E-09
1.76150720373424E-09
1.33222214540295E-09
1.01510853725069E-09
1.01510853725069E-09
9.1681835232526E-10
9.03969077343648E-10
7.2764896970369E-10
7.2764896970369E-10
7.2764896970369E-10
7.2764896970369E-10
6.35673289011589E-10
5.5170012567265E-10
4.92337851310854E-10
4.50037900280628E-10
3.65902113179201E-10
3.65902113179201E-10
3.0405225309805E-10
3.0405225309805E-10
3.0405225309805E-10
3.0405225309805E-10
2.26193927576706E-10
1.3008660969127E-10
1.01615825674765E-10
1.01615825674765E-10
1.01615825674765E-10
1.01615825674765E-10
1.01615825674765E-10
9.98440136380113E-11
9.98440136380113E-11
9.98440136380113E-11
9.89381756303105E-11
9.89381756303105E-11
9.89381756303105E-11
9.77480419981206E-11
8.55385709048136E-11
8.09917746352478E-11
8.09917746352478E-11
8.09917746352478E-11
6.06541257153235E-11
6.06541257153235E-11
6.06541257153235E-11
6.06541257153235E-11
5.93141680745949E-11
5.93141680745949E-11
5.93141680745949E-11
5.74807499028994E-11
5.74807499028994E-11
5.74807499028994E-11
5.74807499028994E-11
5.5361968129726E-11
5.5361968129726E-11
4.93103433460434E-11
4.63500129929196E-11
4.54261695237811E-11
4.54111076706133E-11
4.46903124547427E-11
3.75185441413245E-11
3.28181334446831E-11
2.9672243591861E-11
2.75276916670835E-11
2.47122243825573E-11
1.44854519489242E-11
1.44854519489242E-11
1.44854519489242E-11
1.44854519489242E-11
1.22513697922135E-11
1.22513697922135E-11
1.22513697922135E-11
1.22513697922135E-11
1.1537995232243E-11
1.1537995232243E-11
1.15293442854009E-11
1.15293442854009E-11
7.34619401180156E-12
7.34619401180156E-12
7.34619401180156E-12
7.34619401180156E-12
7.34619401180156E-12
7.34619401180156E-12
7.34619401180156E-12
7.34619401180156E-12
7.34619401180156E-12
7.34619401180156E-12
7.34619401180156E-12
7.34619401180156E-12
7.34619401180156E-12
5.59011284324523E-12
4.83961312841653E-12
4.83961312841653E-12
4.15768405823084E-12
4.15768405823084E-12
4.15768405823084E-12
4.15768405823084E-12
3.93581974542642E-12
3.93581974542642E-12
3.93581974542642E-12
3.93581974542642E-12
3.93581974542642E-12
3.93581974542642E-12
3.93581974542642E-12
3.93581974542642E-12
3.93581974542642E-12
3.93581974542642E-12
3.93581974542642E-12
3.93581974542642E-12
3.93581974542642E-12
3.89580352487564E-12
3.89580352487564E-12
3.89580352487564E-12
3.89580352487564E-12
3.73282476270551E-12
3.59922058554702E-12
3.25833589681267E-12
3.25833589681267E-12
3.25833589681267E-12
2.10395235144544E-12
2.10395235144544E-12
1.22045657385394E-12
1.22045657385394E-12
7.02521865506604E-13
7.02521865506604E-13
4.1173071120608E-13
4.1173071120608E-13
4.1173071120608E-13
4.1173071120608E-13
4.1173071120608E-13
4.1173071120608E-13
4.1173071120608E-13
4.1173071120608E-13
4.1173071120608E-13
4.1173071120608E-13
4.1173071120608E-13
4.1173071120608E-13
4.1173071120608E-13
4.1173071120608E-13
4.1173071120608E-13
4.1173071120608E-13
4.1173071120608E-13
4.1173071120608E-13
4.1173071120608E-13
4.1173071120608E-13
4.1173071120608E-13
3.93046794965067E-13
3.91094249196529E-13
3.91094249196529E-13
3.91094249196529E-13
3.72386933513272E-13
3.72386933513272E-13
3.72386933513272E-13
3.72386933513272E-13
3.72386933513272E-13
3.72386933513272E-13
3.72386933513272E-13
3.72386933513272E-13
3.72386933513272E-13
3.72386933513272E-13
3.72386933513272E-13

