0.372193726231163
0.35228373055787
0.255058053050316
0.255058053050316
0.238111982567416
0.238111982567416
0.131883856237277
0.131883856237277
0.0876173136291848
0.0876173136291848
0.0159793951477316
0.0159793951477316
0.0159793951477316
0.0159793951477316
0.0159793951477316
0.0159793951477316
0.0122016943366391
0.0122016943366391
0.0116577516416216
0.00980440595013853
0.00478912877080651
0.00478912877080651
0.00478912877080651
0.00478912877080651
0.00478912877080651
0.00478912877080651
0.00478912877080651
0.00478912877080651
0.00420960548604944
0.00420960548604944
0.00420960548604944
0.00420960548604944
0.00420960548604944
0.00420960548604944
0.00420960548604944
0.00420960548604944
0.00420960548604944
0.00420960548604944
0.00420960548604944
0.00420960548604944
0.00420960548604944
0.00420960548604944
0.00420960548604944
0.00420960548604944
0.00420960548604944
0.00234261417433491
0.00234261417433491
0.00234261417433491
0.00234261417433491
0.00234261417433491
0.00234261417433491
0.00216073735829734
0.00216073735829734
0.00216073735829734
0.00216073735829734
0.00216073735829734
0.00216073735829734
0.00216073735829734
0.00216073735829734
0.00216073735829734
0.00216073735829734
0.000719118856070693
0.000719118856070693
0.000719118856070693
0.000719118856070693
0.000719118856070693
0.000719118856070693
0.000719118856070693
0.000502549356254265
0.000502549356254265
0.000502549356254265
0.000502549356254265
0.000502549356254265
0.000502549356254265
0.000502549356254265
0.000502549356254265
0.000502549356254265
0.000502549356254265
0.000502549356254265
0.000502549356254265
0.000502549356254265
0.000502549356254265
0.000502549356254265
0.000502549356254265
0.000472289064542108
0.000472289064542108
0.000472289064542108
0.000397950175999511
0.000397950175999511
0.000397950175999511
0.000397950175999511
0.000397950175999511
0.000397950175999511
0.000397950175999511
0.000397950175999511
0.000325026651749732
0.000325026651749732
0.000325026651749732
0.000325026651749732
0.000325026651749732
0.000325026651749732
0.000325026651749732
0.000325026651749732
0.000325026651749732
0.000325026651749732
0.000304902998530636
0.000304902998530636
0.000304902998530636
0.000304902998530636
0.000304902998530636
0.000304902998530636
0.000304902998530636
0.000264722286716317
0.000264722286716317
0.000264722286716317
0.000264722286716317
0.000264722286716317
0.000264722286716317
0.000264722286716317
0.000264722286716317
0.000264722286716317
0.000264722286716317
0.000264722286716317
0.000264722286716317
0.000264722286716317
0.000264722286716317
0.000179073753920284
0.000179073753920284
0.000140739155566815
0.000140739155566815
0.000140739155566815
0.000140739155566815
0.000140739155566815
0.000140739155566815
0.000140739155566815
0.000140739155566815
0.000140739155566815
0.000113542263431399
0.000113542263431399
0.000113542263431399
0.000113542263431399
0.000113542263431399
0.000113542263431399
0.000113542263431399
0.000113542263431399
0.000113542263431399
0.000113542263431399
0.000113542263431399
0.000113542263431399
9.68316091038353E-05
8.75441663521986E-05
8.75441663521986E-05
8.75441663521986E-05
8.75441663521986E-05
8.75441663521986E-05
8.75441663521986E-05
8.38786425330767E-05
8.38786425330767E-05
8.38786425330767E-05
8.38786425330767E-05
8.00302641422887E-05
7.71117685605739E-05
7.71117685605739E-05
6.49444204207056E-05
6.49444204207056E-05
6.49444204207056E-05
6.49444204207056E-05
6.49444204207056E-05
6.38638847478649E-05
6.38638847478649E-05
6.38638847478649E-05
6.30879759635575E-05
6.30879759635575E-05
6.30879759635575E-05
6.30879759635575E-05
6.19205484372223E-05
6.19205484372223E-05
6.19205484372223E-05
6.19205484372223E-05
6.19205484372223E-05
6.19205484372223E-05
6.19205484372223E-05
6.19205484372223E-05
6.19205484372223E-05
6.19205484372223E-05
6.19205484372223E-05
6.19205484372223E-05
6.19205484372223E-05
6.19205484372223E-05
6.19205484372223E-05
6.18802758485469E-05
6.18802758485469E-05
6.18802758485469E-05
6.18802758485469E-05
6.18802758485469E-05
6.18802758485469E-05
6.18802758485469E-05
6.18802758485469E-05
6.18586878153334E-05
6.17252829049103E-05
6.17252829049103E-05
6.17043317879048E-05
6.1327403136787E-05
6.1327403136787E-05
6.11385406495419E-05
6.11385406495419E-05
6.11385406495419E-05
6.11385406495419E-05
6.11385406495419E-05
6.11385406495419E-05
6.11098093932117E-05
6.11098093932117E-05
6.11098093932117E-05
6.11098093932117E-05
6.11098093932117E-05
6.11098093932117E-05
6.11032313061051E-05
6.10908068777332E-05
6.10908068777332E-05
6.10908068777332E-05
6.10906884145584E-05
6.10906884145584E-05
6.10868662893309E-05
6.10868662893309E-05
6.10864618286897E-05
6.10864618286897E-05
6.10858303605594E-05
6.10858303605594E-05
6.10858303605594E-05
6.10858303605594E-05
6.10538678358761E-05
6.10156336130399E-05
6.0996868749989E-05
6.0996868749989E-05
6.0996868749989E-05
6.0996868749989E-05
6.0996868749989E-05
6.0996868749989E-05
6.0996868749989E-05
6.0996868749989E-05
6.0996868749989E-05
6.09968035827859E-05
6.09968035827859E-05
6.09968035827859E-05
6.09731712743845E-05
6.09731712743845E-05
6.09686458244497E-05
6.09686458244497E-05
6.09686458244497E-05
6.09686458244497E-05
6.09686458244497E-05
6.09662111694433E-05
6.09660466138054E-05
6.09659265142494E-05
6.09659265142494E-05
6.09657416057258E-05
6.09653387536448E-05
6.09650447356868E-05
6.09648430482269E-05
6.09647364783117E-05
6.0964658699281E-05
6.09646019329069E-05
6.09645605026817E-05
6.09645302653363E-05
6.09645081968202E-05
6.09644920902709E-05
6.09644803351317E-05
6.09644717558267E-05
6.09644654942307E-05
6.09644609240929E-05
6.09644575889843E-05
6.0964455154525E-05
6.09583970684046E-05
6.09536627005424E-05
6.09530300126814E-05
6.09530300126814E-05
6.09530300126814E-05
6.09530300126814E-05
6.09530300126814E-05
6.09530300126814E-05
6.09510870258435E-05
6.09510870258435E-05
6.09510870258435E-05
6.09510870258435E-05
6.09510870258435E-05
6.09510870258435E-05
6.09510870258435E-05
6.09510870258435E-05
6.09510870258435E-05
6.09510870258435E-05
6.09510870258435E-05
6.09510870258435E-05
6.09510870258435E-05
6.09510870258435E-05
6.0949892204415E-05
6.0949892204415E-05
6.0949892204415E-05
6.0949892204415E-05
6.0949892204415E-05
6.0949892204415E-05
6.0949892204415E-05
6.0949892204415E-05
6.0949892204415E-05
6.0949892204415E-05
6.0949892204415E-05
6.0949892204415E-05
6.0949892204415E-05
6.0949892204415E-05
6.0949892204415E-05
6.0949892204415E-05
6.0949892204415E-05
6.09496593778783E-05
6.09496593778783E-05
6.09496593778783E-05
6.09496593778783E-05
6.09496593778783E-05
6.09496593778783E-05
6.09493712424963E-05
6.09493712424963E-05
6.09493712424963E-05
6.09493712424963E-05
5.69060826740523E-05
5.69060826740523E-05
5.69060826740523E-05
5.59713794809708E-05
5.50828258926115E-05
5.50828258926115E-05
5.50828258926115E-05
5.50828258926115E-05
5.50828258926115E-05
5.36250706114799E-05
5.36250706114799E-05
5.36250706114799E-05
5.32253389019998E-05
5.19691940965826E-05
4.65710862682388E-05
4.24585760801947E-05
3.99609430468892E-05
3.86228044665377E-05
3.76744736153822E-05
3.69974162089836E-05
3.65113011603145E-05
3.61607914720453E-05
3.59072534356331E-05
3.15207493660688E-05
3.15207493660688E-05
3.15207493660688E-05
2.86979817525929E-05
2.86979817525929E-05
2.35258165290133E-05
1.7716028220627E-05
1.7716028220627E-05
1.7716028220627E-05
1.7716028220627E-05
1.7716028220627E-05
1.7716028220627E-05
1.7716028220627E-05
1.7716028220627E-05
1.7716028220627E-05
1.7716028220627E-05
1.07441285251911E-05
1.07441285251911E-05
1.07441285251911E-05
7.07201745721121E-06
7.07201745721121E-06
7.07201745721121E-06
7.07201745721121E-06
7.07201745721121E-06
7.07201745721121E-06
7.07201745721121E-06
7.07201745721121E-06
7.07201745721121E-06
4.04246372776253E-06
4.04246372776253E-06
4.04246372776253E-06
4.04246372776253E-06
4.04246372776253E-06
4.04246372776253E-06
4.04246372776253E-06
2.39389067601211E-06
2.39389067601211E-06
2.07215979671088E-06
2.05701446073386E-06
2.05701446073386E-06
2.05701446073386E-06
1.86635274480896E-06
1.86635274480896E-06
1.86635274480896E-06
1.86635274480896E-06
1.65503246411288E-06
1.09575924379635E-06
8.71348414456237E-07
8.71348414456237E-07
8.71348414456237E-07
8.46000316541236E-07
8.46000316541236E-07
8.46000316541236E-07
8.46000316541236E-07
8.46000316541236E-07
8.46000316541236E-07
4.38806779574011E-07
4.38806779574011E-07
3.4702277340745E-07
3.4702277340745E-07
3.4702277340745E-07
3.4702277340745E-07
1.8341103523391E-07
1.8341103523391E-07
1.8341103523391E-07
1.8341103523391E-07
1.8341103523391E-07
1.8341103523391E-07
1.8341103523391E-07
1.8341103523391E-07
1.8341103523391E-07
1.8341103523391E-07
1.8341103523391E-07
1.8341103523391E-07
1.8341103523391E-07
1.8341103523391E-07
1.7317601233262E-07
1.7317601233262E-07
1.7317601233262E-07
1.50465333175192E-07
1.50465333175192E-07
1.25707746877534E-07
1.25707746877534E-07
1.25097568810171E-07
1.25097568810171E-07
1.25097568810171E-07
1.25097568810171E-07
8.50398378418508E-08
8.50398378418508E-08
8.50398378418508E-08
8.50398378418508E-08
8.50398378418508E-08
4.79297779727097E-08
4.79297779727097E-08
4.79297779727097E-08
4.79297779727097E-08
4.79297779727097E-08
4.79297779727097E-08
4.79297779727097E-08
4.79297779727097E-08
4.79297779727097E-08
4.79297779727097E-08
4.79297779727097E-08
4.79297779727097E-08
4.79297779727097E-08
4.79297779727097E-08
4.79297779727097E-08
4.29281586186855E-08
4.29281586186855E-08
4.29281586186855E-08
4.29281586186855E-08
4.29281586186855E-08
4.29281586186855E-08
4.29281586186855E-08
4.29281586186855E-08
3.79440266104456E-08
3.79440266104456E-08
3.79440266104456E-08
3.79440266104456E-08
3.74620536948389E-08
3.74620536948389E-08
3.74620536948389E-08
3.74620536948389E-08
3.64994836385611E-08
3.64994836385611E-08
3.60163738847456E-08
3.60163738847456E-08
3.43547265294328E-08
3.37941720201514E-08
3.37941720201514E-08
3.36624158850261E-08
3.31407626012909E-08
3.31407626012909E-08
3.31407626012909E-08
3.3113562591614E-08
3.3113562591614E-08
3.3113562591614E-08
3.3113562591614E-08
3.3113562591614E-08
3.3113562591614E-08
3.3113562591614E-08
3.29239229800284E-08
3.28780110270725E-08
3.28445024223194E-08
3.28200468197492E-08
3.28021979033345E-08
3.27891710712326E-08
3.27796634971668E-08
3.2772724637649E-08
3.27676602087957E-08
3.27639642067125E-08
3.27612664354319E-08
3.26475544324165E-08
3.26475544324165E-08
3.26475544324165E-08
3.26475544324165E-08

