0.408465235206634
0.359093456492648
0.174769255481311
0.174769255481311
0.147597822206692
0.147597822206692
0.0326839909658602
0.0326839909658602
0.0317766206721042
0.0317766206721042
0.0317766206721042
0.0196454214528505
0.0196454214528505
0.0196454214528505
0.0196454214528505
0.0196454214528505
0.0196395990948909
0.0196395990948909
0.0196395990948909
0.0196395990948909
0.0196395990948909
0.0196395990948909
0.0196395990948909
0.0183654254588477
0.0155292253202282
0.00849219529527725
0.00524233398354716
0.00524233398354716
0.00524233398354716
0.00524233398354716
0.00524233398354716
0.00524233398354716
0.00524233398354716
0.00524233398354716
0.00524233398354716
0.00524233398354716
0.00469090696372579
0.00469090696372579
0.00427557427644285
0.00310429017108783
0.0022454035317868
0.00194606812796726
0.00194606812796726
0.00194606812796726
0.00158396381245284
0.00158396381245284
0.00158396381245284
0.00158396381245284
0.00158396381245284
0.00158396381245284
0.000928488623397763
0.000928488623397763
0.000928488623397763
0.000928488623397763
0.000782352939998874
0.000782352939998874
0.00070464610733859
0.00070464610733859
0.00070464610733859
0.00070464610733859
0.00070464610733859
0.00070464610733859
0.00070464610733859
0.00070464610733859
0.00070464610733859
0.000615782819892349
0.000615782819892349
0.000615782819892349
0.000615782819892349
0.000615782819892349
0.000585107479895845
0.000585107479895845
0.000585107479895845
0.000585107479895845
0.000585107479895845
0.000585107479895845
0.000549098359487968
0.000516238856699931
0.000384808357210464
0.000384808357210464
0.000384808357210464
0.000384808357210464
0.000336184135967639
0.000336184135967639
0.000311708050707553
0.000311708050707553
0.000311708050707553
0.00016753868200836
0.00016753868200836
0.00016753868200836
0.00016753868200836
0.00016753868200836
0.00016753868200836
0.00016753868200836
0.00016753868200836
0.000150217720200544
0.000127933489819844
0.00011166422803078
9.97874259776701E-05
9.11177458187301E-05
9.11177458187301E-05
9.11177458187301E-05
9.11177458187301E-05
9.11177458187301E-05
9.11177458187301E-05
9.11177458187301E-05
9.11177458187301E-05
9.11177458187301E-05
9.11177458187301E-05
9.11177458187301E-05
9.11177458187301E-05
9.11177458187301E-05
9.11177458187301E-05
7.64660158128599E-05
7.64660158128599E-05
7.64660158128599E-05
7.64660158128599E-05
7.64660158128599E-05
7.30946739839742E-05
6.12520834835092E-05
5.76103061645088E-05
5.76103061645088E-05
5.72246410085469E-05
5.72246410085469E-05
5.72246410085469E-05
5.72246410085469E-05
5.72246410085469E-05
5.39025614225685E-05
5.39025614225685E-05
4.28008045674865E-05
4.28008045674865E-05
4.28008045674865E-05
4.23639161834992E-05
4.23639161834992E-05
4.05992729745499E-05
4.05992729745499E-05
3.74122910423927E-05
2.54114498620627E-05
2.54114498620627E-05
2.12199868085623E-05
1.24899877405596E-05
1.07761032027739E-05
9.46925565642555E-06
9.46925565642555E-06
9.46925565642555E-06
9.46925565642555E-06
9.46925565642555E-06
9.46925565642555E-06
9.46925565642555E-06
9.46925565642555E-06
9.46925565642555E-06
9.46925565642555E-06
9.46925565642555E-06
9.46925565642555E-06
9.46925565642555E-06
9.46925565642555E-06
9.46925565642555E-06
9.46925565642555E-06
9.46925565642555E-06
6.78822924240114E-06
6.78822924240114E-06
5.08073302767885E-06
5.08073302767885E-06
3.81117239932831E-06
3.81117239932831E-06
3.81117239932831E-06
3.81117239932831E-06
3.81117239932831E-06
3.81117239932831E-06
3.78330156374244E-06
3.78330156374244E-06
3.78330156374244E-06
2.51694856213031E-06
2.51694856213031E-06
2.51694856213031E-06
2.51694856213031E-06
2.51694856213031E-06
2.51694856213031E-06
1.48768250089768E-06
1.48768250089768E-06
1.48768250089768E-06
1.48768250089768E-06
1.47307780845724E-06
1.47307780845724E-06
1.36675419489513E-06
1.03286309185615E-06
9.73115525647905E-07
9.73115525647905E-07
9.73115525647905E-07
9.37539053270996E-07
9.37539053270996E-07
8.99056729772199E-07
8.90366307055177E-07
8.86817833702132E-07
7.11226594539743E-07
7.11226594539743E-07
6.74419933433174E-07
4.76184642095362E-07
4.76184642095362E-07
2.69480609812582E-07
2.69480609812582E-07
1.59610457808513E-07
1.59610457808513E-07
1.59610457808513E-07
1.59610457808513E-07
1.59610457808513E-07
1.43558703654469E-07
1.43558703654469E-07
1.3370434177982E-07
1.03883930270886E-07
1.03883930270886E-07
1.03883930270886E-07
1.03883930270886E-07
1.03883930270886E-07
1.03883930270886E-07
1.03883930270886E-07
1.03883930270886E-07
8.13645204236332E-08
8.13645204236332E-08
8.13645204236332E-08
8.13645204236332E-08
7.01905521695E-08
4.00337555149369E-08
4.00337555149369E-08
4.00337555149369E-08
4.00337555149369E-08
4.00337555149369E-08
4.00337555149369E-08
4.00337555149369E-08
4.00337555149369E-08
4.00337555149369E-08
1.76658586253478E-08
1.76658586253478E-08
1.76658586253478E-08
1.76658586253478E-08
1.76658586253478E-08
1.76658586253478E-08
1.76658586253478E-08
1.76658586253478E-08
1.76658586253478E-08
1.76658586253478E-08
1.72737235263178E-08
1.72737235263178E-08
1.72737235263178E-08
1.72737235263178E-08
1.72737235263178E-08
1.71352635273584E-08
1.71352635273584E-08
1.6277450426838E-08
1.6277450426838E-08
1.58644089770065E-08
1.58644089770065E-08
1.58644089770065E-08
1.55423684310157E-08
1.55423684310157E-08
1.55423684310157E-08
1.4652504089155E-08
1.4652504089155E-08
1.27183601539537E-08
1.09023629145348E-08
4.76326410251055E-09
4.76326410251055E-09
4.76326410251055E-09
4.76326410251055E-09
4.76326410251055E-09
4.76326410251055E-09
4.76326410251055E-09
4.76326410251055E-09
4.76326410251055E-09
4.76326410251055E-09
4.76326410251055E-09
2.34994232072402E-09
2.34994232072402E-09
2.34994232072402E-09
2.34994232072402E-09
2.07798846813196E-09
2.07798846813196E-09
1.81743119469555E-09
1.81743119469555E-09
1.35483272724232E-09
1.17070918681273E-09
1.17070918681273E-09
1.17070918681273E-09
8.24590034071587E-10
8.24590034071587E-10
8.24590034071587E-10
8.24590034071587E-10
8.24590034071587E-10
8.24590034071587E-10
7.79711216232948E-10
7.79711216232948E-10
7.79711216232948E-10
7.79711216232948E-10
7.79711216232948E-10
7.79711216232948E-10
7.56542404427068E-10
7.56542404427068E-10
7.41016976044931E-10
7.41016976044931E-10
7.41016976044931E-10
7.41016976044931E-10
7.3137975931364E-10
7.3137975931364E-10
7.3137975931364E-10
7.3137975931364E-10
7.31240665892072E-10
7.31240665892072E-10
5.53984024987883E-10
5.53984024987883E-10
5.53984024987883E-10
5.53984024987883E-10
5.53984024987883E-10
5.53984024987883E-10
5.53984024987883E-10
5.53984024987883E-10
5.53984024987883E-10
5.53984024987883E-10
5.53984024987883E-10
5.53984024987883E-10
3.99352209470621E-10
3.99352209470621E-10
3.99352209470621E-10
3.99352209470621E-10
3.99352209470621E-10
3.81342043432784E-10
3.81342043432784E-10
3.73397626749308E-10
3.6414992457659E-10
3.30748197100296E-10
3.30748197100296E-10
3.30748197100296E-10
2.26435146600103E-10
1.92432997610085E-10
1.92432997610085E-10
1.92432997610085E-10
1.92432997610085E-10
1.92432997610085E-10
1.92432997610085E-10
1.92432997610085E-10
1.92432997610085E-10
1.92432997610085E-10
1.92432997610085E-10
1.92432997610085E-10
1.92432997610085E-10
1.56691852113593E-10
1.56691852113593E-10
1.56691852113593E-10
1.56691852113593E-10
1.20149896522053E-10
1.20149896522053E-10
1.20149896522053E-10
1.20149896522053E-10
1.20149896522053E-10
1.20149896522053E-10
1.20149896522053E-10
1.20149896522053E-10
1.20149896522053E-10
1.20149896522053E-10
1.20149896522053E-10
1.20149896522053E-10
1.20149896522053E-10
1.20149896522053E-10
1.20149896522053E-10
1.20149896522053E-10
1.20149896522053E-10
1.20149896522053E-10
1.19448206601963E-10
1.19448206601963E-10
1.19448206601963E-10
1.19448206601963E-10
1.04769928315125E-10
1.04769928315125E-10
7.40560446624815E-11
7.40560446624815E-11
7.40560446624815E-11
5.7316130526897E-11
5.7316130526897E-11
5.7316130526897E-11
5.7316130526897E-11
5.7316130526897E-11
5.7316130526897E-11
5.7316130526897E-11
5.7316130526897E-11
5.7316130526897E-11
5.59905655774786E-11
4.62647129875521E-11
4.62647129875521E-11
4.41295351565692E-11
4.41295351565692E-11
4.41295351565692E-11
4.41295351565692E-11
4.41295351565692E-11
4.41295351565692E-11
4.41295351565692E-11
4.41295351565692E-11
4.41295351565692E-11
4.41295351565692E-11
4.41295351565692E-11
3.94215882336337E-11
3.94215882336337E-11
3.94215882336337E-11
3.94215882336337E-11
3.94215882336337E-11
3.94215882336337E-11
3.44401944165013E-11
1.89325855001559E-11
1.89325855001559E-11
1.89325855001559E-11
1.89325855001559E-11
1.60327939753612E-11
1.60327939753612E-11
1.60327939753612E-11
1.60327939753612E-11
1.60327939753612E-11
1.48826787211339E-11
1.48826787211339E-11
1.1785398896483E-11
1.1785398896483E-11
1.1785398896483E-11
1.1785398896483E-11
1.1785398896483E-11
1.12093735240627E-11
1.12093735240627E-11
9.19934815173454E-12
9.19934815173454E-12
9.19934815173454E-12
9.19934815173454E-12
4.86267470246101E-12
4.86267470246101E-12
4.86267470246101E-12
4.86267470246101E-12
4.47366746241223E-12
3.58323109004395E-12
3.18573683736169E-12
3.18573683736169E-12
2.77272984710057E-12
2.77272984710057E-12
2.60835732353304E-12
1.57773629366276E-12
1.57773629366276E-12
1.57773629366276E-12
1.57773629366276E-12
1.57773629366276E-12
1.57773629366276E-12
1.57773629366276E-12
1.57773629366276E-12
1.57773629366276E-12
8.53035293769087E-13
8.53035293769087E-13
8.53035293769087E-13
8.53035293769087E-13
8.53035293769087E-13
8.53035293769087E-13
8.53035293769087E-13
8.53035293769087E-13
8.53035293769087E-13
8.53035293769087E-13
7.43492500367409E-13
7.43492500367409E-13
7.43492500367409E-13
5.05172421635166E-13
5.05172421635166E-13
5.05172421635166E-13
3.37198646012827E-13
3.37198646012827E-13
3.37198646012827E-13
3.37198646012827E-13
3.37198646012827E-13
3.37198646012827E-13
2.99653097474151E-13
2.99653097474151E-13
2.99653097474151E-13
2.99653097474151E-13
2.99653097474151E-13
2.99653097474151E-13
2.99653097474151E-13
2.99653097474151E-13
2.99653097474151E-13
2.99653097474151E-13
2.99653097474151E-13
2.99653097474151E-13
2.99653097474151E-13
2.99653097474151E-13
2.99653097474151E-13
2.94853652940946E-13
2.94853652940946E-13
2.94853652940946E-13
2.7023704590257E-13
2.7023704590257E-13
2.61019965407464E-13
1.85737926775009E-13
1.85737926775009E-13
1.85737926775009E-13
1.85737926775009E-13
4.8806533088034E-14
4.8806533088034E-14
4.8806533088034E-14
4.8806533088034E-14
4.8806533088034E-14
4.8806533088034E-14

