0.667616729211246
0.233391340257135
0.233391340257135
0.233391340257135
0.0787954500364974
0.0479446242805878
0.0479446242805878
0.0479446242805878
0.0479446242805878
0.0479446242805878
0.0276390576968421
0.0276390576968421
0.0276390576968421
0.021533397033412
0.021533397033412
0.021533397033412
0.021533397033412
0.0137739095972746
0.0137739095972746
0.0137739095972746
0.0114741454446427
0.0114741454446427
0.0114741454446427
0.0114741454446427
0.0114741454446427
0.0114741454446427
0.0114741454446427
0.00744665143307312
0.00744665143307312
0.00744665143307312
0.00744665143307312
0.00744665143307312
0.00744665143307312
0.00744665143307312
0.00744665143307312
0.00279081444374635
0.00279081444374635
0.00279081444374635
0.00279081444374635
0.00279081444374635
0.00202502255525127
0.00202502255525127
0.00202502255525127
0.00149637107213652
0.00149637107213652
0.00149637107213652
0.00149637107213652
0.00149637107213652
0.00135634081664538
0.00135634081664538
0.00135634081664538
0.00135634081664538
0.00135197379711204
0.000903821733053949
0.000903821733053949
0.000903821733053949
0.000903821733053949
0.000903821733053949
0.000903821733053949
0.000903821733053949
0.000865134975342796
0.000858913756260619
0.000858913756260619
0.000858913756260619
0.000670136454138
0.000563891365343423
0.000522399108568047
0.000522399108568047
0.000382873852024404
0.000382873852024404
0.000382873852024404
0.000356462710671904
0.000356462710671904
0.000347320692258157
0.000347320692258157
0.000281575239052597
0.000281575239052597
0.000281575239052597
0.000281575239052597
0.000281575239052597
0.000281575239052597
0.000281575239052597
0.000265070472941296
0.000265070472941296
0.000235593320655541
0.000235593320655541
0.000160169171269771
0.000133469125579485
0.000133469125579485
9.81614275321121E-05
9.81614275321121E-05
9.81614275321121E-05
7.99463276116811E-05
4.87617602031396E-05
4.87617602031396E-05
4.87617602031396E-05
4.87617602031396E-05
4.87617602031396E-05
4.87617602031396E-05
4.87617602031396E-05
4.87617602031396E-05
4.87617602031396E-05
4.40492722636173E-05
4.40492722636173E-05
3.89080561081993E-05
3.5252434185296E-05
3.5252434185296E-05
2.1745306516469E-05
2.1745306516469E-05
2.1745306516469E-05
2.1745306516469E-05
1.76356203162366E-05
1.76356203162366E-05
1.0837663474019E-05
1.0837663474019E-05
1.0837663474019E-05
8.44218877166149E-06
7.48544666181002E-06
7.48544666181002E-06
7.48544666181002E-06
7.48544666181002E-06
5.36767690467288E-06
5.36767690467288E-06
5.36767690467288E-06
4.34441210839644E-06
4.34441210839644E-06
4.34441210839644E-06
4.34441210839644E-06
4.25899334485308E-06
3.22804595252822E-06
3.22804595252822E-06
3.22804595252822E-06
3.02383890579829E-06
3.02383890579829E-06
3.02383890579829E-06
3.02383890579829E-06
3.02383890579829E-06
3.02383890579829E-06
3.02383890579829E-06
3.02383890579829E-06
3.02383890579829E-06
3.02383890579829E-06
2.7435158326543E-06
1.95732670246572E-06
1.95732670246572E-06
1.63273405175075E-06
1.63273405175075E-06
1.63273405175075E-06
1.63273405175075E-06
1.63273405175075E-06
1.63273405175075E-06
1.52290321817333E-06
1.35117632905115E-06
1.35117632905115E-06
1.11908534432406E-06
1.11908534432406E-06
1.11908534432406E-06
1.11908534432406E-06
1.11908534432406E-06
1.11187951209752E-06
9.24786649667355E-07
9.24786649667355E-07
9.24786649667355E-07
8.35575837531874E-07
8.3378882121917E-07
7.52148500277744E-07
7.52148500277744E-07
7.1422306672169E-07
6.74041025923097E-07
3.77107236340603E-07
3.77107236340603E-07
3.77107236340603E-07
3.77107236340603E-07
3.77107236340603E-07
3.77107236340603E-07
3.77107236340603E-07
3.77107236340603E-07
3.4981465284363E-07
3.4981465284363E-07
2.98364906802559E-07
2.98364906802559E-07
2.98364906802559E-07
2.98364906802559E-07
2.98364906802559E-07
2.98364906802559E-07
2.53005399976608E-07
2.53005399976608E-07
2.2914283779262E-07
2.2914283779262E-07
2.2914283779262E-07
2.2914283779262E-07
2.2914283779262E-07
2.2914283779262E-07
2.2914283779262E-07
1.84752671051269E-07
1.84752671051269E-07
1.84752671051269E-07
1.84752671051269E-07
1.84752671051269E-07
1.46914724975583E-07
1.46914724975583E-07
8.55186541785075E-08
8.55186541785075E-08
6.88996488877624E-08
6.88996488877624E-08
6.88996488877624E-08
6.88996488877624E-08
6.88996488877624E-08
6.88996488877624E-08
6.88996488877624E-08
6.88996488877624E-08
6.88996488877624E-08
6.88996488877624E-08
6.88996488877624E-08
6.88996488877624E-08
6.88996488877624E-08
6.88996488877624E-08
6.88996488877624E-08
6.88996488877624E-08
6.88996488877624E-08
6.49638091501973E-08
5.87868538616271E-08
5.87868538616271E-08
5.87868538616271E-08
3.27876421514408E-08
3.27876421514408E-08
3.27876421514408E-08
3.27876421514408E-08
3.27876421514408E-08
3.27876421514408E-08
3.27876421514408E-08
2.97104879382537E-08
2.97104879382537E-08
2.97104879382537E-08
2.97104879382537E-08
2.97104879382537E-08
2.97104879382537E-08
2.97104879382537E-08
2.97104879382537E-08
2.51434191925518E-08
2.51434191925518E-08
2.18010177177098E-08
2.18010177177098E-08
2.18010177177098E-08
1.97489677073804E-08
1.97489677073804E-08
1.97489677073804E-08
1.47163381079753E-08
1.47163381079753E-08
1.05820295053156E-08
1.05820295053156E-08
1.05820295053156E-08
1.05820295053156E-08
1.05820295053156E-08
8.96297899468561E-09
8.96297899468561E-09
5.41355000329433E-09
5.41355000329433E-09
5.41355000329433E-09
3.57564681704482E-09
3.57564681704482E-09
3.57564681704482E-09
2.68206033684354E-09
2.68206033684354E-09
2.68206033684354E-09
2.68206033684354E-09
2.68206033684354E-09
2.68206033684354E-09
2.68206033684354E-09
2.68206033684354E-09
2.68206033684354E-09
2.68206033684354E-09
2.68206033684354E-09
2.68206033684354E-09
2.29557198667659E-09
2.29557198667659E-09
2.29557198667659E-09
2.29557198667659E-09
2.29557198667659E-09
2.29557198667659E-09
2.29557198667659E-09
2.29557198667659E-09
1.61403689155279E-09
1.61403689155279E-09
1.58310429056261E-09
1.58310429056261E-09
1.58310429056261E-09
1.58310429056261E-09
8.29474919197652E-10
8.29474919197652E-10
8.29474919197652E-10
8.29474919197652E-10
4.67849477312366E-10
4.31147230981269E-10
4.31147230981269E-10
4.31147230981269E-10
4.23335695112163E-10
4.23335695112163E-10
4.23335695112163E-10
4.23335695112163E-10
4.23335695112163E-10
4.23335695112163E-10
3.73594914769917E-10
3.73594914769917E-10
3.73594914769917E-10
3.4269689934115E-10
3.4269689934115E-10
3.00309080283456E-10
1.68412069175266E-10
1.68412069175266E-10
1.68412069175266E-10
1.68412069175266E-10
1.68412069175266E-10
1.68412069175266E-10
1.68412069175266E-10
1.68412069175266E-10
1.11307130504744E-10
1.11307130504744E-10
1.11307130504744E-10
1.11307130504744E-10
1.11307130504744E-10
1.01875797999407E-10
1.01875797999407E-10
1.01875797999407E-10
1.01875797999407E-10
1.01875797999407E-10
1.01875797999407E-10
8.40121562270015E-11
8.40121562270015E-11
8.05044431183115E-11
5.5837838476222E-11
5.5837838476222E-11
5.5837838476222E-11
5.5837838476222E-11
5.5837838476222E-11
5.5837838476222E-11
5.5837838476222E-11
5.5837838476222E-11
5.5837838476222E-11
3.56917570043351E-11
3.56917570043351E-11
3.56917570043351E-11
3.56917570043351E-11
3.56917570043351E-11
2.00225596194183E-11
2.00225596194183E-11
2.00225596194183E-11
2.00225596194183E-11
2.00225596194183E-11
1.28836099774765E-11
1.28836099774765E-11
1.00389656982301E-11
1.00389656982301E-11
1.00389656982301E-11
1.00389656982301E-11
1.00389656982301E-11
1.00389656982301E-11
1.00389656982301E-11
1.00389656982301E-11
1.00389656982301E-11
1.00389656982301E-11
1.00389656982301E-11
1.00389656982301E-11
8.85510317415877E-12
8.85510317415877E-12
8.85510317415877E-12
6.68518137982715E-12
6.68518137982715E-12
6.68518137982715E-12
5.5096461789618E-12
5.5096461789618E-12
5.5096461789618E-12
5.08139824705392E-12
4.42981144387761E-12
2.9731969382156E-12
2.9731969382156E-12
2.9731969382156E-12
2.32296186409783E-12
2.32296186409783E-12
2.32296186409783E-12
2.32296186409783E-12
2.32296186409783E-12
2.31027968023573E-12
2.31027968023573E-12
2.31027968023573E-12
2.31027968023573E-12
2.31027968023573E-12
2.31027968023573E-12
2.31027968023573E-12
2.31027968023573E-12
1.90972693388247E-12
1.90972693388247E-12
1.5861060837126E-12
1.5861060837126E-12
1.40308381232912E-12
1.40308381232912E-12
1.34838733061027E-12
1.02543895683788E-12
1.02543895683788E-12
1.02543895683788E-12
1.02543895683788E-12
1.02543895683788E-12
7.27204863167075E-13
7.27204863167075E-13
7.27204863167075E-13
5.79741495695257E-13
5.79741495695257E-13
5.24799171133794E-13
2.40376837358502E-13
2.40376837358502E-13
2.40376837358502E-13
2.40376837358502E-13
1.97021164573957E-13
1.97021164573957E-13
1.97021164573957E-13
1.41694490342348E-13
1.41694490342348E-13
1.41694490342348E-13
9.84726623159959E-14
8.60138241014219E-14
8.60138241014219E-14
8.60138241014219E-14
8.60138241014219E-14
8.60138241014219E-14
8.60138241014219E-14
8.60138241014219E-14
8.60138241014219E-14
8.60138241014219E-14
8.60138241014219E-14
8.60138241014219E-14
8.60138241014219E-14
8.22008476911162E-14
8.22008476911162E-14
4.60538183109926E-14
4.60538183109926E-14
4.60538183109926E-14
4.60538183109926E-14
4.60538183109926E-14
4.60538183109926E-14
4.60538183109926E-14
2.38081581359351E-14
2.38081581359351E-14
2.02026980214431E-14
2.02026980214431E-14
2.02026980214431E-14
2.02026980214431E-14
2.02026980214431E-14
2.02026980214431E-14
9.94842229429249E-15
9.94842229429249E-15
9.94842229429249E-15
9.94842229429249E-15
8.9211949459711E-15
8.9211949459711E-15
4.13113553782152E-15
4.13113553782152E-15
4.13113553782152E-15
4.13113553782152E-15
4.13113553782152E-15
4.13113553782152E-15
4.13113553782152E-15
4.13113553782152E-15
4.13113553782152E-15
2.3581939352646E-15
2.3581939352646E-15
2.3581939352646E-15
2.3581939352646E-15
1.90337112390693E-15
1.90337112390693E-15
1.08973160356518E-15
8.95876255124772E-16
8.95876255124772E-16
6.32415127210795E-16
6.32415127210795E-16
6.32415127210795E-16
6.32415127210795E-16
6.32415127210795E-16
6.32415127210795E-16
6.32415127210795E-16
6.32415127210795E-16
6.32415127210795E-16
6.32415127210795E-16
6.32415127210795E-16
6.04063240400299E-16
2.35705552298349E-16
2.35705552298349E-16
2.35705552298349E-16
2.35705552298349E-16
2.35705552298349E-16
1.65015570652294E-16
1.65015570652294E-16
1.65015570652294E-16
1.65015570652294E-16
1.65015570652294E-16
1.33031606563971E-16
1.33031606563971E-16
1.33031606563971E-16
1.17256464954307E-16
1.17256464954307E-16
1.70761842166467E-17

