0.381410136964227
0.103850328791207
0.103850328791207
0.103850328791207
0.103850328791207
0.103850328791207
0.0980615784767067
0.0614171054281746
0.0279293001452702
0.0279293001452702
0.0279293001452702
0.0265175516340003
0.0175914189631009
0.0175914189631009
0.0175914189631009
0.0175914189631009
0.0175914189631009
0.0175914189631009
0.0128419163573061
0.0128419163573061
0.0128419163573061
0.0128419163573061
0.00799480681439413
0.00799480681439413
0.00799480681439413
0.0073700215223379
0.00535261184152811
0.00535261184152811
0.00535261184152811
0.00535261184152811
0.00535261184152811
0.0043622830749721
0.0043622830749721
0.0043622830749721
0.0043622830749721
0.0043622830749721
0.0025192915235495
0.0025192915235495
0.00238250334727405
0.00238250334727405
0.00238250334727405
0.00238250334727405
0.00238250334727405
0.00238250334727405
0.00238250334727405
0.00238250334727405
0.00221875412816183
0.00221875412816183
0.00221875412816183
0.00221875412816183
0.00221875412816183
0.00167127967073622
0.00167127967073622
0.00167127967073622
0.00167127967073622
0.00167127967073622
0.00167127967073622
0.00167127967073622
0.000960493345231679
0.000960493345231679
0.000960493345231679
0.000960493345231679
0.000703088619963064
0.000703088619963064
0.000703088619963064
0.000703088619963064
0.000703088619963064
0.000703088619963064
0.00068607626934047
0.00068607626934047
0.00068607626934047
0.000231252446854438
0.000231252446854438
0.000231252446854438
0.000231252446854438
0.000231252446854438
0.000231252446854438
0.000231252446854438
0.000231252446854438
0.000231252446854438
0.000231252446854438
0.000231252446854438
0.000231252446854438
0.000231252446854438
0.000231252446854438
0.000231252446854438
0.000231252446854438
0.000100769110315341
0.000100769110315341
0.000100769110315341
0.000100769110315341
0.000100769110315341
0.000100769110315341
0.000100769110315341
0.000100769110315341
0.000100769110315341
0.000100769110315341
0.000100769110315341
0.000100769110315341
0.000100769110315341
0.000100769110315341
0.000100769110315341
0.000100769110315341
0.000100769110315341
0.000100769110315341
0.000100769110315341
0.000100131847396765
0.000100131847396765
0.000100131847396765
0.000100131847396765
0.000100131847396765
0.000100131847396765
0.000100131847396765
7.62382239350373E-05
1.34137423546789E-05
1.34137423546789E-05
1.34137423546789E-05
1.34137423546789E-05
1.34137423546789E-05
1.34137423546789E-05
8.00033654385177E-06
8.00033654385177E-06
8.00033654385177E-06
8.00033654385177E-06
8.00033654385177E-06
8.00033654385177E-06
8.00033654385177E-06
8.00033654385177E-06
8.00033654385177E-06
8.00033654385177E-06
8.00033654385177E-06
8.00033654385177E-06
8.00033654385177E-06
8.00033654385177E-06
8.00033654385177E-06
8.00033654385177E-06
8.00033654385177E-06
8.00033654385177E-06
8.00033654385177E-06
8.00033654385177E-06
8.00033654385177E-06
8.00033654385177E-06
8.00033654385177E-06
8.00033654385177E-06
8.00033654385177E-06
8.00033654385177E-06
8.00033654385177E-06
8.00033654385177E-06
8.00033654385177E-06
8.00033654385177E-06
6.54681029908869E-06
6.54681029908869E-06
5.59343348514028E-06
5.59343348514028E-06
5.59343348514028E-06
5.59343348514028E-06
3.83363270373097E-06
3.83363270373097E-06
3.83363270373097E-06
3.83363270373097E-06
2.89162068666569E-06
2.40573539815216E-06
2.40573539815216E-06
2.17540049804169E-06
2.17540049804169E-06
2.17540049804169E-06
2.17540049804169E-06
2.17540049804169E-06
2.12109026518234E-06
2.12042153625184E-06
1.85730001613809E-06
1.85730001613809E-06
1.85730001613809E-06
1.85730001613809E-06
1.85730001613809E-06
1.29965173068136E-06
1.29965173068136E-06
1.15211144503577E-06
1.15211144503577E-06
1.15211144503577E-06
1.15211144503577E-06
1.15211144503577E-06
1.15211144503577E-06
1.15211144503577E-06
1.15211144503577E-06
8.54447045770521E-07
8.54447045770521E-07
8.54447045770521E-07
7.87027719132438E-07
7.87027719132438E-07
7.2952635764852E-07
7.17366052264875E-07
7.17366052264875E-07
7.17366052264875E-07
7.17366052264875E-07
7.17366052264875E-07
7.17366052264875E-07
7.17366052264875E-07
7.17366052264875E-07
7.17366052264875E-07
6.57708452713624E-07
4.54690923369254E-07
4.54690923369254E-07
4.54690923369254E-07
4.54690923369254E-07
4.54690923369254E-07
4.285991062987E-07
3.73626901713392E-07
3.73626901713392E-07
3.73626901713392E-07
2.75023313309255E-07
2.75023313309255E-07
2.75023313309255E-07
2.75023313309255E-07
2.08206575482914E-07
2.08206575482914E-07
2.08206575482914E-07
2.08206575482914E-07
1.69465182821521E-07
1.06715694035871E-07
1.06715694035871E-07
1.06715694035871E-07
1.06715694035871E-07
8.33847491620827E-08
8.33847491620827E-08
8.15649696101234E-08
8.15649696101234E-08
8.15649696101234E-08
3.88370242711361E-08
3.88370242711361E-08
3.04929058124011E-08
3.04929058124011E-08
3.04929058124011E-08
3.04929058124011E-08
1.92264386413303E-08
1.92264386413303E-08
1.92264386413303E-08
1.92264386413303E-08
1.92264386413303E-08
1.92264386413303E-08
1.92264386413303E-08
1.92264386413303E-08
1.92264386413303E-08
1.92264386413303E-08
1.92264386413303E-08
1.92264386413303E-08
1.92264386413303E-08
1.92264386413303E-08
1.92264386413303E-08
1.92264386413303E-08
1.92264386413303E-08
1.92264386413303E-08
1.92264386413303E-08
1.71173110500902E-08
1.69321484765466E-08
1.69321484765466E-08
1.69321484765466E-08
1.69321484765466E-08
1.69321484765466E-08
1.69321484765466E-08
1.59369128977238E-08
1.59369128977238E-08
1.52284789531057E-08
1.35178062995773E-08
1.35178062995773E-08
1.35178062995773E-08
4.8954084812223E-09
4.8954084812223E-09
4.8954084812223E-09
4.73316093908271E-09
4.73316093908271E-09
4.73316093908271E-09
4.73316093908271E-09
4.73316093908271E-09
4.3718433169783E-09
4.30451414406609E-09
4.30451414406609E-09
4.19215089454769E-09
4.19215089454769E-09
3.58836194605012E-09
3.58836194605012E-09
3.58836194605012E-09
3.44344465015569E-09
2.67860301968122E-09
2.67860301968122E-09
2.67860301968122E-09
2.00269663871004E-09
2.00269663871004E-09
2.00269663871004E-09
2.00269663871004E-09
2.00269663871004E-09
2.00269663871004E-09
2.00269663871004E-09
2.00269663871004E-09
1.95860514673387E-09
1.95860514673387E-09
1.64263710508258E-09
1.45866030455776E-09
1.42253662647839E-09
1.24994369559668E-09
1.24994369559668E-09
1.24994369559668E-09
1.24994369559668E-09
1.13208016645064E-09
1.13208016645064E-09
1.13208016645064E-09
1.07589936248077E-09
1.07589936248077E-09
1.05848198589503E-09
1.05848198589503E-09
1.05848198589503E-09
9.30218315783616E-10
9.27533119913707E-10
5.94806306806819E-10
5.15494309146611E-10
5.15494309146611E-10
5.15494309146611E-10
5.15494309146611E-10
5.15494309146611E-10
5.15494309146611E-10
5.15494309146611E-10
4.91861521040724E-10
4.91861521040724E-10
4.91861521040724E-10
4.91861521040724E-10
4.80645889059571E-10
4.80645889059571E-10
4.41407628872827E-10
4.41407628872827E-10
4.35203153732177E-10
4.35203153732177E-10
4.04660734161142E-10
3.77819620502598E-10
3.76443105188173E-10
3.25873142657251E-10
3.25873142657251E-10
3.18874574977278E-10
3.16075753633796E-10
3.09454930701603E-10
3.09454930701603E-10
3.09454930701603E-10
2.29187770598929E-10
2.29187770598929E-10
1.84725773885703E-10
1.80122183149816E-10
1.80122183149816E-10
1.80122183149816E-10
1.38870194030661E-10
6.87693164963039E-11
6.87693164963039E-11
6.87693164963039E-11
6.74627893238827E-11
6.74627893238827E-11
6.74627893238827E-11
6.74627893238827E-11
3.09510439687818E-11
3.09510439687818E-11
3.09510439687818E-11
3.09510439687818E-11
1.67149573262332E-11
1.67149573262332E-11
1.27102190297451E-11
1.27102190297451E-11
1.27102190297451E-11
1.27102190297451E-11
1.27102190297451E-11
1.27102190297451E-11
1.27102190297451E-11
1.207409720843E-11
1.207409720843E-11
1.207409720843E-11
1.207409720843E-11
7.86372415751899E-12
7.86372415751899E-12
7.28693047369951E-12
7.06044206627077E-12
7.06044206627077E-12
7.06044206627077E-12
6.98960041659925E-12
6.93632391785383E-12
4.58456307585089E-12
4.20249568177104E-12
4.20249568177104E-12
4.20249568177104E-12
4.20249568177104E-12
4.20249568177104E-12
3.8855786348987E-12
3.4055976422709E-12
3.05525598750915E-12
2.79972948138616E-12
2.61275939780563E-12
2.47666203680424E-12
2.37737564348834E-12
2.30488732280384E-12
2.09209439966981E-12
2.09209439966981E-12
2.09209439966981E-12
2.09209439966981E-12
2.09209439966981E-12
1.71894500383359E-12
1.71894500383359E-12
1.71462705517926E-12
1.71462705517926E-12
1.71462705517926E-12
1.62520868209623E-12
1.62520868209623E-12
1.3115283090516E-12
1.3115283090516E-12
1.02730642223515E-12
6.87581795224602E-13
6.87581795224602E-13
6.87581795224602E-13
6.87581795224602E-13
6.87581795224602E-13
6.87581795224602E-13
6.87581795224602E-13
6.87581795224602E-13
6.87581795224602E-13
6.87581795224602E-13
6.87581795224602E-13
6.87581795224602E-13
6.87581795224602E-13
6.87581795224602E-13
6.87581795224602E-13
6.87581795224602E-13
6.87581795224602E-13
6.87581795224602E-13
6.72055732123407E-13
6.72055732123407E-13
6.72055732123407E-13
6.72055732123407E-13
6.72055732123407E-13
6.72055732123407E-13
6.72055732123407E-13
6.68196301038143E-13
6.54516524122408E-13
6.44526058500745E-13
6.44526058500745E-13
4.70318698063085E-13
4.70318698063085E-13
4.70318698063085E-13
4.70318698063085E-13
4.70318698063085E-13
4.70318698063085E-13
4.70318698063085E-13
4.70318698063085E-13
4.70318698063085E-13
4.01001741577936E-13
4.01001741577936E-13
3.87606962449832E-13
2.55999646868866E-13
2.55999646868866E-13
2.17779980382854E-13
2.17779980382854E-13
2.17779980382854E-13
2.17779980382854E-13
2.17779980382854E-13
2.17779980382854E-13
2.17779980382854E-13
1.97406966058575E-13
1.97406966058575E-13
1.97406966058575E-13
1.41643536228373E-13
1.41643536228373E-13
1.41643536228373E-13
1.41643536228373E-13
1.41643536228373E-13
1.39819901397989E-13
1.29641011603144E-13
1.29641011603144E-13
1.29641011603144E-13
1.29641011603144E-13
1.29641011603144E-13
1.29641011603144E-13
1.29641011603144E-13
1.29641011603144E-13
1.29641011603144E-13
1.29641011603144E-13
1.25992269799113E-13
1.14476672228008E-13
9.45972290842916E-14
9.45972290842916E-14
9.45972290842916E-14
6.576752251792E-14
6.576752251792E-14
6.576752251792E-14
6.576752251792E-14
6.576752251792E-14
6.08889346142552E-14
6.08889346142552E-14
6.08889346142552E-14
3.90926779337587E-14
3.33092403079259E-14
3.33092403079259E-14
3.33092403079259E-14
3.33092403079259E-14
3.33092403079259E-14
3.33092403079259E-14
3.33092403079259E-14
2.98809540750112E-14

