0.353762934844545
0.353762934844545
0.186121804804688
0.0316028108631412
0.0316028108631412
0.0316028108631412
0.0316028108631412
0.0213288762417614
0.0213288762417614
0.0213288762417614
0.0213288762417614
0.0213288762417614
0.0108041770922307
0.0108041770922307
0.0108041770922307
0.0108041770922307
0.0108041770922307
0.0108041770922307
0.0108041770922307
0.0108041770922307
0.0108041770922307
0.0108041770922307
0.00711590488323604
0.00711590488323604
0.00711590488323604
0.00711590488323604
0.00267638665160601
0.00267638665160601
0.00267638665160601
0.00267638665160601
0.00267638665160601
0.00267638665160601
0.00267638665160601
0.00267638665160601
0.00267638665160601
0.00267638665160601
0.00267638665160601
0.00253864046050599
0.00253864046050599
0.00253864046050599
0.00253864046050599
0.000955921195118121
0.000955921195118121
0.000547960290715488
0.000547960290715488
0.000547960290715488
0.000547960290715488
0.000547960290715488
0.000547960290715488
0.000547960290715488
0.000547960290715488
0.000547960290715488
0.000547960290715488
0.000547960290715488
0.000547960290715488
0.000547960290715488
0.000547960290715488
0.000547960290715488
0.000547960290715488
0.000547960290715488
0.000547960290715488
0.000547960290715488
0.000547960290715488
0.000547960290715488
0.000547960290715488
0.000547960290715488
0.000547960290715488
0.000547960290715488
0.000547960290715488
0.000547960290715488
0.000547960290715488
0.000547960290715488
0.000488688557902155
0.000488688557902155
0.000488688557902155
0.000488688557902155
0.000488688557902155
0.000488688557902155
0.000488688557902155
0.000488688557902155
0.000488688557902155
0.000488688557902155
0.000457567594673464
0.000457567594673464
0.000437556185187365
0.000437556185187365
0.000437556185187365
0.000437556185187365
0.000437556185187365
0.000437556185187365
0.000437556185187365
0.000437556185187365
0.000437556185187365
0.000437556185187365
0.000437556185187365
0.000428788493751299
0.000428788493751299
0.00041516634396939
0.00041516634396939
0.00041516634396939
0.00041516634396939
0.00041516634396939
0.00041516634396939
0.00041516634396939
0.00041516634396939
0.00041516634396939
0.00041516634396939
0.00041516634396939
0.00041516634396939
0.00041516634396939
0.00041516634396939
0.00040973821830369
0.00040973821830369
0.00040973821830369
0.00040973821830369
0.000407458856290542
0.000407458856290542
0.000405842855934589
0.000402759068162807
0.000402759068162807
0.000402759068162807
0.000400269185382112
0.000400269185382112
0.000400269185382112
0.000400269185382112
0.000400269185382112
0.000399801426732984
0.000399801426732984
0.000399801426732984
0.000399801426732984
0.000399801426732984
0.000399801426732984
0.000399611453042456
0.000399611453042456
0.000399143823237884
0.000399019152833971
0.000399019152833971
0.000241602846307228
0.000241602846307228
0.000238925337782135
0.000229934155422345
0.000117772360574807
0.000117772360574807
0.000117772360574807
0.000117772360574807
0.000117772360574807
0.000117772360574807
0.000117772360574807
0.000117772360574807
0.000113370299963214
0.000113370299963214
0.000113370299963214
0.000113370299963214
0.000113370299963214
0.000109446668064454
0.000109446668064454
9.95870310005051E-05
9.95870310005051E-05
9.95870310005051E-05
9.95870310005051E-05
6.19873868111057E-05
6.19873868111057E-05
4.28635308558502E-05
2.49703734492199E-05
2.49703734492199E-05
2.49703734492199E-05
2.49703734492199E-05
2.49703734492199E-05
2.49703734492199E-05
2.49703734492199E-05
2.49703734492199E-05
2.49703734492199E-05
2.49703734492199E-05
2.49703734492199E-05
2.49703734492199E-05
2.49703734492199E-05
2.19097988106889E-05
2.19097988106889E-05
1.25388215760814E-05
5.80024379620129E-06
5.80024379620129E-06
5.80024379620129E-06
5.80024379620129E-06
5.80024379620129E-06
5.80024379620129E-06
5.28869432677593E-06
5.28869432677593E-06
5.28869432677593E-06
5.28869432677593E-06
5.28869432677593E-06
5.28869432677593E-06
4.2343957295649E-06
4.2343957295649E-06
4.2343957295649E-06
4.2343957295649E-06
4.2343957295649E-06
4.2343957295649E-06
4.2343957295649E-06
3.60054738079319E-06
3.60054738079319E-06
3.60054738079319E-06
3.60054738079319E-06
3.60054738079319E-06
3.60054738079319E-06
3.60054738079319E-06
3.57593170806751E-06
3.57593170806751E-06
3.30793608161269E-06
3.30793608161269E-06
3.22696854628401E-06
3.22696854628401E-06
3.22696854628401E-06
3.18452489097963E-06
3.0995832490341E-06
3.03207912303294E-06
3.03207912303294E-06
2.97607286548554E-06
2.89288855912809E-06
2.58884068735723E-06
2.58884068735723E-06
2.42146243590593E-06
2.42146243590593E-06
2.42146243590593E-06
2.42146243590593E-06
2.24868523835088E-06
2.24868523835088E-06
2.24868523835088E-06
2.24868523835088E-06
2.24868523835088E-06
2.24868523835088E-06
2.24868523835088E-06
2.24868523835088E-06
2.24868523835088E-06
2.24084684434119E-06
2.24084684434119E-06
2.24071958027196E-06
2.24071958027196E-06
2.24071958027196E-06
2.24071958027196E-06
2.23920150932281E-06
2.23671832562113E-06
2.23490602041108E-06
2.23358333964568E-06
2.23261799997073E-06
2.23191346030352E-06
9.93741498231304E-07
9.93741498231304E-07
4.90135408798369E-07
4.90135408798369E-07
4.90135408798369E-07
4.90135408798369E-07
4.90135408798369E-07
4.90135408798369E-07
4.90135408798369E-07
4.90135408798369E-07
4.90135408798369E-07
4.90135408798369E-07
4.07291392823936E-07
4.07291392823936E-07
4.07291392823936E-07
4.07291392823936E-07
4.07291392823936E-07
4.07291392823936E-07
4.07291392823936E-07
4.07291392823936E-07
4.07291392823936E-07
4.07291392823936E-07
4.07291392823936E-07
4.02162289577623E-07
4.02162289577623E-07
2.30103729579364E-07
2.30103729579364E-07
2.30103729579364E-07
2.30103729579364E-07
2.30103729579364E-07
2.30103729579364E-07
2.30103729579364E-07
2.30103729579364E-07
2.06962031134736E-07
1.42527272125434E-07
1.42527272125434E-07
1.42527272125434E-07
1.14801573649254E-07
1.14801573649254E-07
1.14801573649254E-07
1.14801573649254E-07
1.14801573649254E-07
1.14801573649254E-07
1.14801573649254E-07
9.97577950225292E-08
9.97577950225292E-08
9.97577950225292E-08
9.97577950225292E-08
9.12430402208583E-08
9.12430402208583E-08
9.12430402208583E-08
9.12430402208583E-08
9.12430402208583E-08
8.36490231562098E-08
8.36490231562098E-08
8.36490231562098E-08
8.36490231562098E-08
8.36490231562098E-08
8.24123814430899E-08
7.57689601530184E-08
7.40083221763048E-08
7.40083221763048E-08
7.40083221763048E-08
7.40083221763048E-08
7.40083221763048E-08
7.40083221763048E-08
7.40083221763048E-08
7.40083221763048E-08
7.40083221763048E-08
7.40083221763048E-08
7.40083221763048E-08
7.40083221763048E-08
7.29215988053619E-08
7.29215988053619E-08
7.29215988053619E-08
7.29215988053619E-08
7.29215988053619E-08
7.29215988053619E-08
7.29215988053619E-08
7.0401690025916E-08
7.0401690025916E-08
7.0401690025916E-08
6.79369259601633E-08
6.79369259601633E-08
6.71714760826232E-08
6.71714760826232E-08
6.71714760826232E-08
6.71714760826232E-08
6.71714760826232E-08
6.71714760826232E-08
6.71714760826232E-08
6.71714760826232E-08
6.71714760826232E-08
6.42693942043875E-08
6.42693942043875E-08
6.42693942043875E-08
6.42693942043875E-08
6.36211409631787E-08
6.3320190143504E-08
6.1769301644722E-08
6.1769301644722E-08
6.1769301644722E-08
6.1769301644722E-08
6.1769301644722E-08
6.1769301644722E-08
6.1769301644722E-08
6.1769301644722E-08
6.1769301644722E-08
6.1769301644722E-08
6.1769301644722E-08
6.1769301644722E-08
6.1769301644722E-08
6.1769301644722E-08
6.1769301644722E-08
6.1769301644722E-08
6.12574062639147E-08
5.50264651278512E-08
5.0864666903044E-08
4.78269491161731E-08
4.56097566418361E-08
4.39914840637731E-08
3.65908288620483E-08
3.65908288620483E-08
3.65908288620483E-08
3.65908288620483E-08
3.65908288620483E-08
1.91358441433887E-08
1.68861311912867E-08
1.68861311912867E-08
1.68861311912867E-08
1.68861311912867E-08
1.68861311912867E-08
1.68861311912867E-08
1.68861311912867E-08
1.68861311912867E-08
1.68861311912867E-08
8.20107153768503E-09
8.20107153768503E-09
8.20107153768503E-09
8.20107153768503E-09
8.20107153768503E-09
8.20107153768503E-09
8.20107153768503E-09
8.20107153768503E-09
8.20107153768503E-09
8.20107153768503E-09
8.20107153768503E-09
8.20107153768503E-09
8.20107153768503E-09
8.20107153768503E-09
8.20107153768503E-09
6.49852517276201E-09
6.49852517276201E-09
6.49852517276201E-09
6.49852517276201E-09
4.40729946721725E-09
4.40729946721725E-09
2.91573647281286E-09
2.91573647281286E-09
2.91573647281286E-09
2.91573647281286E-09
1.64903162426222E-09
1.64903162426222E-09
1.64903162426222E-09
1.64903162426222E-09
1.36210718698292E-09
1.36210718698292E-09
1.36210718698292E-09
1.36210718698292E-09
1.36210718698292E-09
1.2244733508396E-09
1.22062724374776E-09
1.22062724374776E-09
1.22062724374776E-09
1.22062724374776E-09
1.22062724374776E-09
1.22062724374776E-09
9.60239907688073E-10
9.60239907688073E-10
9.60239907688073E-10
9.60239907688073E-10
9.60239907688073E-10
8.66371925095026E-10
8.66371925095026E-10
8.66371925095026E-10
8.66371925095026E-10
8.38635581196446E-10
8.38635581196446E-10
7.36454386501286E-10
7.36454386501286E-10
7.36454386501286E-10
7.36454386501286E-10
6.89363572892753E-10
5.78202311064338E-10
5.78202311064338E-10
5.78202311064338E-10
5.78202311064338E-10
5.78202311064338E-10
5.78202311064338E-10
5.78202311064338E-10
5.78202311064338E-10
5.78202311064338E-10
5.78202311064338E-10
5.78202311064338E-10
5.78202311064338E-10
5.78202311064338E-10
5.33344639866555E-10
4.98672775226243E-10
4.98672775226243E-10
4.98672775226243E-10
4.63245843091502E-10
3.99708828044404E-10
3.99708828044404E-10
3.54037946925296E-10
2.9033085083114E-10
2.9033085083114E-10
2.9033085083114E-10
2.9033085083114E-10
2.9033085083114E-10
2.49908323661244E-10
2.49908323661244E-10
2.49908323661244E-10
2.49908323661244E-10
2.49908323661244E-10
2.49908323661244E-10
2.49908323661244E-10
2.49908323661244E-10
2.49908323661244E-10
2.49908323661244E-10
2.09755611628447E-10
2.09755611628447E-10
1.74369110731877E-10
1.7135723390707E-10
1.7135723390707E-10
1.7135723390707E-10
1.7135723390707E-10
1.7135723390707E-10
1.70114685319347E-10
1.70114685319347E-10
1.70114685319347E-10
1.66748887212474E-10
1.66748887212474E-10
1.66748887212474E-10
1.52331897553801E-10
1.52331897553801E-10
1.52331897553801E-10
1.52331897553801E-10
1.52331897553801E-10
1.52331897553801E-10
1.52331897553801E-10
1.52331897553801E-10
1.52331897553801E-10
1.5187954298544E-10
1.5104850941398E-10
1.5104850941398E-10

