0.343476446620869
0.343476446620869
0.231973292018151
0.0381125933446131
0.0381125933446131
0.0254620232745955
0.0254620232745955
0.0254620232745955
0.0254620232745955
0.0254620232745955
0.0232633306463891
0.0232633306463891
0.0232633306463891
0.0232633306463891
0.0232633306463891
0.0215862499102808
0.0192344416044045
0.0192344416044045
0.0192344416044045
0.0152477110627763
0.0152477110627763
0.00995231288323115
0.00995231288323115
0.00995231288323115
0.00995231288323115
0.00837250626302701
0.00837250626302701
0.00837250626302701
0.00837250626302701
0.00837250626302701
0.00702782409196283
0.00702782409196283
0.00702782409196283
0.00702782409196283
0.0056943294528765
0.0056943294528765
0.0056943294528765
0.0056943294528765
0.0056943294528765
0.0056943294528765
0.0056943294528765
0.0056943294528765
0.0056943294528765
0.0056943294528765
0.00522937503865715
0.00444193141894294
0.00444193141894294
0.00444193141894294
0.00444193141894294
0.00444193141894294
0.00444193141894294
0.00444193141894294
0.00444193141894294
0.00444193141894294
0.00444193141894294
0.00444193141894294
0.00444193141894294
0.00444193141894294
0.00444193141894294
0.00382930673778288
0.00382930673778288
0.00382930673778288
0.00382930673778288
0.00382930673778288
0.00382930673778288
0.00382930673778288
0.0029312206080545
0.0029312206080545
0.0029312206080545
0.0029312206080545
0.0029312206080545
0.0029312206080545
0.0029312206080545
0.00255874061264821
0.00255874061264821
0.00221921408403513
0.00221921408403513
0.00160679017097321
0.00160679017097321
0.000811319937763699
0.000811319937763699
0.000811319937763699
0.000811319937763699
0.000811319937763699
0.000811319937763699
0.000811319937763699
0.000811319937763699
0.000811319937763699
0.000811319937763699
0.000811319937763699
0.000811319937763699
0.000811319937763699
0.000811319937763699
0.000811319937763699
0.000811319937763699
0.000811319937763699
0.000790505639426809
0.000387091584509349
0.000387091584509349
0.000242618092302597
0.000242618092302597
0.000242618092302597
0.000242618092302597
0.000242618092302597
0.000242618092302597
0.000242618092302597
0.000242618092302597
0.000242618092302597
0.000242618092302597
0.000242618092302597
0.000242618092302597
0.000242618092302597
0.000242618092302597
0.000242618092302597
0.0002419549851606
0.0002419549851606
0.0002419549851606
0.0002419549851606
0.0002419549851606
0.0002419549851606
0.000228230097654811
0.000228230097654811
0.000228230097654811
0.000228230097654811
0.000228230097654811
0.000228230097654811
0.000220923935999134
0.000220923935999134
0.000204302895957671
0.000204302895957671
0.000187345459510503
0.000184724825288355
0.000184724825288355
0.000181892061823749
0.000181892061823749
0.00016226975359428
0.000159363149384358
0.000159363149384358
0.000152904286008174
0.000149480986307548
0.000149480986307548
0.000149470175993475
0.000127100225943582
0.000127100225943582
0.000127100225943582
0.000127100225943582
3.12382513818812E-05
3.12382513818812E-05
3.12382513818812E-05
3.12382513818812E-05
3.12382513818812E-05
3.12382513818812E-05
3.12382513818812E-05
3.12382513818812E-05
3.12382513818812E-05
3.12382513818812E-05
3.12382513818812E-05
3.12382513818812E-05
1.37441038421889E-05
1.37441038421889E-05
1.37441038421889E-05
1.37441038421889E-05
1.37441038421889E-05
1.37441038421889E-05
1.37441038421889E-05
1.37441038421889E-05
1.37441038421889E-05
1.37441038421889E-05
1.37441038421889E-05
1.37441038421889E-05
8.00377303955812E-06
8.00377303955812E-06
4.58565119133108E-06
4.58565119133108E-06
4.58565119133108E-06
4.58565119133108E-06
4.58565119133108E-06
3.35166274790439E-06
3.35166274790439E-06
2.18361480978617E-06
2.18361480978617E-06
1.95736315750444E-06
1.71711290216088E-06
1.71711290216088E-06
1.71711290216088E-06
1.47809716396189E-06
1.47809716396189E-06
1.47809716396189E-06
1.27689443449092E-06
1.27689443449092E-06
1.27689443449092E-06
1.27689443449092E-06
1.27689443449092E-06
9.86704222261269E-07
9.86704222261269E-07
9.86704222261269E-07
9.86704222261269E-07
9.86704222261269E-07
9.86704222261269E-07
9.80379927174855E-07
8.28713489053364E-07
8.27301835907333E-07
8.27301835907333E-07
5.29184208740846E-07
5.29184208740846E-07
4.53948440504225E-07
4.53948440504225E-07
4.26773947102541E-07
4.26773947102541E-07
3.18776289600004E-07
3.18776289600004E-07
3.18776289600004E-07
3.18776289600004E-07
2.81258633722674E-07
2.17801597840363E-07
2.17801597840363E-07
2.17801597840363E-07
2.17801597840363E-07
2.17801597840363E-07
2.17801597840363E-07
2.17801597840363E-07
2.17801597840363E-07
1.78400559725113E-07
1.78400559725113E-07
1.6743142120696E-07
1.6743142120696E-07
1.20583088658925E-07
1.20583088658925E-07
1.20583088658925E-07
1.20583088658925E-07
1.20583088658925E-07
1.20583088658925E-07
1.20583088658925E-07
1.16221727647487E-07
1.16221727647487E-07
1.10512020473377E-07
9.50473974997755E-08
9.50473974997755E-08
9.50473974997755E-08
8.16080100868626E-08
7.43569675338365E-08
7.43569675338365E-08
5.1209808241659E-08
5.1209808241659E-08
4.89120088934241E-08
3.67481277583289E-08
3.22109452778832E-08
2.89412555317454E-08
2.31618670446157E-08
2.31618670446157E-08
1.91626399591694E-08
1.91626399591694E-08
1.54902365675771E-08
1.54902365675771E-08
1.54902365675771E-08
1.54902365675771E-08
1.54902365675771E-08
1.54902365675771E-08
1.54902365675771E-08
1.45776376303686E-08
1.38290770178251E-08
1.36308015006011E-08
1.34860917354071E-08
1.26524274985985E-08
1.17666949867986E-08
1.17666949867986E-08
1.17666949867986E-08
1.17666949867986E-08
1.17666949867986E-08
1.17666949867986E-08
1.17283772992273E-08
1.15256654820465E-08
1.15256654820465E-08
1.1512048391017E-08
1.1512048391017E-08
1.14777125635143E-08
1.14418710844716E-08
1.09829330645806E-08
1.08563577821428E-08
1.04418327828762E-08
1.01392960376645E-08
9.91849181279159E-09
9.6827359630026E-09
4.82008269411739E-09
4.82008269411739E-09
4.71784856559236E-09
3.52483096717834E-09
3.52483096717834E-09
2.55848430057509E-09
2.55848430057509E-09
2.55848430057509E-09
2.1584784651474E-09
2.1584784651474E-09
1.82935497562112E-09
1.36224272095605E-09
1.36224272095605E-09
1.33287246631463E-09
1.33287246631463E-09
1.33287246631463E-09
1.33287246631463E-09
1.29571195813709E-09
1.29571195813709E-09
1.29571195813709E-09
1.29571195813709E-09
1.29571195813709E-09
1.29571195813709E-09
1.29571195813709E-09
1.29571195813709E-09
1.29571195813709E-09
1.28929028460413E-09
1.27154347945971E-09
1.27154347945971E-09
1.11773787503093E-09
1.11773787503093E-09
1.10744665611425E-09
1.10744665611425E-09
1.10744665611425E-09
1.10744665611425E-09
1.10744665611425E-09
1.10744665611425E-09
1.10744665611425E-09
1.10744665611425E-09
1.10744665611425E-09
1.10744665611425E-09
2.87578356269959E-10
2.87578356269959E-10
2.87578356269959E-10
2.87578356269959E-10
2.87578356269959E-10
2.87578356269959E-10
2.87578356269959E-10
2.11470301095555E-10
1.80536638678226E-10
1.80536638678226E-10
1.80536638678226E-10
1.80536638678226E-10
1.80536638678226E-10
1.80536638678226E-10
1.80536638678226E-10
1.80536638678226E-10
1.80536638678226E-10
1.80536638678226E-10
1.80536638678226E-10
1.80536638678226E-10
1.80536638678226E-10
1.25507666186856E-10
1.01924521140408E-10
7.40703376217943E-11
7.40703376217943E-11
5.61087975533376E-11
5.61087975533376E-11
3.15248363573712E-11
3.15248363573712E-11
3.15248363573712E-11
3.15248363573712E-11
3.15248363573712E-11
3.15248363573712E-11
3.15248363573712E-11
3.15248363573712E-11
3.11727738416747E-11
1.66890557397206E-11
1.66890557397206E-11
1.38432137253936E-11
1.38432137253936E-11
1.38432137253936E-11
1.07715944996055E-11
1.07715944996055E-11
1.07715944996055E-11
5.48933083572276E-12
5.48933083572276E-12
5.48933083572276E-12
5.48933083572276E-12
5.48933083572276E-12
5.48933083572276E-12
5.48933083572276E-12
5.48933083572276E-12
5.48933083572276E-12
5.48933083572276E-12
5.48933083572276E-12
4.2097523654961E-12
4.2097523654961E-12
4.2097523654961E-12
4.2097523654961E-12
4.2097523654961E-12
4.2097523654961E-12
4.2097523654961E-12
4.2097523654961E-12
3.96543751272362E-12
3.28129465940641E-12
3.28129465940641E-12
3.28129465940641E-12
3.2294224193148E-12
3.2294224193148E-12
3.2294224193148E-12
3.2294224193148E-12
3.2294224193148E-12
3.2294224193148E-12
3.2294224193148E-12
3.2294224193148E-12
3.2294224193148E-12
2.8589917942573E-12
2.8589917942573E-12
1.24625255861627E-12
1.24625255861627E-12
1.13176244228132E-12
1.13176244228132E-12
1.13176244228132E-12
1.13176244228132E-12
1.13176244228132E-12
8.29568079946949E-13
8.29568079946949E-13
8.29568079946949E-13
8.29568079946949E-13
8.29568079946949E-13
7.84355470384666E-13
7.84355470384666E-13
7.84355470384666E-13
7.84355470384666E-13
7.84355470384666E-13
7.84355470384666E-13
7.84355470384666E-13
7.84355470384666E-13
7.84355470384666E-13
7.71491204932086E-13
7.13277771265466E-13
6.71181660190411E-13
6.63493416566859E-13
6.63493416566859E-13
6.63493416566859E-13
6.62249796017436E-13
6.62249796017436E-13
6.62249796017436E-13
6.62249796017436E-13
6.62249796017436E-13
6.62249796017436E-13
6.55923764332185E-13
6.4980987374264E-13
6.45758779430202E-13
6.45758779430202E-13
6.38550671350603E-13
6.3318680471893E-13
6.29255934874893E-13
6.26259403358051E-13
6.24165805574849E-13
6.22677158722577E-13
6.22677158722577E-13
6.22677158722577E-13
6.22677158722577E-13
6.22677158722577E-13
4.1458495843175E-13
4.1458495843175E-13
4.1458495843175E-13
2.93869935981059E-13
2.93869935981059E-13
2.93869935981059E-13
2.93869935981059E-13
2.93869935981059E-13
2.93869935981059E-13
2.58971029977505E-13
2.58971029977505E-13
2.58971029977505E-13
2.58971029977505E-13
2.58971029977505E-13
2.58971029977505E-13
2.58971029977505E-13
2.58971029977505E-13
1.7969669467168E-13
1.7969669467168E-13
1.7969669467168E-13
1.49518089830871E-13
1.49518089830871E-13
1.49518089830871E-13
1.49518089830871E-13
1.41931053091989E-13
1.41931053091989E-13
1.41931053091989E-13
1.36258957947073E-13
1.36258957947073E-13
1.36258957947073E-13
1.36258957947073E-13
1.36258957947073E-13
1.36258957947073E-13
1.36258957947073E-13
1.36258957947073E-13
1.31424503848091E-13
1.31424503848091E-13
1.12017430650268E-13
1.12017430650268E-13
9.72347067229248E-14
8.57229292704122E-14
8.57229292704122E-14
8.57229292704122E-14
7.62029430171045E-14
7.37673031654066E-14
7.37673031654066E-14
7.13924497861354E-14
4.77426088843057E-14
3.24675250335145E-14
3.24675250335145E-14
3.24675250335145E-14

