0.970233210308292
0.565417130338577
0.565417130338577
0.200165722205596
0.200165722205596
0.200165722205596
0.200165722205596
0.200165722205596
0.162006850592959
0.162006850592959
0.0800471190938505
0.0800471190938505
0.0800471190938505
0.0261481735959433
0.0191699434637314
0.0191699434637314
0.0191699434637314
0.0191699434637314
0.0191699434637314
0.0191699434637314
0.0191699434637314
0.0191699434637314
0.0191699434637314
0.0191699434637314
0.0191699434637314
0.00579592832715503
0.00579592832715503
0.00579592832715503
0.00579592832715503
0.00450183424169055
0.00450183424169055
0.00450183424169055
0.00450183424169055
0.00120844734796042
0.00120844734796042
0.00120844734796042
0.00120844734796042
0.00120844734796042
0.00120844734796042
0.00120844734796042
0.00120844734796042
0.00120844734796042
0.00120844734796042
0.00120844734796042
0.00120844734796042
0.00120844734796042
0.00120844734796042
0.00120844734796042
0.00120844734796042
0.00120844734796042
0.00120844734796042
0.00120844734796042
0.00120844734796042
0.00120844734796042
0.00120844734796042
0.00120844734796042
0.00120844734796042
0.00120844734796042
0.00120844734796042
0.000985177663237689
0.000985177663237689
0.000985177663237689
0.000985177663237689
0.000546343598684091
0.000546343598684091
0.000546343598684091
0.000546343598684091
0.000546343598684091
0.00053805682600696
0.00053805682600696
0.00053805682600696
0.000333033904883745
0.000174975410462884
0.000174975410462884
0.000171043268902251
7.45354629999242E-05
7.21474177892036E-05
7.21474177892036E-05
5.26924540883363E-05
5.26924540883363E-05
5.26924540883363E-05
5.26924540883363E-05
5.26924540883363E-05
5.26924540883363E-05
4.46639076207286E-05
4.46639076207286E-05
4.46639076207286E-05
4.46639076207286E-05
4.46639076207286E-05
4.41645189666634E-05
4.41645189666634E-05
4.41645189666634E-05
4.40948171285611E-05
4.3985897492221E-05
4.3985897492221E-05
4.3985897492221E-05
4.3985897492221E-05
4.26542584802317E-05
4.15983984896113E-05
4.15983984896113E-05
4.15983984896113E-05
4.15983984896113E-05
4.15034068979157E-05
4.14929061020488E-05
4.14929061020488E-05
4.14929061020488E-05
4.14687846591923E-05
4.14687846591923E-05
4.14687846591923E-05
4.14687846591923E-05
4.14687846591923E-05
4.1204890095773E-05
4.11403426912347E-05
4.1121218637161E-05
4.11072611379672E-05
4.10970743967123E-05
4.1089639705997E-05
4.10842135713047E-05
4.10802533615335E-05
4.10773630410716E-05
4.10752535704386E-05
4.10737139939281E-05
4.1072590350027E-05
4.10717702691351E-05
4.10711717419543E-05
4.1070734912065E-05
4.10704160965086E-05
4.10701834121211E-05
4.10700135901066E-05
4.10698896466662E-05
4.10697991879624E-05
4.10697331679659E-05
4.10696849833106E-05
4.10696498166726E-05
4.10696241502518E-05
4.10696054182278E-05
4.10695917465209E-05
4.10695817688472E-05
4.10695744863523E-05
4.10695691716016E-05
4.10695652925359E-05
4.10695624619583E-05
4.10695603952442E-05
4.10695588871889E-05
3.34929069804169E-05
3.34929069804169E-05
3.34929069804169E-05
3.34929069804169E-05
3.34929069804169E-05
3.34929069804169E-05
3.34929069804169E-05
3.34929069804169E-05
3.34929069804169E-05
3.34929069804169E-05
3.34929069804169E-05
3.34929069804169E-05
3.34929069804169E-05
3.34929069804169E-05
1.47895566658304E-05
1.47895566658304E-05
1.03159085516917E-05
1.03159085516917E-05
1.03159085516917E-05
1.03159085516917E-05
9.87979378915205E-06
9.87979378915205E-06
9.87979378915205E-06
9.87979378915205E-06
9.33563691872344E-06
9.33563691872344E-06
9.33563691872344E-06
9.33563691872344E-06
9.33563691872344E-06
8.75405509639977E-06
8.75405509639977E-06
8.75405509639977E-06
8.75405509639977E-06
8.75405509639977E-06
8.75405509639977E-06
8.31833169758202E-06
8.31833169758202E-06
8.31833169758202E-06
8.31833169758202E-06
8.31833169758202E-06
3.52418888392459E-06
3.52418888392459E-06
8.58226231146955E-07
8.58226231146955E-07
8.58226231146955E-07
8.58226231146955E-07
8.58226231146955E-07
8.58226231146955E-07
8.58226231146955E-07
8.58226231146955E-07
8.58226231146955E-07
8.58226231146955E-07
8.58226231146955E-07
1.35249640525044E-07
1.35249640525044E-07
1.35249640525044E-07
1.35249640525044E-07
1.35249640525044E-07
1.35249640525044E-07
1.35249640525044E-07
1.35249640525044E-07
1.35249640525044E-07
1.35249640525044E-07
1.35249640525044E-07
1.35249640525044E-07
1.35249640525044E-07
1.06183423831046E-07
1.06183423831046E-07
1.06183423831046E-07
1.06183423831046E-07
1.06183423831046E-07
1.06183423831046E-07
1.06183423831046E-07
1.06183423831046E-07
1.05068157745651E-07
1.05068157745651E-07
1.05068157745651E-07
1.05068157745651E-07
1.05068157745651E-07
1.05068157745651E-07
5.81989287225173E-08
2.62466213249588E-08
2.62466213249588E-08
2.62466213249588E-08
2.62466213249588E-08
2.62466213249588E-08
2.62466213249588E-08
2.62466213249588E-08
1.76764169530034E-08
1.76764169530034E-08
1.76764169530034E-08
1.76764169530034E-08
1.76764169530034E-08
1.76764169530034E-08
1.76764169530034E-08
1.76764169530034E-08
1.76764169530034E-08
1.76764169530034E-08
1.76764169530034E-08
1.76764169530034E-08
1.76764169530034E-08
1.76764169530034E-08
1.71637087657258E-08
1.71637087657258E-08
1.71637087657258E-08
1.71637087657258E-08
1.71637087657258E-08
1.71637087657258E-08
1.71637087657258E-08
1.71637087657258E-08
1.71637087657258E-08
1.71637087657258E-08
1.71637087657258E-08
1.71204285576373E-08
1.71204285576373E-08
1.71204285576373E-08
1.71204285576373E-08
1.71204285576373E-08
1.71204285576373E-08
1.71204285576373E-08
1.71204285576373E-08
1.71204285576373E-08
1.71204285576373E-08
1.71204285576373E-08
1.71204285576373E-08
1.71204285576373E-08
1.71204285576373E-08
1.71204285576373E-08
1.71204285576373E-08
1.71204285576373E-08
1.71204285576373E-08
1.71204285576373E-08
1.71204285576373E-08
1.71204285576373E-08
1.71129981200316E-08
1.71129981200316E-08
1.70965503265253E-08
1.70965503265253E-08
1.70965503265253E-08
1.70965503265253E-08
1.70965503265253E-08
1.70965503265253E-08
1.70965503265253E-08
1.70965503265253E-08
1.70965503265253E-08
1.70965503265253E-08
1.70965503265253E-08
1.70965503265253E-08
1.70965503265253E-08
1.70965503265253E-08
1.70965503265253E-08
1.70965503265253E-08
1.70965503265253E-08
1.70965503265253E-08
1.70965503265253E-08
1.70965503265253E-08
1.70965503265253E-08
1.70965503265253E-08
1.70965503265253E-08
1.70965503265253E-08
1.70965503265253E-08
1.70939339435057E-08
1.70939339435057E-08
1.70930494999396E-08
1.70930494999396E-08
1.70930494999396E-08
1.70930494999396E-08
1.70930494999396E-08
1.70930494999396E-08
1.70927870038167E-08
1.70927870038167E-08
1.70927870038167E-08
1.70927870038167E-08
1.70923700034E-08
1.70923700034E-08
1.70923700034E-08
1.70923700034E-08
1.70923700034E-08
1.70923700034E-08
1.70923700034E-08
1.70923700034E-08
1.70923700034E-08
1.70923700034E-08
1.70923700034E-08
1.70923700034E-08
1.70923700034E-08
1.70923700034E-08
1.70923700034E-08
8.15937128572705E-09
8.15937128572705E-09
8.15937128572705E-09
8.15937128572705E-09
8.15937128572705E-09
7.33695542582102E-09
5.55956431213042E-09
5.55956431213042E-09
4.4827970335197E-09
4.4827970335197E-09
4.4827970335197E-09
4.4827970335197E-09
4.48191156458918E-09
4.48191156458918E-09
4.48191156458918E-09
4.48191156458918E-09
4.48191156458918E-09
4.48191156458918E-09
4.48191156458918E-09
2.53655538691078E-09
2.53638809519607E-09
2.53638809519607E-09
1.83478970603841E-09
1.83478970603841E-09
1.83478970603841E-09
1.83478970603841E-09
1.67349760694589E-09
1.44885383360291E-09
1.28489958832883E-09
1.28489958832883E-09
1.28489958832883E-09
1.20440513562302E-09
1.05911324986254E-09
9.8587655302103E-10
9.8587655302103E-10
9.8587655302103E-10
8.55846783769112E-10
8.55846783769112E-10
8.55846783769112E-10
8.55846783769112E-10
8.55846783769112E-10
8.55846783769112E-10
8.55846783769112E-10
8.55846783769112E-10
8.55846783769112E-10
8.55846783769112E-10
8.55846783769112E-10
8.55846783769112E-10
8.55846783769112E-10
8.55846783769112E-10
8.55846783769112E-10
8.55846783769112E-10
8.55846783769112E-10
8.55846783769112E-10
8.55846783769112E-10
8.55846783769112E-10
8.55846783769112E-10
8.55846783769112E-10
8.55846783769112E-10
8.55846783769112E-10
8.55846783769112E-10
8.55846783769112E-10
8.55846783769112E-10
8.55846783769112E-10
8.55846783769112E-10
8.48705665127396E-10
8.48705665127396E-10
8.48705665127396E-10
8.48705665127396E-10
8.48705665127396E-10
8.48705665127396E-10
8.41472283548366E-10
8.41472283548366E-10
8.41472283548366E-10
8.41472283548366E-10
8.41472283548366E-10
8.41472283548366E-10
8.41472283548366E-10
8.41472283548366E-10
8.41289478576943E-10
8.41289478576943E-10
8.41289478576943E-10
8.41289478576943E-10
8.39380832600795E-10
8.39380832600795E-10
8.39380832600795E-10
8.39380832600795E-10
8.39380832600795E-10
8.39380832600795E-10
8.39380832600795E-10
8.39380832600795E-10
8.39380832600795E-10
8.39380832600795E-10
8.39380832600795E-10
8.39308093745787E-10
8.39176145661212E-10
8.39079244795462E-10
8.39008810970317E-10
8.39008810970317E-10
8.39008810970317E-10
8.39008810970317E-10
8.39008810970317E-10
8.39008810970317E-10
8.39008810970317E-10
8.39008810970317E-10
8.39004327147567E-10
8.39004327147567E-10
8.39004327147567E-10
8.39004327147567E-10
8.39004327147567E-10
8.39004327147567E-10
8.39002365054956E-10
8.39002365054956E-10
8.39002365054956E-10
8.39002365054956E-10
8.39002365054956E-10
8.39002365054956E-10
8.39002365054956E-10
8.39002365054956E-10
8.39002365054956E-10
8.39002365054956E-10
8.39002365054956E-10
8.39002365054956E-10
8.39002365054956E-10
8.39002365054956E-10
8.39002365054956E-10
8.39002365054956E-10
8.39002365054956E-10
8.3900222340542E-10
8.3900222340542E-10
8.3900222340542E-10
8.3900222340542E-10
8.3900222340542E-10
8.3900222340542E-10
8.3900222340542E-10
8.3900222340542E-10
8.3900222340542E-10
8.3900222340542E-10
8.3900222340542E-10
8.3900222340542E-10
8.39002205555784E-10
8.39002205555784E-10
8.39002205555784E-10
8.39002205555784E-10
8.39002205555784E-10
8.39002205555784E-10
8.39002205555784E-10
8.39002205555784E-10
8.39002205555784E-10
8.39002205555784E-10
8.39002205555784E-10
8.39002205555784E-10
8.39002205555784E-10
8.39002205555784E-10
8.39002205555784E-10
8.39002205555784E-10
8.39002205555784E-10
8.39002205555784E-10
8.39002205555784E-10
8.39002205555784E-10
8.39002205555784E-10
8.39002205555784E-10
8.39002205555784E-10
8.39002205555784E-10
8.39002202556156E-10
8.39002202556156E-10
8.39002202556156E-10
8.39002202556156E-10

