0.870073700814274
0.75505951820927
0.373416871318679
0.373416871318679
0.373416871318679
0.145184866574573
0.145184866574573
0.145184866574573
0.145184866574573
0.145184866574573
0.145184866574573
0.145184866574573
0.0834880142601007
0.0834880142601007
0.0834880142601007
0.0834880142601007
0.0834880142601007
0.0834880142601007
0.0834880142601007
0.0834880142601007
0.0834880142601007
0.0834880142601007
0.0834880142601007
0.0231618154690852
0.0231618154690852
0.0231618154690852
0.0231618154690852
0.0206162378679898
0.0206162378679898
0.0206162378679898
0.0206162378679898
0.0206162378679898
0.0206162378679898
0.0206162378679898
0.0206162378679898
0.0168202576018149
0.00660875971001979
0.00660875971001979
0.00660875971001979
0.00660875971001979
0.00660875971001979
0.00585941710574852
0.00585941710574852
0.00425018621247807
0.00425018621247807
0.00425018621247807
0.00425018621247807
0.00425018621247807
0.00425018621247807
0.00425018621247807
0.00425018621247807
0.00425018621247807
0.00425018621247807
0.00425018621247807
0.00299528757245605
0.00299528757245605
0.0014118232278448
0.0014118232278448
0.0014118232278448
0.0014118232278448
0.0014118232278448
0.0014118232278448
0.0014118232278448
0.0014118232278448
0.0014118232278448
0.0014118232278448
0.0014118232278448
0.0014118232278448
0.0014118232278448
0.000738381492343194
0.000738381492343194
0.000738381492343194
0.000738381492343194
0.000738381492343194
0.000738381492343194
0.000738381492343194
0.000738381492343194
0.000738381492343194
0.000738381492343194
0.000738381492343194
0.000738381492343194
0.000738381492343194
0.000299123305829521
0.000299123305829521
0.000299123305829521
0.000299123305829521
0.000218311501175728
0.000218311501175728
0.000218311501175728
0.000218311501175728
0.000218311501175728
0.000145434408479678
0.000145434408479678
0.000145434408479678
0.000145434408479678
0.000145434408479678
0.000144386581489164
0.000144386581489164
0.000144386581489164
0.000144386581489164
0.000140132971681766
0.000115066384804643
0.000115066384804643
0.000115066384804643
0.000115066384804643
0.000115066384804643
0.000115066384804643
0.000115066384804643
0.000115066384804643
0.000115066384804643
0.000115066384804643
0.000115066384804643
0.000115066384804643
8.78467601841665E-05
8.78467601841665E-05
8.78467601841665E-05
8.78467601841665E-05
8.78467601841665E-05
7.61447303317421E-05
7.61447303317421E-05
7.61447303317421E-05
7.61447303317421E-05
7.61447303317421E-05
7.61447303317421E-05
7.61447303317421E-05
7.61447303317421E-05
7.61447303317421E-05
7.61447303317421E-05
7.61447303317421E-05
7.61447303317421E-05
7.61447303317421E-05
7.61447303317421E-05
6.94892420894572E-05
6.94892420894572E-05
4.85157954682715E-05
4.85157954682715E-05
4.85157954682715E-05
4.85157954682715E-05
4.85157954682715E-05
4.85157954682715E-05
4.85157954682715E-05
4.85157954682715E-05
4.65794457134842E-05
4.65794457134842E-05
4.65794457134842E-05
4.65794457134842E-05
3.79515488099187E-05
3.79515488099187E-05
3.54616820909951E-05
3.54616820909951E-05
3.5293252240726E-05
3.5293252240726E-05
3.5293252240726E-05
3.5293252240726E-05
3.5293252240726E-05
3.5293252240726E-05
3.5293252240726E-05
3.49200312631271E-05
3.49200312631271E-05
3.49200312631271E-05
3.49200312631271E-05
3.28052531978195E-05
3.28052531978195E-05
3.28052531978195E-05
3.28052531978195E-05
3.28052531978195E-05
3.28052531978195E-05
3.28052531978195E-05
3.28052531978195E-05
3.28052531978195E-05
3.28052531978195E-05
3.28052531978195E-05
3.28052531978195E-05
3.28052531978195E-05
3.28052531978195E-05
3.28052531978195E-05
3.28052531978195E-05
3.28052531978195E-05
3.28052531978195E-05
3.28052531978195E-05
3.28052531978195E-05
3.28052531978195E-05
3.28052531978195E-05
3.28052531978195E-05
3.28052531978195E-05
3.28052531978195E-05
3.28052531978195E-05
3.28052531978195E-05
3.28052531978195E-05
3.28052531978195E-05
3.28052531978195E-05
3.28052531978195E-05
3.28052531978195E-05
3.28052531978195E-05
3.28052531978195E-05
3.28052531978195E-05
3.28052531978195E-05
3.28052531978195E-05
3.28052531978195E-05
3.28052531978195E-05
3.28052531978195E-05
3.28052531978195E-05
3.28052531978195E-05
3.28052531978195E-05
3.28052531978195E-05
3.28052531978195E-05
3.28052531978195E-05
3.28052531978195E-05
3.28052531978195E-05
3.28052531978195E-05
3.28052531978195E-05
3.28052531978195E-05
3.28052531978195E-05
3.28052531978195E-05
3.28052531978195E-05
3.28052531978195E-05
3.28052531978195E-05
3.28052531978195E-05
3.28052531978195E-05
3.26752032025331E-05
3.26752032025331E-05
3.26752032025331E-05
3.26752032025331E-05
3.26752032025331E-05
3.26752032025331E-05
3.26752032025331E-05
3.26545492751777E-05
3.26545492751777E-05
3.26545492751777E-05
3.26545492751777E-05
3.26545492751777E-05
3.26545492751777E-05
3.26545492751777E-05
3.26545492751777E-05
3.26545492751777E-05
3.26545492751777E-05
3.26545492751777E-05
3.26545492751777E-05
3.26545492751777E-05
3.26545492751777E-05
3.26545492751777E-05
3.26545492751777E-05
3.26545492751777E-05
3.26545492751777E-05
3.26545492751777E-05
3.26545492751777E-05
3.26545492751777E-05
3.26545492751777E-05
3.26545492751777E-05
3.26545492751777E-05
3.26545492751777E-05
3.26545492751777E-05
3.26545492751777E-05
3.26545492751777E-05
3.26545492751777E-05
3.26545492751777E-05
3.26545492751777E-05
3.26545492751777E-05
3.26539279834319E-05
3.26539279834319E-05
3.2651496253333E-05
3.2651496253333E-05
3.26472094768772E-05
3.26472094768772E-05
3.26472094768772E-05
3.26472094768772E-05
3.26472094768772E-05
3.26472094768772E-05
3.26472094768772E-05
3.26472094768772E-05
3.26472094768772E-05
3.26472094768772E-05
3.26472094768772E-05
3.26472094768772E-05
3.26472094768772E-05
3.26472094768772E-05
3.26472094768772E-05
3.26472094768772E-05
3.26472094768772E-05
3.26472094768772E-05
3.26472094768772E-05
3.26472094768772E-05
3.26472094768772E-05
3.26472094768772E-05
3.26472094768772E-05
3.26472094768772E-05
3.26472094768772E-05
3.26472094768772E-05
3.26472094768772E-05
3.26472094768772E-05
3.10539468729831E-05
3.10539468729831E-05
3.10539468729831E-05
3.10539468729831E-05
3.10539468729831E-05
3.10539468729831E-05
3.10539468729831E-05
3.10539468729831E-05
3.10539468729831E-05
3.10539468729831E-05
3.10539468729831E-05
3.10539468729831E-05
3.10539468729831E-05
3.10539468729831E-05
3.10539468729831E-05
3.10539468729831E-05
3.10539468729831E-05
3.10539468729831E-05
1.98339406456464E-05
1.98339406456464E-05
1.98339406456464E-05
1.45299606308044E-05
1.45299606308044E-05
1.45299606308044E-05
1.45299606308044E-05
1.45299606308044E-05
1.45299606308044E-05
1.45299606308044E-05
1.45299606308044E-05
1.45299606308044E-05
1.45299606308044E-05
1.38833220260315E-05
1.38833220260315E-05
1.38833220260315E-05
1.38833220260315E-05
1.38833220260315E-05
7.1529097935598E-06
7.1529097935598E-06
7.1529097935598E-06
7.1529097935598E-06
7.1529097935598E-06
7.1529097935598E-06
7.1529097935598E-06
7.1529097935598E-06
7.1529097935598E-06
7.1529097935598E-06
7.1529097935598E-06
7.1529097935598E-06
7.1529097935598E-06
7.1529097935598E-06
7.1529097935598E-06
7.1529097935598E-06
7.1529097935598E-06
7.1529097935598E-06
7.1529097935598E-06
7.1529097935598E-06
7.1529097935598E-06
7.1529097935598E-06
7.1529097935598E-06
7.1529097935598E-06
7.1529097935598E-06
7.1529097935598E-06
7.1529097935598E-06
7.1529097935598E-06
7.1529097935598E-06
7.1529097935598E-06
7.1529097935598E-06
7.1529097935598E-06
7.1529097935598E-06
7.1529097935598E-06
6.91466160947629E-06
6.89468593859383E-06
6.89468593859383E-06
6.89468593859383E-06
6.89468593859383E-06
6.81016307511814E-06
6.81016307511814E-06
6.79188179728394E-06
6.79188179728394E-06
6.79188179728394E-06
6.79188179728394E-06
6.79188179728394E-06
6.79188179728394E-06
6.79188179728394E-06
6.79188179728394E-06
6.79188179728394E-06
6.79188179728394E-06
6.7877645553176E-06
6.7877645553176E-06
6.7877645553176E-06
6.7877645553176E-06
6.7877645553176E-06
6.7877645553176E-06
6.7877645553176E-06
6.7877645553176E-06
6.7877645553176E-06
6.7877645553176E-06
6.7877645553176E-06
6.7877645553176E-06
6.7877645553176E-06
6.7877645553176E-06
6.7877645553176E-06
6.7877645553176E-06
6.7877645553176E-06
6.7877645553176E-06
6.7877645553176E-06
5.14202494284482E-06
5.14202494284482E-06
5.14202494284482E-06
5.14202494284482E-06
5.14202494284482E-06
5.14202494284482E-06
5.14202494284482E-06
5.14202494284482E-06
5.14202494284482E-06
5.14202494284482E-06
5.14202494284482E-06
5.14202494284482E-06
5.14202494284482E-06
5.14202494284482E-06
5.14202494284482E-06
5.14202494284482E-06
5.14202494284482E-06
5.14202494284482E-06
5.14202494284482E-06
5.14202494284482E-06
5.14202494284482E-06
5.14202494284482E-06
5.14202494284482E-06
5.14202494284482E-06
5.14202494284482E-06
5.14202494284482E-06
5.14202494284482E-06
5.14202494284482E-06
5.14202494284482E-06
5.14202494284482E-06
5.14202494284482E-06
5.14202494284482E-06
5.14202494284482E-06
5.14202494284482E-06
5.14202494284482E-06
5.14202494284482E-06
5.14202494284482E-06
3.94781326471643E-06
3.94781326471643E-06
3.94781326471643E-06
3.60902325610009E-06
3.56566601503395E-06
2.06422564936157E-06
2.06422564936157E-06
2.06422564936157E-06
2.06422564936157E-06
2.06422564936157E-06
1.86656420219538E-06
1.86656420219538E-06
1.86656420219538E-06
1.86656420219538E-06
1.86656420219538E-06
1.86656420219538E-06
1.86656420219538E-06
1.86656420219538E-06
1.86656420219538E-06
1.86656420219538E-06
1.86656420219538E-06
1.86656420219538E-06
1.86656420219538E-06
1.86656420219538E-06
1.85606580254477E-06
1.85606580254477E-06
1.85606580254477E-06
1.85606580254477E-06
1.85606580254477E-06
1.85606580254477E-06
1.85606580254477E-06
1.85606580254477E-06
1.85606580254477E-06
1.85606580254477E-06
1.85606580254477E-06
1.85606580254477E-06
1.85606580254477E-06
1.84863853787448E-06
1.84863853787448E-06
1.84863853787448E-06
1.84863853787448E-06
1.84863853787448E-06
1.84863853787448E-06
1.84825014912291E-06
1.84825014912291E-06
1.77591123015472E-06
1.77591123015472E-06
1.77591123015472E-06
1.77591123015472E-06
1.77591123015472E-06
1.77591123015472E-06
1.77591123015472E-06
1.77591123015472E-06
1.77591123015472E-06
1.193310092542E-06
8.83821912880433E-07
8.83821912880433E-07
4.76394602684578E-07
4.76394602684578E-07
4.76394602684578E-07
4.76394602684578E-07
4.76394602684578E-07
3.50853858068524E-07
3.50853858068524E-07
3.50853858068524E-07
3.50853858068524E-07
3.50853858068524E-07

