1.3564064471714
1.27290633539549
0.830427616868009
0.590019658185552
0.590019658185552
0.590019658185552
0.590019658185552
0.590019658185552
0.506892482122266
0.388593701878681
0.388593701878681
0.279410961763442
0.279410961763442
0.0875294141885521
0.0875294141885521
0.0875294141885521
0.0875294141885521
0.0875294141885521
0.0875294141885521
0.0875294141885521
0.0673216320940363
0.0673216320940363
0.0673216320940363
0.0673216320940363
0.0665049012224342
0.0665049012224342
0.0665049012224342
0.0461866812545277
0.0461866812545277
0.0279509986731652
0.0279509986731652
0.0279509986731652
0.0279509986731652
0.00965646844346534
0.00965646844346534
0.00965646844346534
0.00965646844346534
0.00965646844346534
0.00965646844346534
0.00965646844346534
0.00965646844346534
0.00898188600907774
0.00891089043580181
0.00891089043580181
0.00891089043580181
0.00891089043580181
0.00891089043580181
0.00891089043580181
0.00891089043580181
0.00891089043580181
0.00830109744679011
0.00830109744679011
0.0044524678109736
0.0044524678109736
0.0044524678109736
0.0044524678109736
0.0044524678109736
0.00355500161799275
0.00355500161799275
0.00355500161799275
0.00355500161799275
0.00355500161799275
0.00355500161799275
0.00292555601445255
0.0011358604134514
0.0011358604134514
0.000878708569057985
0.000878708569057985
0.000878708569057985
0.000878708569057985
0.000724449504200706
0.000724449504200706
0.000724449504200706
0.000659368017177399
0.000659368017177399
0.000659368017177399
0.000659368017177399
0.000659368017177399
0.000659368017177399
0.000420989669416908
0.000420989669416908
0.000420989669416908
0.000420989669416908
0.000420989669416908
0.000420989669416908
0.000420989669416908
0.000420989669416908
0.000420989669416908
0.000420989669416908
0.000420989669416908
0.000420989669416908
0.000420989669416908
0.000420989669416908
0.000420989669416908
0.000420989669416908
0.000420989669416908
0.000420989669416908
0.000420989669416908
0.000420989669416908
0.000420989669416908
0.000420989669416908
0.000420989669416908
0.000353058032362987
0.000353058032362987
0.000353058032362987
0.000353058032362987
5.52297887149142E-05
5.52297887149142E-05
5.52297887149142E-05
5.52297887149142E-05
5.52297887149142E-05
5.52297887149142E-05
5.52297887149142E-05
4.20090602772307E-05
4.20090602772307E-05
4.20090602772307E-05
4.20090602772307E-05
4.20090602772307E-05
4.20090602772307E-05
4.20090602772307E-05
4.20090602772307E-05
4.0777344858335E-05
2.89654516980533E-05
2.89654516980533E-05
2.89654516980533E-05
2.89654516980533E-05
2.89654516980533E-05
2.89654516980533E-05
2.89654516980533E-05
2.71496547991732E-05
2.71496547991732E-05
2.71496547991732E-05
2.68935459055696E-05
2.68935459055696E-05
2.68935459055696E-05
2.68935459055696E-05
2.68935459055696E-05
2.62660085583054E-05
2.62660085583054E-05
2.62660085583054E-05
2.62660085583054E-05
2.62660085583054E-05
2.62660085583054E-05
2.62660085583054E-05
2.61104128394836E-05
2.60728379911132E-05
2.60728379911132E-05
2.60728379911132E-05
2.60176104483516E-05
2.58764316734352E-05
2.57733937574887E-05
2.57733937574887E-05
2.57733937574887E-05
2.57733937574887E-05
2.4831889312804E-05
2.4831889312804E-05
2.4831889312804E-05
2.4831889312804E-05
2.4831889312804E-05
2.4831889312804E-05
2.4831889312804E-05
2.4831889312804E-05
2.4831889312804E-05
2.4831889312804E-05
2.4831889312804E-05
2.4831889312804E-05
2.4831889312804E-05
2.22879847243848E-05
2.22879847243848E-05
2.22879847243848E-05
2.22879847243848E-05
1.74828840598258E-05
1.74828840598258E-05
1.74244629984452E-05
1.74244629984452E-05
1.74244629984452E-05
1.74244629984452E-05
1.74244629984452E-05
1.74244629984452E-05
1.74244629984452E-05
1.64391132267681E-05
1.64391132267681E-05
1.64391132267681E-05
1.64391132267681E-05
1.51352173183887E-05
8.39931874255971E-06
7.13925548301575E-06
7.13925548301575E-06
7.13925548301575E-06
6.26005805180352E-06
6.26005805180352E-06
6.26005805180352E-06
6.26005805180352E-06
6.26005805180352E-06
6.26005805180352E-06
6.26005805180352E-06
6.26005805180352E-06
6.26005805180352E-06
6.26005805180352E-06
8.55944144806144E-07
8.55944144806144E-07
8.55944144806144E-07
8.55944144806144E-07
8.55944144806144E-07
8.55944144806144E-07
8.55944144806144E-07
8.55944144806144E-07
8.55944144806144E-07
8.55944144806144E-07
8.55944144806144E-07
8.55944144806144E-07
8.55944144806144E-07
7.41476879273092E-07
7.41476879273092E-07
7.41476879273092E-07
7.41476879273092E-07
7.41476879273092E-07
7.41476879273092E-07
7.41476879273092E-07
6.28625152617959E-07
6.28625152617959E-07
3.55621253521067E-07
3.55621253521067E-07
3.55621253521067E-07
3.54880867487481E-07
3.54880867487481E-07
3.54880867487481E-07
3.54880867487481E-07
3.54880867487481E-07
3.54880867487481E-07
3.54880867487481E-07
3.54880867487481E-07
3.54880867487481E-07
3.54880867487481E-07
3.54880867487481E-07
3.54270803052642E-07
3.54270803052642E-07
3.54270803052642E-07
3.1445923596137E-07
3.1445923596137E-07
3.1445923596137E-07
3.1445923596137E-07
2.80653348287285E-07
2.80653348287285E-07
2.80653348287285E-07
2.6488630346684E-07
2.6488630346684E-07
2.6488630346684E-07
2.36595325044867E-07
2.36595325044867E-07
2.36595325044867E-07
2.36595325044867E-07
1.00783341916101E-07
1.00783341916101E-07
1.00783341916101E-07
1.00783341916101E-07
1.00783341916101E-07
1.00783341916101E-07
1.00783341916101E-07
1.00783341916101E-07
1.00783341916101E-07
1.00783341916101E-07
1.00783341916101E-07
1.00783341916101E-07
1.00783341916101E-07
1.00783341916101E-07
1.00783341916101E-07
9.79806225806543E-08
3.7076634085535E-08
3.7076634085535E-08
3.7076634085535E-08
3.7076634085535E-08
3.7076634085535E-08
3.7076634085535E-08
2.41255982311231E-08
2.41255982311231E-08
2.41255982311231E-08
2.41255982311231E-08
1.60829259546613E-08
1.60829259546613E-08
9.0795011294835E-09
9.0795011294835E-09
9.0795011294835E-09
9.0795011294835E-09
6.77871864267804E-09
6.77871864267804E-09
6.77871864267804E-09
6.77871864267804E-09
6.77871864267804E-09
6.28742303317851E-09
6.28742303317851E-09
6.28742303317851E-09
6.28742303317851E-09
7.29023344044571E-10
7.29023344044571E-10
2.98594069953701E-10
2.98594069953701E-10
2.98594069953701E-10
2.98594069953701E-10
2.98594069953701E-10
2.98594069953701E-10
2.98594069953701E-10
2.98594069953701E-10
2.98594069953701E-10
2.98594069953701E-10
2.98594069953701E-10
2.98594069953701E-10
2.98594069953701E-10
2.98594069953701E-10
1.50578067117578E-10
1.50578067117578E-10
1.46967154133015E-10
1.46967154133015E-10
1.46967154133015E-10
1.46967154133015E-10
1.30367808911132E-10
1.30367808911132E-10
1.30367808911132E-10
1.30367808911132E-10
1.30367808911132E-10
1.30367808911132E-10
1.30367808911132E-10
1.30367808911132E-10
1.30367808911132E-10
1.30367808911132E-10
1.30367808911132E-10
1.30367808911132E-10
1.30367808911132E-10
1.30367808911132E-10
1.30367808911132E-10
1.30367808911132E-10
1.30367808911132E-10
1.30367808911132E-10
1.30367808911132E-10
1.30367808911132E-10
1.30367808911132E-10
1.30367808911132E-10
1.30367808911132E-10
1.30367808911132E-10
1.30367808911132E-10
1.30367808911132E-10
1.30367808911132E-10
1.30367808911132E-10
1.30367808911132E-10
1.30367808911132E-10
1.30367808911132E-10
1.30367808911132E-10
1.30367808911132E-10
1.30367808911132E-10
1.30367808911132E-10
1.30367808911132E-10
1.30367808911132E-10
1.30367808911132E-10
1.30367808911132E-10
1.30367808911132E-10
1.30367808911132E-10
1.30367808911132E-10
1.30367808911132E-10
1.30367808911132E-10
1.30367808911132E-10
1.30367808911132E-10
1.30367808911132E-10
1.30367808911132E-10
1.30367808911132E-10
1.30367808911132E-10
1.30130255608039E-10
1.30130255608039E-10
1.30130255608039E-10
1.30130255608039E-10
1.29596256076019E-10
3.30193816009053E-11
3.30193816009053E-11
3.30193816009053E-11
3.30193816009053E-11
3.30193816009053E-11
3.30193816009053E-11
3.30193816009053E-11
3.30193816009053E-11
3.30193816009053E-11
3.30193816009053E-11
3.30193816009053E-11
3.30193816009053E-11
3.30193816009053E-11
3.30193816009053E-11
3.30193816009053E-11
3.30193816009053E-11
3.30193816009053E-11
3.30193816009053E-11
3.30193816009053E-11
3.30193816009053E-11
3.30193816009053E-11
3.30193816009053E-11
3.30193816009053E-11
3.30193816009053E-11
3.30193816009053E-11
3.30193816009053E-11
3.30193816009053E-11
3.30193816009053E-11
3.30193816009053E-11
3.30193816009053E-11
3.30193816009053E-11
3.30193816009053E-11
3.30193816009053E-11
3.30193816009053E-11
3.30193816009053E-11
3.30193816009053E-11
3.30193816009053E-11
3.30193816009053E-11
3.30193816009053E-11
3.30193816009053E-11
3.30193816009053E-11
9.79008793583112E-12
9.79008793583112E-12
9.79008793583112E-12
9.79008793583112E-12
8.21327631883224E-12
8.21327631883224E-12
8.21327631883224E-12
8.21327631883224E-12
8.21327631883224E-12
6.84542089444613E-12
6.84542089444613E-12
4.43225403207647E-12
4.43225403207647E-12
4.43225403207647E-12
4.43225403207647E-12
3.82767108686546E-12
3.82767108686546E-12
3.82767108686546E-12
3.82767108686546E-12
3.82767108686546E-12
3.82767108686546E-12
3.82767108686546E-12
3.82767108686546E-12
3.82767108686546E-12
3.82767108686546E-12
3.82767108686546E-12
3.82767108686546E-12
3.82767108686546E-12
3.82767108686546E-12
3.82767108686546E-12
3.82767108686546E-12
3.82767108686546E-12
3.82767108686546E-12
3.82767108686546E-12
3.82767108686546E-12
3.82767108686546E-12
3.82767108686546E-12
3.82767108686546E-12
3.82767108686546E-12
3.82767108686546E-12
3.63346476267363E-12
3.63346476267363E-12
3.63346476267363E-12
3.63346476267363E-12
3.63346476267363E-12
3.63346476267363E-12
3.61678803657882E-12
3.61678803657882E-12
3.61678803657882E-12
3.61678803657882E-12
3.61678803657882E-12
3.61678803657882E-12
3.60464162144961E-12
3.60464162144961E-12
3.60464162144961E-12
3.60464162144961E-12
3.60464162144961E-12
3.60464162144961E-12
3.60464162144961E-12
3.60464162144961E-12
3.60464162144961E-12
3.60464162144961E-12
3.60464162144961E-12
3.60464162144961E-12
3.60464162144961E-12
3.60464162144961E-12
3.60194823439261E-12
3.60194823439261E-12
3.60194823439261E-12
3.59529310503732E-12
3.59529310503732E-12
3.59506427269555E-12
3.59506427269555E-12
3.59506427269555E-12
3.59329027617141E-12
3.59329027617141E-12
3.59284439496156E-12
3.59129117435922E-12
3.59129117435922E-12
3.59129117435922E-12
3.59129117435922E-12
3.59129117435922E-12
3.59129117435922E-12
3.59129117435922E-12
3.59129117435922E-12
3.59129117435922E-12
3.59129117435922E-12
3.59129117435922E-12
3.59095787031745E-12

