0.974548515900843
0.974548515900843
0.926902204091354
0.0180755747065482
0.0180755747065482
0.0180755747065482
0.0180755747065482
0.0180755747065482
0.0180755747065482
0.0180755747065482
0.0180755747065482
0.0180755747065482
0.0180755747065482
0.0180755747065482
0.0180755747065482
0.0180755747065482
0.0180755747065482
0.0180755747065482
0.0180755747065482
0.0180755747065482
0.0180755747065482
0.0180755747065482
0.0180755747065482
0.0180755747065482
0.0068749842923182
0.0068749842923182
0.0068749842923182
0.0068749842923182
0.0068749842923182
0.0068749842923182
0.0068749842923182
0.0068749842923182
0.0068749842923182
0.0068749842923182
0.0068749842923182
0.0068749842923182
0.0068749842923182
0.0068749842923182
0.0068749842923182
0.0068749842923182
0.0068749842923182
0.0068749842923182
0.00330983323504194
0.00330983323504194
0.00330983323504194
0.00330983323504194
0.00330983323504194
0.00330983323504194
0.0015184057935339
0.0015184057935339
0.0015184057935339
0.0015184057935339
0.0015184057935339
0.0015184057935339
0.0015184057935339
0.0015184057935339
0.0015184057935339
0.0015184057935339
0.0015184057935339
0.0015184057935339
0.0015184057935339
0.0015184057935339
0.0015184057935339
0.0015184057935339
0.0015184057935339
0.0015184057935339
0.0015184057935339
0.0015184057935339
0.0015184057935339
0.0015184057935339
0.0015184057935339
0.0015184057935339
0.0015184057935339
0.0015184057935339
0.0015184057935339
0.0015184057935339
0.00151221932158521
0.00151221932158521
0.00151221932158521
0.000818381864490839
0.000818381864490839
0.000818381864490839
0.000818381864490839
0.000818381864490839
0.000818381864490839
0.000818381864490839
0.000818381864490839
0.000818381864490839
0.000818381864490839
0.000818381864490839
0.000818381864490839
0.000380270158856184
0.000380270158856184
0.000299775589226935
0.000299775589226935
0.000299775589226935
0.000299775589226935
0.000299775589226935
0.000299775589226935
0.000299775589226935
0.000299775589226935
0.000299775589226935
0.000221292719719162
0.000221292719719162
0.000221292719719162
0.000221292719719162
0.000221292719719162
0.000221292719719162
0.000221292719719162
0.000221292719719162
0.000221292719719162
0.000221292719719162
0.000221292719719162
0.000221292719719162
0.000221292719719162
0.000221292719719162
0.000221292719719162
0.000221292719719162
0.000221292719719162
0.000221292719719162
0.000221292719719162
0.000221292719719162
0.000221292719719162
0.000221292719719162
0.000221292719719162
0.000221292719719162
0.000221292719719162
0.000221292719719162
0.000221292719719162
0.000221292719719162
0.000221292719719162
0.000221292719719162
0.000221292719719162
0.000205920593935629
0.000205920593935629
0.000205920593935629
0.000205920593935629
0.000205920593935629
0.000205920593935629
0.000205920593935629
0.000187962919001106
0.000187962919001106
0.000187962919001106
0.000187962919001106
0.000187962919001106
0.000187962919001106
0.000187962919001106
0.000187962919001106
0.000187962919001106
0.000187962919001106
0.000187962919001106
0.000187962919001106
0.000187962919001106
0.000187962919001106
5.48888174956452E-05
5.48888174956452E-05
5.48888174956452E-05
5.48888174956452E-05
3.12486943222277E-05
3.12486943222277E-05
3.12486943222277E-05
3.12486943222277E-05
3.12486943222277E-05
3.12486943222277E-05
3.12486943222277E-05
2.27828533520682E-05
2.27828533520682E-05
2.27828533520682E-05
2.27828533520682E-05
2.27828533520682E-05
2.27828533520682E-05
2.27828533520682E-05
2.27828533520682E-05
2.27828533520682E-05
2.27828533520682E-05
2.27828533520682E-05
2.27828533520682E-05
2.27828533520682E-05
2.27828533520682E-05
2.27828533520682E-05
2.27828533520682E-05
2.27828533520682E-05
2.27828533520682E-05
2.27828533520682E-05
2.21499782214678E-05
2.21499782214678E-05
2.21499782214678E-05
2.21499782214678E-05
2.21499782214678E-05
2.21499782214678E-05
2.21499782214678E-05
2.21499782214678E-05
2.21499782214678E-05
2.21499782214678E-05
2.21499782214678E-05
2.21499782214678E-05
2.21499782214678E-05
2.21499782214678E-05
2.19314500685068E-05
2.19314500685068E-05
2.18110896045804E-05
2.18110896045804E-05
2.18110896045804E-05
2.18110896045804E-05
2.18110896045804E-05
2.18110896045804E-05
2.18110896045804E-05
2.18110896045804E-05
2.18110896045804E-05
2.18110896045804E-05
2.18110896045804E-05
2.18110896045804E-05
2.18110896045804E-05
2.18110896045804E-05
2.18110896045804E-05
2.18110896045804E-05
2.18110896045804E-05
2.18110896045804E-05
2.18110896045804E-05
2.18110896045804E-05
2.18110896045804E-05
2.18110896045804E-05
2.18110896045804E-05
2.18110896045804E-05
2.18110896045804E-05
2.18110896045804E-05
2.18110896045804E-05
2.17862139120071E-05
2.17862139120071E-05
2.17862139120071E-05
2.17862139120071E-05
2.17862139120071E-05
2.17862139120071E-05
2.17862139120071E-05
2.17862139120071E-05
2.17862139120071E-05
2.17862139120071E-05
2.17862139120071E-05
2.17862139120071E-05
2.17862139120071E-05
2.17806446792489E-05
2.17806446792489E-05
2.17806446792489E-05
2.17806446792489E-05
2.17806446792489E-05
2.17806446792489E-05
2.17806446792489E-05
2.17806446792489E-05
2.1780178952425E-05
2.1780178952425E-05
2.1780178952425E-05
2.1780178952425E-05
2.1780178952425E-05
2.1780178952425E-05
2.1780178952425E-05
2.1780178952425E-05
2.1780178952425E-05
2.17788086167907E-05
2.17788086167907E-05
2.17785441863015E-05
2.17785441863015E-05
2.17785441863015E-05
2.17785441863015E-05
2.17784064105435E-05
2.17784064105435E-05
2.17784064105435E-05
2.17784064105435E-05
2.17784064105435E-05
2.17784064105435E-05
2.17784064105435E-05
2.17783487383221E-05
2.17783487383221E-05
2.17783487383221E-05
2.17783048002786E-05
2.17783048002786E-05
2.17783048002786E-05
2.17783048002786E-05
2.17783048002786E-05
2.17783048002786E-05
2.17783048002786E-05
2.17783048002786E-05
2.17783005348144E-05
2.17783005348144E-05
2.17783005348144E-05
2.17783005348144E-05
2.17782990574866E-05
1.26541871912818E-05
1.26541871912818E-05
1.26541871912818E-05
1.26541871912818E-05
1.26541871912818E-05
1.26541871912818E-05
1.26541871912818E-05
1.26541871912818E-05
1.26541871912818E-05
1.26541871912818E-05
1.26541871912818E-05
1.26541871912818E-05
1.26541871912818E-05
1.26541871912818E-05
1.26541871912818E-05
1.26541871912818E-05
1.26541871912818E-05
1.26541871912818E-05
1.26541871912818E-05
1.26541871912818E-05
1.26541871912818E-05
1.26541871912818E-05
1.26541871912818E-05
1.26541871912818E-05
1.26541871912818E-05
1.26541871912818E-05
1.26541871912818E-05
1.26541871912818E-05
1.26541871912818E-05
1.26541871912818E-05
1.26541871912818E-05
1.26541871912818E-05
1.26541871912818E-05
1.26541871912818E-05
1.26541871912818E-05
1.26541871912818E-05
1.26541871912818E-05
1.26541871912818E-05
1.26541871912818E-05
1.26541871912818E-05
1.26541871912818E-05
1.26541871912818E-05
1.26541871912818E-05
1.26541871912818E-05
1.26541871912818E-05
1.26541871912818E-05
1.26541871912818E-05
1.26541871912818E-05
1.26541871912818E-05
1.26541871912818E-05
1.26541871912818E-05
1.26541871912818E-05
1.26541871912818E-05
1.26541871912818E-05
1.26541871912818E-05
1.26541871912818E-05
1.26541871912818E-05
1.26541871912818E-05
1.26541871912818E-05
1.26541871912818E-05
1.26541871912818E-05
1.26541871912818E-05
1.26541871912818E-05
1.26541871912818E-05
1.26541871912818E-05
1.26541871912818E-05
1.26541871912818E-05
1.26541871912818E-05
1.26541871912818E-05
1.26541871912818E-05
1.26541871912818E-05
1.26541871912818E-05
1.26541871912818E-05
1.26541871912818E-05
1.26541871912818E-05
1.26541871912818E-05
1.26541871912818E-05
1.26541871912818E-05
1.26541871912818E-05
1.26541871912818E-05
1.25664442690829E-05
1.25664442690829E-05
1.25664442690829E-05
1.25664442690829E-05
1.25664442690829E-05
1.25664442690829E-05
1.25664442690829E-05
1.25664442690829E-05
1.25664442690829E-05
1.25664442690829E-05
1.25664442690829E-05
1.25664442690829E-05
1.25664442690829E-05
1.25664442690829E-05
1.25664442690829E-05
1.25664442690829E-05
1.25664442690829E-05
1.25664442690829E-05
1.25664442690829E-05
1.25664442690829E-05
8.13567155507817E-06
8.13567155507817E-06
8.13567155507817E-06
8.13567155507817E-06
8.13567155507817E-06
8.13567155507817E-06
8.13567155507817E-06
8.13567155507817E-06
8.13567155507817E-06
8.13567155507817E-06
8.13567155507817E-06
8.13567155507817E-06
8.13567155507817E-06
8.13567155507817E-06
8.13567155507817E-06
8.13567155507817E-06
8.13567155507817E-06
8.13567155507817E-06
8.13567155507817E-06
8.13567155507817E-06
8.13567155507817E-06
8.13567155507817E-06
8.13567155507817E-06
8.13567155507817E-06
8.13567155507817E-06
8.13567155507817E-06
8.13567155507817E-06
8.13567155507817E-06
8.13567155507817E-06
8.13567155507817E-06
8.13567155507817E-06
8.13567155507817E-06
8.13567155507817E-06
8.13567155507817E-06
8.13567155507817E-06
8.13567155507817E-06
8.13567155507817E-06
8.13567155507817E-06
8.13567155507817E-06
8.13567155507817E-06
8.13567155507817E-06
8.13567155507817E-06
8.13567155507817E-06
8.13567155507817E-06
8.13567155507817E-06
8.13567155507817E-06
8.13567155507817E-06
8.13567155507817E-06
8.13567155507817E-06
8.13567155507817E-06
8.13567155507817E-06
8.13567155507817E-06
3.83444806195529E-06
3.83444806195529E-06
3.83444806195529E-06
3.83444806195529E-06
3.83444806195529E-06
3.83444806195529E-06
3.83444806195529E-06
3.83444806195529E-06
3.83444806195529E-06
3.83444806195529E-06
3.83444806195529E-06
3.83444806195529E-06
3.83444806195529E-06
3.83444806195529E-06
3.83444806195529E-06
3.83444806195529E-06
3.83444806195529E-06
3.83444806195529E-06
3.56375432318371E-06
3.56375432318371E-06
3.53338432628266E-06
3.53338432628266E-06
3.24151844071929E-06
3.24151844071929E-06
3.05742203987621E-06
3.05742203987621E-06
3.05742203987621E-06
3.05742203987621E-06
3.05742203987621E-06
3.05742203987621E-06
3.05742203987621E-06
3.05742203987621E-06
3.05742203987621E-06
3.05742203987621E-06
3.05742203987621E-06
3.05742203987621E-06
3.05742203987621E-06
3.05742203987621E-06
3.05742203987621E-06
3.05742203987621E-06
3.05742203987621E-06
3.05742203987621E-06
3.05742203987621E-06
3.05742203987621E-06
3.05742203987621E-06
3.05742203987621E-06
3.05742203987621E-06
3.05645522855469E-06
3.05645522855469E-06
3.05645522855469E-06
3.04348195698216E-06
3.04348195698216E-06
3.04348195698216E-06
3.04348195698216E-06
3.04348195698216E-06
3.04348195698216E-06
3.04348195698216E-06
3.04348195698216E-06
3.04348195698216E-06
3.04348195698216E-06
3.03768381109326E-06
3.03768381109326E-06

