0.796778924575508
0.571991948290014
0.351794139149522
0.263664339399131
0.263664339399131
0.263664339399131
0.263664339399131
0.189363632196939
0.189363632196939
0.189363632196939
0.189363632196939
0.189363632196939
0.155205464415099
0.155205464415099
0.155205464415099
0.155205464415099
0.155205464415099
0.155205464415099
0.0612135909459728
0.0612135909459728
0.0612135909459728
0.0612135909459728
0.0612135909459728
0.0612135909459728
0.0612135909459728
0.0490743201547809
0.0490743201547809
0.0490743201547809
0.0490743201547809
0.0490743201547809
0.0490743201547809
0.0490743201547809
0.035489458382492
0.035489458382492
0.035489458382492
0.035489458382492
0.035489458382492
0.035489458382492
0.035489458382492
0.0253496444610726
0.0253496444610726
0.0253496444610726
0.0046206704170615
0.0046206704170615
0.0046206704170615
0.0046206704170615
0.0046206704170615
0.0046206704170615
0.0046206704170615
0.0046206704170615
0.0046206704170615
0.0046206704170615
0.0046206704170615
0.0046206704170615
0.0046206704170615
0.00328369783025614
0.000691753125942002
0.000691753125942002
0.000691753125942002
0.000691753125942002
0.000691753125942002
0.000691753125942002
0.000691753125942002
0.000691753125942002
0.000691753125942002
0.000691753125942002
0.000691753125942002
0.000691753125942002
0.000691753125942002
0.000691753125942002
0.000691753125942002
0.000691753125942002
0.000691753125942002
0.000691753125942002
0.000691753125942002
0.000691753125942002
0.000691753125942002
0.000691753125942002
0.000691753125942002
0.000691753125942002
0.000691753125942002
0.000691753125942002
0.000691753125942002
0.000691753125942002
0.000691753125942002
0.000691753125942002
0.000691753125942002
0.000691753125942002
0.000691753125942002
0.000691753125942002
0.000691753125942002
0.000608071137609754
0.000608071137609754
0.000608071137609754
0.000608071137609754
0.000608071137609754
0.000608071137609754
0.000608071137609754
0.000608071137609754
0.000608071137609754
0.000608071137609754
0.000608071137609754
0.000608071137609754
0.000608071137609754
0.000608071137609754
0.000608071137609754
0.000608071137609754
0.000608071137609754
0.000608071137609754
0.000608071137609754
0.000608071137609754
0.000608071137609754
0.000608071137609754
0.000608071137609754
0.000608071137609754
0.000608071137609754
0.000608071137609754
0.000608071137609754
0.000608071137609754
0.000608071137609754
0.000608071137609754
0.000608071137609754
0.000608071137609754
0.000608071137609754
0.000590519168732475
0.000590519168732475
0.000583948927760306
0.000583948927760306
0.000439886905056934
0.000439886905056934
0.000439886905056934
0.000439886905056934
0.000439886905056934
0.000439886905056934
0.000439886905056934
0.000439886905056934
0.000439886905056934
0.000439886905056934
0.000439886905056934
0.000439886905056934
0.000439886905056934
0.000439886905056934
0.000439886905056934
0.000439886905056934
0.000439886905056934
0.000439886905056934
0.000439886905056934
0.000439886905056934
0.000439886905056934
0.000439886905056934
0.000439886905056934
0.000428087609175726
0.000428087609175726
0.00039524674629489
0.00039524674629489
0.00039524674629489
0.00039524674629489
0.00039524674629489
0.00039524674629489
0.00039524674629489
0.00039524674629489
0.00039524674629489
0.00039524674629489
0.00039524674629489
0.00039524674629489
0.00039524674629489
0.00039524674629489
0.00039524674629489
0.00039524674629489
0.00039524674629489
0.00039524674629489
0.00039524674629489
0.00039524674629489
0.00039524674629489
0.00039524674629489
0.00039524674629489
0.00039524674629489
0.00039524674629489
0.00039524674629489
0.00039524674629489
0.00039524674629489
0.00039524674629489
0.00039524674629489
0.00039524674629489
0.00039524674629489
0.00039524674629489
0.00039524674629489
0.00039524674629489
0.000318796236852319
0.000318796236852319
0.000213918165927855
0.000213918165927855
0.000178646576430486
0.000178646576430486
0.000178646576430486
0.000178646576430486
0.000178646576430486
0.000178646576430486
0.000178646576430486
0.000178646576430486
0.000178646576430486
0.000178646576430486
0.000178646576430486
0.000102989788898764
0.000102989788898764
0.000102989788898764
0.000102989788898764
0.000102989788898764
0.000102989788898764
0.000102989788898764
0.000102989788898764
0.000102989788898764
0.000102989788898764
0.000102989788898764
0.000102989788898764
0.000102989788898764
0.000102989788898764
0.000102989788898764
0.000102989788898764
0.000102989788898764
0.000102989788898764
0.000102989788898764
0.000102989788898764
0.000102989788898764
0.000102989788898764
0.000102989788898764
0.000102989788898764
0.000102989788898764
0.000102989788898764
0.000102989788898764
0.000102989788898764
7.89698797370261E-05
7.89698797370261E-05
7.89698797370261E-05
7.89698797370261E-05
7.89698797370261E-05
7.89698797370261E-05
7.89698797370261E-05
7.89698797370261E-05
7.89698797370261E-05
7.89698797370261E-05
7.89698797370261E-05
7.89698797370261E-05
7.89698797370261E-05
7.89698797370261E-05
7.89698797370261E-05
7.89698797370261E-05
7.89698797370261E-05
7.89698797370261E-05
7.89698797370261E-05
7.89698797370261E-05
7.89698797370261E-05
7.74531264345018E-05
7.74531264345018E-05
7.74531264345018E-05
7.74531264345018E-05
7.74531264345018E-05
7.74531264345018E-05
7.74531264345018E-05
7.74531264345018E-05
7.74531264345018E-05
6.2817296315199E-05
6.2817296315199E-05
6.2817296315199E-05
6.2817296315199E-05
6.2817296315199E-05
6.2817296315199E-05
6.2817296315199E-05
6.2817296315199E-05
6.2817296315199E-05
6.2817296315199E-05
6.2817296315199E-05
6.2817296315199E-05
6.2817296315199E-05
6.2817296315199E-05
6.2817296315199E-05
6.2817296315199E-05
6.2817296315199E-05
6.2817296315199E-05
6.2817296315199E-05
6.2817296315199E-05
5.7254009045538E-05
5.7254009045538E-05
4.91023954817952E-05
4.91023954817952E-05
4.91023954817952E-05
4.91023954817952E-05
4.66509969603771E-05
4.66509969603771E-05
4.66509969603771E-05
4.66509969603771E-05
4.66509969603771E-05
4.41013401047432E-05
4.41013401047432E-05
4.41013401047432E-05
4.34828018936008E-05
4.21503473393891E-05
4.14212171821383E-05
4.14212171821383E-05
4.14212171821383E-05
4.14212171821383E-05
4.14212171821383E-05
4.14212171821383E-05
4.14212171821383E-05
4.13612169896901E-05
4.13612169896901E-05
4.13612169896901E-05
4.13612169896901E-05
4.13612169896901E-05
4.13612169896901E-05
4.13612169896901E-05
4.13612169896901E-05
4.13612169896901E-05
4.13612169896901E-05
4.13612169896901E-05
4.13612169896901E-05
4.1341293767909E-05
4.1341293767909E-05
4.1341293767909E-05
4.1341293767909E-05
4.1341293767909E-05
4.1341293767909E-05
4.1341293767909E-05
4.1341293767909E-05
4.1341293767909E-05
4.1341293767909E-05
4.1341293767909E-05
4.1341293767909E-05
4.1341293767909E-05
4.1341293767909E-05
4.13290753605931E-05
4.13290753605931E-05
4.13290753605931E-05
4.13290753605931E-05
4.13290753605931E-05
4.13290753605931E-05
4.13290753605931E-05
4.13290753605931E-05
4.13164490163144E-05
4.13164490163144E-05
4.13164490163144E-05
4.13164490163144E-05
4.13164490163144E-05
4.13164490163144E-05
4.13025067243045E-05
4.13025067243045E-05
4.13025067243045E-05
4.13025067243045E-05
4.13025067243045E-05
4.13025067243045E-05
4.13025067243045E-05
4.13025067243045E-05
4.13021852310343E-05
4.13021852310343E-05
4.13021852310343E-05
4.13021852310343E-05
4.13021852310343E-05
4.13021852310343E-05
4.13015562364421E-05
4.13015562364421E-05
4.13015562364421E-05
4.13015562364421E-05
4.13015562364421E-05
4.13015562364421E-05
4.13015562364421E-05
4.13015562364421E-05
4.13015562364421E-05
4.13015562364421E-05
4.13015562364421E-05
4.13015562364421E-05
4.13015562364421E-05
4.13015562364421E-05
4.13015562364421E-05
4.13015562364421E-05
4.13015562364421E-05
4.13015562364421E-05
4.13015562364421E-05
4.13015562364421E-05
4.13004004734878E-05
4.13004004734878E-05
4.13004004734878E-05
4.13004004734878E-05
4.13004004734878E-05
4.13004004734878E-05
4.13004004734878E-05
4.13003497925978E-05
4.13003497925978E-05
4.13003497925978E-05
4.13003497925978E-05
4.12999235203798E-05
4.12999235203798E-05
4.12999235203798E-05
4.12999235203798E-05
4.12999235203798E-05
4.12999235203798E-05
4.12994880219066E-05
4.12994880219066E-05
4.12994880219066E-05
4.12994880219066E-05
4.12994880219066E-05
4.12994880219066E-05
4.12994880219066E-05
4.12994880219066E-05
4.12994880219066E-05
4.12994880219066E-05
4.12994880219066E-05
4.12994880219066E-05
4.12994880219066E-05
4.12994880219066E-05
4.12994880219066E-05
4.12994880219066E-05
4.12994880219066E-05
4.12994880219066E-05
4.12994880219066E-05
4.12994880219066E-05
4.12994880219066E-05
4.12994880219066E-05
4.12994880219066E-05
4.12994880219066E-05
4.12994880219066E-05
4.12994880219066E-05
4.12994880219066E-05
4.12994880219066E-05
4.12994880219066E-05
4.12994880219066E-05
4.12994880219066E-05
4.12994880219066E-05
4.12994880219066E-05
4.12994880219066E-05
4.12994880219066E-05
4.12994880219066E-05
4.12994880219066E-05
4.12994880219066E-05
4.12994880219066E-05
4.12994880219066E-05
4.12994880219066E-05
4.12994880219066E-05
4.12994880219066E-05
4.12994880219066E-05
4.12994880219066E-05
4.12994880219066E-05
4.12994880219066E-05
4.12994880219066E-05
4.12994880219066E-05
4.12994880219066E-05
4.12994880219066E-05
4.12994880219066E-05
4.12994818949385E-05
4.12994818949385E-05
4.12994818949385E-05
4.12994818949385E-05
4.12994818949385E-05
4.12994786566528E-05
4.12994786566528E-05
4.12994786566528E-05
4.12994786566528E-05
4.12994786566528E-05
4.12994786566528E-05
4.12994786566528E-05
4.12994759026445E-05
4.09416243700919E-05
4.09416243700919E-05
4.09416243700919E-05
4.09416243700919E-05
4.09416243700919E-05
4.09416243700919E-05
1.7167382476983E-05
1.7167382476983E-05
1.7167382476983E-05
1.7167382476983E-05
1.7167382476983E-05
1.7167382476983E-05
1.7167382476983E-05
1.7167382476983E-05
1.7167382476983E-05
1.7167382476983E-05
1.7167382476983E-05
1.7167382476983E-05
1.7167382476983E-05
1.7167382476983E-05
1.7167382476983E-05
1.7167382476983E-05
1.7167382476983E-05
1.7167382476983E-05
1.7167382476983E-05
1.7167382476983E-05
1.7167382476983E-05
1.7167382476983E-05
1.7167382476983E-05
1.7167382476983E-05
1.7167382476983E-05
1.7167382476983E-05
1.7167382476983E-05
1.7167382476983E-05
1.7167382476983E-05
1.7167382476983E-05
1.7167382476983E-05
1.7167382476983E-05
1.7167382476983E-05
1.7167382476983E-05

