1.63475404416034
0.118493764654106
0.118493764654106
0.118493764654106
0.118493764654106
0.118493764654106
0.118493764654106
0.118493764654106
0.118493764654106
0.118493764654106
0.0829266621287135
0.0829266621287135
0.0829266621287135
0.0829266621287135
0.0829266621287135
0.0829266621287135
0.0829266621287135
0.0829266621287135
0.0829266621287135
0.0308662418316502
0.0308662418316502
0.0220730309366905
0.0220730309366905
0.0220730309366905
0.0178786866570365
0.0178786866570365
0.0178786866570365
0.0178786866570365
0.0178786866570365
0.0178786866570365
0.0143905216286406
0.0143905216286406
0.00952156527837528
0.00952156527837528
0.00952156527837528
0.00952156527837528
0.00952156527837528
0.00952156527837528
0.00952156527837528
0.00364265752580086
0.00364265752580086
0.00364265752580086
0.00364265752580086
0.00364265752580086
0.00364265752580086
0.00364265752580086
0.00364265752580086
0.00364265752580086
0.00364265752580086
0.00364265752580086
0.00364265752580086
0.00364265752580086
0.00364265752580086
0.00364265752580086
0.000992619805482214
0.000992619805482214
0.000992619805482214
0.000992619805482214
0.000992619805482214
0.000992619805482214
0.000992619805482214
0.000992619805482214
0.000992619805482214
0.000992619805482214
0.000992619805482214
0.000992619805482214
0.000992619805482214
0.000992619805482214
0.000992619805482214
0.000992619805482214
0.000992619805482214
0.000992619805482214
0.000992619805482214
0.000992619805482214
0.000992619805482214
0.000992619805482214
0.000992619805482214
0.000992619805482214
0.000992619805482214
0.000992619805482214
0.000992619805482214
0.000992619805482214
0.000992619805482214
0.000992619805482214
0.000992619805482214
0.000992619805482214
0.000992619805482214
0.000992619805482214
0.000992619805482214
0.000992619805482214
0.000992619805482214
0.000992619805482214
0.000992619805482214
0.000992619805482214
0.000992619805482214
0.000992619805482214
0.000275682246481178
0.000275682246481178
0.000275682246481178
0.000275682246481178
0.000275682246481178
0.000275682246481178
0.00024036375620369
0.00024036375620369
0.00024036375620369
0.00024036375620369
0.00024036375620369
0.00024036375620369
0.00024036375620369
0.00024036375620369
0.00024036375620369
0.00024036375620369
0.00024036375620369
0.00024036375620369
0.00024036375620369
0.00024036375620369
0.00024036375620369
0.00024036375620369
0.00024036375620369
0.00024036375620369
0.00024036375620369
0.00024036375620369
0.00024036375620369
0.00024036375620369
0.00024036375620369
0.00024036375620369
0.00024036375620369
0.00024036375620369
0.00024036375620369
0.00024036375620369
0.00024036375620369
0.00024036375620369
0.00024036375620369
0.00024036375620369
0.00024036375620369
0.00024036375620369
0.00024036375620369
0.00024036375620369
0.00024036375620369
0.00024036375620369
0.00024036375620369
0.00024036375620369
0.00024036375620369
0.00024036375620369
0.00024036375620369
0.00024036375620369
0.00024036375620369
0.00024036375620369
0.00024036375620369
0.00024036375620369
0.00024036375620369
0.00024036375620369
0.00024036375620369
0.00024036375620369
0.00024036375620369
0.00024036375620369
0.00024036375620369
0.00024036375620369
0.00024036375620369
0.00024036375620369
0.00024036375620369
0.00024036375620369
0.00024036375620369
0.00024036375620369
0.000165863427668688
0.000165863427668688
0.000165863427668688
0.000165863427668688
0.000165863427668688
0.000165863427668688
0.000165863427668688
0.000165863427668688
0.000165863427668688
0.000165863427668688
0.000165863427668688
0.000165863427668688
0.000165863427668688
0.000165863427668688
0.000165863427668688
0.000165863427668688
0.000165863427668688
0.000165863427668688
0.000165863427668688
0.000165863427668688
0.000165863427668688
0.000165863427668688
0.000165863427668688
0.000165863427668688
0.000165863427668688
0.000165863427668688
0.000165863427668688
0.000165863427668688
0.000165863427668688
0.000165863427668688
0.000163820740027723
0.000163820740027723
0.000163820740027723
0.000163820740027723
0.000163820740027723
0.000132148112863723
0.000132148112863723
0.000132148112863723
0.000132148112863723
0.000132148112863723
0.000132148112863723
0.000132148112863723
0.000132148112863723
0.000132148112863723
0.000132148112863723
0.000132148112863723
0.000132148112863723
0.000132148112863723
0.000132148112863723
0.000132148112863723
0.000132148112863723
0.000132148112863723
0.000132148112863723
0.000132148112863723
0.000129729911298254
0.000129729911298254
0.000129729911298254
0.000129729911298254
0.000129729911298254
0.000129729911298254
0.000129729911298254
0.000129729911298254
0.000129729911298254
0.000129729911298254
0.000129729911298254
0.000129729911298254
0.000129729911298254
0.000129729911298254
0.000129729911298254
0.000129729911298254
0.000129729911298254
0.000129729911298254
0.000129729911298254
0.000129729911298254
0.000129729911298254
0.000129729911298254
0.000129729911298254
0.000129729911298254
0.000129729911298254
0.000129729911298254
0.000129729911298254
0.000129729911298254
0.000129591665264762
0.000129591665264762
0.000129591665264762
0.000129591665264762
0.000129591665264762
0.000129591665264762
0.000129591665264762
0.000129591665264762
0.000129013694595854
0.000129013694595854
0.000129013694595854
0.000129013694595854
0.000129013694595854
0.000129013694595854
0.000129013694595854
0.000129013694595854
0.000129013694595854
0.000129013694595854
0.000129013694595854
0.000129013694595854
0.000129013694595854
0.000129013694595854
0.000129013694595854
0.000129013694595854
0.000129013694595854
0.000129013694595854
0.000129013694595854
0.000129013694595854
0.000129013694595854
0.000129013694595854
0.000129013694595854
0.000129013694595854
0.000129013694595854
0.000129013694595854
0.000129013694595854
0.000129013694595854
0.00012897659401677
0.00012897659401677
0.00012897659401677
0.00012897659401677
0.00012897659401677
0.00012897659401677
0.00012897659401677
0.00012897659401677
0.00012897659401677
0.00012897659401677
0.00012897659401677
0.00012897659401677
0.00012897659401677
0.00012897659401677
0.00012897659401677
0.00012897659401677
0.00012897659401677
0.00012897659401677
0.00012897659401677
0.00012897659401677
0.00012897659401677
0.00012897659401677
0.000128976380659258
0.000128971996661048
0.000128971996661048
0.000128971996661048
0.000128971996661048
0.000128970457733238
0.000128970457733238
0.000128970452541302
0.000128970452541302
0.000128970452541302
0.000128970452541302
0.000128970452541302
0.000128970452541302
0.000128970452541302
0.000128970452541302
0.000128970452541302
0.000128970448676244
0.000128970448676244
0.000128970448676244
0.000128970448676244
0.000128970448676244
0.000128970448676244
0.000128970448676244
0.000128970448676244
0.000128970448676244
0.000128970448676244
0.000128970448676244
0.000128970448676244
0.000128970448676244
0.000128970448676244
0.000128970448676244
0.000128970448676244
0.000128970448676244
0.000128970448676244
0.000128970448676244
0.000128970448676244
0.000128970448676244
0.000128970448676244
0.000128970448676244
0.000128970448676244
0.000128970448676244
0.000128970448676244
0.000128970448676244
0.000128970448676244
0.000128970448676244
0.000128970448676244
0.000128970448676244
0.000128970448676244
0.000128970448676244
0.000128970448676244
0.000128970448676244
0.000128970448676244
0.000128970448676244
0.000127612389597776
0.000124988890743865
0.000124988890743865
0.000124988890743865
0.000124988890743865
0.000124988890743865
0.000124988890743865
0.000124988890743865
0.000124988890743865
0.000124988890743865
0.000124988890743865
0.000124988890743865
0.000124988890743865
0.000124988890743865
0.000110774622190453
0.000110774622190453
0.000110774622190453
0.000110774622190453
0.000110774622190453
0.000110774622190453
0.000110774622190453
0.000110774622190453
0.000110774622190453
0.000110774622190453
4.39388288875248E-05
4.39388288875248E-05
4.37779618212906E-05
4.37779618212906E-05
4.37779618212906E-05
4.37779618212906E-05
4.37779618212906E-05
4.37779618212906E-05
4.37779618212906E-05
4.37779618212906E-05
4.37779618212906E-05
4.37779618212906E-05
4.37779618212906E-05
4.37779618212906E-05
4.37779618212906E-05
4.37779618212906E-05
4.37779618212906E-05
4.37779618212906E-05
4.37779618212906E-05
4.37779618212906E-05
4.37779618212906E-05
4.37779618212906E-05
4.37779618212906E-05
4.37779618212906E-05
4.37779618212906E-05
4.37779618212906E-05
4.37779618212906E-05
4.37779618212906E-05
4.37779618212906E-05
4.37779618212906E-05
4.37779618212906E-05
4.37779618212906E-05
4.37779618212906E-05
4.37779618212906E-05
4.37779618212906E-05
4.37779618212906E-05
4.37779618212906E-05
4.37779618212906E-05
4.37779618212906E-05
4.37779618212906E-05
4.37779618212906E-05
4.37779618212906E-05
4.37779618212906E-05
4.37779618212906E-05
4.37779618212906E-05
4.37779618212906E-05
4.37779618212906E-05
4.37779618212906E-05
4.37779618212906E-05
4.37779618212906E-05
4.37779618212906E-05
4.37779618212906E-05
4.37779618212906E-05
4.37779618212906E-05
4.37779618212906E-05
4.37779618212906E-05
4.37779618212906E-05
4.37779618212906E-05
4.37779618212906E-05
4.37779618212906E-05
3.62436124266798E-05
3.62436124266798E-05
3.62436124266798E-05
3.62436124266798E-05
3.62436124266798E-05
2.50876253776056E-05
2.50876253776056E-05
2.50876253776056E-05
2.50876253776056E-05
2.50876253776056E-05
2.50876253776056E-05
2.50876253776056E-05
2.50876253776056E-05
2.50876253776056E-05
2.50876253776056E-05
2.41240369561756E-05
2.41240369561756E-05
2.41240369561756E-05
2.41240369561756E-05
2.41240369561756E-05
2.41240369561756E-05
2.41240369561756E-05
2.41240369561756E-05
2.41240369561756E-05
2.41240369561756E-05
2.41240369561756E-05
2.41240369561756E-05
2.40073622729443E-05
2.40073622729443E-05
2.40073622729443E-05
2.3995560607555E-05
2.3995560607555E-05
2.3995560607555E-05
2.3995560607555E-05
2.3995560607555E-05
2.3995560607555E-05
2.3995560607555E-05
2.3995560607555E-05
2.3995560607555E-05
2.3995560607555E-05
2.3995560607555E-05
2.3995560607555E-05
2.3995560607555E-05
2.39416503295595E-05
2.39330881627083E-05
2.39330881627083E-05
2.39330881627083E-05
2.39131326135035E-05
2.39104989427851E-05
2.39104989427851E-05
2.39104989427851E-05
2.38900002292068E-05
2.38900002292068E-05
2.38900002292068E-05
2.38900002292068E-05
2.38900002292068E-05
2.38900002292068E-05
2.38900002292068E-05
2.38900002292068E-05

