1.2181655400354
0.644216059630288
0.368485079756385
0.052385071260323
0.052385071260323
0.052385071260323
0.052385071260323
0.052385071260323
0.052385071260323
0.052385071260323
0.052385071260323
0.052385071260323
0.052385071260323
0.052385071260323
0.0460102681409028
0.0460102681409028
0.0460102681409028
0.0460102681409028
0.0460102681409028
0.0460102681409028
0.0280697805902274
0.0280697805902274
0.0280697805902274
0.0280697805902274
0.0280697805902274
0.0280697805902274
0.0280697805902274
0.0280697805902274
0.0280697805902274
0.0280697805902274
0.0280697805902274
0.0280697805902274
0.0280697805902274
0.0280697805902274
0.0280697805902274
0.0280697805902274
0.0180779601654072
0.0180779601654072
0.0180779601654072
0.0180779601654072
0.0118862276003215
0.0118862276003215
0.0118862276003215
0.0095089660848886
0.0095089660848886
0.0095089660848886
0.0095089660848886
0.00761681096031119
0.00761681096031119
0.00761681096031119
0.00761681096031119
0.00761681096031119
0.00735355710536404
0.00719604921283465
0.00719604921283465
0.00719604921283465
0.00719604921283465
0.00719604921283465
0.00719604921283465
0.00719604921283465
0.00719604921283465
0.00719604921283465
0.00719604921283465
0.00719604921283465
0.00719604921283465
0.00719604921283465
0.00719604921283465
0.00719604921283465
0.00719604921283465
0.00719604921283465
0.00719604921283465
0.00719604921283465
0.00331573152734785
0.00272830586779317
0.00272830586779317
0.00258137281513296
0.000822560419304224
0.000822560419304224
0.000822560419304224
0.000822560419304224
0.000822560419304224
0.000822560419304224
0.000822560419304224
0.000822560419304224
0.000822560419304224
0.000822560419304224
0.000822560419304224
0.000822560419304224
0.000822560419304224
0.000822560419304224
0.000822560419304224
0.000822560419304224
0.000822560419304224
0.000822560419304224
0.000822560419304224
0.000822560419304224
0.000822560419304224
0.000822560419304224
0.000822560419304224
0.000822560419304224
0.000822560419304224
0.000822560419304224
0.000822560419304224
0.000822560419304224
0.000822560419304224
0.000822560419304224
0.000822560419304224
0.000822560419304224
0.000822560419304224
0.000822560419304224
0.000822560419304224
0.000822560419304224
0.000822560419304224
0.000822560419304224
0.000663636613123223
0.000663636613123223
0.000663636613123223
0.000663636613123223
0.000663636613123223
0.000663636613123223
0.000663636613123223
0.000663636613123223
0.000663636613123223
0.000663636613123223
0.000663636613123223
0.000663636613123223
0.000663636613123223
0.000663636613123223
0.000663636613123223
0.000663636613123223
0.000663636613123223
0.000663636613123223
0.000663636613123223
0.000663636613123223
0.000663636613123223
0.000663636613123223
0.000663636613123223
0.000663636613123223
0.000411456622987316
0.000411456622987316
0.000411456622987316
0.000411456622987316
0.000411456622987316
0.000411456622987316
0.000411456622987316
0.000411456622987316
0.000411456622987316
0.000411456622987316
0.000411456622987316
0.000411456622987316
0.000411456622987316
0.000411456622987316
0.000411456622987316
0.000411456622987316
0.000411456622987316
0.000411456622987316
0.000411456622987316
0.000411456622987316
0.000411456622987316
0.000411456622987316
0.000411456622987316
0.000411456622987316
0.000411456622987316
0.000411456622987316
0.000411456622987316
0.000411456622987316
0.000411456622987316
0.000411456622987316
0.000411456622987316
0.000411456622987316
0.000411456622987316
0.000411456622987316
0.000129333990404306
0.000129333990404306
0.000129333990404306
0.000129333990404306
0.000129333990404306
0.000129333990404306
0.000129333990404306
0.000129333990404306
0.000129333990404306
0.000129333990404306
0.000129333990404306
0.000129333990404306
0.000129333990404306
0.000129333990404306
0.000129333990404306
0.000129333990404306
0.000129333990404306
0.000129333990404306
0.000129333990404306
0.000129333990404306
0.000129333990404306
0.000129333990404306
0.000129333990404306
0.000129333990404306
0.000129333990404306
0.000129333990404306
0.000129333990404306
0.000129333990404306
0.000129333990404306
0.000129333990404306
0.000129333990404306
0.000129333990404306
0.000129333990404306
0.000129333990404306
0.000129333990404306
0.000129333990404306
0.000129333990404306
0.000129333990404306
0.000129333990404306
0.000129333990404306
0.000129333990404306
0.000129333990404306
0.000129333990404306
0.000129333990404306
0.000129333990404306
0.000129333990404306
0.000129333990404306
0.000129333990404306
0.000129333990404306
0.000129333990404306
0.000129333990404306
0.000129333990404306
0.000129333990404306
0.000129333990404306
0.000129333990404306
0.000129333990404306
0.000129333990404306
0.000129333990404306
0.000129333990404306
0.000129333990404306
0.000129333990404306
0.000129333990404306
0.000129333990404306
0.000129333990404306
7.29564389879439E-05
7.29564389879439E-05
7.29564389879439E-05
7.29564389879439E-05
7.29564389879439E-05
7.29564389879439E-05
7.29564389879439E-05
7.29564389879439E-05
7.29564389879439E-05
7.29564389879439E-05
7.29564389879439E-05
7.29564389879439E-05
7.29564389879439E-05
7.29564389879439E-05
7.29564389879439E-05
7.29564389879439E-05
7.29564389879439E-05
7.29564389879439E-05
7.29564389879439E-05
7.29564389879439E-05
7.29564389879439E-05
7.29564389879439E-05
7.29564389879439E-05
7.29564389879439E-05
7.29564389879439E-05
7.29564389879439E-05
7.29564389879439E-05
7.29564389879439E-05
7.29564389879439E-05
7.29564389879439E-05
7.29564389879439E-05
7.29564389879439E-05
7.29564389879439E-05
7.29564389879439E-05
7.29564389879439E-05
7.29564389879439E-05
7.29564389879439E-05
7.29564389879439E-05
7.29564389879439E-05
7.29564389879439E-05
7.29564389879439E-05
7.29564389879439E-05
7.29564389879439E-05
7.29564389879439E-05
7.29564389879439E-05
7.29564389879439E-05
6.39316998241613E-05
6.39316998241613E-05
6.24980768559212E-05
6.24980768559212E-05
6.24980768559212E-05
6.24980768559212E-05
6.24980768559212E-05
6.24980768559212E-05
6.24980768559212E-05
6.24980768559212E-05
6.24980768559212E-05
6.24980768559212E-05
6.24980768559212E-05
6.24980768559212E-05
6.24980768559212E-05
6.24980768559212E-05
6.24980768559212E-05
6.24980768559212E-05
6.24980768559212E-05
6.24980768559212E-05
6.24980768559212E-05
6.24980768559212E-05
6.24980768559212E-05
6.24980768559212E-05
6.24980768559212E-05
6.24980768559212E-05
6.23035948942606E-05
6.23035948942606E-05
6.23035948942606E-05
6.23035948942606E-05
6.23035948942606E-05
6.23035948942606E-05
6.23035948942606E-05
6.23035948942606E-05
6.23035948942606E-05
6.23035948942606E-05
6.23035948942606E-05
6.23035948942606E-05
6.23035948942606E-05
6.23035948942606E-05
6.23035948942606E-05
6.23035948942606E-05
6.23035948942606E-05
6.23035948942606E-05
6.23035948942606E-05
6.23035948942606E-05
6.23035948942606E-05
6.23035948942606E-05
6.23035948942606E-05
6.22717108123076E-05
6.22717108123076E-05
6.22717108123076E-05
6.22717108123076E-05
6.22717108123076E-05
6.22717108123076E-05
6.22717108123076E-05
6.22717108123076E-05
6.22717108123076E-05
6.22717108123076E-05
6.22717108123076E-05
6.22717108123076E-05
6.22717108123076E-05
6.22717108123076E-05
6.21726537124495E-05
6.21726537124495E-05
6.21726537124495E-05
6.21726537124495E-05
6.21726537124495E-05
6.21726537124495E-05
6.21726537124495E-05
6.21629330671109E-05
6.21629330671109E-05
6.21629330671109E-05
6.21523614901376E-05
6.21523614901376E-05
6.21523614901376E-05
6.21523614901376E-05
6.21523614901376E-05
6.21523614901376E-05
6.21523614901376E-05
6.21523614901376E-05
6.21523614901376E-05
6.21523614901376E-05
6.21523614901376E-05
6.21523614901376E-05
6.21523614901376E-05
6.21523614901376E-05
6.21523614901376E-05
6.21523614901376E-05
6.21523614901376E-05
6.21523614901376E-05
6.21490178964687E-05
6.21490178964687E-05
6.21489332285857E-05
6.21489332285857E-05
6.21489332285857E-05
6.21489332285857E-05
6.21489332285857E-05
6.21489332285857E-05
6.21489332285857E-05
6.21489332285857E-05
6.21489332285857E-05
6.21489332285857E-05
6.21489332285857E-05
6.21486494804279E-05
6.21486494804279E-05
6.21486494804279E-05
6.21486494804279E-05
6.21486494804279E-05
6.21486494804279E-05
6.21486494804279E-05
6.21486417635777E-05
6.21485322290104E-05
6.21485322290104E-05
6.21483307661408E-05
6.21483307661408E-05
6.21483307661408E-05
6.21483307661408E-05
6.21483307661408E-05
6.21483307661408E-05
6.21483307661408E-05
6.21483307661408E-05
6.21483307661408E-05
6.21483307661408E-05
6.21483307661408E-05
6.21483307661408E-05
6.21483307661408E-05
6.21483161254241E-05
6.21483161254241E-05
6.21483161254241E-05
6.21483161254241E-05
6.21483161254241E-05
6.21483161254241E-05
6.21483161254241E-05
6.21483161254241E-05
6.21483161254241E-05
6.21483161254241E-05
6.21483161254241E-05
6.21483161254241E-05
6.21483161254241E-05
6.21483161254241E-05
6.21483161254241E-05
6.21483161254241E-05
6.21483161254241E-05
6.21483161254241E-05
6.21483161254241E-05
6.21483161254241E-05
6.21483161254241E-05
6.21483161254241E-05
6.21483161254241E-05
6.21483161254241E-05
6.21483161254241E-05
6.21483161254241E-05
6.21483161254241E-05
6.21483161254241E-05
6.21483161254241E-05
6.21483161254241E-05
6.21483161254241E-05
6.21483106918673E-05
6.21483106918673E-05
6.21483106918673E-05
6.21483106918673E-05
6.21483106918673E-05
6.21483106918673E-05
6.21483106918673E-05
6.21483106918673E-05
6.21483106918673E-05
6.21483106918673E-05
6.21483106918673E-05
6.21483106918673E-05
6.21483106918673E-05
6.21483106918673E-05
6.21483106918673E-05
6.21483106918673E-05
6.21483106918673E-05
6.21483106918673E-05
6.21483106918673E-05
3.66453875432786E-05
3.66453875432786E-05
3.66453875432786E-05
3.66453875432786E-05
3.66453875432786E-05
3.66453875432786E-05
3.66453875432786E-05
3.66453875432786E-05
3.66453875432786E-05
3.66453875432786E-05
3.66453875432786E-05
3.66453875432786E-05
3.66453875432786E-05
3.66453875432786E-05
3.66453875432786E-05
3.66453875432786E-05
3.66453875432786E-05
3.66453875432786E-05
3.66453875432786E-05
3.66453875432786E-05
3.66453875432786E-05
3.66453875432786E-05
3.66453875432786E-05
3.66453875432786E-05
3.66453875432786E-05
3.66453875432786E-05
3.66453875432786E-05
3.66453875432786E-05
3.66453875432786E-05
3.66453875432786E-05
3.66453875432786E-05
3.66453875432786E-05
3.66453875432786E-05
3.66453875432786E-05
3.66453875432786E-05
3.66453875432786E-05
3.66453875432786E-05
3.66453875432786E-05
3.66453875432786E-05
3.66453875432786E-05
3.66453875432786E-05

