2.04968728096414
0.245583056419497
0.245583056419497
0.245583056419497
0.245583056419497
0.245583056419497
0.245583056419497
0.245583056419497
0.16567402276529
0.16567402276529
0.0707140367680301
0.020316551286188
0.0114262327264035
0.0114262327264035
0.0114262327264035
0.0114262327264035
0.0114262327264035
0.0114262327264035
0.0114262327264035
0.0114262327264035
0.0114262327264035
0.0114262327264035
0.0114262327264035
0.0114262327264035
0.0114262327264035
0.0114262327264035
0.0114262327264035
0.0114262327264035
0.0114262327264035
0.0114262327264035
0.0114262327264035
0.0114262327264035
0.0114262327264035
0.0114262327264035
0.0114262327264035
0.0114262327264035
0.0114262327264035
0.0114262327264035
0.0114262327264035
0.0114262327264035
0.0114262327264035
0.0114262327264035
0.0114262327264035
0.0114262327264035
0.0114262327264035
0.00688537346001268
0.00688537346001268
0.00454253996166571
0.00454253996166571
0.00454253996166571
0.00454253996166571
0.00454253996166571
0.00454253996166571
0.00454253996166571
0.00454253996166571
0.00454253996166571
0.00454253996166571
0.00454253996166571
0.00454253996166571
0.00454253996166571
0.00454253996166571
0.00454253996166571
0.00331985030019591
0.00331985030019591
0.000713580568396767
0.000713580568396767
0.000713580568396767
0.000713580568396767
0.000713580568396767
0.000713580568396767
0.000713580568396767
0.000713580568396767
0.000713580568396767
0.000713580568396767
0.000713580568396767
0.000713580568396767
0.000713580568396767
0.000713580568396767
0.000713580568396767
0.000713580568396767
0.000713580568396767
0.000713580568396767
0.000713580568396767
0.000464100470070097
0.000464100470070097
0.000464100470070097
0.000464100470070097
0.000464100470070097
0.000464100470070097
0.000464100470070097
0.000464100470070097
0.000464100470070097
0.000464100470070097
0.000464100470070097
0.000464100470070097
0.000464100470070097
0.000464100470070097
0.000464100470070097
0.000464100470070097
0.000464100470070097
0.000464100470070097
0.000464100470070097
0.000464100470070097
0.000464100470070097
0.000464100470070097
0.000464100470070097
0.000464100470070097
0.000464100470070097
0.000464100470070097
0.000464100470070097
0.000464100470070097
0.000464100470070097
0.00033538719629215
0.00033538719629215
0.00033538719629215
0.00033538719629215
0.00033538719629215
0.00033538719629215
0.00033538719629215
0.00033538719629215
0.00033538719629215
0.00033538719629215
0.00033538719629215
0.00033538719629215
0.00033538719629215
0.00033538719629215
0.00033538719629215
0.00033538719629215
0.00033538719629215
0.00033538719629215
0.00033538719629215
0.00033538719629215
0.00033538719629215
0.00033538719629215
0.00033538719629215
0.00033538719629215
0.00033538719629215
0.00033538719629215
0.00033538719629215
0.00033538719629215
0.00033538719629215
0.00033538719629215
0.00033538719629215
0.00033538719629215
0.00033538719629215
0.00033538719629215
0.00033538719629215
0.00033538719629215
0.00033538719629215
0.00033538719629215
0.00033538719629215
0.00033538719629215
0.00033538719629215
0.00033538719629215
0.00033538719629215
0.00033538719629215
0.00033538719629215
0.00033538719629215
0.00033538719629215
0.00033538719629215
0.00033538719629215
0.00033538719629215
0.00033538719629215
0.00033538719629215
0.00033538719629215
0.00033538719629215
0.00033538719629215
0.00033538719629215
0.00033538719629215
0.00033538719629215
0.00033538719629215
0.00033538719629215
0.00033538719629215
0.00033538719629215
0.00033538719629215
0.00033538719629215
0.000268865954266575
0.000268865954266575
0.000268865954266575
0.000268865954266575
0.000268865954266575
0.000268865954266575
0.000268865954266575
0.000268865954266575
0.000268865954266575
0.000268865954266575
0.000268865954266575
0.000268865954266575
0.000268865954266575
0.000268865954266575
0.000268865954266575
0.000268865954266575
0.000268865954266575
0.000268865954266575
0.000268865954266575
0.000268865954266575
0.000268865954266575
0.000268865954266575
0.000268865954266575
0.000268865954266575
0.000268865954266575
0.000268865954266575
0.000268865954266575
0.000268865954266575
0.000268865954266575
0.000268865954266575
0.000268865954266575
0.000268865954266575
0.000268865954266575
0.000268865954266575
0.000268865954266575
0.000268865954266575
0.000268865954266575
0.000268865954266575
0.000268865954266575
0.000268865954266575
0.000268865954266575
0.000268865954266575
0.000268865954266575
0.000268865954266575
0.00023831303557667
0.00023831303557667
0.000200880118543414
0.000200880118543414
0.0001575555998204
0.0001575555998204
0.0001575555998204
0.0001575555998204
0.0001575555998204
0.000129483797750433
0.000129483797750433
0.000129483797750433
0.000129483797750433
0.000129483797750433
0.000129483797750433
0.000129483797750433
0.00011039286164422
0.00011039286164422
0.00011039286164422
0.00011039286164422
0.00011039286164422
0.00011039286164422
0.00011039286164422
0.00011039286164422
0.000100054010672742
0.000100054010672742
0.000100054010672742
0.000100054010672742
0.000100054010672742
0.000100054010672742
0.000100054010672742
0.000100054010672742
0.000100054010672742
9.90497580607569E-05
9.90497580607569E-05
9.90497580607569E-05
9.90497580607569E-05
9.90497580607569E-05
9.90497580607569E-05
9.90497580607569E-05
9.90497580607569E-05
9.90497580607569E-05
9.90497580607569E-05
9.90497580607569E-05
9.90497580607569E-05
9.90497580607569E-05
9.90497580607569E-05
9.90497580607569E-05
9.90497580607569E-05
9.90497580607569E-05
9.90497580607569E-05
9.90497580607569E-05
9.90497580607569E-05
9.90497580607569E-05
9.90497580607569E-05
9.90497580607569E-05
9.90497580607569E-05
9.90497580607569E-05
9.83287592058239E-05
9.83287592058239E-05
9.83287592058239E-05
9.83287592058239E-05
9.83287592058239E-05
9.83287592058239E-05
9.83287592058239E-05
9.83287592058239E-05
9.83287592058239E-05
9.83287592058239E-05
9.83287592058239E-05
9.83287592058239E-05
9.83287592058239E-05
9.83287592058239E-05
9.83287592058239E-05
9.83287592058239E-05
9.83287592058239E-05
9.83287592058239E-05
9.83287592058239E-05
9.83287592058239E-05
9.69646059584266E-05
9.69646059584266E-05
9.69646059584266E-05
9.69646059584266E-05
9.69646059584266E-05
9.69646059584266E-05
9.68552144712521E-05
9.68552144712521E-05
9.68552144712521E-05
9.68552144712521E-05
9.68552144712521E-05
9.68552144712521E-05
9.68552144712521E-05
9.68552144712521E-05
9.68042346278954E-05
9.68042346278954E-05
9.67070212817813E-05
9.67070212817813E-05
9.67070212817813E-05
9.67070212817813E-05
9.67070212817813E-05
9.66924913848222E-05
9.66924913848222E-05
9.66924913848222E-05
9.66600851429334E-05
9.66288845802849E-05
9.66288845802849E-05
9.66177104370868E-05
9.65915349585007E-05
9.65915349585007E-05
9.65777487969771E-05
9.65777487969771E-05
9.65682449607164E-05
9.65682449607164E-05
9.65682449607164E-05
9.65682449607164E-05
9.65682449607164E-05
9.65682449607164E-05
9.65682449607164E-05
9.65659481064997E-05
9.65659481064997E-05
9.65611389371848E-05
9.65611389371848E-05
9.65525130729139E-05
9.65525130729139E-05
9.65525130729139E-05
9.65525130729139E-05
9.65525130729139E-05
9.65525130729139E-05
9.65525130729139E-05
9.65525130729139E-05
9.65525130729139E-05
9.65525130729139E-05
9.65525130729139E-05
9.65525130729139E-05
9.65525130729139E-05
9.65525130729139E-05
9.65525130729139E-05
9.65525130729139E-05
9.65525130729139E-05
9.65525130729139E-05
9.23189120619266E-05
9.23189120619266E-05
9.23189120619266E-05
9.23189120619266E-05
9.23189120619266E-05
9.23189120619266E-05
9.23189120619266E-05
9.23189120619266E-05
9.23189120619266E-05
9.23189120619266E-05
9.23189120619266E-05
9.23189120619266E-05
9.23189120619266E-05
9.23189120619266E-05
9.23189120619266E-05
9.23189120619266E-05
9.23189120619266E-05
9.23189120619266E-05
9.23189120619266E-05
9.23189120619266E-05
9.23189120619266E-05
9.23189120619266E-05
9.23189120619266E-05
9.23189120619266E-05
9.23189120619266E-05
9.23189120619266E-05
9.23189120619266E-05
9.23189120619266E-05
9.23189120619266E-05
9.23189120619266E-05
9.23189120619266E-05
9.23189120619266E-05
9.23189120619266E-05
9.23189120619266E-05
9.23189120619266E-05
9.23189120619266E-05
9.23189120619266E-05
9.23189120619266E-05
9.23189120619266E-05
9.23189120619266E-05
9.23189120619266E-05
9.23189120619266E-05
9.23189120619266E-05
9.23189120619266E-05
9.23189120619266E-05
9.23189120619266E-05
9.23189120619266E-05
9.23189120619266E-05
9.23189120619266E-05
9.23189120619266E-05
9.23189120619266E-05
9.23189120619266E-05
9.23189120619266E-05
9.23189120619266E-05
9.23189120619266E-05
9.23189120619266E-05
9.23189120619266E-05
9.1134874214463E-05
9.1134874214463E-05
9.1134874214463E-05
9.1134874214463E-05
9.1134874214463E-05
9.1134874214463E-05
9.1134874214463E-05
9.1134874214463E-05
9.1134874214463E-05
9.1134874214463E-05
9.1134874214463E-05
9.1134874214463E-05
9.1134874214463E-05
9.1134874214463E-05
9.1134874214463E-05
9.1134874214463E-05
9.1134874214463E-05
9.1134874214463E-05
9.1134874214463E-05
9.1134874214463E-05
9.1134874214463E-05
9.1134874214463E-05
9.1134874214463E-05
9.1134874214463E-05
9.1134874214463E-05
9.1134874214463E-05
9.1134874214463E-05
9.1134874214463E-05
9.1134874214463E-05
9.1134874214463E-05
9.1134874214463E-05
9.1134874214463E-05
9.1134874214463E-05
9.1134874214463E-05
9.1134874214463E-05
9.1134874214463E-05
9.1134874214463E-05
9.1134874214463E-05
9.1134874214463E-05
9.1134874214463E-05
9.1134874214463E-05
9.1134874214463E-05
9.1134874214463E-05
9.1134874214463E-05
9.1134874214463E-05
9.1134874214463E-05
9.1134874214463E-05
9.1134874214463E-05
9.1134874214463E-05
9.1134874214463E-05
9.1134874214463E-05
9.1134874214463E-05
9.1134874214463E-05
9.1134874214463E-05
9.1134874214463E-05
6.94565965587807E-05
6.94565965587807E-05
6.30518758202202E-05
6.30518758202202E-05
6.30518758202202E-05
6.30518758202202E-05
6.30518758202202E-05
6.30518758202202E-05
6.30518758202202E-05
6.30518758202202E-05
6.30518758202202E-05
6.30518758202202E-05
6.30518758202202E-05
6.30518758202202E-05
6.30518758202202E-05
6.30518758202202E-05
6.30518758202202E-05
6.30518758202202E-05
5.43209135269691E-05
5.43209135269691E-05
5.43209135269691E-05
5.43209135269691E-05
5.43209135269691E-05
5.43209135269691E-05
5.43209135269691E-05
5.43209135269691E-05
5.43209135269691E-05
5.43209135269691E-05
5.43209135269691E-05

