1.72264949203832
0.5124876798679
0.5124876798679
0.5124876798679
0.387014532521323
0.387014532521323
0.387014532521323
0.103167753266955
0.103167753266955
0.103167753266955
0.0651144510619221
0.0651144510619221
0.0651144510619221
0.0651144510619221
0.0651144510619221
0.0631640035039603
0.0631640035039603
0.0631640035039603
0.0631640035039603
0.0631640035039603
0.0547326494466468
0.0547326494466468
0.0547326494466468
0.0547326494466468
0.0547326494466468
0.0213868590193637
0.0213868590193637
0.0213868590193637
0.0213868590193637
0.0213868590193637
0.0213868590193637
0.0213868590193637
0.0213868590193637
0.0213868590193637
0.0213868590193637
0.0213868590193637
0.0213868590193637
0.0213868590193637
0.0213868590193637
0.0213868590193637
0.0213868590193637
0.0213868590193637
0.0213868590193637
0.0113037877423891
0.0113037877423891
0.0113037877423891
0.0113037877423891
0.0113037877423891
0.0113037877423891
0.0113037877423891
0.0113037877423891
0.0113037877423891
0.0111155571006572
0.0111155571006572
0.0111155571006572
0.0111155571006572
0.0111155571006572
0.00812742722810127
0.00812742722810127
0.00812742722810127
0.00812742722810127
0.00812742722810127
0.007996191144341
0.00560816134819455
0.00560816134819455
0.00560816134819455
0.00560816134819455
0.00560816134819455
0.00560816134819455
0.00560816134819455
0.00560816134819455
0.00482280019368771
0.00482280019368771
0.00482280019368771
0.00482280019368771
0.00482280019368771
0.00482280019368771
0.00482280019368771
0.00482280019368771
0.00482280019368771
0.00482280019368771
0.00482280019368771
0.00482280019368771
0.00482280019368771
0.00482280019368771
0.00482280019368771
0.00482280019368771
0.00482280019368771
0.00482280019368771
0.00482280019368771
0.00111491690431206
0.00111491690431206
0.00111491690431206
0.00111491690431206
0.00111491690431206
0.00111491690431206
0.00111491690431206
0.00111491690431206
0.00111491690431206
0.00111491690431206
0.00111491690431206
0.00111491690431206
0.00111491690431206
0.000599748516652099
0.000599748516652099
0.000599748516652099
0.000599748516652099
0.000599748516652099
0.000599748516652099
0.000599748516652099
0.000599748516652099
0.000599748516652099
0.000511347050642866
0.000314847281774216
0.000314847281774216
0.000314847281774216
0.000314847281774216
0.000314847281774216
0.000314847281774216
0.000314847281774216
0.000314847281774216
0.000314847281774216
0.000314847281774216
0.000314847281774216
0.000314847281774216
0.000314847281774216
0.000314847281774216
0.000314847281774216
0.000314847281774216
0.000314847281774216
0.000314847281774216
0.000314847281774216
0.000314847281774216
0.000314847281774216
0.000314847281774216
0.000314847281774216
0.000314847281774216
0.000314847281774216
0.000313122035075215
0.000313122035075215
0.000313122035075215
0.000313122035075215
0.000313122035075215
0.000313122035075215
0.000251786972238846
0.000146981860567408
0.000146981860567408
0.000146981860567408
0.000146981860567408
0.000146981860567408
0.000146981860567408
0.000146981860567408
0.000146981860567408
0.000146981860567408
0.000146981860567408
0.000146981860567408
0.000146981860567408
0.000146981860567408
0.000140201825838067
0.000140201825838067
0.000140201825838067
0.000140201825838067
0.000140201825838067
0.000140201825838067
0.000140201825838067
0.000140201825838067
0.000140201825838067
3.15609237550623E-05
3.15609237550623E-05
3.15609237550623E-05
3.15609237550623E-05
3.15609237550623E-05
3.15609237550623E-05
3.15609237550623E-05
3.15609237550623E-05
3.15609237550623E-05
3.15609237550623E-05
3.15609237550623E-05
3.15609237550623E-05
3.15609237550623E-05
3.15609237550623E-05
3.15609237550623E-05
3.15609237550623E-05
3.15609237550623E-05
3.15609237550623E-05
3.15609237550623E-05
3.15609237550623E-05
3.15609237550623E-05
3.15609237550623E-05
3.15609237550623E-05
3.15609237550623E-05
3.15609237550623E-05
3.15609237550623E-05
3.15609237550623E-05
3.15609237550623E-05
3.15609237550623E-05
3.15609237550623E-05
3.15609237550623E-05
3.1214069196605E-05
3.1214069196605E-05
3.1214069196605E-05
2.83628376140723E-05
2.40114967731357E-05
2.40114967731357E-05
2.40114967731357E-05
2.40114967731357E-05
2.40114967731357E-05
2.40114967731357E-05
2.40114967731357E-05
2.40114967731357E-05
2.40114967731357E-05
2.40114967731357E-05
2.38355476425994E-05
2.38355476425994E-05
2.38355476425994E-05
2.38355476425994E-05
2.38355476425994E-05
2.38355476425994E-05
2.38355476425994E-05
2.38355476425994E-05
2.38355476425994E-05
2.38355476425994E-05
2.38355476425994E-05
2.38355476425994E-05
2.38355476425994E-05
2.38355476425994E-05
2.38355476425994E-05
2.38355476425994E-05
2.38355476425994E-05
2.38355476425994E-05
2.38355476425994E-05
2.38355476425994E-05
2.38355476425994E-05
2.38355476425994E-05
2.38355476425994E-05
2.38355476425994E-05
2.38355476425994E-05
2.38355476425994E-05
2.38355476425994E-05
2.38355476425994E-05
2.38355476425994E-05
2.38355476425994E-05
2.38355476425994E-05
2.38355476425994E-05
2.38355476425994E-05
2.38355476425994E-05
2.38355476425994E-05
2.38355476425994E-05
2.38355476425994E-05
2.38355476425994E-05
2.38355476425994E-05
2.38355476425994E-05
2.38355476425994E-05
2.38355476425994E-05
2.38355476425994E-05
2.38355476425994E-05
2.38355476425994E-05
2.38287770244353E-05
2.38287770244353E-05
2.38287770244353E-05
2.38287770244353E-05
2.38287770244353E-05
2.38287770244353E-05
2.38287770244353E-05
2.38287770244353E-05
2.38287770244353E-05
2.38287770244353E-05
2.38287770244353E-05
2.38200151096163E-05
2.38200151096163E-05
2.38200151096163E-05
2.38200151096163E-05
2.38200151096163E-05
2.38200151096163E-05
2.38200151096163E-05
2.38200151096163E-05
2.38200151096163E-05
2.38200151096163E-05
2.38200151096163E-05
1.77343055054974E-05
1.77343055054974E-05
1.77343055054974E-05
1.77343055054974E-05
1.77343055054974E-05
1.77343055054974E-05
1.77343055054974E-05
1.77343055054974E-05
1.77343055054974E-05
1.77343055054974E-05
1.77343055054974E-05
1.77343055054974E-05
1.77343055054974E-05
1.77343055054974E-05
1.77343055054974E-05
1.77343055054974E-05
1.77343055054974E-05
1.77343055054974E-05
1.77343055054974E-05
1.77343055054974E-05
1.77343055054974E-05
1.77343055054974E-05
1.77343055054974E-05
1.77343055054974E-05
1.77343055054974E-05
1.77343055054974E-05
1.77343055054974E-05
1.77343055054974E-05
1.77343055054974E-05
1.77343055054974E-05
1.77343055054974E-05
1.77343055054974E-05
1.77343055054974E-05
1.77343055054974E-05
1.77343055054974E-05
1.77343055054974E-05
1.77343055054974E-05
1.77343055054974E-05
1.77343055054974E-05
1.77343055054974E-05
1.77343055054974E-05
1.77343055054974E-05
1.77343055054974E-05
1.77343055054974E-05
1.77343055054974E-05
1.77343055054974E-05
1.77343055054974E-05
1.77343055054974E-05
1.77343055054974E-05
1.77343055054974E-05
1.77343055054974E-05
1.77343055054974E-05
1.77343055054974E-05
1.77343055054974E-05
1.77343055054974E-05
1.77343055054974E-05
1.77343055054974E-05
1.77343055054974E-05
1.77343055054974E-05
1.77343055054974E-05
1.77343055054974E-05
1.77343055054974E-05
1.77343055054974E-05
1.77343055054974E-05
1.45654187378772E-05
1.45654187378772E-05
1.45580992750892E-05
1.45580992750892E-05
1.45580992750892E-05
9.82998836700295E-06
9.82998836700295E-06
9.82998836700295E-06
9.82998836700295E-06
9.82998836700295E-06
9.82998836700295E-06
9.82998836700295E-06
9.82998836700295E-06
9.82998836700295E-06
9.82998836700295E-06
9.82998836700295E-06
9.82998836700295E-06
9.82998836700295E-06
9.82998836700295E-06
9.82998836700295E-06
9.82998836700295E-06
9.82998836700295E-06
9.82998836700295E-06
9.82998836700295E-06
9.82998836700295E-06
9.82998836700295E-06
9.82998836700295E-06
9.82998836700295E-06
9.82998836700295E-06
9.82998836700295E-06
9.82998836700295E-06
9.82998836700295E-06
9.82998836700295E-06
9.82998836700295E-06
9.82998836700295E-06
9.82998836700295E-06
9.82998836700295E-06
9.82998836700295E-06
9.82998836700295E-06
9.82998836700295E-06
9.82998836700295E-06
9.82998836700295E-06
9.82998836700295E-06
9.82998836700295E-06
9.82998836700295E-06
9.82998836700295E-06
9.82998836700295E-06
9.82998836700295E-06
9.82998836700295E-06
9.82998836700295E-06
9.82998836700295E-06
9.82998836700295E-06
9.82998836700295E-06
9.82998836700295E-06
9.82998836700295E-06
9.82998836700295E-06
9.82998836700295E-06
9.82998836700295E-06
9.82998836700295E-06
9.82998836700295E-06
9.82998836700295E-06
9.82998836700295E-06
9.82998836700295E-06
9.82998836700295E-06
9.82998836700295E-06
9.82998836700295E-06
7.90426534515636E-06
7.90426534515636E-06
7.90426534515636E-06
7.90426534515636E-06
7.90426534515636E-06
7.90426534515636E-06
7.90426534515636E-06
7.90426534515636E-06
7.90426534515636E-06
7.90426534515636E-06
7.90426534515636E-06
7.90426534515636E-06
7.90426534515636E-06
7.90426534515636E-06
7.90426534515636E-06
7.90426534515636E-06
7.90426534515636E-06
7.90426534515636E-06
7.90426534515636E-06
7.90426534515636E-06
7.90426534515636E-06
7.90426534515636E-06
7.90426534515636E-06
7.90426534515636E-06
7.90426534515636E-06
7.90426534515636E-06
7.90426534515636E-06
7.90426534515636E-06
7.90426534515636E-06
7.90426534515636E-06
7.90426534515636E-06
7.90426534515636E-06
7.90426534515636E-06
7.90426534515636E-06
7.90426534515636E-06
7.90426534515636E-06
7.90426534515636E-06
7.90426534515636E-06
7.90426534515636E-06
7.90426534515636E-06
7.90426534515636E-06
7.90426534515636E-06
7.90426534515636E-06
7.90426534515636E-06
7.90426534515636E-06
7.90426534515636E-06
7.90426534515636E-06
7.90426534515636E-06
7.90426534515636E-06
7.90426534515636E-06
7.90426534515636E-06
7.90426534515636E-06
7.90426534515636E-06
7.90426534515636E-06
7.90426534515636E-06
7.41062943304743E-06
7.41062943304743E-06
7.41062943304743E-06
7.41062943304743E-06
7.41062943304743E-06
7.41062943304743E-06
7.41062943304743E-06
7.41062943304743E-06
7.41062943304743E-06
7.41062943304743E-06
7.41062943304743E-06
7.41062943304743E-06
7.41062943304743E-06
7.29836353756225E-06
7.29836353756225E-06
7.15600678964996E-06
7.15600678964996E-06
7.15600678964996E-06
7.15600678964996E-06
6.16586044493777E-06
6.16586044493777E-06
6.16586044493777E-06
6.16586044493777E-06
6.16586044493777E-06
6.16586044493777E-06
6.16586044493777E-06
6.16586044493777E-06
6.16586044493777E-06
6.16586044493777E-06
6.16586044493777E-06
5.93627068552667E-06
5.93627068552667E-06
5.93627068552667E-06
5.93627068552667E-06
5.93627068552667E-06
5.93627068552667E-06

