0.475587500366066
0.466873356953341
0.461927911680145
0.453376493401177
0.462100796250027
0.497541890702883
0.519794278803636
0.530726431036785
0.539065055555929
0.549046061340073
0.568114502714969
0.586569486854697
0.596363457984268
0.608618652522157
0.609765424049433
0.610726050996536
0.623771817285019
0.636861988504036
0.632713175005787
0.636170907053171
0.635865821759933
0.650285054747589
0.647330152482073
0.636307084147046
0.633625480295631
0.631688120233165
0.639316268314964
0.644452707332431
0.644984510580592
0.648786993852341
0.641743634482743
0.64603708128635
0.642891670632615
0.64278664439273
0.645055655745255
0.644843033149982
0.645665339962094
0.649645321133759
0.650844944109694
0.647620084589832
0.650755786393652
0.644397987087341
0.64372962582536
0.645021688539335
0.649328519472052
0.641062391600679
0.641305670417726
0.634106494613331
0.636421800182331
0.643146957923602
0.636485864899122
0.642930586235477
0.64214120143656
0.642044121893516
0.645697388891093
0.640870807581736
0.641204245795476
0.638826265626643
0.63649226511325
0.634378407644533
0.633182496943826
0.635610537417677
0.645474432486135
0.649812914626357
0.651606950349608
0.646840233085166
0.646742772707697
0.648278793908386
0.651990534478711
0.648148313507972
0.645022014506319
0.649813019405435
0.649777675449725
0.646955722820828
0.647819540790707
0.647238227606977
0.65248333430233
0.649098268401242
0.648692589454107
0.653426285856014
0.646731563654135
0.651465817614552
0.654821664382152
0.651926518436612
0.64857108888431
0.641822668683531
0.64255566316608
0.648062951605673
0.653015962919114
0.650572590937374
0.646234020065225
0.653745445200754
0.650266266235319
0.644408750613892
0.640081370256704
0.642124861274302
0.64509714150988
0.645591000826421
0.647775755703314
0.647081345109693
0.642966533824586
0.642745054710567
0.644856788406804
0.635470241142804
0.641749204973599
0.644285338552753
0.646233332147999
0.641672707470704
0.636147656803648
0.641088931217517
0.647623588832301
0.645528351124019
0.64431614304825
0.641958250925444
0.641395224815782
0.643490005715596
0.640959156940996
0.641847310950861
0.640528533856673
0.639091604247268
0.641069038092069
0.639694916810015
0.643812542788581
0.640592671493305
0.639911182320806
0.644038800244327
0.642136681295324
0.632832923732713
0.637723901515452
0.644995555328347
0.645295922520002
0.647618065939864
0.639827185022313
0.639587682243861
0.64045574279108
0.643462004535273
0.645645375628162
0.642975697733037
0.645888348847239
0.639006149705102
0.639515291532794
0.645513279705469
0.642332261019023
0.639865116966365
0.639449170133598
0.639048544217872
0.633934371464125
0.633787656741665
0.638583066390554
0.645656850174117
0.637083788904175
0.634131116702535
0.637115540239953
0.632340374413501
0.636597608562349
0.637346968409961
0.639561682073245
0.637404471483504
0.640353181468746
0.635419085772262
0.638064311195207
0.640031772264679
0.638775590190185
0.635461865081521
0.633397193074777
0.633358547847074
0.628798118196655
0.630847267310575
0.641217341518969
0.639416402748053
0.635760659163229
0.63863697710164
0.632703154046121
0.629735391205023
0.632932401255122
0.638754785399125
0.633542893469688
0.63673912966221
0.635347276146307
0.639992432168394
0.639464143456892
0.644722137539796
0.643354747107143
0.643849212353867
0.641643573892124
0.638533273899924
0.644424420404807
0.641003773194554
0.63854646423248
0.637834368443716
0.635889099777567
0.636876485440159
0.64120620060881
0.640828214853255
0.641734856358115
0.638348527103405
0.635140177932879
0.631179880546075
0.63243570066176
0.633106740972951
0.630176605598597
0.635553084386928
0.638079272977063
0.640368884547257
0.638554185556052
0.637520718355411
0.639264041526168
0.639301877065727
0.631748987590429
0.634283290405033
0.632016063513438
0.635424933961136
0.629528920322248
0.636515420956568
0.637760039695667
0.635513857750986
0.639502165623982
0.637182831174247
0.639664435143806
0.633114829768548
0.63572625396677
0.639124099419867
0.639056742943233
0.634327636157555
0.635226325712657
0.638092109847504
0.635740116795763
0.641558771267263
0.636678850794871
0.634526717534472
0.63232042095531
0.639398389615556
0.6358278868541
0.641500122015847
0.64140570365171
0.642145403219854
0.639227835531721
0.638931314499323
0.638092847736749
0.640458089794838
0.635556194888549
0.631418148671288
0.635218390081556
0.633163766782461
0.634875135682123
0.634283506754062
0.643331769787429
0.639469506313171
0.635598469930464
0.644111389834426
0.641655726604264
0.63503205057582
0.640113890680795
0.634028118083724
0.630839348657287
0.634457084505215
0.638660687536444
0.638720822406202
0.642692283273622
0.646396220141204
0.635150295955227
0.638230347616573
0.634371899661012
0.634964326631912
0.632151894644499
0.638633348712352
0.644302823159866
0.64173404017725
0.643277181278545
0.638994395581875
0.637450994668106
0.633502258967769
0.636936318150736
0.635106904001051
0.637562879948033
0.62744879096449
0.631282122528655
0.630338864707288
0.637371593517579
0.641428874335791
0.639200960616072
0.634319045392207
0.63292833186797
0.636377281977098
0.633030440605931
0.635033116354474
0.635474141930771
0.631622537457751
0.632637186615106
0.638608929488837
0.640679509599831
0.633938880295418
0.636878196492007
0.636098455532261
0.632768860716919
0.637220379917398
0.632997363027322
0.6356730801867
0.634520420263569
0.634976178781666
0.637226764406724
0.629213866656726
0.632139328215204
0.635227228253554
0.633280130804113
0.637405357812809
0.638694574686552
0.639908399873377
0.639038474427821
0.641087059679545
0.635502487114598
0.639302863072075
0.636412758149628
0.634800228418799
0.634957656296314
0.637629693650271
0.638384113252809
0.640329334652915
0.639613800895195
0.631873289400541
0.637882622721901
0.639579692367492
0.639046899690501
0.639192716508317
0.637859816342125
0.637827958963209
0.646527042848889
0.643659466576167
0.64319337095453
0.64071641142384
0.635612798863331
0.636219321621214
0.637196680923999
0.647267476697009
0.641093817479811
0.64095478790139
0.639132649936486
0.636053062603795
0.638559154534433
0.645711610436297
0.646014763634381
0.644668373062632
0.650819057469057
0.645117280253325
0.641317835275589
0.641522941191776
0.639223518502723
0.639022722448869
0.639735680542436
0.635692686431249
0.637829852018742
0.637235036212592
0.637347727888965
0.641822100181032
0.645993463843719
0.640242704090867
0.639548642068575
0.638797503288727
0.646183846882838
0.640860130579394
0.639181281568048
0.638245824917142
0.640194728510124
0.637803750416139
0.638467254337847
0.63685136390493
0.635353291310795
0.635187847460542
0.640125593712567
0.637124157254646
0.636624755342229
0.639213262537029
0.63754272548127
0.637520415344334
0.631938209150098
0.638375132300105
0.638573890864562
0.635006815191825
0.635453115698713
0.636657931694899
0.639462100577914
0.641991753080295
0.638919253599056
0.63726649173691
0.638801510206282
0.638638933470261
0.644656326312247
0.645531910625115
0.643519721836021
0.636936864877275
0.640425576289504
0.638032849848536
0.642142746589911
0.639773367856314
0.639647118757669
0.639391724016028
0.637162968540667
0.638893002046162
0.642001188694582
0.642025829388097
0.641428561645538
0.638804302698963
0.640153633943998
0.637312551103123
0.637458245648189
0.636694600942573
0.642906760478276
0.640965097421917
0.643082739460464
0.639044166639866
0.636562360109856
0.63722035309618
0.641625727805378
0.641441055128169
0.642863479668509
0.633441874497049
0.636240194416053
0.636745033056743
0.641488141794196
0.640150803341794
0.641370622154831
0.643848722612949
0.641350890158081
0.643889822892113
0.643904208189119
0.644069970980489
0.638755091752981
0.640063112218125
0.638696770205639
0.642103440320407
0.644013051510226
0.640507545148623
0.640821587725969
0.644673865675146
0.639353587599692
0.634555664700623
0.636699800010329
0.638019809573372
0.635276728145943
0.641253795939143
0.640834660445538
0.636084770636612
0.639153006402515
0.639840998829655
0.640719146622038
0.637582326890305
0.641551881901626
0.645961885454713
0.646695689906884
0.641081499906285
0.637719345606221
0.639014070166533
0.642320587679348
0.640322565237533
0.639531466898412
0.644570290319679
0.643459556181823
0.642352109478424
0.641883723667533
0.642700508394561
0.640612564887074
0.63983697531428
0.636288529412771
0.645927207587973
0.63731186052191
0.640163373605107
0.639881810814726
0.637922278961984
0.638660352442924
0.639717074292182
0.643555125447337
0.642349146017141
0.638063555429507
0.64302503563283
0.642794864791151
0.63767588604913
0.638541418082782
0.636414536393908
0.643254382176488
0.64521155556216
0.641435044133132
0.644029019079589
0.642170730926333
0.643195826644936
0.64873896357448
0.647609478699764
0.638927777880701
0.641174436481508
0.636765486396638
0.637916573868551
0.645975395772997
0.648277049388657
0.642826671409296
0.639324336890327
0.635095058900717
0.645526051739668
0.642143558372506
0.640483662886094
0.642358625231445
0.636599823535612

