0.485323599677901
0.475637093287896
0.461038325812176
0.457888282886651
0.472111072669072
0.47456903032441
0.490268604206098
0.515964583228169
0.553120079511981
0.572598987083283
0.572175005542702
0.577740419220846
0.589078781860526
0.588364866175568
0.589785224975392
0.59684328593925
0.601727500028596
0.592853178909697
0.595608732445437
0.604596534805732
0.607795068628232
0.603201794013802
0.593211301815966
0.598687553819782
0.597741369385597
0.600017186319964
0.593874500794789
0.59340328321858
0.598552077528
0.602478023215493
0.595501947595382
0.58678427666825
0.580894433500233
0.587278693311729
0.58987167099934
0.596703224707106
0.588695343840172
0.584761548771633
0.587122719263479
0.595340165102695
0.595402315472638
0.590081897890505
0.583193334894752
0.592654752917074
0.601679023245923
0.600590080470446
0.596606879874438
0.597215938422506
0.592193487692039
0.595684970830574
0.599764365916165
0.58542383496101
0.586292869895644
0.588884011805549
0.600051207878447
0.600738949804081
0.595785758086862
0.600152785949315
0.603053971019224
0.603390432987619
0.600230941934372
0.598475358014294
0.59843565883728
0.597234524289347
0.595504760204533
0.600932157749376
0.600181168976363
0.601938469445855
0.594720047018865
0.591961822080166
0.592823433139833
0.588029216645074
0.590027527431017
0.597172067932848
0.59845198724472
0.593911024722395
0.597622967143391
0.597372091210192
0.586317270994283
0.585894169546116
0.591817233085133
0.590166246746642
0.590222436603133
0.590692658923301
0.591034512685079
0.58518997283628
0.587808703170478
0.589989607875602
0.595482913207478
0.588962236225838
0.587300024813276
0.591746637209414
0.588654054367582
0.591455472454063
0.586514435260967
0.58984644882055
0.589892980912454
0.58370693452132
0.583579033336901
0.584989810068404
0.591198279330476
0.590161924493681
0.594756631490337
0.597146543190534
0.596566653473087
0.585745418560365
0.58790654121752
0.595987660911207
0.58644101504353
0.582774304479987
0.584915534301835
0.591610687338966
0.601838182699095
0.593428923020004
0.590320781003001
0.585197245028296
0.587250508526597
0.594788279337787
0.597005889575734
0.586672095300356
0.581083088644539
0.585301200968778
0.587808121041295
0.590968166179923
0.590075961315152
0.590949302100696
0.591182565468879
0.593975464002135
0.596006645860493
0.590246497003301
0.595007566128606
0.595169390493167
0.595777749062428
0.601931457352606
0.595702371572841
0.592735846046825
0.59886752965419
0.592894636794038
0.58970635791639
0.583675677237758
0.585182853729077
0.576234240138025
0.578122716213911
0.591189709574964
0.586440540725896
0.581989707587551
0.58591207637073
0.590043757938242
0.586634393877512
0.585634151971299
0.584276119472908
0.585183611309345
0.581759228009432
0.58517363136629
0.581617080149245
0.584038651336169
0.587008621094861
0.594000113509543
0.587648729090382
0.585759747554894
0.588778577574745
0.587034210291583
0.585077079727447
0.588850332032855
0.584606380272799
0.587427728837642
0.577842687279685
0.584818912236122
0.590468531494841
0.587196821821255
0.583840865436303
0.582208354011026
0.591781816206884
0.591919415818817
0.588975165270106
0.587427713151237
0.591447019739417
0.593796831235968
0.589651329828955
0.584805810103335
0.583063100620963
0.581178262951571
0.583937729745102
0.586542826367467
0.595629841959344
0.588030098742777
0.585948786931448
0.585437287403468
0.584267558321255
0.579490935886215
0.577571216406082
0.586804993758581
0.581577459960413
0.580685044056785
0.592985017457289
0.584900179998326
0.58263752328076
0.58800399790924
0.59158660273778
0.592053131656933
0.589193002689368
0.582387157313301
0.581026390951571
0.582807611481371
0.572644956005757
0.583188728801977
0.586059469034968
0.585779220070759
0.578664176092846
0.580533941652382
0.580577076978364
0.588751746992397
0.58875293549046
0.587885434575299
0.589686784170369
0.591742087137854
0.590506377247154
0.588014118959317
0.596439548866192
0.599452037436967
0.600317543725348
0.604958189383652
0.596895051115367
0.593660594811024
0.595484591006217
0.597015341047378
0.599943804056378
0.609956556959285
0.60138658304729
0.596231711237241
0.599859347705138
0.595625571893778
0.594795490732975
0.598222797832701
0.594495649185696
0.595688753655395
0.594731716381495
0.599062301597024
0.601157485612065
0.599924071510902
0.595886312595014
0.592553565048687
0.593673754862485
0.588615147265524
0.596099169832109
0.600700826849091
0.601036378112346
0.606451240489067
0.596023190178476
0.596657373898758
0.601511129006678
0.602975767360305
0.599709425738941
0.592460296865698
0.587276358786153
0.593434065183349
0.592783856541729
0.598096702740531
0.598589147333402
0.595896785832136
0.602882098868155
0.602979734957037
0.599727120651774
0.595230851168917
0.600354835081161
0.600307580669672
0.598014089287624
0.598192972190246
0.600394229569339
0.599244146582235
0.597147151957168
0.602957657261446
0.605955374551381
0.595576850638075
0.598666711248357
0.598467562309195
0.602077972756557
0.601786430030699
0.600873789904191
0.600023612506613
0.599471033718394
0.596607021320077
0.595996209497425
0.598318062332833
0.610700483141757
0.602314989650741
0.589630498158729
0.590058551340789
0.597674737916858
0.59424824149573
0.595351642247049
0.603845145816086
0.608185184241563
0.600448928534599
0.600323344909752
0.607170784422346
0.610825801422562
0.605547505822337
0.603975016437177
0.607440780811811
0.604729391316334
0.609197916933963
0.604688535725235
0.605701449394989
0.605063165484981
0.610181973294033
0.614428366615875
0.612965182574043
0.606084304070401
0.601432918446261
0.609039769525369
0.607077966011942
0.600516497164378
0.602299101365132
0.602146313626663
0.603897613037059
0.604727770280681
0.608606963625664
0.609028858508607
0.611868924578402
0.616459862499776
0.618021121676255
0.60377104956805
0.600274565987455
0.602823859118949
0.605701591648992
0.609659292072822
0.607108317761198
0.601456751588912
0.607777621884108
0.610042216264011
0.612104120696528
0.612665873694165
0.613548365653271
0.606051747183127
0.606507619161653
0.605634020035673
0.603586578813406
0.604370669557199
0.606362843088172
0.602971251840811
0.60548462395518
0.606744796884718
0.607067465706599
0.605241652773006
0.609567724117796
0.604030788535049
0.608157072497759
0.613008041144096
0.608032651357482
0.612582623763331
0.611074934593038
0.606397093830819
0.607585261094149
0.607890173596606
0.598418795464936
0.607183479652557
0.60653766746073
0.603947608871222
0.602960985206906
0.599003429269691
0.603792777642744
0.610060872468266
0.614248612071008
0.607828361305611
0.605626340197732
0.604587836981167
0.603261860420708
0.606482388000243
0.609717924482273
0.611806531152245
0.616121169540248
0.611217308622134
0.606793921176815
0.608217464049316
0.611444579127022
0.612313004309
0.611602722713309
0.603248956098201
0.595405984023517
0.596422213120225
0.600729298360094
0.60324924948425
0.602352133027365
0.609921061314691
0.598379475895284
0.599997804817683
0.613201098521744
0.608735721960284
0.605738262428523
0.605604514175731
0.603325724067525
0.601942655139527
0.609152687506024
0.606971800196112
0.605803677815151
0.605322923238129
0.603770142741062
0.604761758843218
0.613188699028352
0.612151812026695
0.603829628561424
0.604415148607224
0.601453851619354
0.606631287195073
0.61119950736373
0.605481183118655
0.605258460747155
0.606055680217845
0.606965552604942
0.606099150561412
0.605865290991213
0.608054529516834
0.611440863017891
0.611141936610795
0.611003798460851
0.613434838924445
0.618355724518267
0.616304137345135
0.609943240382678
0.608637743451496
0.600607268563864
0.604941140837134
0.61357505805641
0.614722517246341
0.617053861928293
0.606873236272244
0.602132876912359
0.602949165259767
0.604169343034537
0.602375860238298
0.592833529490886
0.595400409194537
0.603045016104671
0.600474790411997
0.595556694342701
0.599813729512945
0.605195315137502
0.60362381420344
0.613251655532238
0.613359777180434
0.615135596957592
0.613061387937134
0.609857997947658
0.599446405931533
0.600438751353684
0.604743238842503
0.598415649046751
0.609365314754401
0.613432365851339
0.605043625322138
0.607755667911321
0.611881949891843
0.60939965430358
0.605228121951134
0.603268378230976
0.609198523105138
0.611498797995094
0.614638119652595
0.60910944479479
0.605565185030857
0.601783492491555
0.608945222187096
0.612200526141563
0.604631166396997
0.604872355615525
0.606285896352666
0.605205375818288
0.605171239517958
0.609126763332432
0.606130704263689
0.605426192201584
0.60603293863466
0.60556878636397
0.606296899697726
0.608716261769608
0.605612662004488
0.607229789239701
0.608133894459014
0.604309498740926
0.607862689088436
0.612208637072634
0.605490798491704
0.608741822450096
0.614940360020013
0.609287096934801
0.611186451935002
0.613485614133077
0.614058237106596
0.612157172895983
0.611633072352283
0.607527390773135
0.605739887719808
0.607578667988402
0.611139462971498
0.61340316827736
0.604710233003027
0.604319543373476
0.593851039286589
0.597479688463753

