-0.631037230799537
-0.11518300499053
-0.0227005476418686
-0.0227005476418686
-0.0227005476418686
-0.0227005476418686
-0.0227005476418686
-0.0227005476418686
-0.0227005476418686
-0.0213675248600648
-0.00926451667411254
-0.00926451667411254
-0.00926451667411254
-0.00926451667411254
-0.00182148857803965
-0.00182148857803965
-0.00182148857803965
-0.00182148857803965
-0.00182148857803965
-0.00182148857803965
-0.00182148857803965
-0.00182148857803965
-0.00182148857803965
-0.00182148857803965
-0.00182148857803965
-0.00182148857803965
-0.00182148857803965
-0.00182148857803965
-0.00126717165191004
-0.00126717165191004
-0.00126717165191004
-0.00126717165191004
-0.00126717165191004
-0.000558786304911463
-0.000558786304911463
-0.000425685503082973
-0.000425685503082973
-0.000425685503082973
-0.000425685503082973
-0.000425685503082973
-0.000425685503082973
-0.000328762105629488
-0.000328762105629488
-0.000328762105629488
-0.000273624624310242
-0.000273624624310242
-0.000273624624310242
-0.000273624624310242
-0.000273624624310242
-0.000273624624310242
-0.000212063969366461
-6.43558353543572E-05
-6.43558353543572E-05
-6.43558353543572E-05
-6.43558353543572E-05
-6.43558353543572E-05
-6.43558353543572E-05
-6.43558353543572E-05
-6.43558353543572E-05
-6.43558353543572E-05
-6.43558353543572E-05
-5.20588207596484E-05
-5.20588207596484E-05
-5.20588207596484E-05
-1.48711465398632E-05
-1.48711465398632E-05
-1.48711465398632E-05
-1.48711465398632E-05
-8.92245906969347E-06
-5.17659316112695E-06
-5.17659316112695E-06
-5.17659316112695E-06
-2.90359438059884E-06
-2.90359438059884E-06
-2.90359438059884E-06
-2.90359438059884E-06
-2.09024145758629E-06
-2.09024145758629E-06
-2.04163123151968E-06
-2.04163123151968E-06
-2.04163123151968E-06
-1.94962215827044E-06
-1.94962215827044E-06
-1.94962215827044E-06
-1.94962215827044E-06
-1.94962215827044E-06
-1.94962215827044E-06
-1.94962215827044E-06
-1.94962215827044E-06
-1.92901686768554E-06
-1.92901686768554E-06
-1.92901686768554E-06
-1.92901686768554E-06
-1.92901686768554E-06
-1.92901686768554E-06
-1.38418590767131E-06
-1.34968181475514E-06
-1.32449928336165E-06
-1.30612003046426E-06
-1.29270609816601E-06
-1.28291606427133E-06
-1.27577090047737E-06
-1.27055607157534E-06
-1.26675007927624E-06
-1.26397231303699E-06
-1.26194498761834E-06
-1.2604653644166E-06
-1.25938547601567E-06
-1.2585973302448E-06
-9.19446367153576E-07
-9.19446367153576E-07
-9.19446367153576E-07
-7.37314393650657E-07
-7.37314393650657E-07
-7.37314393650657E-07
-7.37314393650657E-07
-6.77858829289946E-07
-2.53909957836918E-07
-2.53909957836918E-07
-2.53909957836918E-07
-1.40204016396694E-07
-1.40204016396694E-07
-1.40204016396694E-07
-1.40204016396694E-07
-1.40204016396694E-07
-1.40204016396694E-07
-1.40204016396694E-07
-1.40204016396694E-07
-1.40204016396694E-07
-1.40204016396694E-07
-1.40204016396694E-07
-1.27091852708539E-07
-1.27091852708539E-07
-1.2640435631539E-07
-1.2640435631539E-07
-1.2640435631539E-07
-1.2640435631539E-07
-1.2640435631539E-07
-1.2640435631539E-07
-1.2640435631539E-07
-6.12072788008788E-08
-6.12072788008788E-08
-1.6146504355774E-08
-1.6146504355774E-08
-1.6146504355774E-08
-1.6146504355774E-08
-1.00235038047458E-08
-1.00235038047458E-08
-1.00235038047458E-08
-1.00235038047458E-08
-1.00235038047458E-08
-2.75813394345903E-09
-2.75813394345903E-09
-2.75813394345903E-09
-2.75813394345903E-09
-2.75813394345903E-09
-2.75813394345903E-09
-2.75813394345903E-09
-2.75813394345903E-09
-2.75813394345903E-09
-2.75813394345903E-09
-2.75813394345903E-09
-2.75813394345903E-09
-2.75813394345903E-09
-2.75813394345903E-09
-2.75813394345903E-09
-2.75813394345903E-09
-2.75813394345903E-09
-2.75813394345903E-09
-2.75813394345903E-09
-2.75813394345903E-09
-2.75813394345903E-09
-2.75813394345903E-09
-2.35522457092685E-09
-2.35522457092685E-09
-2.1495855095921E-09
-2.1495855095921E-09
-2.09195016864783E-09
-2.09195016864783E-09
-2.09195016864783E-09
-2.09195016864783E-09
-2.09195016864783E-09
-2.09195016864783E-09
-2.09195016864783E-09
-2.09195016864783E-09
-1.93470228726511E-09
-1.01497932281092E-09
-1.01497932281092E-09
-1.01497932281092E-09
-7.05556280067299E-10
-6.49541753716676E-10
-2.92744606333883E-10
-2.92744606333883E-10
-2.92744606333883E-10
-2.92744606333883E-10
-2.56125454178857E-10
-2.56125454178857E-10
-2.00396366167865E-10
-2.00396366167865E-10
-2.00396366167865E-10
-1.67257763195039E-10
-1.40920386471066E-10
-1.21698207067311E-10
-1.21698207067311E-10
-9.18362053070609E-11
-8.02805599775525E-11
-7.18468617932899E-11
-6.56913412555582E-11
-6.37173647177747E-11
-6.37173647177747E-11
-6.37173647177747E-11
-6.37173647177747E-11
-6.29967189524905E-11
-6.24672535920467E-11
-6.22865092836378E-11
-6.22865092836378E-11
-6.22865092836378E-11
-6.22850659937058E-11
-6.22850659937058E-11
-5.89402970874175E-11
-5.89402970874175E-11
-3.66636720983138E-11
-3.66636720983138E-11
-2.88267187897873E-11
-2.88267187897873E-11
-2.88267187897873E-11
-2.88267187897873E-11
-2.88267187897873E-11
-2.88267187897873E-11
-2.41765496511448E-11
-2.41765496511448E-11
-2.41765496511448E-11
-2.41765496511448E-11
-2.41765496511448E-11
-2.41765496511448E-11
-2.06343830910782E-11
-2.06343830910782E-11
-2.06343830910782E-11
-2.06343830910782E-11
-2.06343830910782E-11
-2.06343830910782E-11
-2.06343830910782E-11
-2.06343830910782E-11
-2.06343830910782E-11
-1.99682492763031E-11
-1.99682492763031E-11
-1.99682492763031E-11
-1.27073906952546E-11
-1.27073906952546E-11
-7.01760871635315E-12
-7.01760871635315E-12
-7.01760871635315E-12
-7.01760871635315E-12
-7.01760871635315E-12
-5.7512883344657E-12
-3.37996297616883E-12
-3.37996297616883E-12
-2.38919994899334E-12
-2.38919994899334E-12
-2.38919994899334E-12
-2.08477679564112E-12
-2.08477679564112E-12
-2.08477679564112E-12
-1.60327306986119E-12
-1.60327306986119E-12
-1.2152501227547E-12
-1.2152501227547E-12
-1.07081010725096E-12
-1.07081010725096E-12
-6.81676937119846E-13
-6.81676937119846E-13
-6.81676937119846E-13
-6.81676937119846E-13
-5.54667423102728E-13
-5.54667423102728E-13
-5.54667423102728E-13
-5.54667423102728E-13
-5.54667423102728E-13
-5.54667423102728E-13
-5.54667423102728E-13
-5.54667423102728E-13
-5.54667423102728E-13
-5.54667423102728E-13
-5.54667423102728E-13
-5.54667423102728E-13
-5.16142684148235E-13
-3.30957483640759E-13
-3.30957483640759E-13
-3.14970272086157E-13
-2.17603712826531E-13
-2.17603712826531E-13
-1.20681242776755E-13
-1.20681242776755E-13
-1.00253139123652E-13
-2.68673971959288E-14
-2.68673971959288E-14
-2.68673971959288E-14
-2.68673971959288E-14
-2.17603712826531E-14
-2.17603712826531E-14
-1.38777878078145E-14
-1.38777878078145E-14
-1.38777878078145E-14
-1.38777878078145E-14
-1.38777878078145E-14
-1.38777878078145E-14
-1.38777878078145E-14
-1.38777878078145E-14
-1.38777878078145E-14
-1.22124532708767E-14
-1.22124532708767E-14
-1.22124532708767E-14
-1.22124532708767E-14
-1.22124532708767E-14
-1.22124532708767E-14
-1.22124532708767E-14
-1.22124532708767E-14
-1.22124532708767E-14
-1.22124532708767E-14
-1.22124532708767E-14
-1.19904086659517E-14
-1.19904086659517E-14
-1.19904086659517E-14
-1.19904086659517E-14
-1.15463194561016E-14
-1.15463194561016E-14
-1.15463194561016E-14
-1.15463194561016E-14
-1.15463194561016E-14
-1.14352971536391E-14
-1.14352971536391E-14
-1.14352971536391E-14
-6.88338275267597E-15
-6.88338275267597E-15
-6.88338275267597E-15
-6.88338275267597E-15
-6.88338275267597E-15
-6.21724893790088E-15
-6.21724893790088E-15
-6.21724893790088E-15
-6.21724893790088E-15
-4.32986979603811E-15
-4.32986979603811E-15
-4.32986979603811E-15
-4.32986979603811E-15
-4.32986979603811E-15
-4.10782519111308E-15
-4.10782519111308E-15
-4.10782519111308E-15
-4.10782519111308E-15
-4.10782519111308E-15
-3.99680288865056E-15
-3.99680288865056E-15
-3.66373598126302E-15
-3.66373598126302E-15
-3.66373598126302E-15
-3.66373598126302E-15
-3.21964677141295E-15
-3.21964677141295E-15
-3.21964677141295E-15
-2.77555756156289E-15
-2.77555756156289E-15
-2.77555756156289E-15
-2.77555756156289E-15
-2.77555756156289E-15
-2.77555756156289E-15
-2.77555756156289E-15
-2.55351295663786E-15
-2.55351295663786E-15
-2.55351295663786E-15
-2.55351295663786E-15
-2.1094237467878E-15
-2.1094237467878E-15
-1.99840144432528E-15
-1.77635683940025E-15
-1.77635683940025E-15
-1.77635683940025E-15
-1.77635683940025E-15
-1.55431223447522E-15
-2.22044604925031E-16
-2.22044604925031E-16
-2.22044604925031E-16
-2.22044604925031E-16
-2.22044604925031E-16
-2.22044604925031E-16
-2.22044604925031E-16
-2.22044604925031E-16
-2.22044604925031E-16
-2.22044604925031E-16
-1.11022302462516E-16
-1.11022302462516E-16
-1.11022302462516E-16
-1.11022302462516E-16
-1.11022302462516E-16
-1.11022302462516E-16
-1.11022302462516E-16
-1.11022302462516E-16
-1.11022302462516E-16
-1.11022302462516E-16
-1.11022302462516E-16
-1.11022302462516E-16
-1.11022302462516E-16
-1.11022302462516E-16
-1.11022302462516E-16
-1.11022302462516E-16
-1.11022302462516E-16
-1.11022302462516E-16
-1.11022302462516E-16
-1.11022302462516E-16
-1.11022302462516E-16
-1.11022302462516E-16
-1.11022302462516E-16
-1.11022302462516E-16
-1.11022302462516E-16
-1.11022302462516E-16
-1.11022302462516E-16
-1.11022302462516E-16
-1.11022302462516E-16
-1.11022302462516E-16
-1.11022302462516E-16
-1.11022302462516E-16
-1.11022302462516E-16
-1.11022302462516E-16
-1.11022302462516E-16
-1.11022302462516E-16
-1.11022302462516E-16
-1.11022302462516E-16
-1.11022302462516E-16
-1.11022302462516E-16
-1.11022302462516E-16
-1.11022302462516E-16
-1.11022302462516E-16
-1.11022302462516E-16
-1.11022302462516E-16
-1.11022302462516E-16
-1.11022302462516E-16
-1.11022302462516E-16
-1.11022302462516E-16
-1.11022302462516E-16
-1.11022302462516E-16
-1.11022302462516E-16
-1.11022302462516E-16
-1.11022302462516E-16
-1.11022302462516E-16
-1.11022302462516E-16
-1.11022302462516E-16
-1.11022302462516E-16
-1.11022302462516E-16
-1.11022302462516E-16
-1.11022302462516E-16
-1.11022302462516E-16
-1.11022302462516E-16
-1.11022302462516E-16
-1.11022302462516E-16
-1.11022302462516E-16
-1.11022302462516E-16
-1.11022302462516E-16
-1.11022302462516E-16
-1.11022302462516E-16
-1.11022302462516E-16
-1.11022302462516E-16
-1.11022302462516E-16
-1.11022302462516E-16
-1.11022302462516E-16
-1.11022302462516E-16
-1.11022302462516E-16
-1.11022302462516E-16
-1.11022302462516E-16
-1.11022302462516E-16
-1.11022302462516E-16
-1.11022302462516E-16
-1.11022302462516E-16
-1.11022302462516E-16
-1.11022302462516E-16
-1.11022302462516E-16
-1.11022302462516E-16
-1.11022302462516E-16
-1.11022302462516E-16
-1.11022302462516E-16
-1.11022302462516E-16
-1.11022302462516E-16
-1.11022302462516E-16
-1.11022302462516E-16
-1.11022302462516E-16
-1.11022302462516E-16
-1.11022302462516E-16
-1.11022302462516E-16
-1.11022302462516E-16
-1.11022302462516E-16
-1.11022302462516E-16
-1.11022302462516E-16
-1.11022302462516E-16
-1.11022302462516E-16
-1.11022302462516E-16
-1.11022302462516E-16
-1.11022302462516E-16
-1.11022302462516E-16
-1.11022302462516E-16
-1.11022302462516E-16
-1.11022302462516E-16

