0.530793437222634
0.500162010091756
0.480292942707878
0.464872001958751
0.471031353394483
0.495183828387278
0.527323049990156
0.562614242781818
0.585879194188645
0.587268400088336
0.581433075213034
0.58500602196211
0.590111908788248
0.598756832684951
0.599164288916937
0.600722358177363
0.59501459017684
0.595438972225246
0.594408766605892
0.604908649971503
0.605460262634057
0.596897426241642
0.596146028989298
0.595506630614695
0.591586774762273
0.598181102519642
0.594174365143882
0.59104566236489
0.583737261333731
0.58736502878841
0.585929828253981
0.583826963079116
0.58608268578079
0.597571373262272
0.589703386308439
0.588419425982678
0.588689234914562
0.587859245197866
0.585900563336053
0.601920534873522
0.591063756857942
0.590588702382204
0.586381691525013
0.584535809070853
0.588943787003235
0.595551011944896
0.586003341331933
0.57829624116772
0.589468142929467
0.58784937687294
0.583137374439777
0.581451409835928
0.582887577144304
0.586655431838937
0.595432897043624
0.590601131463381
0.583590206705768
0.577276525605948
0.573858168874406
0.571119801545195
0.578483811672477
0.581396164586769
0.590782821694451
0.594121749754306
0.587124070079003
0.587953965226346
0.581627787785751
0.585148698276742
0.586461944446371
0.592958692701184
0.591028635431513
0.591068109801215
0.58976017405089
0.583500884261384
0.587083052277168
0.591604027017911
0.586126419518844
0.590233078872053
0.594897177195182
0.598511767431709
0.593882912295801
0.595622263123414
0.594726725890129
0.585623950274457
0.590782549135309
0.589004104437265
0.594116756609074
0.590845992566157
0.594489530614827
0.588446803858909
0.592331498613039
0.587361848274885
0.589076788826431
0.589998117577392
0.596853635441613
0.597600986342298
0.599315308349955
0.607015500657279
0.597870306888417
0.597959386225683
0.600221898711218
0.589809972249177
0.582167810076257
0.581246825186527
0.58269081042424
0.587052679194667
0.598847885926326
0.593405097634305
0.589704910391038
0.589595711017915
0.586114230065774
0.584479607179693
0.588584972237917
0.590629482520356
0.586642250253532
0.588954890654654
0.597194880183302
0.60601115510785
0.607951623905946
0.603832858204814
0.597100248529496
0.599460759048177
0.598698098630502
0.593885482183479
0.60043238657266
0.606288329094993
0.602740095055795
0.604829656534523
0.602401800761233
0.605373243535939
0.601201343243595
0.598244988626758
0.604273424174347
0.598101382560051
0.594907976795229
0.599178739709257
0.598317081830832
0.594826110678522
0.59687505397556
0.596613339348604
0.596996993249109
0.599279667221726
0.598016466339007
0.597608759318389
0.603026200271477
0.605201595846339
0.603633318381714
0.593054842266139
0.589429650358468
0.589280552254138
0.598824846705564
0.595098733988716
0.594535934010374
0.599883642523762
0.598464724015134
0.603477314899395
0.598604918429442
0.59992921499338
0.605512163619598
0.614942404782646
0.615586203678637
0.605019305728733
0.605972300932731
0.603170068173656
0.597608732502277
0.589352716001283
0.58703471381804
0.591875101559019
0.596667512363395
0.597608015963822
0.589918023597182
0.597938688687698
0.604899087228348
0.595989993461334
0.594580128126319
0.596224995170215
0.599099089936949
0.595494061686839
0.602067749846789
0.600327541221766
0.604191424370055
0.607339359190405
0.595471940595617
0.594583876398967
0.597712849962629
0.594446079863982
0.592846366790404
0.589774117593178
0.590490930619861
0.597707617806106
0.603165099443425
0.60463707533431
0.606817403730137
0.601001801274336
0.596855224275236
0.584280346343331
0.596714466918555
0.599610667871965
0.596253944355623
0.596302241634683
0.597965802759962
0.593518130233569
0.595987852690437
0.594143218756255
0.596935557101937
0.595507521616262
0.598391893111207
0.611761769234828
0.606264884304332
0.6086002401003
0.607824888123563
0.607520461699277
0.604647444998555
0.599825538311912
0.592056187857299
0.598931307181338
0.603695560232957
0.605964738060987
0.604204973044105
0.591583587250809
0.59887377776813
0.598650851155357
0.598452818393038
0.601392133585368
0.606502170132594
0.602963394398324
0.599016667103722
0.60336418830537
0.605004470704034
0.605265179934034
0.605654598325349
0.601607750821885
0.602996808695618
0.604463140742101
0.598179801631608
0.605111345906164
0.600716183124323
0.595489011859718
0.59951560433123
0.600978324022066
0.600497147046542
0.603015000124339
0.597073059693868
0.600825158084197
0.601050151539162
0.6000405799025
0.599661859973774
0.603397790606737
0.600209349905467
0.602764829448086
0.5974056440959
0.595863804555848
0.596112464523469
0.592573724757328
0.590536105058879
0.592960051672597
0.598689523779238
0.603185747999805
0.60022498707611
0.593530361253777
0.593804115057502
0.598402889074725
0.588203714256458
0.598655149911556
0.597150656107564
0.596162244421175
0.602132276527163
0.603379595315006
0.601550800936278
0.597844761020391
0.59356470098157
0.592582744992404
0.587711419159551
0.5950028530153
0.594027077441251
0.596297214509747
0.594855145260433
0.592914800521646
0.598513504264384
0.592220703487102
0.595160600763923
0.599719132536922
0.593137877269446
0.593199966868043
0.590342706459824
0.599936536207586
0.594292320331884
0.596387067833304
0.601954841792823
0.601386649517917
0.601986359827302
0.597886700642082
0.595495094820977
0.595125590523292
0.59085577717465
0.598402805613743
0.600258234414095
0.600510915889944
0.597449833398956
0.592668079392542
0.596374503810808
0.597874978120236
0.599236403575858
0.600698080594721
0.605360167463234
0.598226298657378
0.593464740407317
0.590136354785513
0.603691485946956
0.595879069283592
0.594262828110602
0.586592103656685
0.58467145920196
0.586805043840936
0.585933720289175
0.586042279505494
0.586030162348078
0.581692744364371
0.587501287351204
0.593974204498401
0.594672184834531
0.591223589229762
0.592062308644339
0.595459255657546
0.593174960200238
0.596947702744897
0.596112148564113
0.587487711341109
0.59113723700925
0.586408245382261
0.588539895205337
0.597344775728636
0.588460288592589
0.585192517313462
0.585453223245453
0.597575562762729
0.600510283978588
0.592894202961642
0.593002272409108
0.585274157854277
0.58247029308126
0.594040251062569
0.589022120851944
0.59136601781971
0.595092239982244
0.594797821051689
0.597155875729409
0.601202679765486
0.598584336621859
0.606486617560952
0.606506156695977
0.604010686160531
0.607147386696185
0.602620988108562
0.602706649840714
0.600839602863205
0.601185778604007
0.59986296991708
0.6093046017299
0.61006402756036
0.605082591736896
0.600534107581379
0.59349880597888
0.597530264342347
0.604920015868093
0.596225675412341
0.600626869380895
0.598513164971943
0.594545398295535
0.598708329300198
0.600391860994321
0.60330911853381
0.595875863198251
0.602907831823017
0.601283182471741
0.599459463122548
0.592267775293033
0.593376319316745
0.602648916843727
0.604124413193646
0.602499235768692
0.605460217157798
0.609917806520146
0.609239065844869
0.602964110904345
0.591337648130287
0.599505766224528
0.604783180859529
0.605515305739951
0.593850337999049
0.600028373402673
0.599982562304027
0.603242594651469
0.601473786042437
0.597097258017904
0.590512881823587
0.593311947828576
0.599810463179353
0.604216547682913
0.607229814723268
0.604633995923817
0.606753503209429
0.603842124404686
0.599954839134364
0.59657407830359
0.59959527408203
0.60139510414801
0.601962407846731
0.607503598876407
0.605902346439307
0.604757615058132
0.598574131249815
0.600285489855534
0.601475550433892
0.601724295708855
0.592240100815023
0.601081261770347
0.602430995576073
0.610481052457568
0.605772942343127
0.595272223781487
0.596936277464315
0.596078746635474
0.598808871234855
0.603562893209
0.596867300423939
0.598279885252666
0.594255009073437
0.596033619720827
0.59608764241883
0.605259906919107
0.599678477557572
0.599081534920839
0.603529165790669
0.599521199006434
0.608470736867675
0.595474623798886
0.597653546500987
0.598827858366272
0.606453582110432
0.60260714878142
0.604101598775104
0.600882708801789
0.600211302054804
0.599164497358589
0.600196948379375
0.597828729031638
0.598332676609051
0.598944881356919
0.597486792378794
0.592118844991804
0.594032426807379
0.598452144747223
0.600023159585186
0.598884869688007
0.600947412904435
0.607059339706032
0.609940391038379
0.607895326754391
0.598720617426601
0.601869384947049
0.595833097008014
0.600207005449492
0.596687288616616
0.596870619342927
0.60103543859295
0.604107075481071
0.606768851372062
0.599810203260097
0.597416773730501
0.604108847760684
0.602327765006506
0.598966399768314
0.609279018229259
0.604807962468745
0.599608208032365
0.594806875247966
0.598539316822598
0.596663328890368
0.597957360776396
0.604840617213292
0.606341738283666
0.608618578531204
0.599433840857789
0.605137948777053
0.599553015218521
0.60425324069784
0.60007964609206
0.596275694848387
0.596563018872226
0.599512089368736
0.600472207090111
0.60309975858945
0.602902692139272
0.601976930375687
0.596050901209517
0.605274753108669
0.607987461306739
0.605572900591767
0.601309289531704

