-0.381866009363765
-0.0736281027975957
-0.0736281027975957
-0.0736281027975957
-0.0103426210660976
-0.0103426210660976
-0.0103426210660976
-0.0103426210660976
-0.0103426210660976
-0.00963077631847975
-0.00963077631847975
-0.00602792177506728
-0.00602792177506728
-0.00602792177506728
-0.00602792177506728
-0.00602792177506728
-0.00602792177506728
-0.00602792177506728
-0.00600854348062652
-0.00600854348062652
-0.00600854348062652
-0.00517036161043383
-0.00390808025325307
-0.00340767091105543
-0.00340767091105543
-0.00340767091105543
-0.00220993490823285
-0.00220993490823285
-0.00220993490823285
-0.00220993490823285
-0.00220993490823285
-0.00130024585318411
-0.00130024585318411
-0.00102904537816861
-0.000617460817531001
-0.000464081865464205
-0.000464081865464205
-0.000464081865464205
-0.000209756528166793
-0.000209756528166793
-0.000209756528166793
-0.000209756528166793
-0.000209756528166793
-0.000209756528166793
-0.000209756528166793
-0.000209756528166793
-0.000147211122470181
-0.000147211122470181
-0.000118009883089631
-8.0516369283079E-05
-5.68611052816914E-05
-5.68611052816914E-05
-5.68611052816914E-05
-5.68611052816914E-05
-5.68611052816914E-05
-5.68611052816914E-05
-5.68611052816914E-05
-5.68611052816914E-05
-5.68611052816914E-05
-5.68611052816914E-05
-5.68611052816914E-05
-5.68611052816914E-05
-5.68611052816914E-05
-5.68611052816914E-05
-5.68611052816914E-05
-5.68611052816914E-05
-5.68611052816914E-05
-5.68611052816914E-05
-5.68611052816914E-05
-5.68611052816914E-05
-5.68611052816914E-05
-5.23488488021195E-05
-5.23488488021195E-05
-5.23488488021195E-05
-2.60836610527226E-05
-2.60836610527226E-05
-2.26530478523168E-05
-2.26530478523168E-05
-2.26530478523168E-05
-2.26530478523168E-05
-2.26530478523168E-05
-2.26530478523168E-05
-2.26530478523168E-05
-2.26530478523168E-05
-2.26530478523168E-05
-2.26530478523168E-05
-2.26530478523168E-05
-2.26530478523168E-05
-2.26530478523168E-05
-2.26530478523168E-05
-2.26530478523168E-05
-2.26530478523168E-05
-2.26530478523168E-05
-1.49506981851344E-05
-1.49506981851344E-05
-1.49506981851344E-05
-1.49506981851344E-05
-1.11450577581218E-05
-1.06610473191715E-05
-8.39363024085493E-06
-4.45210451738287E-06
-3.99276198403964E-06
-3.80850557335499E-06
-1.90735927296792E-06
-1.62117765145631E-06
-1.2974590568593E-07
-1.2974590568593E-07
-1.2974590568593E-07
-1.2974590568593E-07
-1.2974590568593E-07
-1.2974590568593E-07
-1.2974590568593E-07
-1.2974590568593E-07
-1.2974590568593E-07
-1.2974590568593E-07
-1.2974590568593E-07
-1.2974590568593E-07
-1.2974590568593E-07
-1.2974590568593E-07
-1.2974590568593E-07
-1.2974590568593E-07
-1.2974590568593E-07
-1.2974590568593E-07
-1.2974590568593E-07
-1.2974590568593E-07
-1.2974590568593E-07
-1.2974590568593E-07
-1.2974590568593E-07
-1.2974590568593E-07
-1.2974590568593E-07
-3.83130356329531E-08
-3.83130356329531E-08
-3.83130356329531E-08
-3.83130356329531E-08
-3.83130356329531E-08
-3.83130356329531E-08
-3.83130356329531E-08
-3.83130356329531E-08
-3.38251558984481E-08
-3.38251558984481E-08
-3.38251558984481E-08
-3.38251558984481E-08
-3.38251558984481E-08
-3.38251558984481E-08
-3.38251558984481E-08
-3.38251558984481E-08
-3.38251558984481E-08
-3.06929637261533E-08
-2.08404754564739E-08
-2.08404754564739E-08
-2.08404754564739E-08
-2.08404754564739E-08
-2.08404754564739E-08
-2.08404754564739E-08
-1.95456495433177E-09
-1.95456495433177E-09
-1.95456495433177E-09
-1.95456495433177E-09
-1.95456495433177E-09
-1.95456495433177E-09
-1.95456495433177E-09
-1.95456495433177E-09
-1.95456495433177E-09
-1.95456495433177E-09
-1.95456495433177E-09
-1.95456495433177E-09
-1.95456495433177E-09
-1.95456495433177E-09
-1.95456495433177E-09
-1.95456495433177E-09
-1.95456495433177E-09
-1.95456495433177E-09
-1.95456495433177E-09
-1.95456495433177E-09
-1.95456495433177E-09
-1.95456495433177E-09
-1.95456495433177E-09
-1.95456495433177E-09
-1.95456495433177E-09
-1.95456495433177E-09
-1.95456495433177E-09
-1.95456495433177E-09
-1.95456495433177E-09
-1.95456495433177E-09
-1.95456495433177E-09
-1.95456495433177E-09
-1.86526261103381E-09
-1.86526261103381E-09
-1.86526261103381E-09
-1.5810871500932E-09
-1.01572528166116E-09
-6.96473656525143E-10
-6.96473656525143E-10
-6.96473656525143E-10
-6.96473656525143E-10
-6.96473656525143E-10
-6.96473656525143E-10
-6.96473656525143E-10
-6.96473656525143E-10
-6.21310003445785E-10
-5.56328982881382E-10
-5.56328982881382E-10
-5.56328982881382E-10
-5.56328982881382E-10
-5.56328982881382E-10
-4.35431135592523E-10
-4.35431135592523E-10
-4.35431135592523E-10
-4.35431135592523E-10
-3.70201425070604E-10
-3.70201425070604E-10
-3.70201425070604E-10
-3.70201425070604E-10
-3.22243121075871E-10
-3.22243121075871E-10
-6.1800009554247E-11
-6.1800009554247E-11
-6.1800009554247E-11
-6.1800009554247E-11
-4.3090087054054E-11
-4.3090087054054E-11
-4.3090087054054E-11
-4.3090087054054E-11
-3.6750380516537E-11
-3.6750380516537E-11
-3.6750380516537E-11
-3.6750380516537E-11
-2.99807956238851E-11
-2.99807956238851E-11
-2.20318208121739E-11
-2.20318208121739E-11
-1.38941080862764E-11
-1.38941080862764E-11
-1.38941080862764E-11
-1.38941080862764E-11
-1.29337651699757E-11
-1.29337651699757E-11
-1.29337651699757E-11
-1.29337651699757E-11
-1.2515211089692E-11
-1.21505028261026E-11
-1.19967369371921E-11
-1.19967369371921E-11
-1.19967369371921E-11
-1.19967369371921E-11
-1.19967369371921E-11
-1.19967369371921E-11
-1.19967369371921E-11
-1.19757537220266E-11
-1.19757537220266E-11
-1.19757537220266E-11
-1.19757537220266E-11
-6.25577367685537E-12
-6.25577367685537E-12
-6.25577367685537E-12
-6.25577367685537E-12
-6.25577367685537E-12
-6.25577367685537E-12
-2.31137331496711E-12
-2.31137331496711E-12
-1.9817480989559E-13
-1.9817480989559E-13
-1.9817480989559E-13
-1.9817480989559E-13
-1.9817480989559E-13
-1.9817480989559E-13
-1.9817480989559E-13
-1.9817480989559E-13
-1.9817480989559E-13
-1.0857981180834E-13
-1.0857981180834E-13
-1.0857981180834E-13
-1.0857981180834E-13
-1.0857981180834E-13
-1.0857981180834E-13
-1.0857981180834E-13
-1.0857981180834E-13
-1.0857981180834E-13
-1.0857981180834E-13
-1.0857981180834E-13
-1.0857981180834E-13
-1.0857981180834E-13
-1.0857981180834E-13
-1.0857981180834E-13
-1.0857981180834E-13
-1.0857981180834E-13
-1.0857981180834E-13
-1.0857981180834E-13
-1.0857981180834E-13
-1.0857981180834E-13
-9.80326930744013E-14
-9.80326930744013E-14
-9.80326930744013E-14
-9.80326930744013E-14
-9.80326930744013E-14
-9.80326930744013E-14
-5.40678612992451E-14
-5.40678612992451E-14
-5.40678612992451E-14
-5.40678612992451E-14
-1.68753899743024E-14
-1.68753899743024E-14
-1.68753899743024E-14
-1.68753899743024E-14
-1.68753899743024E-14
-1.68753899743024E-14
-1.68753899743024E-14
-1.68753899743024E-14
-1.68753899743024E-14
-1.68753899743024E-14
-1.68753899743024E-14
-1.68753899743024E-14
-1.31006316905768E-14
-1.31006316905768E-14
-1.31006316905768E-14
-1.31006316905768E-14
-9.76996261670138E-15
-4.21884749357559E-15
-4.21884749357559E-15
-2.66453525910038E-15
-2.66453525910038E-15
-2.44249065417534E-15
-2.44249065417534E-15
-2.44249065417534E-15
-2.44249065417534E-15
-2.44249065417534E-15
-2.44249065417534E-15
-2.44249065417534E-15
-2.44249065417534E-15
-2.44249065417534E-15
-2.44249065417534E-15
-2.44249065417534E-15
-2.44249065417534E-15
-2.44249065417534E-15
-2.44249065417534E-15
-2.44249065417534E-15
-2.44249065417534E-15
-2.44249065417534E-15
-2.44249065417534E-15
-2.33146835171283E-15
-2.33146835171283E-15
-2.33146835171283E-15
-2.33146835171283E-15
-1.77635683940025E-15
-1.77635683940025E-15
-1.77635683940025E-15
-1.77635683940025E-15
-1.77635683940025E-15
-1.66533453693773E-15
-1.66533453693773E-15
-1.66533453693773E-15
-1.66533453693773E-15
-1.4432899320127E-15
-1.22124532708767E-15
-8.88178419700125E-16
-8.88178419700125E-16
-8.88178419700125E-16
-8.88178419700125E-16
-8.88178419700125E-16
-8.88178419700125E-16
-5.55111512312578E-16
-5.55111512312578E-16
-5.55111512312578E-16
-5.55111512312578E-16
-5.55111512312578E-16
-5.55111512312578E-16
-5.55111512312578E-16
-5.55111512312578E-16
-5.55111512312578E-16
-5.55111512312578E-16
-5.55111512312578E-16
-5.55111512312578E-16
-4.44089209850063E-16
-4.44089209850063E-16
-4.44089209850063E-16
-4.44089209850063E-16
-4.44089209850063E-16
-4.44089209850063E-16
-2.22044604925031E-16
-2.22044604925031E-16
-2.22044604925031E-16
-2.22044604925031E-16
-2.22044604925031E-16
-2.22044604925031E-16
-2.22044604925031E-16
-2.22044604925031E-16
-1.11022302462516E-16
-1.11022302462516E-16
-1.11022302462516E-16
-1.11022302462516E-16
-1.11022302462516E-16
-1.11022302462516E-16
-1.11022302462516E-16
-1.11022302462516E-16
-1.11022302462516E-16
-1.11022302462516E-16
-1.11022302462516E-16
-1.11022302462516E-16
-1.11022302462516E-16
-1.11022302462516E-16
-1.11022302462516E-16
-1.11022302462516E-16
-1.11022302462516E-16
-1.11022302462516E-16
-1.11022302462516E-16
-1.11022302462516E-16
-1.11022302462516E-16
-1.11022302462516E-16
-1.11022302462516E-16
-1.11022302462516E-16
-1.11022302462516E-16
-1.11022302462516E-16
-1.11022302462516E-16
-1.11022302462516E-16
-1.11022302462516E-16
-1.11022302462516E-16
-1.11022302462516E-16
-1.11022302462516E-16
-1.11022302462516E-16
-1.11022302462516E-16
-1.11022302462516E-16
-1.11022302462516E-16
-1.11022302462516E-16
-1.11022302462516E-16
-1.11022302462516E-16
-1.11022302462516E-16
-1.11022302462516E-16
-1.11022302462516E-16
-1.11022302462516E-16
-1.11022302462516E-16
-1.11022302462516E-16
-1.11022302462516E-16
-1.11022302462516E-16
-1.11022302462516E-16
-1.11022302462516E-16
-1.11022302462516E-16
-1.11022302462516E-16
-1.11022302462516E-16
-1.11022302462516E-16
-1.11022302462516E-16
-1.11022302462516E-16
-1.11022302462516E-16
-1.11022302462516E-16
-1.11022302462516E-16
-1.11022302462516E-16
-1.11022302462516E-16
-1.11022302462516E-16
-1.11022302462516E-16
-1.11022302462516E-16
-1.11022302462516E-16
-1.11022302462516E-16
-1.11022302462516E-16
-1.11022302462516E-16
-1.11022302462516E-16
-1.11022302462516E-16
-1.11022302462516E-16
-1.11022302462516E-16
-1.11022302462516E-16
-1.11022302462516E-16
-1.11022302462516E-16
-1.11022302462516E-16
-1.11022302462516E-16
-1.11022302462516E-16
-1.11022302462516E-16
-1.11022302462516E-16
-1.11022302462516E-16
-1.11022302462516E-16
-1.11022302462516E-16
-1.11022302462516E-16
-1.11022302462516E-16
-1.11022302462516E-16
-1.11022302462516E-16
-1.11022302462516E-16
-1.11022302462516E-16
-1.11022302462516E-16
-1.11022302462516E-16
-1.11022302462516E-16
-1.11022302462516E-16
-1.11022302462516E-16
-1.11022302462516E-16
-1.11022302462516E-16
-1.11022302462516E-16
-1.11022302462516E-16
-1.11022302462516E-16
-1.11022302462516E-16
-1.11022302462516E-16
-1.11022302462516E-16
-1.11022302462516E-16
-1.11022302462516E-16
-1.11022302462516E-16
-1.11022302462516E-16
-1.11022302462516E-16
-1.11022302462516E-16
-1.11022302462516E-16
-1.11022302462516E-16
-1.11022302462516E-16
-1.11022302462516E-16
-1.11022302462516E-16
-1.11022302462516E-16
-1.11022302462516E-16

