0.498164575345394
0.486904078599301
0.469310117753963
0.470363715827993
0.476443174664916
0.494450565839041
0.518369625509065
0.544008217009528
0.555336168901556
0.564082206282411
0.565358520006028
0.56222126144997
0.554564859582624
0.571499910122446
0.586818892743864
0.588015057885902
0.596199292774192
0.583286353704184
0.587135804925797
0.587820823148338
0.583288976978093
0.57587104631837
0.573817722309324
0.584307744755112
0.582150657836738
0.568633399739268
0.559781366188377
0.562363271150087
0.563617539403397
0.563535478778241
0.557670770965906
0.5580594248895
0.56313881450786
0.563654354833157
0.563222770237426
0.553982166657064
0.561593351247285
0.557006991069825
0.560811898752466
0.560163373132435
0.556456557865282
0.5591780563194
0.562477116780091
0.555483120272131
0.557743712227739
0.558490120594088
0.558359377215738
0.566404752240237
0.56601515648454
0.570573346073142
0.573997140525699
0.562343739459857
0.559654558029163
0.559703627162331
0.556917089578353
0.558878946847413
0.557333332400909
0.551406442528164
0.552801537879589
0.547110809110756
0.545302554336456
0.540056659385615
0.54327231622163
0.554579579330539
0.555225311867559
0.554656378873478
0.558634542363201
0.558975645785068
0.554607287464373
0.548664395644774
0.552482267254034
0.545734020882621
0.550814322596636
0.551234439944778
0.546927202566899
0.548489691668643
0.55338893088365
0.553924944540446
0.553741806768919
0.554499384865519
0.555378856550357
0.553024183935644
0.551753433852335
0.555947019505361
0.557592828368049
0.552242148050182
0.54494294174825
0.549014546606366
0.551472854045063
0.541684300771721
0.552859184892196
0.55656421634082
0.552300019644025
0.554984349836185
0.547235698239315
0.547581729587129
0.548954724276838
0.548650700492585
0.555338024819373
0.550940541895374
0.542812642975706
0.545454928409117
0.555134028336118
0.557464450689827
0.557620648556813
0.548744518063185
0.548914849217055
0.546355499109239
0.548412120013878
0.541014621664738
0.544484044325209
0.555655054508738
0.555979445575389
0.551289186750951
0.556472926900482
0.555899587984163
0.560552397656212
0.560846715801401
0.552080445187832
0.555012108834432
0.559896435159852
0.564602391206916
0.552304580121948
0.55365705325494
0.558826513458821
0.556478949363069
0.57051156319776
0.560318531709102
0.557018334347925
0.553689867979711
0.557754901363147
0.563233856475022
0.563425466291642
0.563430774563468
0.560636039784627
0.561222631525278
0.560743304120362
0.566514372475496
0.564264416606534
0.553613255078807
0.550520585584954
0.558726385484635
0.557749776975797
0.555712294534355
0.548625532690958
0.555035266152162
0.561770747004577
0.549475295549889
0.553486909740313
0.553132249837614
0.55749655115156
0.557969102948166
0.557329189021669
0.556875663736235
0.565519950463478
0.562577333213279
0.560614799025813
0.556882638376747
0.560352804249269
0.551904611473012
0.553024426905034
0.549682219080855
0.558672317711571
0.560146627770195
0.558018505177455
0.55440417375266
0.561318206937318
0.563001416873956
0.564752428739752
0.565672718743998
0.559806522739895
0.559554762503003
0.566085542734882
0.568359093461916
0.572179745249604
0.558474700244718
0.556909155284097
0.561252452220401
0.55761180602741
0.55410701458589
0.555802048898281
0.556754917468928
0.558751841081007
0.560836541593118
0.565081235505123
0.559155528569256
0.550459485800957
0.546656926180829
0.554736700994245
0.560084973156123
0.565343870578141
0.563472030258295
0.563017855101868
0.561973163257176
0.555791773099597
0.554942798501324
0.564913082276313
0.560406527328223
0.557701879946908
0.556967442957227
0.560916240028538
0.55996818558993
0.555707044703082
0.55829169538577
0.564786109943465
0.570510824637785
0.567345693966037
0.552931199748655
0.554001193260139
0.554512030624687
0.562132277010041
0.564143086862645
0.562577117945275
0.562046208686522
0.559091624839802
0.56042129367406
0.55727805464824
0.564114179164302
0.566501228259275
0.566333191961302
0.56516594177839
0.564984809452077
0.56196360412364
0.561142248391925
0.558724199141147
0.559067375812228
0.55320047737148
0.551263069902112
0.563795450229912
0.556736340979374
0.545049713198655
0.542110562254978
0.547832627250403
0.551111981627397
0.559924923071474
0.564867945718448
0.560995985164972
0.554309311997146
0.544974814583548
0.543467654783816
0.555970625250363
0.557116622527988
0.560578700783632
0.564045561483962
0.56325047301509
0.565400053758706
0.556716319825163
0.556611143769153
0.564804120461479
0.559907236239031
0.555611366397936
0.555357767075263
0.556512146470965
0.559758685737579
0.559130731440537
0.560429695401268
0.5571814932516
0.551808394989004
0.547165386035818
0.557351962329906
0.559285618925494
0.559934010138166
0.557732165545936
0.565931180848991
0.565030648337365
0.568594867424964
0.555340775644622
0.548964714673489
0.554468161866435
0.56124390682271
0.563550310932715
0.555179249853986
0.553000968130051
0.553994342639366
0.560719090992801
0.560578685483809
0.562558394662588
0.556159065493964
0.556459344003021
0.560197092593958
0.554126672114807
0.552204207768519
0.550970294210965
0.557536104393838
0.562129550439976
0.565142015026798
0.558494735825034
0.554032441867476
0.553894803043057
0.556100879094387
0.553038070489607
0.548127840912583
0.550794445873788
0.55550096269196
0.547285802111914
0.545623773682206
0.559303820169776
0.556374180989901
0.562670179495215
0.55910228879273
0.558565067757998
0.561728462164289
0.560426169731319
0.55881609011797
0.560475133350869
0.554673849569896
0.55124204453768
0.556418569849269
0.559124843478404
0.560266867616456
0.560893432932288
0.561558867215372
0.558001761132025
0.561711772545889
0.553917385292849
0.555252635851871
0.560639996899485
0.556638962373242
0.557666377116844
0.557594660785097
0.555051987147157
0.559818544432326
0.559666950817102
0.561312215931082
0.556464501654313
0.547115867512882
0.550140002078151
0.554524812180952
0.559613775316533
0.555939337045955
0.562141639133615
0.575539519117652
0.573321579025896
0.563491949512147
0.562122016025227
0.563026125650298
0.561773195774615
0.556672573117816
0.557768432921847
0.558298271878033
0.557711489571249
0.558193490904143
0.564874625708841
0.569235744057053
0.56847377841131
0.569989607504183
0.566113141156309
0.561513505979157
0.565233129408495
0.566957410188662
0.55825859934535
0.558657939999056
0.561763873607778
0.554103419383197
0.556773063811859
0.556886058538222
0.559697309144207
0.5633870670508
0.558307458490762
0.553748474444292
0.56579441016311
0.566075936719018
0.552504695210839
0.549513519315131
0.555536168215499
0.558024382221102
0.554844827028285
0.550678749602449
0.550062938559922
0.558854943975263
0.554498554563454
0.569965924689265
0.564797611564293
0.561999005198817
0.554661664610197
0.555875316011318
0.558616143865611
0.567355764474606
0.560709927064915
0.557486526589568
0.562989931690607
0.559865149774915
0.547529848208167
0.549812063494927
0.564921818009299
0.566453520840994
0.568435196298044
0.558757171307602
0.562893397004339
0.560574620213188
0.566221750467351
0.568509377591522
0.564426611721502
0.559659448136505
0.556771005935334
0.558869921988423
0.556805197308771
0.562370138196369
0.563358283068805
0.561222811986768
0.566282088651046
0.567395909497666
0.564649503656693
0.558070008076583
0.54885835965175
0.556126725916523
0.564686114392629
0.558795426068141
0.55259330197828
0.554537977351903
0.55798566609677
0.554840926917032
0.562855553528928
0.562478563478698
0.558086714544042
0.564147536446273
0.568539033367023
0.571680160113747
0.580825190463137
0.575259386404269
0.562345351036252
0.554828623139121
0.551163850203901
0.559631145806536
0.562053840281237
0.56411949675018
0.559589130133802
0.556030357989997
0.560470120725554
0.563925356016706
0.558432505376842
0.553847271804183
0.555312922756126
0.554087564725892
0.566182810668288
0.56464806073715
0.554301248769879
0.55397127712086
0.55876369148835
0.553901799152185
0.544486157460283
0.552395808612115
0.557568757871605
0.560829152293284
0.567304495766953
0.572264564319977
0.555987896292526
0.557086815278955
0.566477995242421
0.565919544079222
0.563688524906806
0.55872786196666
0.558339649906795
0.548972967356899
0.549416432884547
0.55951620790599
0.558213042042293
0.552823611207997
0.551811348107703
0.566267108031355
0.574031024891261
0.567927013616606
0.564786756895949
0.557187050189408
0.553931643424845
0.553748850224835
0.563464620576795
0.568084229860927
0.566185878666015
0.564067730702166
0.568931778201657
0.564143381574081
0.564560467870319
0.558437494446356
0.557811537747057
0.555333805626825
0.55847502074739
0.564716927265347
0.571852001936315
0.566708447060196
0.561020529463701
0.563343605103962
0.570483641340188
0.572493774537713
0.569461527389996
0.565200571636371
0.55993108038734
0.558827091248151
0.55651376501071
0.558139524730981
0.555937152722843
0.560844461035078
0.562284085403125
0.55840560060003
0.567178245399199
0.575145396809235
0.572302390839603
0.566757758189507
0.569741733021802
0.566886616137857

