-0.974393951576294
-0.106370728232514
-0.106370728232514
-0.0647600074563608
-0.0365055663255565
-0.0115405345537841
-0.0115405345537841
-0.0115405345537841
-0.0115405345537841
-0.00950307450596755
-0.00950307450596755
-0.00950307450596755
-0.007643979515915
-0.007643979515915
-0.007643979515915
-0.007643979515915
-0.007643979515915
-0.00655721925136366
-0.000358227582916926
-0.000358227582916926
-0.000358227582916926
-0.000358227582916926
-0.000358227582916926
-0.000358227582916926
-0.000358227582916926
-0.000358227582916926
-0.000358227582916926
-0.000358227582916926
-0.000358227582916926
-0.000358227582916926
-0.000358227582916926
-0.000358227582916926
-0.000358227582916926
-0.000358227582916926
-0.000358227582916926
-0.000337328319680807
-0.000337328319680807
-0.000206675112592314
-0.000206675112592314
-0.000206675112592314
-0.000206675112592314
-0.000206675112592314
-0.000206675112592314
-0.000206675112592314
-0.000206675112592314
-0.000206675112592314
-0.000143026780606959
-0.000143026780606959
-0.000143026780606959
-0.000143026780606959
-0.000143026780606959
-0.000143026780606959
-5.76426617958647E-05
-5.76426617958647E-05
-5.76426617958647E-05
-5.76426617958647E-05
-2.3681187695912E-05
-2.3681187695912E-05
-2.3681187695912E-05
-2.3681187695912E-05
-2.3681187695912E-05
-2.3681187695912E-05
-2.3681187695912E-05
-2.01845085554542E-05
-1.51362751343864E-05
-1.08778844011281E-05
-1.08778844011281E-05
-1.08778844011281E-05
-1.08778844011281E-05
-1.08778844011281E-05
-1.08778844011281E-05
-4.52753672541828E-06
-4.52753672541828E-06
-4.52753672541828E-06
-4.52753672541828E-06
-4.52753672541828E-06
-4.52753672541828E-06
-4.52753672541828E-06
-4.52753672541828E-06
-4.52753672541828E-06
-4.52753672541828E-06
-4.52753672541828E-06
-4.52753672541828E-06
-4.52753672541828E-06
-4.52753672541828E-06
-3.79986148257849E-06
-3.79986148257849E-06
-3.79986148257849E-06
-3.79986148257849E-06
-3.79986148257849E-06
-3.79986148257849E-06
-3.78221536101453E-06
-3.78221536101453E-06
-3.78221536101453E-06
-3.78221536101453E-06
-3.77124878192525E-06
-3.77124878192525E-06
-3.77124878192525E-06
-3.77124878192525E-06
-3.77124878192525E-06
-3.14650426513907E-06
-3.14650426513907E-06
-1.91707130481333E-06
-5.3429363977564E-07
-4.74912367431912E-07
-4.74912367431912E-07
-4.74912367431912E-07
-3.90573021591401E-07
-3.90573021591401E-07
-3.90573021591401E-07
-3.56517863120409E-07
-3.56517863120409E-07
-3.28791824877328E-07
-3.28791824877328E-07
-3.28791824877328E-07
-3.14881708929349E-07
-3.14881708929349E-07
-3.14881708929349E-07
-3.14881708929349E-07
-3.14881708929349E-07
-3.14881708929349E-07
-3.14881708929349E-07
-2.94041814452584E-07
-1.40377412249926E-07
-1.40377412249926E-07
-1.29419665872987E-07
-1.29419665872987E-07
-1.29419665872987E-07
-8.8635382922142E-08
-8.8635382922142E-08
-8.8635382922142E-08
-8.8635382922142E-08
-8.8635382922142E-08
-8.8635382922142E-08
-8.8635382922142E-08
-8.8635382922142E-08
-8.8635382922142E-08
-7.43156230997855E-08
-7.43156230997855E-08
-7.43156230997855E-08
-7.43156230997855E-08
-7.43156230997855E-08
-7.43156230997855E-08
-7.43156230997855E-08
-7.43156230997855E-08
-7.39652997738816E-08
-7.39652997738816E-08
-7.39652997738816E-08
-7.39652997738816E-08
-6.78839688905697E-08
-6.78839688905697E-08
-1.97766395482191E-08
-1.97766395482191E-08
-1.97766395482191E-08
-1.97766395482191E-08
-1.97766395482191E-08
-1.97766395482191E-08
-1.97766395482191E-08
-1.97766395482191E-08
-1.55104578070109E-08
-1.55104578070109E-08
-1.55104578070109E-08
-1.55104578070109E-08
-1.55104578070109E-08
-1.55104578070109E-08
-1.11289695237105E-08
-1.11289695237105E-08
-1.11289695237105E-08
-1.00707577832537E-08
-1.00707577832537E-08
-7.56880480512478E-09
-7.1109995669616E-09
-7.1109995669616E-09
-7.1109995669616E-09
-7.1109995669616E-09
-6.99643565305053E-09
-6.49624543047622E-09
-6.13118678050029E-09
-5.86475223940397E-09
-5.67029756481929E-09
-5.52837675638074E-09
-5.42479727805301E-09
-3.89823562318981E-09
-3.89823562318981E-09
-3.89823562318981E-09
-3.53999130009441E-09
-2.68618804977194E-09
-2.68618804977194E-09
-2.68618804977194E-09
-2.68618804977194E-09
-2.68618804977194E-09
-2.68618804977194E-09
-2.50957565839371E-09
-2.50957565839371E-09
-2.50957565839371E-09
-2.50957565839371E-09
-2.28224605880456E-09
-2.28224605880456E-09
-2.28224605880456E-09
-2.28224605880456E-09
-2.28224605880456E-09
-1.86994530970708E-09
-5.82078829580723E-11
-5.82078829580723E-11
-5.82078829580723E-11
-5.82078829580723E-11
-5.82078829580723E-11
-5.82078829580723E-11
-5.82078829580723E-11
-5.82078829580723E-11
-5.82078829580723E-11
-5.82078829580723E-11
-5.82078829580723E-11
-5.82078829580723E-11
-5.82078829580723E-11
-5.82078829580723E-11
-5.82078829580723E-11
-5.82078829580723E-11
-5.82078829580723E-11
-5.82078829580723E-11
-5.82078829580723E-11
-5.82078829580723E-11
-5.82078829580723E-11
-5.82078829580723E-11
-5.82078829580723E-11
-5.82078829580723E-11
-5.82078829580723E-11
-5.82078829580723E-11
-5.82078829580723E-11
-5.82078829580723E-11
-5.82078829580723E-11
-5.82078829580723E-11
-5.82078829580723E-11
-5.82078829580723E-11
-5.82078829580723E-11
-5.82078829580723E-11
-5.82078829580723E-11
-5.82078829580723E-11
-5.82078829580723E-11
-5.82078829580723E-11
-5.82078829580723E-11
-3.09323677782913E-11
-3.09323677782913E-11
-3.09323677782913E-11
-2.48888687437443E-11
-2.48888687437443E-11
-2.17879048136638E-11
-2.17879048136638E-11
-2.17879048136638E-11
-1.675670713297E-11
-1.675670713297E-11
-1.31071820064221E-11
-1.31071820064221E-11
-1.31071820064221E-11
-1.31071820064221E-11
-1.31071820064221E-11
-1.31071820064221E-11
-1.31071820064221E-11
-1.31071820064221E-11
-1.31071820064221E-11
-3.20998783109872E-12
-3.20998783109872E-12
-3.20998783109872E-12
-1.6805445923751E-12
-1.6805445923751E-12
-1.6805445923751E-12
-1.6805445923751E-12
-1.6805445923751E-12
-1.6805445923751E-12
-1.6805445923751E-12
-1.31472610576111E-12
-1.31472610576111E-12
-1.31472610576111E-12
-1.31472610576111E-12
-1.31472610576111E-12
-1.31472610576111E-12
-1.31472610576111E-12
-1.31472610576111E-12
-1.31472610576111E-12
-9.41913214091983E-13
-1.31450406115619E-13
-1.31450406115619E-13
-1.31450406115619E-13
-1.31450406115619E-13
-1.31450406115619E-13
-1.31450406115619E-13
-1.31450406115619E-13
-1.31450406115619E-13
-1.30340183090993E-13
-1.30340183090993E-13
-1.30340183090993E-13
-1.30340183090993E-13
-1.30340183090993E-13
-1.30340183090993E-13
-1.30340183090993E-13
-1.10800257857591E-13
-1.10800257857591E-13
-1.07358566481253E-13
-1.07358566481253E-13
-1.07358566481253E-13
-1.07358566481253E-13
-1.07358566481253E-13
-1.07358566481253E-13
-1.07358566481253E-13
-1.07358566481253E-13
-9.74775815620887E-14
-9.74775815620887E-14
-9.01501095995627E-14
-9.01501095995627E-14
-9.01501095995627E-14
-8.60422844084496E-14
-5.28466159721575E-14
-5.28466159721575E-14
-5.28466159721575E-14
-5.28466159721575E-14
-5.28466159721575E-14
-5.28466159721575E-14
-4.2854608750531E-14
-2.80886425230165E-14
-2.64233079860787E-14
-1.31006316905768E-14
-1.31006316905768E-14
-1.77635683940025E-15
-1.77635683940025E-15
-1.77635683940025E-15
-1.77635683940025E-15
-1.77635683940025E-15
-1.22124532708767E-15
-1.22124532708767E-15
-1.22124532708767E-15
-1.22124532708767E-15
-1.22124532708767E-15
-1.11022302462516E-15
-1.11022302462516E-15
-1.11022302462516E-15
-1.11022302462516E-15
-1.11022302462516E-15
-1.11022302462516E-15
-1.11022302462516E-15
-9.99200722162641E-16
-9.99200722162641E-16
-8.88178419700125E-16
-3.33066907387547E-16
-1.11022302462516E-16
-1.11022302462516E-16
-1.11022302462516E-16
-1.11022302462516E-16
-1.11022302462516E-16
-1.11022302462516E-16
-1.11022302462516E-16
-1.11022302462516E-16
-1.11022302462516E-16
-1.11022302462516E-16
-1.11022302462516E-16
-1.11022302462516E-16
-1.11022302462516E-16
-1.11022302462516E-16
-1.11022302462516E-16
-1.11022302462516E-16
-1.11022302462516E-16
-1.11022302462516E-16
-1.11022302462516E-16
-1.11022302462516E-16
-1.11022302462516E-16
-1.11022302462516E-16
-1.11022302462516E-16
-1.11022302462516E-16
-1.11022302462516E-16
-1.11022302462516E-16
-1.11022302462516E-16
-1.11022302462516E-16
-1.11022302462516E-16
-1.11022302462516E-16
-1.11022302462516E-16
-1.11022302462516E-16
-1.11022302462516E-16
-1.11022302462516E-16
-1.11022302462516E-16
-1.11022302462516E-16
-1.11022302462516E-16
-1.11022302462516E-16
-1.11022302462516E-16
-1.11022302462516E-16
-1.11022302462516E-16
-1.11022302462516E-16
-1.11022302462516E-16
-1.11022302462516E-16
-1.11022302462516E-16
-1.11022302462516E-16
-1.11022302462516E-16
-1.11022302462516E-16
-1.11022302462516E-16
-1.11022302462516E-16
-1.11022302462516E-16
-1.11022302462516E-16
-1.11022302462516E-16
-1.11022302462516E-16
-1.11022302462516E-16
-1.11022302462516E-16
-1.11022302462516E-16
-1.11022302462516E-16
-1.11022302462516E-16
-1.11022302462516E-16
-1.11022302462516E-16
-1.11022302462516E-16
-1.11022302462516E-16
-1.11022302462516E-16
-1.11022302462516E-16
-1.11022302462516E-16
-1.11022302462516E-16
-1.11022302462516E-16
-1.11022302462516E-16
-1.11022302462516E-16
-1.11022302462516E-16
-1.11022302462516E-16
-1.11022302462516E-16
-1.11022302462516E-16
-1.11022302462516E-16
-1.11022302462516E-16
-1.11022302462516E-16
-1.11022302462516E-16
-1.11022302462516E-16
-1.11022302462516E-16
-1.11022302462516E-16
-1.11022302462516E-16
-1.11022302462516E-16
-1.11022302462516E-16
-1.11022302462516E-16
-1.11022302462516E-16
-1.11022302462516E-16
-1.11022302462516E-16
-1.11022302462516E-16
-1.11022302462516E-16
-1.11022302462516E-16
-1.11022302462516E-16
-1.11022302462516E-16
-1.11022302462516E-16
-1.11022302462516E-16
-1.11022302462516E-16
-1.11022302462516E-16
-1.11022302462516E-16
-1.11022302462516E-16
-1.11022302462516E-16
-1.11022302462516E-16
-1.11022302462516E-16
-1.11022302462516E-16
-1.11022302462516E-16
-1.11022302462516E-16
-1.11022302462516E-16
-1.11022302462516E-16
-1.11022302462516E-16
-1.11022302462516E-16
-1.11022302462516E-16
-1.11022302462516E-16
-1.11022302462516E-16
-1.11022302462516E-16
-1.11022302462516E-16
-1.11022302462516E-16
-1.11022302462516E-16
-1.11022302462516E-16
-1.11022302462516E-16
-1.11022302462516E-16
-1.11022302462516E-16
-1.11022302462516E-16
-1.11022302462516E-16
-1.11022302462516E-16
-1.11022302462516E-16
-1.11022302462516E-16
-1.11022302462516E-16
-1.11022302462516E-16
-1.11022302462516E-16
-1.11022302462516E-16
-1.11022302462516E-16
-1.11022302462516E-16
-1.11022302462516E-16
-1.11022302462516E-16
-1.11022302462516E-16
-1.11022302462516E-16
-1.11022302462516E-16
-1.11022302462516E-16
-1.11022302462516E-16
-1.11022302462516E-16
-1.11022302462516E-16
-1.11022302462516E-16
-1.11022302462516E-16
-1.11022302462516E-16
-1.11022302462516E-16
-1.11022302462516E-16
-1.11022302462516E-16
-1.11022302462516E-16
-1.11022302462516E-16
-1.11022302462516E-16
-1.11022302462516E-16
-1.11022302462516E-16
-1.11022302462516E-16
-1.11022302462516E-16
-1.11022302462516E-16
-1.11022302462516E-16
-1.11022302462516E-16
-1.11022302462516E-16

