-1.30642967531333
-0.36984263522104
-0.230423538895911
-0.0661456679518507
-0.0393666774514686
-0.0393666774514686
-0.0393666774514686
-0.0321149369381205
-0.0220803446564711
-0.0183097680314636
-0.0183097680314636
-0.0183097680314636
-0.00999724090214449
-0.00999724090214449
-0.00999724090214449
-0.00999724090214449
-0.00928292789429563
-0.00928292789429563
-0.00928292789429563
-0.00616721865939429
-0.00616721865939429
-0.00565504156162355
-0.00332360657192599
-0.00332360657192599
-0.00191091777562524
-0.00132752877372655
-0.00132752877372655
-0.000848399522281107
-0.000848399522281107
-0.000848399522281107
-0.000848399522281107
-0.000848399522281107
-0.000682677351359184
-0.000682677351359184
-0.000682677351359184
-0.000682677351359184
-0.000682677351359184
-0.000682677351359184
-0.000427176960264508
-0.000427176960264508
-0.000427176960264508
-0.000427176960264508
-0.000427176960264508
-0.000427176960264508
-0.000427176960264508
-0.000405502235106159
-0.000405502235106159
-0.000405502235106159
-0.000405502235106159
-0.000187759522989217
-0.000187759522989217
-0.000187759522989217
-0.000187759522989217
-0.000187759522989217
-0.000187759522989217
-0.000187759522989217
-0.000187759522989217
-0.000187759522989217
-0.000185985782670151
-0.000152893687402789
-0.000152893687402789
-0.000140721341358452
-0.000140721341358452
-9.45771381890559E-05
-9.45771381890559E-05
-8.33355195652974E-05
-8.33355195652974E-05
-8.33355195652974E-05
-6.89299856888592E-05
-9.08706304436624E-06
-9.08706304436624E-06
-9.08706304436624E-06
-9.08706304436624E-06
-9.08706304436624E-06
-9.08706304436624E-06
-9.08706304436624E-06
-9.08706304436624E-06
-9.08706304436624E-06
-9.08706304436624E-06
-9.08706304436624E-06
-9.08706304436624E-06
-9.08706304436624E-06
-9.08706304436624E-06
-6.97705355690026E-06
-3.3338931382243E-06
-2.85693226764749E-06
-2.85693226764749E-06
-2.85693226764749E-06
-2.80494520810137E-06
-2.80494520810137E-06
-2.80494520810137E-06
-2.80494520810137E-06
-2.66755710576216E-06
-2.65144367883607E-06
-2.63968358971134E-06
-2.63110067777461E-06
-2.62483656321422E-06
-2.62026478237143E-06
-2.61692812453251E-06
-2.61449290406279E-06
-2.61271558543719E-06
-2.61141842938795E-06
-2.61047171346007E-06
-2.60978076294105E-06
-2.60927647977027E-06
-2.56581903812503E-06
-2.56581903812503E-06
-1.669468497556E-06
-1.669468497556E-06
-1.22271186808742E-06
-1.22271186808742E-06
-8.30951943253666E-07
-6.73840992782004E-07
-5.59175068692852E-07
-5.59175068692852E-07
-5.59175068692852E-07
-5.59175068692852E-07
-5.59175068692852E-07
-5.03851893096652E-07
-4.39372787819359E-07
-4.39372787819359E-07
-4.39372787819359E-07
-3.01608194641645E-07
-3.01608194641645E-07
-3.01608194641645E-07
-3.01608194641645E-07
-9.71067026789285E-08
-9.71067026789285E-08
-9.71067026789285E-08
-9.71067026789285E-08
-9.71067026789285E-08
-9.71067026789285E-08
-9.71067026789285E-08
-9.71067026789285E-08
-9.71067026789285E-08
-7.68627536062994E-08
-7.68627536062994E-08
-7.68627536062994E-08
-7.68627536062994E-08
-1.34084889857888E-08
-1.34084889857888E-08
-1.34084889857888E-08
-1.34084889857888E-08
-1.34084889857888E-08
-1.34084889857888E-08
-1.34084889857888E-08
-1.34084889857888E-08
-1.34084889857888E-08
-1.34084889857888E-08
-1.34084889857888E-08
-1.34084889857888E-08
-1.34084889857888E-08
-1.34084889857888E-08
-1.34084889857888E-08
-1.34084889857888E-08
-1.34084889857888E-08
-1.34084889857888E-08
-1.34084889857888E-08
-1.34084889857888E-08
-1.34084889857888E-08
-1.34084889857888E-08
-1.34084889857888E-08
-1.34084889857888E-08
-1.34084889857888E-08
-1.25784102023019E-08
-1.25784102023019E-08
-1.25784102023019E-08
-1.25784102023019E-08
-1.25784102023019E-08
-1.11378978262522E-08
-8.55130288801575E-09
-8.55130288801575E-09
-8.55130288801575E-09
-7.45131789603448E-09
-7.45131789603448E-09
-7.45131789603448E-09
-7.30117744041081E-09
-5.7294220479065E-09
-5.7294220479065E-09
-5.7294220479065E-09
-4.99984964541511E-09
-3.60307916835723E-09
-1.49668610838205E-09
-1.49668610838205E-09
-1.49668610838205E-09
-9.50025280666011E-10
-9.18706444252848E-10
-9.18706444252848E-10
-9.18706444252848E-10
-2.44896103396286E-10
-2.44896103396286E-10
-2.44896103396286E-10
-2.44896103396286E-10
-2.44896103396286E-10
-2.44896103396286E-10
-2.44896103396286E-10
-2.44896103396286E-10
-2.44896103396286E-10
-2.44896103396286E-10
-2.44896103396286E-10
-2.44896103396286E-10
-2.44896103396286E-10
-2.44896103396286E-10
-2.44896103396286E-10
-2.44896103396286E-10
-2.44896103396286E-10
-2.44896103396286E-10
-2.44896103396286E-10
-1.30332744596728E-10
-1.30332744596728E-10
-1.30332744596728E-10
-1.30332744596728E-10
-7.21009918436266E-11
-7.21009918436266E-11
-7.21009918436266E-11
-7.21009918436266E-11
-5.00774977041374E-11
-1.54264379048641E-11
-1.54264379048641E-11
-1.54264379048641E-11
-8.44946335121222E-12
-8.44946335121222E-12
-8.44946335121222E-12
-8.44946335121222E-12
-8.44946335121222E-12
-8.44946335121222E-12
-8.44946335121222E-12
-8.44946335121222E-12
-8.44946335121222E-12
-5.55888668429816E-12
-5.55888668429816E-12
-5.55888668429816E-12
-5.55888668429816E-12
-5.55888668429816E-12
-5.55888668429816E-12
-5.55888668429816E-12
-5.55888668429816E-12
-5.55888668429816E-12
-5.55888668429816E-12
-5.01476637992937E-12
-2.37809771874709E-12
-2.37809771874709E-12
-2.37809771874709E-12
-2.37809771874709E-12
-2.37809771874709E-12
-2.37809771874709E-12
-2.37809771874709E-12
-2.37809771874709E-12
-2.37809771874709E-12
-2.37809771874709E-12
-1.76647585448109E-12
-5.3534954247425E-13
-5.3534954247425E-13
-5.3534954247425E-13
-5.3534954247425E-13
-5.3534954247425E-13
-5.3534954247425E-13
-5.3534954247425E-13
-5.01598762525646E-13
-4.30988578159486E-13
-4.30988578159486E-13
-4.30988578159486E-13
-2.91655588569029E-13
-2.91655588569029E-13
-2.75668377014426E-13
-1.33337785257481E-13
-4.47419878923938E-14
-4.47419878923938E-14
-3.47499806707674E-14
-3.47499806707674E-14
-2.70894418008538E-14
-2.59792187762287E-14
-2.59792187762287E-14
-2.59792187762287E-14
-2.57571741713036E-14
-1.52100554373646E-14
-1.52100554373646E-14
-1.52100554373646E-14
-1.52100554373646E-14
-1.52100554373646E-14
-1.52100554373646E-14
-1.52100554373646E-14
-1.52100554373646E-14
-1.52100554373646E-14
-1.49880108324396E-14
-1.23234755733392E-14
-1.23234755733392E-14
-1.23234755733392E-14
-1.23234755733392E-14
-1.23234755733392E-14
-1.23234755733392E-14
-1.23234755733392E-14
-1.23234755733392E-14
-1.23234755733392E-14
-1.23234755733392E-14
-1.23234755733392E-14
-1.23234755733392E-14
-1.23234755733392E-14
-1.23234755733392E-14
-1.23234755733392E-14
-1.17683640610267E-14
-1.17683640610267E-14
-1.17683640610267E-14
-8.77076189453874E-15
-8.77076189453874E-15
-8.77076189453874E-15
-8.77076189453874E-15
-8.77076189453874E-15
-8.77076189453874E-15
-6.77236045021345E-15
-4.9960036108132E-15
-4.9960036108132E-15
-3.99680288865056E-15
-3.99680288865056E-15
-3.99680288865056E-15
-2.88657986402541E-15
-2.88657986402541E-15
-2.88657986402541E-15
-2.88657986402541E-15
-2.88657986402541E-15
-2.88657986402541E-15
-2.88657986402541E-15
-2.88657986402541E-15
-2.44249065417534E-15
-2.44249065417534E-15
-9.99200722162641E-16
-9.99200722162641E-16
-9.99200722162641E-16
-9.99200722162641E-16
-9.99200722162641E-16
-8.88178419700125E-16
-2.22044604925031E-16
-2.22044604925031E-16
-2.22044604925031E-16
-2.22044604925031E-16
-2.22044604925031E-16
-2.22044604925031E-16
-2.22044604925031E-16
-2.22044604925031E-16
-2.22044604925031E-16
-2.22044604925031E-16
-2.22044604925031E-16
-2.22044604925031E-16
-1.11022302462516E-16
-1.11022302462516E-16
-1.11022302462516E-16
-1.11022302462516E-16
-1.11022302462516E-16
-1.11022302462516E-16
-1.11022302462516E-16
-1.11022302462516E-16
-1.11022302462516E-16
-1.11022302462516E-16
-1.11022302462516E-16
-1.11022302462516E-16
-1.11022302462516E-16
-1.11022302462516E-16
-1.11022302462516E-16
-1.11022302462516E-16
-1.11022302462516E-16
-1.11022302462516E-16
-1.11022302462516E-16
-1.11022302462516E-16
-1.11022302462516E-16
-1.11022302462516E-16
-1.11022302462516E-16
-1.11022302462516E-16
-1.11022302462516E-16
-1.11022302462516E-16
-1.11022302462516E-16
-1.11022302462516E-16
-1.11022302462516E-16
-1.11022302462516E-16
-1.11022302462516E-16
-1.11022302462516E-16
-1.11022302462516E-16
-1.11022302462516E-16
-1.11022302462516E-16
-1.11022302462516E-16
-1.11022302462516E-16
-1.11022302462516E-16
-1.11022302462516E-16
-1.11022302462516E-16
-1.11022302462516E-16
-1.11022302462516E-16
-1.11022302462516E-16
-1.11022302462516E-16
-1.11022302462516E-16
-1.11022302462516E-16
-1.11022302462516E-16
-1.11022302462516E-16
-1.11022302462516E-16
-1.11022302462516E-16
-1.11022302462516E-16
-1.11022302462516E-16
-1.11022302462516E-16
-1.11022302462516E-16
-1.11022302462516E-16
-1.11022302462516E-16
-1.11022302462516E-16
-1.11022302462516E-16
-1.11022302462516E-16
-1.11022302462516E-16
-1.11022302462516E-16
-1.11022302462516E-16
-1.11022302462516E-16
-1.11022302462516E-16
-1.11022302462516E-16
-1.11022302462516E-16
-1.11022302462516E-16
-1.11022302462516E-16
-1.11022302462516E-16
-1.11022302462516E-16
-1.11022302462516E-16
-1.11022302462516E-16
-1.11022302462516E-16
-1.11022302462516E-16
-1.11022302462516E-16
-1.11022302462516E-16
-1.11022302462516E-16
-1.11022302462516E-16
-1.11022302462516E-16
-1.11022302462516E-16
-1.11022302462516E-16
-1.11022302462516E-16
-1.11022302462516E-16
-1.11022302462516E-16
-1.11022302462516E-16
-1.11022302462516E-16
-1.11022302462516E-16
-1.11022302462516E-16
-1.11022302462516E-16
-1.11022302462516E-16
-1.11022302462516E-16
-1.11022302462516E-16
-1.11022302462516E-16
-1.11022302462516E-16
-1.11022302462516E-16
-1.11022302462516E-16
-1.11022302462516E-16
-1.11022302462516E-16
-1.11022302462516E-16
-1.11022302462516E-16
-1.11022302462516E-16
-1.11022302462516E-16
-1.11022302462516E-16
-1.11022302462516E-16
-1.11022302462516E-16
-1.11022302462516E-16
-1.11022302462516E-16
-1.11022302462516E-16
-1.11022302462516E-16
-1.11022302462516E-16
-1.11022302462516E-16
-1.11022302462516E-16
-1.11022302462516E-16
-1.11022302462516E-16
-1.11022302462516E-16
-1.11022302462516E-16
-1.11022302462516E-16
-1.11022302462516E-16
-1.11022302462516E-16
-1.11022302462516E-16
-1.11022302462516E-16
-1.11022302462516E-16
-1.11022302462516E-16
-1.11022302462516E-16
-1.11022302462516E-16
-1.11022302462516E-16
-1.11022302462516E-16
-1.11022302462516E-16
-1.11022302462516E-16
-1.11022302462516E-16
-1.11022302462516E-16
-1.11022302462516E-16
-1.11022302462516E-16
-1.11022302462516E-16
-1.11022302462516E-16
-1.11022302462516E-16
-1.11022302462516E-16
-1.11022302462516E-16
-1.11022302462516E-16
-1.11022302462516E-16
-1.11022302462516E-16
-1.11022302462516E-16
-1.11022302462516E-16
-1.11022302462516E-16
-1.11022302462516E-16
-1.11022302462516E-16
-1.11022302462516E-16
-1.11022302462516E-16
-1.11022302462516E-16
-1.11022302462516E-16
-1.11022302462516E-16
-1.11022302462516E-16
-1.11022302462516E-16
-1.11022302462516E-16
-1.11022302462516E-16
-1.11022302462516E-16
-1.11022302462516E-16

