0.395616584257914
0.34251815435719
0.313287313546581
0.295075992737668
0.265677852684091
0.221036592074049
0.174837219593206
0.147663745046246
0.149913981662038
0.136030321213308
0.117095900664094
0.116168957081859
0.105626676407171
0.104108511711196
0.114489486001489
0.113212348907089
0.112632393575963
0.109631867912384
0.110277390619671
0.111225445638874
0.108927587404902
0.0987849092871225
0.0830227708574393
0.0823002837572628
0.0919569898081934
0.0993376146875643
0.105988671596656
0.105717772596416
0.0964356203546021
0.0965626046392871
0.101886292745272
0.0993212806050442
0.0956345754641419
0.0927998794796277
0.0950746140422238
0.0923680863041094
0.0915069909536389
0.0923696776883195
0.0885976700157855
0.0824715932764004
0.0919644828490865
0.0868952628159844
0.0736659083951925
0.0853294225727143
0.0837986171399555
0.0905209141314139
0.0977609519037486
0.0940150787871998
0.091669059046681
0.0858427073172227
0.0899243423174058
0.0822764510795944
0.084261856469273
0.0766957433783552
0.0733602256214979
0.0783449951739372
0.0812756416666522
0.0842221971696988
0.0834334897646821
0.0773637403984224
0.0797468991603458
0.0794298419225852
0.0743484859907477
0.078828711908233
0.0782499439715005
0.076632873216779
0.0680030133416507
0.0721544938342023
0.0775382132342641
0.0680398322097035
0.0705417478630564
0.0665118274327338
0.0759463132777285
0.0868908072344207
0.0835084594522416
0.0719090064027169
0.0775089798618425
0.0838508006579988
0.0825926139456384
0.0877886559201221
0.0848407863276635
0.0800487472409138
0.0848066053820371
0.0871334217829404
0.082424134481648
0.0742990765050478
0.0781658628697264
0.076069826799499
0.0847341559846473
0.0854164393327483
0.089394923998675
0.0883667075897027
0.0785525276303515
0.0718707955816291
0.079175304378204
0.0864827663933647
0.0833520740226499
0.0769801599012218
0.0897225950623902
0.0967708307763869
0.0870476236174018
0.0778879837278287
0.0816119736160058
0.0860664134928052
0.0790325483425792
0.0717818519310112
0.0734900310350468
0.0762659789942809
0.0808328949907585
0.068017800245914
0.0624364023773873
0.0734982046973582
0.0817216215320771
0.0881301066196611
0.0771907488271044
0.0695113982716279
0.0714250195455739
0.0808747473846468
0.0828578772785987
0.073193786996196
0.0717839341129956
0.0676353200713993
0.0734524673120684
0.0799333029833293
0.0795599600208794
0.0774278991131598
0.0684831465133884
0.0691676330380474
0.0786583204215109
0.0794639830700482
0.0750521584485318
0.0783079512378818
0.076384810833378
0.070653009093954
0.0742142674227941
0.0771285380372592
0.0686480267182814
0.0642350869931437
0.0639609691348745
0.070031286543716
0.0775492705796758
0.0828133958851405
0.0898822187431415
0.0904721498032373
0.0836160328781162
0.0748103636249144
0.077230617677097
0.0813825595001525
0.0822286523101166
0.0829205060012604
0.0849027632727772
0.0821922721483879
0.074606268438822
0.0708957319832788
0.0708093020336994
0.0665035065424103
0.0577365274840336
0.0515446963746803
0.0551402222984656
0.0521189700997935
0.0572944221844305
0.0600084605936357
0.0637192521799237
0.0713934554876738
0.0700902667041599
0.0584182591906033
0.0520862677194613
0.0577534244938661
0.0625930698307464
0.0710190531748791
0.0800045699849582
0.0718715098331648
0.0583166117509513
0.0613239761495103
0.0633643476459591
0.0625503033759872
0.0624643094743411
0.0713236805067858
0.0797742272925788
0.0738263159821159
0.0708500870851051
0.0656882860763751
0.064897696468605
0.0634792581855634
0.0632347256433985
0.0591955493036497
0.0549781776023637
0.0545653491522771
0.0492321240202837
0.0521771122943158
0.0531649564875151
0.0531238854916984
0.0513022167583672
0.0505667201606484
0.0596901923342785
0.0598608082535018
0.0579864106405735
0.0626265622889688
0.071217653150091
0.0670889814304183
0.0612353495010034
0.0620187886739265
0.0590696653123448
0.0438684374993419
0.0586598203644638
0.0602496013606396
0.0575788373523744
0.0645951089655827
0.0739213500236136
0.0758104125134265
0.0651657724830785
0.0654869939214024
0.0638019966002748
0.0731909901062578
0.0802082060553467
0.0823600653718293
0.0743798923207021
0.0728371769162025
0.064215335964097
0.0660767591715308
0.0675175405944615
0.0675176152326692
0.0729886867059681
0.07863561934846
0.0699084861567385
0.0726227309369737
0.0687382289637092
0.0631574023507305
0.0654788371457074
0.0609044762748577
0.0602570191557057
0.071871884493223
0.0686927268873122
0.0610927689473259
0.0591016603308514
0.0659925837679202
0.0664753425541649
0.0616996679674956
0.0592794369563648
0.0638510179309549
0.0675699960773239
0.0669793361155298
0.0680799756882788
0.0729317731513782
0.0671240393827389
0.0665820315482796
0.0684664312295218
0.0696192642831018
0.0734192641790699
0.06149045930703
0.0613456342045734
0.0620949147470231
0.0608639210818519
0.0602397066191694
0.0634844411361785
0.0694242886673441
0.0674753554542618
0.0647127197936696
0.0697404042614807
0.0726619665164288
0.0690359988612481
0.0563822623303111
0.0621842407247269
0.0699806065898739
0.0677381598315396
0.064367430899674
0.0741900708115905
0.0779513069800286
0.0776662066525126
0.077783274443482
0.0781516029912053
0.0702404758893184
0.0700440273466107
0.06686650595134
0.0621877850276025
0.064528325771174
0.0657968455211537
0.0625876938584497
0.062271881011841
0.0530961045057931
0.0491662976552764
0.0522822513325029
0.0598822510282804
0.0715298839067655
0.0687825009396514
0.0718443347790458
0.0715984046913886
0.0649011751667724
0.067936470418402
0.0713842067082809
0.0691260560547022
0.0733700406035391
0.0664769103164474
0.068780752021519
0.0703470412562285
0.0672212722420173
0.0645816219928572
0.0679824803508709
0.0603824802683793
0.0576407642395639
0.0627059069527753
0.0598859596404984
0.0590753985273372
0.0583598893901533
0.058312446564534
0.0594964778201991
0.0634986691106869
0.0731546457857488
0.0613652256371336
0.058558801067356
0.056521062168994
0.0627807158800144
0.0578414820940665
0.0593431039746162
0.0568377956529296
0.0706522555321545
0.0753332588249142
0.079400582711274
0.0707340241418711
0.0695319604761062
0.0652029423731806
0.0617563419228477
0.0540718429100885
0.0592284225371722
0.0706961083369627
0.0752408520780117
0.0635041685874652
0.0569771470872703
0.0475409278758024
0.0559402617065345
0.068948534646796
0.0768572430544256
0.0688210758476363
0.0656069566406431
0.0613368118786091
0.0712653942379381
0.0600432233326412
0.0644847344686979
0.0669622921223227
0.0591448756306646
0.0563067487311492
0.0571019504846726
0.0592867166064496
0.0579602844560725
0.0592928580447876
0.064851667715389
0.0648025025350878
0.0650326571069531
0.0702625288581662
0.0716889020892972
0.0699142066300111
0.0737142066313146
0.0723006000264126
0.0682056160897408
0.055917384233453
0.0583074417639648
0.0623514144244356
0.0662360648077091
0.0688003811530332
0.0573827088147237
0.0654851507790908
0.0661581483458712
0.063305054603053
0.0636203922114438
0.0653175091168687
0.0627053955766082
0.0619960732133884
0.058793165335947
0.0647885874433202
0.0551208455414923
0.0673616339025384
0.0636197725573363
0.0633773570117731
0.0624731072963433
0.059319952381689
0.0665967549346826
0.068190301334752
0.0678798683137343
0.0655038459506473
0.0704738645457365
0.0638559726787736
0.0749911213729372
0.0777443322675007
0.0819509100183347
0.0825723187981607
0.0680972402616606
0.0589153373424105
0.0626418271997046
0.0756459607992093
0.0700094282750739
0.068055391152274
0.0687438137024941
0.063774699052732
0.0580183950910083
0.0666556799195081
0.0746668186842738
0.0669345425288537
0.0589358826395633
0.0479120802584728
0.0505803589243078
0.0619803589243043
0.0697370428415097
0.0695271223716314
0.0691946980307682
0.0570505642220326
0.0563532599448755
0.0559125030209988
0.0597193583783068
0.0645957177473729
0.062971408155564
0.0653324303310151
0.0597997640514882
0.0578738661632452
0.0570433313887699
0.0616566392078005
0.0601085040943453
0.0590404109143669
0.0611668796629016
0.0755273535986628
0.0779933267903863
0.0787366433702586
0.0687209665415764
0.063575151703304
0.0669220905581644
0.0643889742252152
0.0679104709713584
0.0655367764896178
0.0657758479803508
0.066952338823834
0.0656417465975124
0.0686008400783946
0.0723791887767947
0.0779296303338902
0.0760286039643985
0.0674868915728108
0.0626767979295929
0.0585527096077224
0.0723404109320103
0.0797130286562209
0.0778937622901036
0.0700805799550613
0.0705787157509427
0.0641912193300104
0.0696052196582798
0.0723653380104809
0.0699504670427125
0.0628188907899745
0.0634645071372554
0.0563608231072857
0.0589403306827481
0.0607338823240113
0.0670927791326352
0.0753970612707535
0.0693407439287888
0.0604588714953613
0.0563594362387349
0.054903362147459
0.0616069435904789
0.0568275813801284
0.0636428730696362
0.0660600411014772
0.0670836496609664
0.063552506796489
0.0620220255334504
0.0600067643703625
0.0602291513431801
0.0597206292010692
0.0584551418091702
0.0623629074971515
0.0627225609003868
0.0655761222049622
0.0679615599739089
0.0699659283176702
0.0689576899434613
0.0708214947065342
0.0637330269387303
0.0598056447621229
0.0571037633319053
0.0590369901579677
0.0593465104309413
0.0596822160973524
0.0617156094001787
0.0648960657091724
0.0620019799108976
0.0579930772560251
0.0591774613359416
0.0661804904970265
0.0754066645925903
0.0770282942501721
0.077028294250172
0.0757392625923626
0.0793046917766131
0.0755865394039536
0.0659637918710257
0.0607080241679138
0.0604550537803635
0.0606889019210534
0.0709291544579509
0.0652011554057651
0.0603362085637899

