-1.49857754209177
-0.19539457856552
-0.19539457856552
-0.165729805796792
-0.0629450308188533
-0.0311828457971349
-0.0311828457971349
-0.0311828457971349
-0.0161642958516778
-0.0161642958516778
-0.0161642958516778
-0.00814414412784115
-0.00814414412784115
-0.00814414412784115
-0.00814414412784115
-0.00814414412784115
-0.00814414412784115
-0.0025151836922449
-0.0025151836922449
-0.0025151836922449
-0.0025151836922449
-0.0025151836922449
-0.0025151836922449
-0.0025151836922449
-0.00178714137924851
-0.00178714137924851
-0.00151136360864867
-0.000989845499289377
-0.00048514688686141
-0.00048514688686141
-0.00048514688686141
-0.00048514688686141
-0.00048514688686141
-0.00022025753395416
-0.00022025753395416
-0.00022025753395416
-0.00022025753395416
-0.00022025753395416
-9.82521712921125E-05
-9.82521712921125E-05
-9.82521712921125E-05
-9.60582013873612E-05
-9.60582013873612E-05
-9.49760055586335E-05
-9.49760055586335E-05
-5.79932004617367E-05
-5.79932004617367E-05
-5.79932004617367E-05
-3.69283531638231E-05
-3.69283531638231E-05
-3.69283531638231E-05
-3.69283531638231E-05
-3.69283531638231E-05
-3.69283531638231E-05
-3.69283531638231E-05
-3.69283531638231E-05
-2.81030420822281E-05
-2.14664316231516E-05
-2.14664316231516E-05
-2.14664316231516E-05
-1.65500390169049E-05
-1.65500390169049E-05
-1.08388298599715E-05
-1.08388298599715E-05
-1.08388298599715E-05
-7.24739852875356E-06
-7.24739852875356E-06
-6.96556288093397E-06
-6.96556288093397E-06
-6.96556288093397E-06
-6.96556288093397E-06
-6.96556288093397E-06
-4.33184296488864E-06
-4.33184296488864E-06
-4.33184296488864E-06
-4.33184296488864E-06
-4.33184296488864E-06
-3.56141089163931E-06
-3.56141089163931E-06
-8.97097594432239E-07
-8.97097594432239E-07
-8.97097594432239E-07
-8.97097594432239E-07
-8.97097594432239E-07
-8.97097594432239E-07
-8.97097594432239E-07
-8.72259656836683E-07
-8.72259656836683E-07
-8.08241496175199E-07
-8.08241496175199E-07
-8.08241496175199E-07
-8.08241496175199E-07
-8.08241496175199E-07
-6.26180875373805E-07
-6.26180875373805E-07
-3.74590117369067E-07
-3.74590117369067E-07
-1.37448998294154E-07
-1.16774738545544E-07
-1.16774738545544E-07
-1.16774738545544E-07
-4.09038722892774E-08
-4.09038722892774E-08
-1.77434137382804E-08
-1.77434137382804E-08
-1.77434137382804E-08
-1.77434137382804E-08
-1.77434137382804E-08
-1.77434137382804E-08
-1.77434137382804E-08
-1.77434137382804E-08
-1.77434137382804E-08
-1.3283576238976E-08
-1.3283576238976E-08
-1.3283576238976E-08
-1.3283576238976E-08
-1.3283576238976E-08
-1.3283576238976E-08
-1.3283576238976E-08
-3.60924856668277E-09
-3.60924856668277E-09
-3.60924856668277E-09
-3.60924856668277E-09
-5.51285128658208E-10
-5.51285128658208E-10
-5.51285128658208E-10
-5.51285128658208E-10
-5.51285128658208E-10
-5.51285128658208E-10
-5.51285128658208E-10
-5.51285128658208E-10
-5.51285128658208E-10
-4.43060921284655E-10
-4.43060921284655E-10
-4.43060921284655E-10
-4.43060921284655E-10
-4.43060921284655E-10
-4.43060921284655E-10
-4.43060921284655E-10
-4.43060921284655E-10
-4.43060921284655E-10
-4.43060921284655E-10
-4.43060921284655E-10
-4.43060921284655E-10
-4.43060921284655E-10
-4.43060921284655E-10
-4.43060921284655E-10
-4.43060921284655E-10
-4.43060921284655E-10
-4.43060921284655E-10
-4.43060921284655E-10
-4.43060921284655E-10
-4.43060921284655E-10
-4.43060921284655E-10
-4.43060921284655E-10
-4.43060921284655E-10
-4.43060921284655E-10
-3.83263865089134E-10
-3.83263865089134E-10
-3.83263865089134E-10
-3.83263865089134E-10
-3.83263865089134E-10
-3.83263865089134E-10
-2.84799406280456E-10
-2.84799406280456E-10
-2.11582973363988E-10
-1.17852616554615E-10
-1.17852616554615E-10
-1.17852616554615E-10
-1.17852616554615E-10
-1.17852616554615E-10
-7.82024445200591E-11
-7.82024445200591E-11
-7.82024445200591E-11
-5.22886178799808E-11
-5.22886178799808E-11
-4.0907388587641E-11
-4.0907388587641E-11
-4.0907388587641E-11
-4.0907388587641E-11
-2.8754887360094E-11
-2.8754887360094E-11
-9.06896779895305E-12
-9.06896779895305E-12
-9.06896779895305E-12
-9.06896779895305E-12
-9.06896779895305E-12
-9.06896779895305E-12
-4.49773551736143E-12
-4.49773551736143E-12
-4.2632564145606E-12
-4.2632564145606E-12
-4.2632564145606E-12
-4.2632564145606E-12
-4.2632564145606E-12
-4.2632564145606E-12
-4.2632564145606E-12
-3.31823457599967E-12
-3.31823457599967E-12
-3.31823457599967E-12
-2.10487183238683E-12
-2.10487183238683E-12
-2.10487183238683E-12
-1.20436993711337E-12
-1.20436993711337E-12
-1.20436993711337E-12
-1.20436993711337E-12
-1.20436993711337E-12
-1.20436993711337E-12
-1.20436993711337E-12
-1.20436993711337E-12
-1.20436993711337E-12
-1.20436993711337E-12
-1.20436993711337E-12
-1.00952579629165E-12
-9.41691169487058E-13
-9.41691169487058E-13
-9.41691169487058E-13
-8.45989944764369E-13
-8.45989944764369E-13
-4.9826809345177E-13
-4.51416681812589E-13
-4.51416681812589E-13
-4.51416681812589E-13
-4.51416681812589E-13
-4.51416681812589E-13
-2.74225087082414E-13
-2.06945571790129E-13
-1.57762691799235E-13
-1.57762691799235E-13
-1.57762691799235E-13
-1.57762691799235E-13
-1.57762691799235E-13
-1.51545442861334E-13
-1.49991130626859E-13
-1.49991130626859E-13
-1.49991130626859E-13
-1.36224365121507E-13
-1.36224365121507E-13
-1.35336186701807E-13
-1.35336186701807E-13
-1.35336186701807E-13
-1.35336186701807E-13
-1.35336186701807E-13
-1.34114941374719E-13
-1.34114941374719E-13
-1.29674049276218E-13
-1.2267964422108E-13
-1.17683640610267E-13
-1.14463993838854E-13
-8.94839757847876E-14
-8.94839757847876E-14
-8.94839757847876E-14
-8.83737527601625E-14
-8.83737527601625E-14
-7.82707232360735E-14
-2.98649993624167E-14
-2.98649993624167E-14
-2.98649993624167E-14
-2.98649993624167E-14
-2.44249065417534E-14
-1.62092561595273E-14
-1.62092561595273E-14
-1.59872115546023E-14
-1.3988810110277E-14
-1.3988810110277E-14
-1.27675647831893E-14
-4.9960036108132E-15
-4.9960036108132E-15
-2.33146835171283E-15
-2.33146835171283E-15
-2.33146835171283E-15
-2.33146835171283E-15
-2.33146835171283E-15
-1.4432899320127E-15
-1.4432899320127E-15
-9.99200722162641E-16
-9.99200722162641E-16
-9.99200722162641E-16
-9.99200722162641E-16
-6.66133814775094E-16
-6.66133814775094E-16
-4.44089209850063E-16
-4.44089209850063E-16
-4.44089209850063E-16
-4.44089209850063E-16
-2.22044604925031E-16
-1.11022302462516E-16
-1.11022302462516E-16
-1.11022302462516E-16
-1.11022302462516E-16
-1.11022302462516E-16
-1.11022302462516E-16
-1.11022302462516E-16
-1.11022302462516E-16
-1.11022302462516E-16
-1.11022302462516E-16
-1.11022302462516E-16
-1.11022302462516E-16
-1.11022302462516E-16
-1.11022302462516E-16
-1.11022302462516E-16
-1.11022302462516E-16
-1.11022302462516E-16
-1.11022302462516E-16
-1.11022302462516E-16
-1.11022302462516E-16
-1.11022302462516E-16
-1.11022302462516E-16
-1.11022302462516E-16
-1.11022302462516E-16
-1.11022302462516E-16
-1.11022302462516E-16
-1.11022302462516E-16
-1.11022302462516E-16
-1.11022302462516E-16
-1.11022302462516E-16
-1.11022302462516E-16
-1.11022302462516E-16
-1.11022302462516E-16
-1.11022302462516E-16
-1.11022302462516E-16
-1.11022302462516E-16
-1.11022302462516E-16
-1.11022302462516E-16
-1.11022302462516E-16
-1.11022302462516E-16
-1.11022302462516E-16
-1.11022302462516E-16
-1.11022302462516E-16
-1.11022302462516E-16
-1.11022302462516E-16
-1.11022302462516E-16
-1.11022302462516E-16
-1.11022302462516E-16
-1.11022302462516E-16
-1.11022302462516E-16
-1.11022302462516E-16
-1.11022302462516E-16
-1.11022302462516E-16
-1.11022302462516E-16
-1.11022302462516E-16
-1.11022302462516E-16
-1.11022302462516E-16
-1.11022302462516E-16
-1.11022302462516E-16
-1.11022302462516E-16
-1.11022302462516E-16
-1.11022302462516E-16
-1.11022302462516E-16
-1.11022302462516E-16
-1.11022302462516E-16
-1.11022302462516E-16
-1.11022302462516E-16
-1.11022302462516E-16
-1.11022302462516E-16
-1.11022302462516E-16
-1.11022302462516E-16
-1.11022302462516E-16
-1.11022302462516E-16
-1.11022302462516E-16
-1.11022302462516E-16
-1.11022302462516E-16
-1.11022302462516E-16
-1.11022302462516E-16
-1.11022302462516E-16
-1.11022302462516E-16
-1.11022302462516E-16
-1.11022302462516E-16
-1.11022302462516E-16
-1.11022302462516E-16
-1.11022302462516E-16
-1.11022302462516E-16
-1.11022302462516E-16
-1.11022302462516E-16
-1.11022302462516E-16
-1.11022302462516E-16
-1.11022302462516E-16
-1.11022302462516E-16
-1.11022302462516E-16
-1.11022302462516E-16
-1.11022302462516E-16
-1.11022302462516E-16
-1.11022302462516E-16
-1.11022302462516E-16
-1.11022302462516E-16
-1.11022302462516E-16
-1.11022302462516E-16
-1.11022302462516E-16
-1.11022302462516E-16
-1.11022302462516E-16
-1.11022302462516E-16
-1.11022302462516E-16
-1.11022302462516E-16
-1.11022302462516E-16
-1.11022302462516E-16
-1.11022302462516E-16
-1.11022302462516E-16
-1.11022302462516E-16
-1.11022302462516E-16
-1.11022302462516E-16
-1.11022302462516E-16
-1.11022302462516E-16
-1.11022302462516E-16
-1.11022302462516E-16
-1.11022302462516E-16
-1.11022302462516E-16
-1.11022302462516E-16
-1.11022302462516E-16
-1.11022302462516E-16
-1.11022302462516E-16
-1.11022302462516E-16
-1.11022302462516E-16
-1.11022302462516E-16
-1.11022302462516E-16
-1.11022302462516E-16
-1.11022302462516E-16
-1.11022302462516E-16
-1.11022302462516E-16
-1.11022302462516E-16
-1.11022302462516E-16
-1.11022302462516E-16
-1.11022302462516E-16
-1.11022302462516E-16
-1.11022302462516E-16
-1.11022302462516E-16
-1.11022302462516E-16
-1.11022302462516E-16
-1.11022302462516E-16
-1.11022302462516E-16
-1.11022302462516E-16
-1.11022302462516E-16
-1.11022302462516E-16
-1.11022302462516E-16
-1.11022302462516E-16
-1.11022302462516E-16
-1.11022302462516E-16
-1.11022302462516E-16
-1.11022302462516E-16
-1.11022302462516E-16
-1.11022302462516E-16
-1.11022302462516E-16
-1.11022302462516E-16
-1.11022302462516E-16
-1.11022302462516E-16
-1.11022302462516E-16
-1.11022302462516E-16
-1.11022302462516E-16
-1.11022302462516E-16
-1.11022302462516E-16
-1.11022302462516E-16
-1.11022302462516E-16
-1.11022302462516E-16
-1.11022302462516E-16
-1.11022302462516E-16
-1.11022302462516E-16
-1.11022302462516E-16
-1.11022302462516E-16
-1.11022302462516E-16
-1.11022302462516E-16
-1.11022302462516E-16
-1.11022302462516E-16
-1.11022302462516E-16
-1.11022302462516E-16
-1.11022302462516E-16
-1.11022302462516E-16
-1.11022302462516E-16
-1.11022302462516E-16
-1.11022302462516E-16
-1.11022302462516E-16
-1.11022302462516E-16
-1.11022302462516E-16
-1.11022302462516E-16
-1.11022302462516E-16
-1.11022302462516E-16
-1.11022302462516E-16
-1.11022302462516E-16
-1.11022302462516E-16
-1.11022302462516E-16
-1.11022302462516E-16
-1.11022302462516E-16
-1.11022302462516E-16
-1.11022302462516E-16
-1.11022302462516E-16
-1.11022302462516E-16
-1.11022302462516E-16
-1.11022302462516E-16
-1.11022302462516E-16
-1.11022302462516E-16
-1.11022302462516E-16
-1.11022302462516E-16
-1.11022302462516E-16
-1.11022302462516E-16
-1.11022302462516E-16
-1.11022302462516E-16
-1.11022302462516E-16
-1.11022302462516E-16
-1.11022302462516E-16
-1.11022302462516E-16
-1.11022302462516E-16

