-0.889697129940584
-0.117845136929279
-0.117845136929279
-0.117845136929279
-0.117845136929279
-0.117845136929279
-0.0469212561524445
-0.0172477619659369
-0.0172477619659369
-0.0172477619659369
-0.0172477619659369
-0.016036788678963
-0.0159441326051061
-0.00297748372612305
-0.00297748372612305
-0.00297748372612305
-0.00187062579035324
-0.00187062579035324
-0.00187062579035324
-0.00187062579035324
-0.00187062579035324
-0.00187062579035324
-0.00187062579035324
-0.00187062579035324
-0.00187062579035324
-0.00187062579035324
-0.00159923299582343
-0.00159923299582343
-0.00159923299582343
-0.000928642776754085
-0.000928642776754085
-0.000260191572554525
-0.000260191572554525
-0.000260191572554525
-0.000260191572554525
-0.000260191572554525
-0.000260191572554525
-0.000260191572554525
-0.000260191572554525
-0.000260191572554525
-0.000260191572554525
-0.000215667326330382
-0.000215667326330382
-0.000215667326330382
-0.000192069774205716
-0.000130827985661663
-0.000130827985661663
-0.000130827985661663
-8.51844193321405E-05
-8.51844193321405E-05
-8.51844193321405E-05
-5.20764717943933E-05
-5.20764717943933E-05
-5.20764717943933E-05
-5.20764717943933E-05
-4.30394249364419E-05
-4.30394249364419E-05
-4.30394249364419E-05
-3.92573591926348E-05
-3.92573591926348E-05
-2.55630235008741E-05
-2.55630235008741E-05
-1.33487908491325E-05
-4.54721990006401E-06
-4.54721990006401E-06
-4.54721990006401E-06
-4.54721990006401E-06
-4.54721990006401E-06
-4.54721990006401E-06
-4.54721990006401E-06
-4.54721990006401E-06
-4.54721990006401E-06
-4.54721990006401E-06
-4.00827479896115E-06
-4.00827479896115E-06
-4.00827479896115E-06
-4.00827479896115E-06
-4.00827479896115E-06
-4.00827479896115E-06
-4.00827479896115E-06
-4.00827479896115E-06
-4.00827479896115E-06
-2.14201402348735E-06
-2.0851735245131E-06
-1.95066438035685E-06
-8.9098613309524E-07
-8.9098613309524E-07
-3.02504720051111E-07
-3.02504720051111E-07
-3.02504720051111E-07
-3.02504720051111E-07
-3.02504720051111E-07
-3.02504720051111E-07
-3.02504720051111E-07
-3.02504720051111E-07
-3.02504720051111E-07
-3.02504720051111E-07
-2.45311985835883E-07
-6.34923588149761E-08
-6.34923588149761E-08
-6.34923588149761E-08
-6.34923588149761E-08
-6.34923588149761E-08
-6.34923588149761E-08
-6.34923588149761E-08
-6.34923588149761E-08
-6.34923588149761E-08
-6.34923588149761E-08
-6.34923588149761E-08
-5.93599904785691E-08
-5.93599904785691E-08
-5.93599904785691E-08
-5.93599904785691E-08
-5.93599904785691E-08
-3.01039259076319E-08
-2.04586464436218E-08
-2.04586464436218E-08
-1.82126499437274E-08
-1.82126499437274E-08
-1.82126499437274E-08
-5.31053523378233E-09
-5.31053523378233E-09
-3.04635716652513E-09
-3.04635716652513E-09
-3.04635716652513E-09
-3.04635716652513E-09
-3.04635716652513E-09
-3.04635716652513E-09
-3.04635716652513E-09
-3.04635716652513E-09
-3.04635716652513E-09
-3.04635716652513E-09
-3.04635716652513E-09
-2.36508890250065E-09
-1.22568943883294E-09
-1.22568943883294E-09
-1.22568943883294E-09
-1.22568943883294E-09
-1.22568943883294E-09
-9.41771105544831E-11
-9.41771105544831E-11
-9.41771105544831E-11
-9.41771105544831E-11
-9.41771105544831E-11
-9.41771105544831E-11
-9.41771105544831E-11
-9.41771105544831E-11
-9.41771105544831E-11
-9.41771105544831E-11
-9.41771105544831E-11
-9.41771105544831E-11
-9.41771105544831E-11
-9.41771105544831E-11
-9.41771105544831E-11
-9.41771105544831E-11
-9.41771105544831E-11
-9.41771105544831E-11
-9.41771105544831E-11
-9.41771105544831E-11
-9.41771105544831E-11
-9.41771105544831E-11
-9.41771105544831E-11
-9.41771105544831E-11
-9.41771105544831E-11
-9.41771105544831E-11
-9.41771105544831E-11
-9.41771105544831E-11
-9.41771105544831E-11
-9.41771105544831E-11
-9.41771105544831E-11
-9.41771105544831E-11
-9.20197251730315E-11
-9.20197251730315E-11
-9.13719100381627E-11
-9.13719100381627E-11
-8.95621354857212E-11
-8.95621354857212E-11
-5.71805935933867E-11
-1.28993482562123E-11
-1.28993482562123E-11
-1.28993482562123E-11
-1.28993482562123E-11
-1.28993482562123E-11
-1.28993482562123E-11
-1.28993482562123E-11
-1.28993482562123E-11
-1.28993482562123E-11
-9.19375686692092E-12
-9.19375686692092E-12
-7.05779878984458E-12
-6.21191986738268E-12
-6.21191986738268E-12
-6.21191986738268E-12
-6.07969230514982E-12
-4.29323243622548E-13
-4.29323243622548E-13
-4.29323243622548E-13
-4.29323243622548E-13
-4.29323243622548E-13
-4.29323243622548E-13
-4.29323243622548E-13
-4.29323243622548E-13
-4.29323243622548E-13
-4.29323243622548E-13
-4.29323243622548E-13
-4.29323243622548E-13
-4.29323243622548E-13
-4.29323243622548E-13
-4.29323243622548E-13
-4.29323243622548E-13
-4.29323243622548E-13
-4.29323243622548E-13
-4.29323243622548E-13
-4.29323243622548E-13
-4.26214619153598E-13
-4.26214619153598E-13
-4.26214619153598E-13
-4.26214619153598E-13
-4.26214619153598E-13
-4.26214619153598E-13
-4.09339229179295E-13
-4.09339229179295E-13
-2.10720330073855E-13
-2.10720330073855E-13
-2.10720330073855E-13
-1.45439216225896E-13
-1.0813572259849E-13
-9.79216707719388E-14
-9.79216707719388E-14
-8.870681966755E-14
-4.65183447317941E-14
-1.14352971536391E-14
-1.14352971536391E-14
-1.14352971536391E-14
-1.14352971536391E-14
-6.55031584528842E-15
-6.55031584528842E-15
-6.55031584528842E-15
-6.55031584528842E-15
-6.55031584528842E-15
-3.66373598126302E-15
-3.66373598126302E-15
-9.99200722162641E-16
-9.99200722162641E-16
-7.7715611723761E-16
-7.7715611723761E-16
-7.7715611723761E-16
-7.7715611723761E-16
-7.7715611723761E-16
-7.7715611723761E-16
-7.7715611723761E-16
-7.7715611723761E-16
-7.7715611723761E-16
-7.7715611723761E-16
-7.7715611723761E-16
-7.7715611723761E-16
-7.7715611723761E-16
-7.7715611723761E-16
-6.66133814775094E-16
-6.66133814775094E-16
-5.55111512312578E-16
-5.55111512312578E-16
-4.44089209850063E-16
-4.44089209850063E-16
-4.44089209850063E-16
-4.44089209850063E-16
-4.44089209850063E-16
-4.44089209850063E-16
-4.44089209850063E-16
-4.44089209850063E-16
-4.44089209850063E-16
-4.44089209850063E-16
-4.44089209850063E-16
-4.44089209850063E-16
-4.44089209850063E-16
-4.44089209850063E-16
-4.44089209850063E-16
-4.44089209850063E-16
-4.44089209850063E-16
-4.44089209850063E-16
-2.22044604925031E-16
-2.22044604925031E-16
-1.11022302462516E-16
-1.11022302462516E-16
-1.11022302462516E-16
-1.11022302462516E-16
-1.11022302462516E-16
-1.11022302462516E-16
-1.11022302462516E-16
-1.11022302462516E-16
-1.11022302462516E-16
-1.11022302462516E-16
-1.11022302462516E-16
-1.11022302462516E-16
-1.11022302462516E-16
-1.11022302462516E-16
-1.11022302462516E-16
-1.11022302462516E-16
-1.11022302462516E-16
-1.11022302462516E-16
-1.11022302462516E-16
-1.11022302462516E-16
-1.11022302462516E-16
-1.11022302462516E-16
-1.11022302462516E-16
-1.11022302462516E-16
-1.11022302462516E-16
-1.11022302462516E-16
-1.11022302462516E-16
-1.11022302462516E-16
-1.11022302462516E-16
-1.11022302462516E-16
-1.11022302462516E-16
-1.11022302462516E-16
-1.11022302462516E-16
-1.11022302462516E-16
-1.11022302462516E-16
-1.11022302462516E-16
-1.11022302462516E-16
-1.11022302462516E-16
-1.11022302462516E-16
-1.11022302462516E-16
-1.11022302462516E-16
-1.11022302462516E-16
-1.11022302462516E-16
-1.11022302462516E-16
-1.11022302462516E-16
-1.11022302462516E-16
-1.11022302462516E-16
-1.11022302462516E-16
-1.11022302462516E-16
-1.11022302462516E-16
-1.11022302462516E-16
-1.11022302462516E-16
-1.11022302462516E-16
-1.11022302462516E-16
-1.11022302462516E-16
-1.11022302462516E-16
-1.11022302462516E-16
-1.11022302462516E-16
-1.11022302462516E-16
-1.11022302462516E-16
-1.11022302462516E-16
-1.11022302462516E-16
-1.11022302462516E-16
-1.11022302462516E-16
-1.11022302462516E-16
-1.11022302462516E-16
-1.11022302462516E-16
-1.11022302462516E-16
-1.11022302462516E-16
-1.11022302462516E-16
-1.11022302462516E-16
-1.11022302462516E-16
-1.11022302462516E-16
-1.11022302462516E-16
-1.11022302462516E-16
-1.11022302462516E-16
-1.11022302462516E-16
-1.11022302462516E-16
-1.11022302462516E-16
-1.11022302462516E-16
-1.11022302462516E-16
-1.11022302462516E-16
-1.11022302462516E-16
-1.11022302462516E-16
-1.11022302462516E-16
-1.11022302462516E-16
-1.11022302462516E-16
-1.11022302462516E-16
-1.11022302462516E-16
-1.11022302462516E-16
-1.11022302462516E-16
-1.11022302462516E-16
-1.11022302462516E-16
-1.11022302462516E-16
-1.11022302462516E-16
-1.11022302462516E-16
-1.11022302462516E-16
-1.11022302462516E-16
-1.11022302462516E-16
-1.11022302462516E-16
-1.11022302462516E-16
-1.11022302462516E-16
-1.11022302462516E-16
-1.11022302462516E-16
-1.11022302462516E-16
-1.11022302462516E-16
-1.11022302462516E-16
-1.11022302462516E-16
-1.11022302462516E-16
-1.11022302462516E-16
-1.11022302462516E-16
-1.11022302462516E-16
-1.11022302462516E-16
-1.11022302462516E-16
-1.11022302462516E-16
-1.11022302462516E-16
-1.11022302462516E-16
-1.11022302462516E-16
-1.11022302462516E-16
-1.11022302462516E-16
-1.11022302462516E-16
-1.11022302462516E-16
-1.11022302462516E-16
-1.11022302462516E-16
-1.11022302462516E-16
-1.11022302462516E-16
-1.11022302462516E-16
-1.11022302462516E-16
-1.11022302462516E-16
-1.11022302462516E-16
-1.11022302462516E-16
-1.11022302462516E-16
-1.11022302462516E-16
-1.11022302462516E-16
-1.11022302462516E-16
-1.11022302462516E-16
-1.11022302462516E-16
-1.11022302462516E-16
-1.11022302462516E-16
-1.11022302462516E-16
-1.11022302462516E-16
-1.11022302462516E-16
-1.11022302462516E-16
-1.11022302462516E-16
-1.11022302462516E-16
-1.11022302462516E-16
-1.11022302462516E-16
-1.11022302462516E-16
-1.11022302462516E-16
-1.11022302462516E-16
-1.11022302462516E-16
-1.11022302462516E-16
-1.11022302462516E-16
-1.11022302462516E-16
-1.11022302462516E-16
-1.11022302462516E-16
-1.11022302462516E-16
-1.11022302462516E-16
-1.11022302462516E-16
-1.11022302462516E-16
-1.11022302462516E-16
-1.11022302462516E-16
-1.11022302462516E-16
-1.11022302462516E-16
-1.11022302462516E-16
-1.11022302462516E-16
-1.11022302462516E-16
-1.11022302462516E-16
-1.11022302462516E-16
-1.11022302462516E-16
-1.11022302462516E-16
-1.11022302462516E-16
-1.11022302462516E-16
-1.11022302462516E-16
-1.11022302462516E-16
-1.11022302462516E-16
-1.11022302462516E-16
-1.11022302462516E-16
-1.11022302462516E-16
-1.11022302462516E-16
-1.11022302462516E-16
-1.11022302462516E-16
-1.11022302462516E-16
-1.11022302462516E-16
-1.11022302462516E-16
-1.11022302462516E-16
-1.11022302462516E-16
-1.11022302462516E-16
-1.11022302462516E-16
-1.11022302462516E-16
-1.11022302462516E-16
-1.11022302462516E-16
-1.11022302462516E-16
-1.11022302462516E-16
-1.11022302462516E-16
-1.11022302462516E-16
-1.11022302462516E-16
-1.11022302462516E-16
-1.11022302462516E-16
-1.11022302462516E-16
-1.11022302462516E-16
-1.11022302462516E-16
-1.11022302462516E-16
-1.11022302462516E-16
-1.11022302462516E-16
-1.11022302462516E-16
-1.11022302462516E-16
-1.11022302462516E-16
-1.11022302462516E-16
-1.11022302462516E-16
-1.11022302462516E-16
-1.11022302462516E-16
-1.11022302462516E-16
-1.11022302462516E-16
-1.11022302462516E-16
-1.11022302462516E-16
-1.11022302462516E-16
-1.11022302462516E-16

