-0.371541328280113
-0.111494404539617
-0.0839457108016819
-0.0257832574854103
-0.0257832574854103
-0.0257832574854103
-0.00895425898217905
-0.00214388098027751
-0.00214388098027751
-0.00214388098027751
-0.00214388098027751
-0.00214388098027751
-0.00214388098027751
-0.00214388098027751
-0.00214388098027751
-0.00214388098027751
-0.00214388098027751
-0.00214388098027751
-0.00214388098027751
-0.00214388098027751
-0.00214388098027751
-0.00214388098027751
-0.00214388098027751
-0.00214388098027751
-0.00214388098027751
-0.00137855829200129
-0.00137855829200129
-0.00137855829200129
-0.00104808183077643
-0.00104808183077643
-0.00104808183077643
-0.00085102364411882
-0.00085102364411882
-0.00085102364411882
-0.000431167642812369
-0.000431167642812369
-0.000431167642812369
-0.000431167642812369
-0.000431167642812369
-0.000431167642812369
-0.000431167642812369
-0.000175237494023373
-0.000175237494023373
-0.000175237494023373
-0.000175237494023373
-0.000175237494023373
-0.000175237494023373
-0.000175237494023373
-0.000139288994561615
-0.000106910063315202
-9.83047275194826E-05
-4.04672282316998E-05
-4.04672282316998E-05
-4.04672282316998E-05
-4.04672282316998E-05
-4.04672282316998E-05
-4.04672282316998E-05
-3.50004974848384E-05
-3.50004974848384E-05
-3.50004974848384E-05
-9.3825904493583E-06
-9.3825904493583E-06
-9.3825904493583E-06
-9.3825904493583E-06
-9.3825904493583E-06
-9.3825904493583E-06
-9.3825904493583E-06
-9.00313197060854E-06
-9.00313197060854E-06
-9.00313197060854E-06
-9.00313197060854E-06
-9.00313197060854E-06
-8.58345334120436E-06
-4.87188700393215E-06
-4.87188700393215E-06
-4.87188700393215E-06
-4.87188700393215E-06
-3.67275807278133E-06
-3.67275807278133E-06
-3.67275807278133E-06
-3.00216267135056E-06
-3.00216267135056E-06
-3.00216267135056E-06
-2.7651891288949E-06
-2.7651891288949E-06
-1.50835057666221E-06
-1.50835057666221E-06
-1.50835057666221E-06
-1.50835057666221E-06
-9.03860061129969E-07
-9.03860061129969E-07
-9.03860061129969E-07
-4.89597837383116E-07
-4.89597837383116E-07
-2.88085305166774E-07
-2.88085305166774E-07
-2.88085305166774E-07
-2.88085305166774E-07
-2.73279177176455E-07
-2.73279177176455E-07
-2.73279177176455E-07
-2.73279177176455E-07
-2.50580913574439E-07
-2.09264111372676E-07
-2.09264111372676E-07
-2.09264111372676E-07
-1.74949774778277E-07
-1.74949774778277E-07
-8.24623315187623E-08
-8.24623315187623E-08
-7.06536118499912E-08
-7.06536118499912E-08
-7.06536118499912E-08
-7.06536118499912E-08
-7.06536118499912E-08
-7.06536118499912E-08
-5.56144191810048E-08
-5.56144191810048E-08
-5.56144191810048E-08
-4.50061650170142E-08
-4.50061650170142E-08
-2.48569891336814E-08
-2.48569891336814E-08
-2.48569891336814E-08
-1.86597565177138E-08
-1.86597565177138E-08
-1.86597565177138E-08
-1.86597565177138E-08
-1.79499793917515E-08
-1.79499793917515E-08
-1.77204315665591E-08
-1.77204315665591E-08
-1.77204315665591E-08
-6.0110629807042E-09
-6.0110629807042E-09
-6.0110629807042E-09
-2.11140005479393E-09
-2.11140005479393E-09
-2.11140005479393E-09
-2.11140005479393E-09
-2.11140005479393E-09
-2.11140005479393E-09
-2.11140005479393E-09
-2.11140005479393E-09
-2.11140005479393E-09
-2.11140005479393E-09
-2.11140005479393E-09
-8.01409272277454E-10
-8.01409272277454E-10
-8.01409272277454E-10
-8.01409272277454E-10
-8.01409272277454E-10
-8.01409272277454E-10
-8.01409272277454E-10
-8.01409272277454E-10
-8.01409272277454E-10
-5.54997936497159E-10
-5.54997936497159E-10
-5.54997936497159E-10
-5.04707498016899E-10
-5.04707498016899E-10
-3.92964993878309E-10
-3.71108366259421E-10
-3.71108366259421E-10
-3.71108366259421E-10
-3.35938721285345E-10
-3.35938721285345E-10
-1.99537941725225E-10
-1.99537941725225E-10
-1.91695437301576E-10
-1.33446920180802E-10
-1.33446920180802E-10
-7.74207364884205E-11
-6.67123023490035E-11
-4.04420941180206E-11
-4.04420941180206E-11
-4.04420941180206E-11
-4.04420941180206E-11
-4.04420941180206E-11
-4.04420941180206E-11
-4.04420941180206E-11
-4.04420941180206E-11
-4.04420941180206E-11
-4.04420941180206E-11
-4.04420941180206E-11
-4.04420941180206E-11
-4.04420941180206E-11
-4.04420941180206E-11
-4.04420941180206E-11
-4.04420941180206E-11
-4.04420941180206E-11
-4.04420941180206E-11
-4.04420941180206E-11
-4.04420941180206E-11
-4.04420941180206E-11
-4.04420941180206E-11
-2.14327444680862E-11
-1.81166193158333E-11
-1.32864830248991E-11
-1.32864830248991E-11
-1.32864830248991E-11
-1.32864830248991E-11
-1.32864830248991E-11
-1.32864830248991E-11
-9.51128065196372E-12
-4.57966997657877E-12
-4.57966997657877E-12
-4.57966997657877E-12
-4.57966997657877E-12
-4.57966997657877E-12
-4.57966997657877E-12
-2.58115750995103E-12
-2.58115750995103E-12
-2.58115750995103E-12
-2.58115750995103E-12
-7.90367771230649E-13
-7.90367771230649E-13
-7.90367771230649E-13
-7.90367771230649E-13
-7.07878200501E-13
-6.79012401860746E-13
-6.79012401860746E-13
-6.79012401860746E-13
-2.74225087082414E-13
-2.74225087082414E-13
-2.26152430116144E-13
-2.26152430116144E-13
-2.16493489801906E-13
-1.3899992268307E-13
-1.3899992268307E-13
-1.3899992268307E-13
-1.3899992268307E-13
-1.3899992268307E-13
-1.3899992268307E-13
-1.3899992268307E-13
-1.3899992268307E-13
-1.3899992268307E-13
-1.3899992268307E-13
-1.38777878078145E-13
-8.99280649946377E-14
-8.99280649946377E-14
-5.90638649100583E-14
-5.07371922253697E-14
-5.07371922253697E-14
-3.40838468559923E-14
-3.36397576461422E-14
-3.36397576461422E-14
-3.36397576461422E-14
-3.36397576461422E-14
-3.00870439673417E-14
-3.00870439673417E-14
-3.00870439673417E-14
-3.00870439673417E-14
-5.55111512312578E-15
-5.55111512312578E-15
-5.55111512312578E-15
-5.55111512312578E-15
-5.55111512312578E-15
-5.55111512312578E-15
-5.55111512312578E-15
-5.55111512312578E-15
-5.55111512312578E-15
-5.55111512312578E-15
-3.5527136788005E-15
-3.5527136788005E-15
-3.5527136788005E-15
-3.5527136788005E-15
-1.55431223447522E-15
-1.55431223447522E-15
-1.55431223447522E-15
-1.55431223447522E-15
-1.55431223447522E-15
-1.55431223447522E-15
-1.55431223447522E-15
-1.55431223447522E-15
-1.55431223447522E-15
-1.55431223447522E-15
-1.55431223447522E-15
-1.55431223447522E-15
-1.55431223447522E-15
-1.55431223447522E-15
-1.55431223447522E-15
-1.55431223447522E-15
-1.55431223447522E-15
-1.55431223447522E-15
-1.55431223447522E-15
-1.55431223447522E-15
-1.55431223447522E-15
-1.55431223447522E-15
-1.55431223447522E-15
-5.55111512312578E-16
-5.55111512312578E-16
-5.55111512312578E-16
-5.55111512312578E-16
-5.55111512312578E-16
-5.55111512312578E-16
-5.55111512312578E-16
-5.55111512312578E-16
-5.55111512312578E-16
-5.55111512312578E-16
-5.55111512312578E-16
-5.55111512312578E-16
-5.55111512312578E-16
-5.55111512312578E-16
-5.55111512312578E-16
-5.55111512312578E-16
-3.33066907387547E-16
-3.33066907387547E-16
-3.33066907387547E-16
-2.22044604925031E-16
-2.22044604925031E-16
-2.22044604925031E-16
-2.22044604925031E-16
-2.22044604925031E-16
-1.11022302462516E-16
-1.11022302462516E-16
-1.11022302462516E-16
-1.11022302462516E-16
-1.11022302462516E-16
-1.11022302462516E-16
-1.11022302462516E-16
-1.11022302462516E-16
-1.11022302462516E-16
-1.11022302462516E-16
-1.11022302462516E-16
-1.11022302462516E-16
-1.11022302462516E-16
-1.11022302462516E-16
-1.11022302462516E-16
-1.11022302462516E-16
-1.11022302462516E-16
-1.11022302462516E-16
-1.11022302462516E-16
-1.11022302462516E-16
-1.11022302462516E-16
-1.11022302462516E-16
-1.11022302462516E-16
-1.11022302462516E-16
-1.11022302462516E-16
-1.11022302462516E-16
-1.11022302462516E-16
-1.11022302462516E-16
-1.11022302462516E-16
-1.11022302462516E-16
-1.11022302462516E-16
-1.11022302462516E-16
-1.11022302462516E-16
-1.11022302462516E-16
-1.11022302462516E-16
-1.11022302462516E-16
-1.11022302462516E-16
-1.11022302462516E-16
-1.11022302462516E-16
-1.11022302462516E-16
-1.11022302462516E-16
-1.11022302462516E-16
-1.11022302462516E-16
-1.11022302462516E-16
-1.11022302462516E-16
-1.11022302462516E-16
-1.11022302462516E-16
-1.11022302462516E-16
-1.11022302462516E-16
-1.11022302462516E-16
-1.11022302462516E-16
-1.11022302462516E-16
-1.11022302462516E-16
-1.11022302462516E-16
-1.11022302462516E-16
-1.11022302462516E-16
-1.11022302462516E-16
-1.11022302462516E-16
-1.11022302462516E-16
-1.11022302462516E-16
-1.11022302462516E-16
-1.11022302462516E-16
-1.11022302462516E-16
-1.11022302462516E-16
-1.11022302462516E-16
-1.11022302462516E-16
-1.11022302462516E-16
-1.11022302462516E-16
-1.11022302462516E-16
-1.11022302462516E-16
-1.11022302462516E-16
-1.11022302462516E-16
-1.11022302462516E-16
-1.11022302462516E-16
-1.11022302462516E-16
-1.11022302462516E-16
-1.11022302462516E-16
-1.11022302462516E-16
-1.11022302462516E-16
-1.11022302462516E-16
-1.11022302462516E-16
-1.11022302462516E-16
-1.11022302462516E-16
-1.11022302462516E-16
-1.11022302462516E-16
-1.11022302462516E-16
-1.11022302462516E-16
-1.11022302462516E-16
-1.11022302462516E-16
-1.11022302462516E-16
-1.11022302462516E-16
-1.11022302462516E-16
-1.11022302462516E-16
-1.11022302462516E-16
-1.11022302462516E-16
-1.11022302462516E-16
-1.11022302462516E-16
-1.11022302462516E-16
-1.11022302462516E-16
-1.11022302462516E-16
-1.11022302462516E-16
-1.11022302462516E-16
-1.11022302462516E-16
-1.11022302462516E-16
-1.11022302462516E-16
-1.11022302462516E-16
-1.11022302462516E-16
-1.11022302462516E-16
-1.11022302462516E-16
-1.11022302462516E-16
-1.11022302462516E-16
-1.11022302462516E-16
-1.11022302462516E-16
-1.11022302462516E-16
-1.11022302462516E-16
-1.11022302462516E-16
-1.11022302462516E-16
-1.11022302462516E-16
-1.11022302462516E-16
-1.11022302462516E-16
-1.11022302462516E-16
-1.11022302462516E-16
-1.11022302462516E-16
-1.11022302462516E-16
-1.11022302462516E-16
-1.11022302462516E-16
-1.11022302462516E-16
-1.11022302462516E-16
-1.11022302462516E-16
-1.11022302462516E-16
-1.11022302462516E-16
-1.11022302462516E-16
-1.11022302462516E-16
-1.11022302462516E-16
-1.11022302462516E-16
-1.11022302462516E-16
-1.11022302462516E-16
-1.11022302462516E-16
-1.11022302462516E-16
-1.11022302462516E-16
-1.11022302462516E-16
-1.11022302462516E-16
-1.11022302462516E-16
-1.11022302462516E-16
-1.11022302462516E-16
-1.11022302462516E-16
-1.11022302462516E-16
-1.11022302462516E-16
-1.11022302462516E-16
-1.11022302462516E-16
-1.11022302462516E-16
-1.11022302462516E-16
-1.11022302462516E-16
-1.11022302462516E-16
-1.11022302462516E-16
-1.11022302462516E-16
-1.11022302462516E-16
-1.11022302462516E-16
-1.11022302462516E-16
-1.11022302462516E-16
-1.11022302462516E-16
-1.11022302462516E-16
-1.11022302462516E-16
-1.11022302462516E-16
-1.11022302462516E-16
-1.11022302462516E-16
-1.11022302462516E-16
-1.11022302462516E-16
-1.11022302462516E-16
-1.11022302462516E-16
-1.11022302462516E-16
-1.11022302462516E-16
-1.11022302462516E-16
-1.11022302462516E-16
-1.11022302462516E-16
-1.11022302462516E-16
-1.11022302462516E-16
-1.11022302462516E-16
-1.11022302462516E-16
-1.11022302462516E-16
-1.11022302462516E-16
-1.11022302462516E-16
-1.11022302462516E-16
-1.11022302462516E-16
-1.11022302462516E-16
-1.11022302462516E-16

