-1.1785187299337
-0.159720442624732
-0.159720442624732
-0.0397538678123088
-0.0397538678123088
-0.0397538678123088
-0.0372893909649247
-0.0344045691425885
-0.0243862079409778
-0.0154267286997821
-0.0121794258957038
-0.0113947952315518
-0.0113947952315518
-0.00228331092079281
-0.00228331092079281
-0.00228331092079281
-0.000603990939395893
-0.000603990939395893
-0.000603990939395893
-0.000603990939395893
-0.000603990939395893
-0.000603990939395893
-0.000603990939395893
-0.000603990939395893
-0.000603990939395893
-0.000293979148610179
-0.000293979148610179
-0.000293979148610179
-0.000293979148610179
-0.000293979148610179
-0.000293979148610179
-0.000293979148610179
-0.000293979148610179
-0.000293979148610179
-0.000293979148610179
-0.000293979148610179
-0.000293979148610179
-0.000221975601234159
-0.000221975601234159
-0.000221975601234159
-0.000221975601234159
-0.000221975601234159
-0.000221975601234159
-0.000221975601234159
-0.00021213841893053
-0.000156962554843543
-6.89832805702562E-05
-6.89832805702562E-05
-6.89832805702562E-05
-6.89832805702562E-05
-6.89832805702562E-05
-5.98119878457704E-05
-5.98119878457704E-05
-2.94858356210126E-05
-2.94858356210126E-05
-2.94858356210126E-05
-2.94858356210126E-05
-2.94858356210126E-05
-2.94858356210126E-05
-2.92123302207958E-05
-2.92123302207958E-05
-6.40222295578141E-06
-6.40222295578141E-06
-6.40222295578141E-06
-6.40222295578141E-06
-6.3300194250715E-06
-6.3300194250715E-06
-6.21791915944581E-06
-6.21791915944581E-06
-3.78615705409757E-06
-3.78615705409757E-06
-3.78615705409757E-06
-3.78615705409757E-06
-3.78615705409757E-06
-3.23198605112207E-06
-3.23198605112207E-06
-3.23198605112207E-06
-2.31593904354011E-06
-2.31593904354011E-06
-2.31593904354011E-06
-1.86504566046519E-06
-1.86504566046519E-06
-1.71764890299908E-06
-1.71764890299908E-06
-9.44626384224989E-07
-9.44626384224989E-07
-9.44626384224989E-07
-2.86487231160315E-07
-2.86487231160315E-07
-2.86487231160315E-07
-2.86487231160315E-07
-2.86487231160315E-07
-2.86487231160315E-07
-2.86487231160315E-07
-2.86487231160315E-07
-2.61538003254458E-07
-1.25887859470097E-07
-1.25887859470097E-07
-1.25887859470097E-07
-1.25887859470097E-07
-1.25887859470097E-07
-1.25887859470097E-07
-9.93479015720666E-08
-9.93479015720666E-08
-9.93479015720666E-08
-8.03093271883881E-08
-8.03093271883881E-08
-6.88231082124346E-08
-6.88231082124346E-08
-1.69650278269984E-08
-1.69650278269984E-08
-1.69650278269984E-08
-1.69650278269984E-08
-1.69650278269984E-08
-1.69650278269984E-08
-1.69650278269984E-08
-1.69650278269984E-08
-1.69650278269984E-08
-1.69650278269984E-08
-1.69650278269984E-08
-1.69650278269984E-08
-1.59176035685604E-08
-1.59176035685604E-08
-1.39223732542604E-08
-9.28674170896926E-09
-8.81440387345833E-09
-8.46967274092947E-09
-5.55894430487314E-09
-4.37428615551738E-09
-1.56893598113328E-09
-1.38172573382889E-09
-1.38172573382889E-09
-1.38172573382889E-09
-1.01248864847747E-09
-1.01248864847747E-09
-1.01248864847747E-09
-1.01248864847747E-09
-7.12046421824653E-10
-6.10800854339288E-10
-5.8797622326523E-10
-5.8797622326523E-10
-5.8797622326523E-10
-5.74599923197638E-10
-5.74599923197638E-10
-5.74599923197638E-10
-5.74599923197638E-10
-5.74599923197638E-10
-5.64971514016577E-10
-5.26217291962894E-10
-5.26217291962894E-10
-5.26217291962894E-10
-5.26217291962894E-10
-5.26217291962894E-10
-5.26217291962894E-10
-4.81944484320707E-10
-3.85132259417276E-10
-3.85132259417276E-10
-3.85132259417276E-10
-2.72622702190972E-10
-2.72622702190972E-10
-2.46758946609305E-10
-2.46758946609305E-10
-2.45561349032641E-10
-1.94844695933227E-10
-8.1448736644063E-11
-8.1448736644063E-11
-8.1448736644063E-11
-8.1448736644063E-11
-7.85750353671233E-11
-7.52987672214545E-11
-3.88032939113714E-11
-3.88032939113714E-11
-3.88032939113714E-11
-3.88032939113714E-11
-3.88032939113714E-11
-2.30890861985245E-11
-2.30890861985245E-11
-1.68782765541664E-11
-1.68782765541664E-11
-1.68782765541664E-11
-1.68782765541664E-11
-1.08819619981659E-11
-1.08819619981659E-11
-1.08819619981659E-11
-1.08819619981659E-11
-1.08819619981659E-11
-1.08819619981659E-11
-1.08819619981659E-11
-8.98681129513079E-12
-8.98681129513079E-12
-8.98681129513079E-12
-8.98681129513079E-12
-5.2119419891028E-12
-5.2119419891028E-12
-5.2119419891028E-12
-5.2119419891028E-12
-5.2119419891028E-12
-2.39319675188199E-12
-2.39319675188199E-12
-2.39319675188199E-12
-2.39319675188199E-12
-2.14206430371178E-12
-1.74527059471075E-12
-1.65356617287671E-12
-1.65356617287671E-12
-1.65356617287671E-12
-1.65356617287671E-12
-1.65356617287671E-12
-1.65356617287671E-12
-1.65356617287671E-12
-1.0538236949742E-12
-1.0538236949742E-12
-1.0538236949742E-12
-2.59015031645049E-13
-2.59015031645049E-13
-2.59015031645049E-13
-2.59015031645049E-13
-2.59015031645049E-13
-2.59015031645049E-13
-2.59015031645049E-13
-2.59015031645049E-13
-2.59015031645049E-13
-2.59015031645049E-13
-2.59015031645049E-13
-2.59015031645049E-13
-2.59015031645049E-13
-4.45199432874688E-14
-4.45199432874688E-14
-4.45199432874688E-14
-4.45199432874688E-14
-4.45199432874688E-14
-4.45199432874688E-14
-4.45199432874688E-14
-4.45199432874688E-14
-4.45199432874688E-14
-4.45199432874688E-14
-4.45199432874688E-14
-4.45199432874688E-14
-4.45199432874688E-14
-3.28626015289046E-14
-3.28626015289046E-14
-3.14193115968919E-14
-3.14193115968919E-14
-3.14193115968919E-14
-3.14193115968919E-14
-2.50910403565285E-14
-2.50910403565285E-14
-2.50910403565285E-14
-2.50910403565285E-14
-2.50910403565285E-14
-2.09832151654155E-14
-2.09832151654155E-14
-2.02060590481778E-14
-3.33066907387547E-15
-3.33066907387547E-15
-5.55111512312578E-16
-5.55111512312578E-16
-5.55111512312578E-16
-5.55111512312578E-16
-5.55111512312578E-16
-5.55111512312578E-16
-5.55111512312578E-16
-5.55111512312578E-16
-5.55111512312578E-16
-5.55111512312578E-16
-5.55111512312578E-16
-5.55111512312578E-16
-5.55111512312578E-16
-4.44089209850063E-16
-3.33066907387547E-16
-3.33066907387547E-16
-3.33066907387547E-16
-3.33066907387547E-16
-3.33066907387547E-16
-3.33066907387547E-16
-3.33066907387547E-16
-3.33066907387547E-16
-3.33066907387547E-16
-3.33066907387547E-16
-3.33066907387547E-16
-3.33066907387547E-16
-3.33066907387547E-16
-3.33066907387547E-16
-3.33066907387547E-16
-3.33066907387547E-16
-3.33066907387547E-16
-3.33066907387547E-16
-3.33066907387547E-16
-3.33066907387547E-16
-3.33066907387547E-16
-3.33066907387547E-16
-3.33066907387547E-16
-3.33066907387547E-16
-3.33066907387547E-16
-2.22044604925031E-16
-2.22044604925031E-16
-1.11022302462516E-16
-1.11022302462516E-16
-1.11022302462516E-16
-1.11022302462516E-16
-1.11022302462516E-16
-1.11022302462516E-16
-1.11022302462516E-16
-1.11022302462516E-16
-1.11022302462516E-16
-1.11022302462516E-16
-1.11022302462516E-16
-1.11022302462516E-16
-1.11022302462516E-16
-1.11022302462516E-16
-1.11022302462516E-16
-1.11022302462516E-16
-1.11022302462516E-16
-1.11022302462516E-16
-1.11022302462516E-16
-1.11022302462516E-16
-1.11022302462516E-16
-1.11022302462516E-16
-1.11022302462516E-16
-1.11022302462516E-16
-1.11022302462516E-16
-1.11022302462516E-16
-1.11022302462516E-16
-1.11022302462516E-16
-1.11022302462516E-16
-1.11022302462516E-16
-1.11022302462516E-16
-1.11022302462516E-16
-1.11022302462516E-16
-1.11022302462516E-16
-1.11022302462516E-16
-1.11022302462516E-16
-1.11022302462516E-16
-1.11022302462516E-16
-1.11022302462516E-16
-1.11022302462516E-16
-1.11022302462516E-16
-1.11022302462516E-16
-1.11022302462516E-16
-1.11022302462516E-16
-1.11022302462516E-16
-1.11022302462516E-16
-1.11022302462516E-16
-1.11022302462516E-16
-1.11022302462516E-16
-1.11022302462516E-16
-1.11022302462516E-16
-1.11022302462516E-16
-1.11022302462516E-16
-1.11022302462516E-16
-1.11022302462516E-16
-1.11022302462516E-16
-1.11022302462516E-16
-1.11022302462516E-16
-1.11022302462516E-16
-1.11022302462516E-16
-1.11022302462516E-16
-1.11022302462516E-16
-1.11022302462516E-16
-1.11022302462516E-16
-1.11022302462516E-16
-1.11022302462516E-16
-1.11022302462516E-16
-1.11022302462516E-16
-1.11022302462516E-16
-1.11022302462516E-16
-1.11022302462516E-16
-1.11022302462516E-16
-1.11022302462516E-16
-1.11022302462516E-16
-1.11022302462516E-16
-1.11022302462516E-16
-1.11022302462516E-16
-1.11022302462516E-16
-1.11022302462516E-16
-1.11022302462516E-16
-1.11022302462516E-16
-1.11022302462516E-16
-1.11022302462516E-16
-1.11022302462516E-16
-1.11022302462516E-16
-1.11022302462516E-16
-1.11022302462516E-16
-1.11022302462516E-16
-1.11022302462516E-16
-1.11022302462516E-16
-1.11022302462516E-16
-1.11022302462516E-16
-1.11022302462516E-16
-1.11022302462516E-16
-1.11022302462516E-16
-1.11022302462516E-16
-1.11022302462516E-16
-1.11022302462516E-16
-1.11022302462516E-16
-1.11022302462516E-16
-1.11022302462516E-16
-1.11022302462516E-16
-1.11022302462516E-16
-1.11022302462516E-16
-1.11022302462516E-16
-1.11022302462516E-16
-1.11022302462516E-16
-1.11022302462516E-16
-1.11022302462516E-16
-1.11022302462516E-16
-1.11022302462516E-16
-1.11022302462516E-16
-1.11022302462516E-16
-1.11022302462516E-16
-1.11022302462516E-16
-1.11022302462516E-16
-1.11022302462516E-16
-1.11022302462516E-16
-1.11022302462516E-16
-1.11022302462516E-16
-1.11022302462516E-16
-1.11022302462516E-16
-1.11022302462516E-16
-1.11022302462516E-16
-1.11022302462516E-16
-1.11022302462516E-16
-1.11022302462516E-16
-1.11022302462516E-16
-1.11022302462516E-16
-1.11022302462516E-16
-1.11022302462516E-16
-1.11022302462516E-16
-1.11022302462516E-16
-1.11022302462516E-16
-1.11022302462516E-16
-1.11022302462516E-16
-1.11022302462516E-16
-1.11022302462516E-16
-1.11022302462516E-16
-1.11022302462516E-16
-1.11022302462516E-16
-1.11022302462516E-16
-1.11022302462516E-16
-1.11022302462516E-16
-1.11022302462516E-16
-1.11022302462516E-16
-1.11022302462516E-16
-1.11022302462516E-16
-1.11022302462516E-16
-1.11022302462516E-16
-1.11022302462516E-16
-1.11022302462516E-16
-1.11022302462516E-16
-1.11022302462516E-16
-1.11022302462516E-16
-1.11022302462516E-16
-1.11022302462516E-16
-1.11022302462516E-16
-1.11022302462516E-16
-1.11022302462516E-16
-1.11022302462516E-16
-1.11022302462516E-16
-1.11022302462516E-16
-1.11022302462516E-16
-1.11022302462516E-16
-1.11022302462516E-16
-1.11022302462516E-16
-1.11022302462516E-16
-1.11022302462516E-16
-1.11022302462516E-16
-1.11022302462516E-16
-1.11022302462516E-16
-1.11022302462516E-16
-1.11022302462516E-16
-1.11022302462516E-16
-1.11022302462516E-16
-1.11022302462516E-16
-1.11022302462516E-16
-1.11022302462516E-16
-1.11022302462516E-16
-1.11022302462516E-16
-1.11022302462516E-16
-1.11022302462516E-16
-1.11022302462516E-16
-1.11022302462516E-16
-1.11022302462516E-16
-1.11022302462516E-16
-1.11022302462516E-16
-1.11022302462516E-16
-1.11022302462516E-16
-1.11022302462516E-16
-1.11022302462516E-16
-1.11022302462516E-16
-1.11022302462516E-16
-1.11022302462516E-16
-1.11022302462516E-16
-1.11022302462516E-16
-1.11022302462516E-16
-1.11022302462516E-16
-1.11022302462516E-16
-1.11022302462516E-16
-1.11022302462516E-16
-1.11022302462516E-16
-1.11022302462516E-16

