0.376552730688933
0.336061277624778
0.315927440873641
0.313542098126973
0.302044033899788
0.26967562831781
0.22539520724169
0.211630240519887
0.206909328917425
0.195977366270029
0.198335090098014
0.191475561972677
0.178968230376711
0.18161289713507
0.181578424774238
0.170833384095269
0.170550525061659
0.164512367206899
0.157410945170736
0.142111646693883
0.142154987166057
0.144286552422292
0.140103910600629
0.130532070727221
0.131745758269285
0.12943227918322
0.131878917083185
0.13988809783622
0.130825768233369
0.131661549569817
0.129570672911286
0.122985237826575
0.143461793025569
0.148133334977331
0.141804249519462
0.134187039130776
0.125487592443304
0.114679645994405
0.111260594320952
0.109342970532259
0.113372884644978
0.112205988688324
0.11438448935221
0.130413043622629
0.131274231081077
0.130767118933555
0.134106243648387
0.128911322043096
0.131027195556568
0.126404819454553
0.110961882160466
0.109013728711061
0.107582950066214
0.109340994387185
0.115870853940191
0.122906731172046
0.123527876234897
0.132358214546859
0.115823253612372
0.114965213501833
0.108498937415105
0.111362420803468
0.116049360700683
0.117796385520509
0.10935920242386
0.109667948897142
0.1064435752418
0.106963333241334
0.113001976389031
0.118301621460254
0.117252749117693
0.111980390942182
0.109323408647287
0.100167640139076
0.109720864607907
0.108187815393771
0.12161202610874
0.116361451271624
0.128304046455468
0.134862690082033
0.126197831805239
0.122372389543635
0.115288328865938
0.113163799829405
0.115939357489405
0.106985426353048
0.113010707491542
0.121131335217118
0.111779189441154
0.117175340279527
0.121351465726472
0.1221193598281
0.110150864216639
0.0992715326907672
0.103114013126977
0.108858027813615
0.106740784805034
0.10866218819984
0.113726447151523
0.111856061465244
0.105802046566334
0.10769844265036
0.108004915616346
0.10790749604846
0.111563688222185
0.112149388918832
0.108289514277453
0.107427440954905
0.109084867945898
0.102424254670638
0.0932458124301624
0.104863166036817
0.104305594056376
0.0973970116513546
0.097881525760963
0.0969507988745775
0.097520110801416
0.0986833156726581
0.108910456778493
0.107915102017073
0.118254146299074
0.120330169720927
0.116500396778997
0.106405540620017
0.105350164976827
0.0889269158377911
0.0982402236700417
0.10055877836822
0.0909994534884709
0.0943101290696412
0.0968612014940704
0.106668472845798
0.109999117316075
0.109819782238923
0.114713986256927
0.109857327747551
0.112676530239982
0.111218318776543
0.102837468366495
0.100973293184883
0.102481607233693
0.0983959164575143
0.0999166430528585
0.10021582847176
0.0930382001975971
0.0914932004307138
0.0882704648999238
0.10084985685817
0.0979511494950634
0.105739859919711
0.113105683686896
0.0956542508448782
0.0771340760529151
0.0849948632836419
0.0900062507913676
0.101405903698246
0.103234824944969
0.0985448067656772
0.0985807780202778
0.09327955062301
0.10364283461566
0.112892315734876
0.115094697650364
0.109016138592815
0.103931058430347
0.0943386198532839
0.0948544139404617
0.0945507812290677
0.0982550551446709
0.0997050690573226
0.110849973363649
0.114316008642382
0.103730096740171
0.0898279451387824
0.0958532433198163
0.0961474387554382
0.0983378456382824
0.0954847371443212
0.0898869773091883
0.0867524268975556
0.0959353077799697
0.10037923138701
0.104928551443438
0.111350596275802
0.1109911396542
0.114895956694771
0.117401584745005
0.107798357960576
0.109798388887811
0.112781184983776
0.102518621380894
0.0954837998675891
0.100357807138102
0.0976134108503051
0.104030301408283
0.113599290647719
0.11662039443763
0.11488957726503
0.107932311892547
0.102260079093695
0.097015780222075
0.0838720326191173
0.0843207127025946
0.0988913195213675
0.115066333627376
0.113030657807347
0.10353341014323
0.0970507768378518
0.102101530337284
0.102391554478148
0.099269097820835
0.0957413935441422
0.106229533815647
0.119285717283319
0.114180877638154
0.111044775081155
0.104484542232167
0.111618189004019
0.124209231156106
0.122360017534758
0.107334237217737
0.110356270747649
0.108444127373417
0.103904404412845
0.0984784051878225
0.091987864055575
0.0987544239182347
0.0986145207131523
0.10026958661852
0.0984188743938633
0.0930354784233216
0.100653345668003
0.106553580375783
0.104382771338914
0.105025043134099
0.0910921572342514
0.0900722241157444
0.101634477655188
0.0981255639216182
0.10273915608567
0.0979394276238696
0.104137223805658
0.0990455830353507
0.0962942085412334
0.09278776412916
0.0928519869648647
0.0943426109188397
0.0960815580342077
0.0914742744232597
0.0771218173253211
0.0845153173065584
0.0845564176580073
0.0858527347612003
0.0783811560032878
0.0877131924290786
0.0881209154264608
0.0887839316439224
0.0894684106020568
0.105647659647905
0.104291393914117
0.100159882176218
0.0952227408290747
0.0964181143277878
0.0908338146989619
0.0927997552424142
0.0860035259913633
0.0920200341221871
0.0922527231809656
0.0892372011009632
0.0818809816967237
0.0813193651820043
0.0826233074178663
0.0927939679668079
0.099565962401639
0.0873770719897906
0.0889124117605626
0.0973480770656437
0.10081934902398
0.104419814787588
0.101636205046268
0.0955907513847248
0.0965331350758298
0.104206465434507
0.0905163673027673
0.0856634005943063
0.0917343225360862
0.0972370086815123
0.0963673373399059
0.0877565487071484
0.0827628178151047
0.0787304818095372
0.0739491047072108
0.0793559456703568
0.0771022865403494
0.0721390041922785
0.0661383769567196
0.072863355120243
0.0838400179287323
0.0712116275230949
0.065885480201306
0.0765360992750181
0.0785567418606187
0.07669593131709
0.0741880219376387
0.0708334608199768
0.0809042648336161
0.0776146539445267
0.06445630949701
0.0692449796904205
0.076089059667541
0.0650962191919399
0.0801679002456873
0.0839600068082641
0.0838654686785532
0.0746791879204901
0.0661984387102861
0.0662036808305331
0.0724276942873042
0.0806944613880457
0.0785651487663248
0.0772869917783602
0.0800390521702903
0.07752591655322
0.081048525898327
0.0874019606441789
0.0812511080592524
0.073094585299153
0.0735627282489279
0.0787913086388195
0.0790462877097206
0.0792349865431509
0.0748108078320568
0.0755872728279921
0.068473962391686
0.0761514422600862
0.0751219255966022
0.0760488050667176
0.071545628061926
0.0775687257139676
0.0836099193977996
0.0827636448693353
0.0780794123168682
0.0837153047222064
0.0834315147524895
0.0868467544944185
0.0826424805514484
0.0818642109198652
0.0761155498245954
0.0883838293764805
0.0940636822521767
0.0943364887568042
0.0817069994235284
0.0697010047881571
0.0767582154967751
0.0860859948196532
0.0919281114772851
0.0825486218299477
0.0806943507050889
0.076997429972401
0.067623066655115
0.0666149094902218
0.0760690900527629
0.0858782214942293
0.0803803828907497
0.0814053731998808
0.0840920956560813
0.0804094709715505
0.0857074518306175
0.0815388623481434
0.0872971935185654
0.0862858322254689
0.080547011857168
0.0742813700387447
0.0725090037560961
0.0739744020051397
0.0666723478724926
0.0622932160843326
0.0616996396729667
0.0656021684140936
0.066967793148944
0.0767393039489979
0.0860147052076641
0.0877290188070633
0.0916629227313565
0.0921269714828549
0.0914053829960071
0.084281052799798
0.0822462025660234
0.0793792480262148
0.0800297704899319
0.0809196106948379
0.0666040036048921
0.0585900785267933
0.0731567872173974
0.0829093670302062
0.0828523481895938
0.0802937251594291
0.0796481437594287
0.0871681558860526
0.0868308650822986
0.0825081085194918
0.0787914237598116
0.0709666317484039
0.0628076701253346
0.0601859486196846
0.0639459365927807
0.0661531565352478
0.0741849679693859
0.0796561854897584
0.0799894187811341
0.0755822428869836
0.0770574209734702
0.0890428735901922
0.0840698632395816
0.0765498608685104
0.0673749954127065
0.0724259663271333
0.0637641436577109
0.0804143187047075
0.0825941616941746
0.0790959407348879
0.0802623235328037
0.0862952066691254
0.0865907009993931
0.077667140503013
0.0671183053060803
0.0731095998845168
0.0753841953121823
0.0758892359216743
0.0833896181811454
0.085678082023435
0.0857063595954159
0.0881205123122271
0.0833071300257099
0.0772303752956076
0.0705859665052469
0.0689449647417159
0.0719675906239665
0.0833393260012923
0.081032944875243
0.075677411766362
0.0761585818438183
0.076931626084092
0.07886940612314
0.066408145658586
0.0644353415195594
0.0803261282313525
0.0774668306355763
0.0799206193423544
0.0765674224077538
0.0737313202279221
0.0769845659513354
0.0770383831161122
0.0808262364280182
0.0848468722946743
0.0870614326234915
0.0905374836568062
0.0837316902855235
0.0754845307278873
0.0701604414078461
0.0794768414609936
0.0878755465951443
0.0862543176835281
0.0773538983694129
0.079591142730849
0.0772610293453777
0.0775185142371336
0.0886087300650382
0.0889157180328931
0.0881602253033377
0.0822923806763491
0.0739368936154627
0.0699260538412544
0.0702799015303393
0.0726958537023545
0.0856469518641323
0.0794206720379701
0.0815589590523435
0.0794293720099284
0.0790961394092117
0.0787628325129605
0.0699242041003201
0.0760872949960714
0.0807873444400902
0.0847463568102091
0.0778612629485713
0.0766854869595257
0.0669288333478737
0.0751196014254147
0.0793270789889826
0.0843115975036422
0.0814015747742547
0.0793968738577651
0.0737252587195976
0.0791253399901462
0.0819961823510609
0.0840961857540843
0.0807401732481454
0.075102723829996
0.0790588476413298

