-1.29997614426959
-0.105787740098495
-0.0401876452584393
-0.0401876452584393
-0.0401876452584393
-0.0191346137612405
-0.0175673189992449
-0.0175673189992449
-0.0139421385166069
-0.0139421385166069
-0.0139421385166069
-0.0139421385166069
-0.0139421385166069
-0.00971947432749642
-0.00914472852029824
-0.00914472852029824
-0.00914472852029824
-0.00457747424163213
-0.00457747424163213
-0.002982302404407
-0.002982302404407
-0.002982302404407
-0.002982302404407
-0.00127158901214364
-0.00127158901214364
-0.00127158901214364
-0.00127158901214364
-0.00127158901214364
-0.00127158901214364
-0.00127158901214364
-0.000599082462431344
-0.00045535696196719
-0.00045535696196719
-0.00045535696196719
-0.00045535696196719
-0.00045535696196719
-0.00045535696196719
-0.00045535696196719
-0.00045535696196719
-0.000108675016189497
-7.65735798766709E-05
-7.65735798766709E-05
-7.65735798766709E-05
-7.65735798766709E-05
-7.65735798766709E-05
-7.65735798766709E-05
-7.65735798766709E-05
-7.65735798766709E-05
-2.17388542511632E-05
-2.17388542511632E-05
-2.17388542511632E-05
-2.17388542511632E-05
-2.17388542511632E-05
-1.56529018334739E-05
-1.56529018334739E-05
-1.56529018334739E-05
-1.4119933133383E-05
-1.4119933133383E-05
-1.4119933133383E-05
-1.4119933133383E-05
-1.4119933133383E-05
-1.4119933133383E-05
-1.4119933133383E-05
-1.4119933133383E-05
-1.4119933133383E-05
-1.12273636539983E-05
-1.12273636539983E-05
-9.59110097198401E-06
-9.59110097198401E-06
-8.72050092748378E-06
-8.72050092748378E-06
-8.72050092748378E-06
-8.72050092748378E-06
-8.72050092748378E-06
-1.08282792121717E-06
-1.08282792121717E-06
-1.08282792121717E-06
-1.08282792121717E-06
-1.08282792121717E-06
-1.08282792121717E-06
-1.08282792121717E-06
-1.08282792121717E-06
-1.08282792121717E-06
-1.08282792121717E-06
-1.08282792121717E-06
-1.08282792121717E-06
-5.02179399175517E-07
-5.02179399175517E-07
-5.02179399175517E-07
-5.02179399175517E-07
-5.02179399175517E-07
-5.02179399175517E-07
-3.95601046476735E-07
-3.95601046476735E-07
-3.9398929685408E-07
-3.26001560080336E-07
-3.26001560080336E-07
-3.26001560080336E-07
-2.40331324730114E-07
-2.40331324730114E-07
-1.90490344054162E-07
-1.8881381047553E-07
-3.47524746757699E-08
-3.47524746757699E-08
-3.47524746757699E-08
-3.47524746757699E-08
-3.47524746757699E-08
-3.47524746757699E-08
-3.47524746757699E-08
-3.47524746757699E-08
-3.07318429593195E-08
-3.07318429593195E-08
-3.07318429593195E-08
-2.99174773843447E-08
-2.99174773843447E-08
-1.32716393430599E-08
-1.32716393430599E-08
-1.32716393430599E-08
-1.32716393430599E-08
-1.32716393430599E-08
-1.32716393430599E-08
-1.32716393430599E-08
-1.32716393430599E-08
-1.32716393430599E-08
-9.31061827635915E-09
-9.31061827635915E-09
-7.52401285719628E-09
-7.52401285719628E-09
-7.52401285719628E-09
-7.52401285719628E-09
-7.52401285719628E-09
-6.74441158476924E-09
-6.74441158476924E-09
-6.74441158476924E-09
-6.74441158476924E-09
-6.74441158476924E-09
-6.74441158476924E-09
-6.74441158476924E-09
-6.74441158476924E-09
-5.38950373218938E-09
-5.38950373218938E-09
-5.38950373218938E-09
-5.38950373218938E-09
-5.38950373218938E-09
-2.30526586708635E-09
-2.30526586708635E-09
-2.30526586708635E-09
-2.30526586708635E-09
-1.93649718482902E-09
-1.93649718482902E-09
-1.52713053314102E-09
-1.52713053314102E-09
-1.52713053314102E-09
-9.05831742947782E-10
-6.89399537456836E-10
-6.89399537456836E-10
-4.25371071699487E-10
-2.34402497412134E-10
-2.34402497412134E-10
-2.34402497412134E-10
-2.25419793942194E-10
-2.25419793942194E-10
-2.25419793942194E-10
-2.25419793942194E-10
-2.1080936996043E-10
-1.19366849737901E-10
-1.19366849737901E-10
-1.19366849737901E-10
-1.09794506819583E-10
-1.09794506819583E-10
-1.08028364032009E-10
-1.08028364032009E-10
-9.27424803620625E-11
-9.27424803620625E-11
-9.27424803620625E-11
-8.34536884042336E-11
-8.34536884042336E-11
-8.34536884042336E-11
-7.98106025712286E-11
-7.98106025712286E-11
-5.81665826615563E-11
-5.81665826615563E-11
-4.63653559990007E-11
-4.63653559990007E-11
-2.47907250283674E-11
-2.47907250283674E-11
-2.47907250283674E-11
-1.55684354297136E-11
-1.55684354297136E-11
-1.55684354297136E-11
-2.12341255689807E-12
-2.12341255689807E-12
-2.12341255689807E-12
-2.12341255689807E-12
-2.12341255689807E-12
-2.12341255689807E-12
-2.12341255689807E-12
-2.12341255689807E-12
-2.12341255689807E-12
-2.12341255689807E-12
-2.12341255689807E-12
-2.12341255689807E-12
-2.12341255689807E-12
-1.42164058303251E-12
-1.42164058303251E-12
-1.42164058303251E-12
-6.89448498292222E-13
-6.89448498292222E-13
-6.89448498292222E-13
-6.89448498292222E-13
-6.89448498292222E-13
-6.29940544172314E-13
-6.29940544172314E-13
-4.83058038014406E-13
-4.83058038014406E-13
-4.83058038014406E-13
-3.18967074974807E-13
-3.18967074974807E-13
-3.18967074974807E-13
-3.18967074974807E-13
-3.18967074974807E-13
-3.07864844728556E-13
-3.07864844728556E-13
-2.30593322214645E-13
-2.30593322214645E-13
-2.30593322214645E-13
-2.30593322214645E-13
-1.37667655053519E-13
-1.19682042054592E-13
-1.19682042054592E-13
-1.19682042054592E-13
-1.19682042054592E-13
-1.4210854715202E-14
-1.4210854715202E-14
-1.4210854715202E-14
-9.76996261670138E-15
-9.76996261670138E-15
-9.76996261670138E-15
-9.76996261670138E-15
-9.76996261670138E-15
-9.76996261670138E-15
-9.76996261670138E-15
-9.76996261670138E-15
-9.76996261670138E-15
-9.76996261670138E-15
-9.76996261670138E-15
-9.76996261670138E-15
-9.76996261670138E-15
-9.76996261670138E-15
-9.76996261670138E-15
-9.76996261670138E-15
-9.76996261670138E-15
-9.54791801177635E-15
-9.2148511043888E-15
-9.2148511043888E-15
-4.10782519111308E-15
-4.10782519111308E-15
-4.10782519111308E-15
-3.77475828372553E-15
-1.66533453693773E-15
-1.66533453693773E-15
-1.66533453693773E-15
-1.66533453693773E-15
-1.66533453693773E-15
-1.66533453693773E-15
-4.44089209850063E-16
-4.44089209850063E-16
-4.44089209850063E-16
-4.44089209850063E-16
-4.44089209850063E-16
-4.44089209850063E-16
-4.44089209850063E-16
-4.44089209850063E-16
-4.44089209850063E-16
-2.22044604925031E-16
-2.22044604925031E-16
-2.22044604925031E-16
-2.22044604925031E-16
-2.22044604925031E-16
-2.22044604925031E-16
-2.22044604925031E-16
-2.22044604925031E-16
-2.22044604925031E-16
-2.22044604925031E-16
-2.22044604925031E-16
-2.22044604925031E-16
-2.22044604925031E-16
-1.11022302462516E-16
-1.11022302462516E-16
-1.11022302462516E-16
-1.11022302462516E-16
-1.11022302462516E-16
-1.11022302462516E-16
-1.11022302462516E-16
-1.11022302462516E-16
-1.11022302462516E-16
-1.11022302462516E-16
-1.11022302462516E-16
-1.11022302462516E-16
-1.11022302462516E-16
-1.11022302462516E-16
-1.11022302462516E-16
-1.11022302462516E-16
-1.11022302462516E-16
-1.11022302462516E-16
-1.11022302462516E-16
-1.11022302462516E-16
-1.11022302462516E-16
-1.11022302462516E-16
-1.11022302462516E-16
-1.11022302462516E-16
-1.11022302462516E-16
-1.11022302462516E-16
-1.11022302462516E-16
-1.11022302462516E-16
-1.11022302462516E-16
-1.11022302462516E-16
-1.11022302462516E-16
-1.11022302462516E-16
-1.11022302462516E-16
-1.11022302462516E-16
-1.11022302462516E-16
-1.11022302462516E-16
-1.11022302462516E-16
-1.11022302462516E-16
-1.11022302462516E-16
-1.11022302462516E-16
-1.11022302462516E-16
-1.11022302462516E-16
-1.11022302462516E-16
-1.11022302462516E-16
-1.11022302462516E-16
-1.11022302462516E-16
-1.11022302462516E-16
-1.11022302462516E-16
-1.11022302462516E-16
-1.11022302462516E-16
-1.11022302462516E-16
-1.11022302462516E-16
-1.11022302462516E-16
-1.11022302462516E-16
-1.11022302462516E-16
-1.11022302462516E-16
-1.11022302462516E-16
-1.11022302462516E-16
-1.11022302462516E-16
-1.11022302462516E-16
-1.11022302462516E-16
-1.11022302462516E-16
-1.11022302462516E-16
-1.11022302462516E-16
-1.11022302462516E-16
-1.11022302462516E-16
-1.11022302462516E-16
-1.11022302462516E-16
-1.11022302462516E-16
-1.11022302462516E-16
-1.11022302462516E-16
-1.11022302462516E-16
-1.11022302462516E-16
-1.11022302462516E-16
-1.11022302462516E-16
-1.11022302462516E-16
-1.11022302462516E-16
-1.11022302462516E-16
-1.11022302462516E-16
-1.11022302462516E-16
-1.11022302462516E-16
-1.11022302462516E-16
-1.11022302462516E-16
-1.11022302462516E-16
-1.11022302462516E-16
-1.11022302462516E-16
-1.11022302462516E-16
-1.11022302462516E-16
-1.11022302462516E-16
-1.11022302462516E-16
-1.11022302462516E-16
-1.11022302462516E-16
-1.11022302462516E-16
-1.11022302462516E-16
-1.11022302462516E-16
-1.11022302462516E-16
-1.11022302462516E-16
-1.11022302462516E-16
-1.11022302462516E-16
-1.11022302462516E-16
-1.11022302462516E-16
-1.11022302462516E-16
-1.11022302462516E-16
-1.11022302462516E-16
-1.11022302462516E-16
-1.11022302462516E-16
-1.11022302462516E-16
-1.11022302462516E-16
-1.11022302462516E-16
-1.11022302462516E-16
-1.11022302462516E-16
-1.11022302462516E-16
-1.11022302462516E-16
-1.11022302462516E-16
-1.11022302462516E-16
-1.11022302462516E-16
-1.11022302462516E-16
-1.11022302462516E-16
-1.11022302462516E-16
-1.11022302462516E-16
-1.11022302462516E-16
-1.11022302462516E-16
-1.11022302462516E-16
-1.11022302462516E-16
-1.11022302462516E-16
-1.11022302462516E-16
-1.11022302462516E-16
-1.11022302462516E-16
-1.11022302462516E-16
-1.11022302462516E-16
-1.11022302462516E-16
-1.11022302462516E-16
-1.11022302462516E-16
-1.11022302462516E-16
-1.11022302462516E-16
-1.11022302462516E-16
-1.11022302462516E-16
-1.11022302462516E-16
-1.11022302462516E-16
-1.11022302462516E-16
-1.11022302462516E-16
-1.11022302462516E-16
-1.11022302462516E-16
-1.11022302462516E-16
-1.11022302462516E-16
-1.11022302462516E-16
-1.11022302462516E-16
-1.11022302462516E-16
-1.11022302462516E-16
-1.11022302462516E-16
-1.11022302462516E-16
-1.11022302462516E-16
-1.11022302462516E-16
-1.11022302462516E-16
-1.11022302462516E-16
-1.11022302462516E-16
-1.11022302462516E-16
-1.11022302462516E-16
-1.11022302462516E-16
-1.11022302462516E-16
-1.11022302462516E-16
-1.11022302462516E-16
-1.11022302462516E-16
-1.11022302462516E-16
-1.11022302462516E-16
-1.11022302462516E-16
-1.11022302462516E-16
-1.11022302462516E-16
-1.11022302462516E-16
-1.11022302462516E-16
-1.11022302462516E-16
-1.11022302462516E-16
-1.11022302462516E-16
-1.11022302462516E-16
-1.11022302462516E-16
-1.11022302462516E-16
-1.11022302462516E-16
-1.11022302462516E-16
-1.11022302462516E-16
-1.11022302462516E-16
-1.11022302462516E-16
-1.11022302462516E-16
-1.11022302462516E-16
-1.11022302462516E-16
-1.11022302462516E-16
-1.11022302462516E-16
-1.11022302462516E-16
-1.11022302462516E-16
-1.11022302462516E-16
-1.11022302462516E-16
-1.11022302462516E-16
-1.11022302462516E-16
-1.11022302462516E-16
-1.11022302462516E-16
-1.11022302462516E-16
-1.11022302462516E-16
-1.11022302462516E-16
-1.11022302462516E-16
-1.11022302462516E-16
-1.11022302462516E-16
-1.11022302462516E-16
-1.11022302462516E-16
-1.11022302462516E-16
-1.11022302462516E-16
-1.11022302462516E-16
-1.11022302462516E-16
-1.11022302462516E-16
-1.11022302462516E-16
-1.11022302462516E-16
-1.11022302462516E-16
-1.11022302462516E-16
-1.11022302462516E-16
-1.11022302462516E-16

