-9.61737754931184
-2.91716536712618
-2.91716536712618
-2.85609541857777
-2.85609541857777
-2.33626951491762
-1.1827825038754
-1.17814801790012
-1.17814801790012
-1.17814801790012
-1.12668047184656
-1.02916631903852
-0.997184656722314
-0.969618687480269
-0.911089863604537
-0.911089863604537
-0.900815164832301
-0.900815164832301
-0.900815164832301
-0.900815164832301
-0.890175835726261
-0.872906503228032
-0.848946260753832
-0.794289484084829
-0.738443166209418
-0.618800237519403
-0.615448946853527
-0.615448946853527
-0.495555111429735
-0.443499222915891
-0.443499222915891
-0.443499222915891
-0.443499222915891
-0.443499222915891
-0.443499222915891
-0.443499222915891
-0.431107369093777
-0.423181583581235
-0.423181583581235
-0.421740089583277
-0.413276864529807
-0.406448526988338
-0.319132629050794
-0.319132629050794
-0.319132629050794
-0.319132629050794
-0.319132629050794
-0.267204794030711
-0.267204794030711
-0.267204794030711
-0.267204794030711
-0.267204794030711
-0.239425046751875
-0.239425046751875
-0.224792820764455
-0.224792820764455
-0.219899132240126
-0.219899132240126
-0.210878006965304
-0.209607850755398
-0.209607850755398
-0.209607850755398
-0.209186421242028
-0.201776431538659
-0.201776431538659
-0.2017069071627
-0.2017069071627
-0.2017069071627
-0.197650202074328
-0.193320935381148
-0.193320935381148
-0.192923602845037
-0.191023594131056
-0.191023594131056
-0.191023594131056
-0.190785022363757
-0.190391507004641
-0.190104266322004
-0.188569965050984
-0.185316920849986
-0.182911000872114
-0.182911000872114
-0.173060329779192
-0.163949494184259
-0.163949494184259
-0.150871567229408
-0.150871567229408
-0.150871567229408
-0.150871567229408
-0.150871567229408
-0.150871567229408
-0.150871567229408
-0.150871567229408
-0.14350671792471
-0.14350671792471
-0.118585801315311
-0.118585801315311
-0.118585801315311
-0.118585801315311
-0.118585801315311
-0.118585801315311
-0.118585801315311
-0.118585801315311
-0.118585801315311
-0.118585801315311
-0.104467977905533
-0.104467977905533
-0.104467977905533
-0.104467977905533
-0.104467977905533
-0.104467977905533
-0.104467977905533
-0.104467977905533
-0.104467977905533
-0.104467977905533
-0.104467977905533
-0.0956807460977758
-0.0956807460977758
-0.0956807460977758
-0.0956807460977758
-0.0956807460977758
-0.0956807460977758
-0.0956807460977758
-0.0956807460977758
-0.0956807460977758
-0.0926564042787163
-0.0923660303431017
-0.0923660303431017
-0.0923660303431017
-0.0923660303431017
-0.0918969064457673
-0.0918969064457673
-0.0915821650758453
-0.0915821650758453
-0.0915821650758453
-0.0915821650758453
-0.091492955597381
-0.0847311530829689
-0.0772556024217923
-0.0772556024217923
-0.0696639288151196
-0.0696639288151196
-0.0696639288151196
-0.0696639288151196
-0.069278846800262
-0.069278846800262
-0.069278846800262
-0.069278846800262
-0.069278846800262
-0.069278846800262
-0.0689723718821274
-0.0689723718821274
-0.0657539751494895
-0.0657539751494895
-0.0657539751494895
-0.0657539751494895
-0.0652915227062741
-0.0652915227062741
-0.0652915227062741
-0.0652915227062741
-0.0652915227062741
-0.0633959595388115
-0.0633959595388115
-0.0633959595388115
-0.056408123075141
-0.056408123075141
-0.056408123075141
-0.056408123075141
-0.056408123075141
-0.056408123075141
-0.056408123075141
-0.056408123075141
-0.056408123075141
-0.0561022248573429
-0.0561022248573429
-0.0561022248573429
-0.0561022248573429
-0.0487058061243698
-0.0487058061243698
-0.0481775720766594
-0.0471360518069737
-0.0444379481145241
-0.0444379481145241
-0.0438707662595283
-0.0389725403280767
-0.0363569844518598
-0.0363569844518598
-0.0354042301800691
-0.0354042301800691
-0.0354042301800691
-0.0351707650174126
-0.0351707650174126
-0.0337616072082399
-0.0325029776634516
-0.0325029776634516
-0.0325029776634516
-0.0325029776634516
-0.0325029776634516
-0.03206335233944
-0.03206335233944
-0.0308719553459512
-0.0308719553459512
-0.0308719553459512
-0.0308078524565603
-0.0308078524565603
-0.029326752954177
-0.029326752954177
-0.029326752954177
-0.029326752954177
-0.029326752954177
-0.029326752954177
-0.029326752954177
-0.029326752954177
-0.0285760837686009
-0.0265264791080117
-0.0265264791080117
-0.0265264791080117
-0.0265264791080117
-0.0265264791080117
-0.0261564920621003
-0.0261564920621003
-0.026042301101536
-0.026042301101536
-0.0254993666991334
-0.025316744981953
-0.025316744981953
-0.025316744981953
-0.0241626513859961
-0.0241626513859961
-0.0220764976655166
-0.0203452054233365
-0.0190809976347679
-0.0190809976347679
-0.0190809976347679
-0.0190809976347679
-0.0190809976347679
-0.0190809976347679
-0.0190809976347679
-0.0190809976347679
-0.0190809976347679
-0.0190543646383545
-0.0190543646383545
-0.0190543646383545
-0.0190543646383545
-0.0188750205986578
-0.0188750205986578
-0.0165912758221962
-0.0165912758221962
-0.0153413037132916
-0.0152613824486881
-0.0152613824486881
-0.0152613824486881
-0.0152613824486881
-0.0152613824486881
-0.0147219447685518
-0.0146010726225279
-0.0142439427079572
-0.0142439427079572
-0.0136741131465379
-0.0136741131465379
-0.0134631223299577
-0.0131525225850437
-0.0130387013850495
-0.0119391650843792
-0.0119391650843792
-0.0119391650843792
-0.0119391650843792
-0.0112054747210032
-0.0112054747210032
-0.0107096411327211
-0.00966956862924371
-0.00946431151275132
-0.00946431151275132
-0.00898526264870687
-0.00898526264870687
-0.00898526264870687
-0.00837727961818912
-0.00837727961818912
-0.00837727961818912
-0.00810384715792075
-0.00810384715792075
-0.00810384715792075
-0.00808004847036383
-0.00735525100377874
-0.0071295365653334
-0.0071295365653334
-0.0071295365653334
-0.00691992652773123
-0.00691992652773123
-0.00691992652773123
-0.00691992652773123
-0.00691029519279826
-0.00691029519279826
-0.00687620072383755
-0.00687620072383755
-0.00687620072383755
-0.00687620072383755
-0.00687620072383755
-0.00687620072383755
-0.00687326463761646
-0.00687326463761646
-0.00655642698065676
-0.0063096118037879
-0.0063096118037879
-0.0063096118037879
-0.0063096118037879
-0.00611164845440098
-0.00591396144753824
-0.00591396144753824
-0.00531534568849855
-0.00531534568849855
-0.00526063045205767
-0.00526063045205767
-0.00526063045205767
-0.00526063045205767
-0.00526063045205767
-0.00526063045205767
-0.00514866709515291
-0.00506382415360324
-0.00500190059735074
-0.00426226990694837
-0.00426226990694837
-0.00426226990694837
-0.00426226990694837
-0.00426226990694837
-0.00426226990694837
-0.00426226990694837
-0.00426226990694837
-0.00421541718270798
-0.00421541718270798
-0.00421541718270798
-0.0040835783129999
-0.00401356755048401
-0.00401356755048401
-0.00401356755048401
-0.00379455206546841
-0.00379455206546841
-0.00379455206546841
-0.00379455206546841
-0.00379455206546841
-0.00379455206546841
-0.00378241863902499
-0.00378241863902499
-0.00376848950121349
-0.00375962083839525
-0.00373409532546729
-0.00361892888829784
-0.00361892888829784
-0.00361892888829784
-0.00361892888829784
-0.00361494655577783
-0.00353354095995428
-0.00347412600529349
-0.00343076158559177
-0.00339911195995384
-0.00327434060587029
-0.00327434060587029
-0.00322834036827105
-0.00290860102942086
-0.00290860102942086
-0.00288627230057003
-0.00288627230057003
-0.00288627230057003
-0.00288627230057003
-0.0027249428043686
-0.00264319570166175
-0.00264319570166175
-0.00264319570166175
-0.00264319570166175
-0.00264319570166175
-0.00262214068237002
-0.00254844659301912
-0.00254269195077288
-0.00253791853452672
-0.00241662489907476
-0.00241662489907476
-0.00241662489907476
-0.00239129120279536
-0.00239129120279536
-0.00232128402856016
-0.00232128402856016
-0.00231220638458693
-0.00209129392446899
-0.00209129392446899
-0.00209129392446899
-0.00209129392446899
-0.00209129392446899
-0.00209129392446899
-0.00209129392446899
-0.00196552996946381
-0.00196552996946381
-0.00196552996946381
-0.00196552996946381
-0.00196552996946381
-0.00196552996946381
-0.00196552996946381
-0.00189842845137348
-0.00185066261326823
-0.00183999267763976
-0.00183999267763976
-0.00171914732393656
-0.00171914732393656
-0.00171914732393656
-0.00168601037617701
-0.00168601037617701
-0.00168601037617701
-0.00167399237824326
-0.00167399237824326
-0.0016696442257651
-0.0016696442257651
-0.00164169362684963
-0.00159924857950594
-0.00159924857950594
-0.00159924857950594
-0.00159924857950594
-0.00159924857950594
-0.00152101011387992
-0.00152101011387992
-0.00152101011387992
-0.00152101011387992
-0.00151201135280318
-0.00151201135280318
-0.00150313651869084
-0.00148295543908681
-0.00147648386435648
-0.00147648386435648
-0.00147648386435648
-0.00147648386435648
-0.00126962173719181
-0.00126962173719181
-0.00126962173719181
-0.00126962173719181
-0.00126962173719181
-0.00126962173719181
-0.00126962173719181
-0.00126962173719181
-0.00126962173719181
-0.00126962173719181
-0.00116963510872809
-0.00101325632062296
-0.00101325632062296
-0.00101325632062296
-0.00101325632062296
-0.00101325632062296
-0.000938079886076297
-0.000938079886076297
-0.000938079886076297
-0.000938079886076297
-0.000938079886076297
-0.000938079886076297
-0.000938079886076297
-0.000871433901863491
-0.000871433901863491
-0.000871433901863491
-0.000871433901863491
-0.000871433901863491
-0.000815683483698806
-0.000815683483698806
-0.000815683483698806
-0.000815683483698806
-0.000815683483698806
-0.000815683483698806
-0.000814120501209838
-0.000813952112218635
-0.000750307386698815
-0.000566061157265147
-0.000566061157265147
-0.000566061157265147
-0.000566061157265147
-0.000566061157265147
-0.000566061157265147
-0.000566061157265147
-0.000566061157265147
-0.000550381110891589
-0.000550381110891589
-0.000550381110891589
-0.000537083760451719
-0.000537083760451719
-0.000537083760451719
-0.000537083760451719
-0.000501987708633498
-0.000501987708633498
-0.000498339514628018
-0.000498339514628018
-0.000495103065788089
-0.000476161009594852
-0.000476161009594852
-0.000476161009594852
-0.000476161009594852
-0.000476161009594852
-0.000465562495309063
-0.000465562495309063
-0.000465562495309063
-0.000465562495309063
-0.000456233569989604
-0.000456233569989604
-0.000453300481117479
-0.00043511197213027
-0.00043511197213027
-0.00043511197213027

