0.502910668850652
0.472681771810768
0.434393726755294
0.391708959616143
0.353643084445948
0.319168405981728
0.296687672851805
0.28210964591245
0.267323223005166
0.255689273510059
0.242212574861002
0.227142651046753
0.216768861275298
0.207317587326512
0.201143876504158
0.192979560107702
0.188714202159575
0.18438274447179
0.179694963218542
0.173535024730242
0.17151939635603
0.17306724015382
0.171266036116507
0.167884985454787
0.168878724752183
0.169856779537544
0.171356316693464
0.168894715015402
0.168280392794098
0.168785613682138
0.169133341221682
0.169591085045936
0.166888368031705
0.168386468062088
0.169872107068299
0.169003555071443
0.165499769190209
0.166991394498347
0.170319430495347
0.168531925889952
0.166565274204352
0.164665458968139
0.166138372035906
0.167789405050359
0.165610336307204
0.163050667663208
0.165217053428709
0.164070577243017
0.162522043342875
0.163730345550758
0.162011001275353
0.161948066891702
0.16132604290313
0.161559987743942
0.161421346808246
0.161984699461619
0.161623595393906
0.160169805881524
0.161061094990366
0.158879289353432
0.157881022617237
0.158150547725082
0.159303072425718
0.159795615110283
0.158954655881738
0.156290056964388
0.157101311045387
0.157133012730112
0.154311693844831
0.153874315422393
0.152828357744929
0.153916100576572
0.153386734106533
0.150739590808792
0.150863618709187
0.151790947934653
0.151704413509692
0.151406589850286
0.150223361617323
0.150279591242188
0.149203995331046
0.148520816422021
0.14871711720595
0.146601695097756
0.147764049797608
0.147179684995755
0.144916648045745
0.143909783554553
0.143596738972122
0.145566392479142
0.147126458109871
0.14510625759611
0.142693831688533
0.143786418088691
0.144196177534116
0.144484100511252
0.141862860567103
0.141969696427109
0.141358406505676
0.141336557487191
0.140459709372126
0.14000851126314
0.139683497581056
0.140199062347895
0.14045103556554
0.138486088164142
0.139572792068593
0.14026168700092
0.138385130654712
0.136705110127579
0.136033653976902
0.135458055558793
0.135859742249681
0.133635637687065
0.134067267174549
0.135807628379479
0.134233530297346
0.133904025037125
0.131505600816565
0.132940928026045
0.133439734648598
0.132446258266495
0.132105741149503
0.131371300339734
0.13098183663893
0.130209400210875
0.131603240897804
0.130048581031622
0.13029238731361
0.129157982249325
0.12896017115251
0.129053210367989
0.128585039665692
0.12843605695984
0.128249324063431
0.127883457479995
0.12663313721132
0.126738252717801
0.127480925150707
0.125970992927812
0.125943911327301
0.125549009793464
0.124269034214054
0.125028698842992
0.123896380909681
0.123262632507451
0.123723902764317
0.123241964418119
0.122469037551773
0.122003985082137
0.121424673583217
0.121051643002102
0.120350571230881
0.122195076551112
0.121427429795494
0.121262076497984
0.121590678216864
0.120105679078776
0.118740242135911
0.118972018543769
0.11878985982251
0.118973060220845
0.118477208604394
0.117197504698726
0.118301761118923
0.118176282508782
0.117796298976554
0.117593179215754
0.117289426847351
0.116795277406738
0.117705022872243
0.116904324096065
0.115973834102914
0.115428148907672
0.116170208474611
0.115050260369478
0.115145710369662
0.114286174440528
0.114364959178452
0.112511718416135
0.113301301698179
0.112180515977159
0.112991020101294
0.112011477958641
0.111618789329667
0.111194014130006
0.111288846873212
0.11020328626459
0.109727227273786
0.10876305302987
0.108616364195109
0.109095656644618
0.10787838189922
0.108621877438618
0.108248334218822
0.107977133501498
0.108681256980376
0.108425906442388
0.107184581465386
0.106908860221173
0.106976230602202
0.107077437846463
0.107599080728507
0.10645087136616
0.106687898054213
0.106178953066194
0.106095491342928
0.106007316819199
0.105705210435582
0.105368168428118
0.105394298004008
0.10626461442017
0.105508119355164
0.105048034574124
0.105036396374527
0.104998304477655
0.105143728041745
0.10450940486234
0.103892014724963
0.104388472241314
0.105008382159937
0.104530212309206
0.103814140520128
0.104391387370161
0.103972416094125
0.103627062545424
0.102843992147416
0.10327973797195
0.103215237749842
0.103624977831287
0.103220516135758
0.102691537354304
0.102280818669737
0.102588601555402
0.10297538861511
0.102452390049182
0.102300395709797
0.101878037689885
0.102363395649759
0.100963363483539
0.101134124353985
0.100477453766031
0.100616581221757
0.100746969312163
0.100776919817853
0.101745052216514
0.10077567285968
0.0999709674137012
0.100421542274841
0.100248464008534
0.100097326438893
0.100608893080397
0.100374018856751
0.100220905994959
0.0999837646534714
0.0995948584013015
0.099799194325012
0.0986715359619043
0.0978827952060252
0.0983073122484407
0.0979360727441911
0.0979034945246685
0.0976747631776425
0.0982799340168944
0.0979148051829666
0.0978935401841364
0.0966619760509054
0.0974038508818086
0.096837860763807
0.0971830535741459
0.0963568373848196
0.096589935001103
0.0963092263196726
0.0973171547235223
0.0960266268345158
0.0962365730065002
0.0961614373447205
0.0958141072735098
0.0956010494416288
0.0953431157094989
0.0952350832095289
0.0955532756378652
0.0946943024005173
0.094477284842466
0.0939803799900912
0.0945292430174593
0.0940307783322655
0.0933848307235643
0.0934445583340926
0.0935365094093468
0.0930494773126621
0.093120918543644
0.0932215966601977
0.0928761147127906
0.0926860753680155
0.0918363967504049
0.0916875900961312
0.0911940323733587
0.0906881496747051
0.0903553630808108
0.0909005800594352
0.0902871907944016
0.0896396042886776
0.0895577551346137
0.0898626493314287
0.0900067702633862
0.0886874154600537
0.0889820167006577
0.0890989153447116
0.0890820282328156
0.0889527190303463
0.0882493690009673
0.0885877299880795
0.0886493510038313
0.0876758849372162
0.0874702306954814
0.0880116748972798
0.0880862269120055
0.0879715931721988
0.0871039062510151
0.0869257071020781
0.0871401133329817
0.0870316997832084
0.0871730969957291
0.0862210717666716
0.0868599240381178
0.0866191150794857
0.0864811078632904
0.0858461234956286
0.0865202939235774
0.0857577065986746
0.0862202733339869
0.0856122422989708
0.0856143475174644
0.0856238835300942
0.085786312209458
0.0859649271256838
0.0858224222758217
0.0848093236542641
0.0849131181151139
0.0851230282793693
0.0853002256547757
0.0856151555017925
0.0845683207594086
0.0847023042542214
0.0847006417141414
0.0847435141811198
0.0849034288417015
0.0846078448548109
0.0844844155524268
0.0843850745757147
0.0843406082187917
0.0838157458633462
0.0834990644988659
0.0835835907579181
0.0833369354776914
0.0831452244150099
0.0835863027064109
0.0833741890948093
0.0834380522434904
0.0831555855800603
0.0827075423397567
0.0816093589877283
0.0824378832026022
0.0827366708642425
0.0827202804166108
0.0825870689799406
0.0823798367246471
0.0821897166718826
0.0818279247662804
0.081826296834435
0.0821097293413637
0.0820955639666788
0.0813830972967916
0.081047685415375
0.0814023510285282
0.0815236626777707
0.0811670288571652
0.0806937426878706
0.0810155675941949
0.0807869299622984
0.0809891597994041
0.0800935503734387
0.0805231942478669
0.0804372504511813
0.0803781218770907
0.0804850635447523
0.0800271843227472
0.0801449741566874
0.0802971718782649
0.0798871499206301
0.0798848922507347
0.0800277668947695
0.0805445651584656
0.0798913613096597
0.0792208723838432
0.0794611414472456
0.07934152360217
0.0800855023756969
0.0790154283238318
0.0793039610738876
0.0801719273171674
0.0792870662382761
0.0787641277007101
0.0786692822235001
0.0789029056649821
0.07898470902773
0.0787996463948534
0.07909771684655
0.079162899996629
0.0786740689427624
0.0787599782517974
0.0788735653285284
0.0783700451891787
0.0786168032029754
0.0787231222460415
0.078064657179625
0.0778322754255277
0.0773901649919436
0.0779089073805823
0.0783285246262471
0.0774620850267932
0.0772100534295326
0.0773483753878726
0.0777915921611777
0.0778599446960725
0.0774558353597074
0.077150034263697
0.0776654222505075
0.0770844018451092
0.0770088000623682
0.0764586437219354
0.0770937449061659
0.0774123907896289
0.0765217002633804
0.0764918495734071
0.0766079775877039
0.0771767295594254
0.0769581605799304
0.0772293070530618
0.0767926200004596
0.076495866521686
0.0759199988254088
0.0763325241104989
0.0768540848554314
0.0761594724233635
0.0762704907074743
0.0759874830880158
0.0765014890887252
0.0763859122405597
0.0757809977905157
0.0756281211581781
0.0755381117867968
0.0757924715924097
0.0756862388992654
0.0756710507028143
0.0757636921247172
0.0757893144924929
0.0763639183354159
0.0761072062128276
0.0753810939783845
0.075751173904014
0.0752953508178703
0.0756137914797831
0.0757425003036482
0.0757911574737065
0.0755951472874684
0.0747299227103157
0.07431234432646
0.0747825892021873
0.0753587547971653
0.0755960042545341
0.074848729068552
0.0739149576044549
0.0737496708532884
0.0747866303895063
0.0746531614210069
0.0742992683837345
0.0743282362090476
0.0743937709636971
0.0741284993299082
0.0742605243143581
0.0741423244539163
0.0739532227157383
0.0740035440657836
0.0743325498570222
0.0742468475405187
0.074573714706453
0.0744674060097033
0.0742133070214447
0.0738570110195701
0.0735272368051291
0.0735946410265023
0.0740153135276259
0.073449200040933
0.0736012007098575
0.0735264074759265
0.073724247939911
0.0736408568813294
0.0732330253809114

