-10.0202373102379
-6.2302926776138
-5.49031307170819
-4.21185096296975
-2.27006517719462
-1.20752438153002
-0.89000465052227
-0.852987830514156
-0.826251277218836
-0.826251277218836
-0.826251277218836
-0.826251277218836
-0.7331970497222
-0.7331970497222
-0.7331970497222
-0.7331970497222
-0.730948209761635
-0.730948209761635
-0.699681614119694
-0.699681614119694
-0.699681614119694
-0.649952254633724
-0.649952254633724
-0.649952254633724
-0.649952254633724
-0.649952254633724
-0.539840922526992
-0.539840922526992
-0.502665389228904
-0.477761580724565
-0.442701789164189
-0.430444911823111
-0.430444911823111
-0.430444911823111
-0.353071713924911
-0.353071713924911
-0.353071713924911
-0.353071713924911
-0.353071713924911
-0.353071713924911
-0.353071713924911
-0.353071713924911
-0.333024249617916
-0.333024249617916
-0.328841289446996
-0.274568458401729
-0.274568458401729
-0.274568458401729
-0.274568458401729
-0.274568458401729
-0.268607896704992
-0.268607896704992
-0.268607896704992
-0.268607896704992
-0.249574844018486
-0.249574844018486
-0.249574844018486
-0.249574844018486
-0.249574844018486
-0.249574844018486
-0.249574844018486
-0.243226818905289
-0.229405863153299
-0.21796727876937
-0.213696073246873
-0.209527362246473
-0.207525746499866
-0.207525746499866
-0.207525746499866
-0.203432793579697
-0.203432793579697
-0.203432793579697
-0.203432793579697
-0.203432793579697
-0.203432793579697
-0.203432793579697
-0.20059631340469
-0.195954263087392
-0.195954263087392
-0.193234622522782
-0.193234622522782
-0.193234622522782
-0.192794751153898
-0.192794751153898
-0.190582390608451
-0.190582390608451
-0.190185182800326
-0.16995241815076
-0.16995241815076
-0.168938125806117
-0.168938125806117
-0.168938125806117
-0.168938125806117
-0.168938125806117
-0.167831057579848
-0.167831057579848
-0.167831057579848
-0.165830565282088
-0.165830565282088
-0.165648496979903
-0.165648496979903
-0.165648496979903
-0.134770046101728
-0.134770046101728
-0.134770046101728
-0.134770046101728
-0.134770046101728
-0.134770046101728
-0.134312615837154
-0.134312615837154
-0.129937171297899
-0.129937171297899
-0.126079364560692
-0.126079364560692
-0.0908650786237899
-0.0908650786237899
-0.0908650786237899
-0.0908650786237899
-0.0908650786237899
-0.0908650786237899
-0.0908650786237899
-0.0908650786237899
-0.0908650786237899
-0.0908650786237899
-0.0908650786237899
-0.0850127665298237
-0.0850127665298237
-0.0850127665298237
-0.0850127665298237
-0.0850127665298237
-0.0796827674898757
-0.0796827674898757
-0.0792668313397716
-0.0762561071449347
-0.0762561071449347
-0.0762561071449347
-0.0762561071449347
-0.0762561071449347
-0.0762561071449347
-0.0762561071449347
-0.0762561071449347
-0.0731363347853133
-0.0671234814529233
-0.0671234814529233
-0.0671234814529233
-0.0671234814529233
-0.0548910843296881
-0.0548910843296881
-0.0548910843296881
-0.0548910843296881
-0.0548910843296881
-0.0548910843296881
-0.0548910843296881
-0.0548910843296881
-0.0495849187149182
-0.0490318580541168
-0.0471155098672702
-0.0471155098672702
-0.0459697726955823
-0.0459697726955823
-0.0458148043353841
-0.0432540410098589
-0.0432540410098589
-0.0432540410098589
-0.0432540410098589
-0.0432540410098589
-0.0432540410098589
-0.0431595925258755
-0.0431595925258755
-0.0399417404030027
-0.0399417404030027
-0.0399056767715974
-0.0399056767715974
-0.0370859326304156
-0.0370859326304156
-0.0370859326304156
-0.0370859326304156
-0.0336901381659999
-0.0336901381659999
-0.0325811057561665
-0.0325811057561665
-0.0325811057561665
-0.0325811057561665
-0.0325811057561665
-0.032492272097809
-0.032492272097809
-0.032492272097809
-0.0319339336193952
-0.0319339336193952
-0.0319339336193952
-0.0319339336193952
-0.0319120259017347
-0.0319120259017347
-0.0319120259017347
-0.0295315652946361
-0.0295315652946361
-0.0295315652946361
-0.0295315652946361
-0.0295315652946361
-0.0295315652946361
-0.0295315652946361
-0.0295315652946361
-0.0295315652946361
-0.0295315652946361
-0.0293656655653807
-0.0293656655653807
-0.0279738346713535
-0.0279738346713535
-0.0279738346713535
-0.0279738346713535
-0.0265139583639423
-0.0254141818250514
-0.0254141818250514
-0.0254141818250514
-0.0249708462902618
-0.0249708462902618
-0.0249708462902618
-0.0248238169624967
-0.0248238169624967
-0.0210596628824161
-0.0200895088086288
-0.0200895088086288
-0.0196499132041009
-0.0189152448112527
-0.0188789615278996
-0.0184356725168454
-0.0184356725168454
-0.017329216814497
-0.017329216814497
-0.017329216814497
-0.0172331866414442
-0.0172331866414442
-0.0172331866414442
-0.0170381189372979
-0.017011676781915
-0.0162102023470748
-0.0162102023470748
-0.0162102023470748
-0.0154817162365369
-0.0154817162365369
-0.0154817162365369
-0.0154817162365369
-0.0150942021141795
-0.0141368212931634
-0.0141368212931634
-0.0137269115308779
-0.0126224419701349
-0.0126224419701349
-0.0125605054715894
-0.0125605054715894
-0.0125605054715894
-0.0125605054715894
-0.0125605054715894
-0.0125605054715894
-0.0125605054715894
-0.0125605054715894
-0.0122276016350019
-0.0122276016350019
-0.0122276016350019
-0.0122276016350019
-0.0122276016350019
-0.0121901442541793
-0.012159443344771
-0.0118664913335079
-0.0118664913335079
-0.0118664913335079
-0.0118394383599859
-0.0108767625628061
-0.0108767625628061
-0.0108767625628061
-0.0108767625628061
-0.0108767625628061
-0.0108767625628061
-0.0108767625628061
-0.0104628996974357
-0.00990619518163046
-0.00990619518163046
-0.00990619518163046
-0.00981582592716113
-0.00981582592716113
-0.0096132187136987
-0.00959153045158637
-0.00959153045158637
-0.00938394971426124
-0.00932392727675061
-0.00928011864563598
-0.00760796259228636
-0.00760796259228636
-0.00760796259228636
-0.00737612906278952
-0.00737612906278952
-0.00737612906278952
-0.00731018708249319
-0.00731018708249319
-0.00731018708249319
-0.00731018708249319
-0.00682129236237027
-0.00682129236237027
-0.00680163568250189
-0.00675484279220902
-0.00518598223166436
-0.00518598223166436
-0.00518598223166436
-0.00518598223166436
-0.00518598223166436
-0.00518598223166436
-0.00518598223166436
-0.00518598223166436
-0.00518598223166436
-0.00518598223166436
-0.00518598223166436
-0.00518598223166436
-0.00518598223166436
-0.00508578973170909
-0.00508578973170909
-0.00508578973170909
-0.00508578973170909
-0.00508578973170909
-0.00502205407822636
-0.00493406517993973
-0.00493406517993973
-0.00492163080686117
-0.00492163080686117
-0.00492163080686117
-0.00492163080686117
-0.00490668461308922
-0.00432165208354574
-0.00432165208354574
-0.0038776342240407
-0.00386026090679253
-0.00343210552987334
-0.003129667868549
-0.003129667868549
-0.00303891196390711
-0.00303891196390711
-0.00303891196390711
-0.00303891196390711
-0.00303891196390711
-0.00297677915748324
-0.00297677915748324
-0.00297677915748324
-0.00297677915748324
-0.00297677915748324
-0.00297677915748324
-0.00297677915748324
-0.00297677915748324
-0.00297455600722629
-0.00297455600722629
-0.00297455600722629
-0.00297455600722629
-0.00296973742221359
-0.00287578411937628
-0.00287578411937628
-0.00287578411937628
-0.00281141822834061
-0.00276937544289083
-0.00276937544289083
-0.00266221874417069
-0.00266221874417069
-0.00262291517583005
-0.00262291517583005
-0.00262291517583005
-0.00262291517583005
-0.00262291517583005
-0.00257084213900251
-0.00257084213900251
-0.00256041475314693
-0.00256041475314693
-0.00256041475314693
-0.00250031569518549
-0.00229178922519727
-0.00222537039707896
-0.00222537039707896
-0.00222537039707896
-0.00220249610809136
-0.00220249610809136
-0.00220249610809136
-0.00220249610809136
-0.00212522417992572
-0.00212522417992572
-0.00212522417992572
-0.00212522417992572
-0.00212522417992572
-0.00212522417992572
-0.00212522417992572
-0.00212522417992572
-0.00212522417992572
-0.00212522417992572
-0.00212522417992572
-0.00210032456530322
-0.00210032456530322
-0.00208286839084667
-0.00208286839084667
-0.00208151730342741
-0.00208151730342741
-0.00208059533396702
-0.00208059533396702
-0.00208059533396702
-0.00208059533396702
-0.00208059533396702
-0.00202574537126041
-0.00188422526941951
-0.00188422526941951
-0.00188422526941951
-0.00177542343835327
-0.00177542343835327
-0.00177542343835327
-0.00177542343835327
-0.00174613765570417
-0.00166051807953756
-0.00166051807953756
-0.00166051807953756
-0.00166051807953756
-0.00166051807953756
-0.00165161032192115
-0.00165161032192115
-0.00165161032192115
-0.00165161032192115
-0.00165161032192115
-0.00164769672114457
-0.00164769672114457
-0.00164769672114457
-0.00164656566785538
-0.00163468002979771
-0.00163468002979771
-0.00163220598576869
-0.00159949276819627
-0.00158742551682482
-0.00158582823208475
-0.00158466246923631
-0.00158381164858449
-0.00158319068548278
-0.00158273748168867
-0.00158240671538681
-0.00158216530888577
-0.00156471508817788
-0.00156471508817788
-0.00155106517764071
-0.00152506413747371
-0.00150607040330356
-0.00150607040330356
-0.00150255931999532
-0.00148865183783939
-0.00148531514115297
-0.00142990000977979
-0.00142990000977979
-0.00134657272446103
-0.00134657272446103
-0.00134657272446103
-0.00134657272446103
-0.00134657272446103
-0.00134657272446103
-0.00134536627444114
-0.00134536627444114
-0.00127629555420092
-0.00125307929990339
-0.00125307929990339
-0.00121866218204333
-0.00119089225597222
-0.00119089225597222
-0.00119089225597222
-0.00119089225597222
-0.00118605712205138
-0.00106266193045656
-0.00106266193045656
-0.000927977441735035
-0.000927977441735035
-0.000864628454530427
-0.000755602530828449
-0.000755602530828449
-0.000736186063614472
-0.000705010782552318
-0.000636989416741785
-0.000636989416741785
-0.000636989416741785
-0.000636989416741785
-0.000514976205979981
-0.000514976205979981
-0.000514976205979981
-0.000514976205979981
-0.000514976205979981
-0.000514976205979981
-0.000514976205979981
-0.000514976205979981
-0.000514976205979981
-0.000502338835499427
-0.000445488338246903
-0.000445488338246903
-0.000445488338246903
-0.000439223427402303
-0.000439223427402303
-0.000439223427402303
-0.000439223427402303
-0.000439223427402303
-0.000439223427402303
-0.000439223427402303
-0.000439223427402303
-0.000439223427402303
-0.000439223427402303
-0.000434948456370791

