0.501888648217732
0.465074422442026
0.426982314366942
0.38358787227896
0.347399032949358
0.320819368094618
0.299695640725692
0.283935378330414
0.27195270969966
0.256474801678896
0.242830757692108
0.232709461734119
0.22500834007944
0.215637632681621
0.209340437422458
0.203134361571785
0.198521645461589
0.193444225040917
0.189128160570349
0.183708735423932
0.179177420590332
0.17524155520802
0.171852318883292
0.170443575292567
0.172354325352821
0.17069357810576
0.168147835344308
0.168006886948754
0.170787145272184
0.170022538011587
0.168101620981818
0.166768913220684
0.165166788811827
0.165373876486596
0.167123533833778
0.168335292301426
0.168354303813504
0.165827014584238
0.166388627797274
0.166713945369123
0.168130715460791
0.168071085809544
0.164846920047406
0.165049304824532
0.164390124749797
0.164208426913707
0.163233137972574
0.162483590925701
0.161197827609909
0.16146146168944
0.162117266258793
0.161016970764886
0.158792637914673
0.160570909863678
0.160749803700885
0.158061434012241
0.158558748179374
0.158221172866691
0.157743531631041
0.156574273231936
0.155832467134931
0.154866490325347
0.154180763137482
0.152932405189357
0.153884388006056
0.155323427216964
0.155181686864684
0.154120962366928
0.153136282385467
0.152318724748738
0.15276106845161
0.151265827571544
0.149773544679416
0.150621581663821
0.149057652310836
0.148225169190816
0.147992806857076
0.149281341451435
0.148488305404406
0.147301090913903
0.146874279075984
0.144668169762471
0.14598430623185
0.144651328386078
0.145189496637681
0.143723519771774
0.142627024872047
0.142945412553377
0.142680151387465
0.142152146060494
0.140696591834269
0.139524832539726
0.141834873186451
0.140708821218166
0.140188458502296
0.139933727731585
0.140380086146282
0.140175713745455
0.137783941117626
0.138650149105952
0.138060848777397
0.138803191562494
0.137755649118847
0.135115344552776
0.135313402117584
0.134474886810343
0.133659595471726
0.133963718435975
0.135002119192336
0.133050189642567
0.130931803030897
0.130992716656603
0.130528032363383
0.130718411494947
0.129846714141629
0.128747403069095
0.129666169687928
0.130537601332166
0.130409606694214
0.128197675560502
0.127657613760332
0.126339891102436
0.127924545028838
0.127233950892097
0.127513192321222
0.127567058844139
0.126477142663967
0.126088684067451
0.123724397599394
0.12556484551571
0.125617522483024
0.124609406143216
0.1236086816589
0.124618001733168
0.125022266145241
0.124578543408258
0.123257108971009
0.122477016744672
0.123104376590854
0.12464165435025
0.123894291970504
0.121343727614571
0.12094897343365
0.123010478152016
0.122305066442431
0.122253755082645
0.121347406106594
0.120452038203379
0.121198796313296
0.122138638706741
0.121013860586719
0.120133467556581
0.117897849456127
0.119476880506272
0.119393646186924
0.117781116620665
0.119785197566351
0.118712665833293
0.117350949245074
0.116987488808421
0.117414402038994
0.116745593053091
0.116574839042914
0.115833938452552
0.115749173096678
0.115966215848121
0.115099658691127
0.114542587555605
0.114034457524345
0.114604502061994
0.114844586613638
0.113924546559699
0.114180591621181
0.1138884778187
0.115049265363136
0.113723789370728
0.112847832333009
0.112234469262503
0.112659967560871
0.112006576597566
0.110705437668862
0.110948926744676
0.111994400587927
0.111414184828627
0.110571595717831
0.109691173796592
0.110590288825835
0.110142526291319
0.109948254593656
0.109848474073501
0.109236715806468
0.109292014438827
0.108590176365003
0.108900709587049
0.10985496806438
0.109465335919269
0.10878928344747
0.107915836788056
0.108335117626723
0.107763922263847
0.108293072614667
0.107594912953545
0.107749427641813
0.107329506219571
0.107267650050106
0.105348314357462
0.106781925710092
0.106352391297276
0.106373263906193
0.105133200120654
0.104855677975247
0.105325455866434
0.105038414783286
0.104133511322342
0.104397752895262
0.10392141226552
0.104495085416626
0.10415136056722
0.103810453026518
0.104005066011291
0.102665190931781
0.103770905507306
0.102941654889487
0.102941331980789
0.102984188574564
0.10277294824779
0.102279005747762
0.102253130472119
0.102451721264136
0.102119323981545
0.10060176297992
0.100591917423696
0.101035979246553
0.101251024130258
0.100909516113464
0.0999577846316131
0.100397668879885
0.100654607600494
0.100812709965371
0.0998611858563104
0.100479119291568
0.0998572008856536
0.100024150122039
0.0994981433320465
0.0997465754321528
0.10014905406668
0.0996627789204566
0.0995212658510857
0.0990089693175347
0.0990813963913888
0.0993543009417146
0.0988585900660232
0.098472243283477
0.098058079114264
0.0983671072048622
0.0979133123983979
0.0977821363919168
0.0975584355281478
0.0983606845659485
0.0983188382258884
0.0974512216075644
0.0976839953986012
0.0979783311704131
0.0980232143670052
0.0978830384040565
0.0971709306627208
0.097892354728969
0.0974525975124796
0.0977910028734685
0.0975570100930493
0.0973635769707737
0.0970149309126448
0.096248881757792
0.0963690737592936
0.0962415826194772
0.0957432255521948
0.0961905760734343
0.0964184022952709
0.0965780829052379
0.0960355801722995
0.0953306107742016
0.0952527709938881
0.0959690398310114
0.0959150106174669
0.0949732907846047
0.094778205524103
0.0952576706251505
0.0953044301421848
0.0947281352388695
0.0941119737612175
0.0944137599166797
0.0950277724421958
0.0950142259637475
0.0942574688775447
0.0939684383446198
0.0945284575051044
0.0937656030487614
0.0939589928913965
0.0936077021584507
0.094020131404262
0.0932368774503656
0.0930331282169466
0.0930332978661842
0.0932864173560891
0.0926153126720353
0.0929848655472012
0.0928049120006636
0.0933672842679304
0.0918815873923236
0.0916299253489713
0.0921164557126361
0.0922439569164438
0.0912087115987387
0.0915907527638065
0.0913770552142111
0.0917155638044728
0.0910855173278674
0.0905190574748683
0.0907086138161421
0.0914973761377333
0.090831591155744
0.090324285517293
0.090096036032884
0.0904702260740013
0.0913975087956973
0.0909309873735917
0.0901023898465335
0.090659581593179
0.0904606428258131
0.0905326743149928
0.0895989530974953
0.0889087401648142
0.0895260626008764
0.0899157273122568
0.0893595886085445
0.0901186457878378
0.0896325111979989
0.0898296486522918
0.0889159776842187
0.0890394839863501
0.0895262006652723
0.090107842651566
0.089188491981998
0.0884567603603045
0.088495344481185
0.0892939223603832
0.0892876242318375
0.088666794676554
0.0881401953373127
0.0875486883623753
0.0882987647432034
0.088883094795612
0.08764650573895
0.0876845744697716
0.0880308067130877
0.088577670453622
0.0887879672106598
0.0874464282846385
0.0880823106933438
0.087722442680035
0.0874933818439234
0.088052843169775
0.0879142525804251
0.0872681789251592
0.0871053845695259
0.0878648911445649
0.0873242778421823
0.0874143245304434
0.0871805398557585
0.0874183133320714
0.086897781505339
0.0869994635783824
0.0869508563847432
0.0872502623213704
0.0875389382420098
0.0877083634539283
0.0871744648087782
0.0867102507618479
0.0868077356648971
0.0856264401299667
0.0862485886956812
0.0861928994722859
0.0858320897011225
0.0848479965803696
0.0855174134421897
0.0854872539844136
0.0853180823425924
0.0855911603876337
0.0858031782062872
0.0849854984740105
0.0852668132403949
0.0848795801624809
0.0841131607725678
0.0839921153708116
0.084031048118328
0.0848824834532065
0.0847844434110334
0.0840881448053273
0.0842924147658591
0.0845379391890139
0.0850296783841088
0.0850098421531365
0.0838349090050839
0.08447224884399
0.0848351587971158
0.0851117290188147
0.0848182398587474
0.0842228839712767
0.0844511264370496
0.0846166722438148
0.0843775991051802
0.0841090063220492
0.0847968966059426
0.0846797754369977
0.0840060095937169
0.084448086054893
0.0848760126415444
0.0847977178375911
0.0839566888507216
0.0834735880149402
0.0835551453661096
0.0832929892753876
0.0838449837520344
0.0833969882882919
0.0829034042585812
0.0829179341420137
0.0826055947469887
0.0827032319507352
0.0828725206278221
0.0830861202748616
0.0828134717348691
0.0826375341616914
0.0822567621315278
0.0823265663495864
0.0828921317268195
0.0824270079965373
0.0826624400483925
0.0825921351323799
0.0822285399760478
0.0821554847097771
0.0826136437567535
0.0823742437273674
0.0824659160080801
0.0827121067358811
0.0824142959587373
0.0819697139731228
0.0822682540695067
0.0826886361178907
0.0824045237593459
0.0820811734032748
0.0821354345746473
0.0822668274960889
0.0819713953452987
0.0821539158629575
0.0826080931077331
0.0819109210626678
0.0819384811571931
0.0814517855683677
0.081887083545379
0.0822928657151216
0.0824727775178107
0.0819025333325495
0.0809038581956744
0.0813126129765687
0.0813480365185236
0.0815066057336601
0.0811735919114203
0.0811739753693176
0.0809215299449964
0.0808627692897648
0.080655920595139
0.0807814983648991
0.0812662675722362
0.0809562995534426
0.0809502880188248
0.0802945671165696
0.0805423491908068
0.0811629730497622
0.0813309737264271
0.0806354185270521
0.0803524253354245
0.0807628974700078
0.0808575735448842
0.080498423938645
0.0805278128560395
0.0805982139293447
0.0803255512748503
0.0805343206278523
0.0804936529374853
0.0805482067264031
0.0803140576770638
0.0802354925868368
0.0806217177828565
0.0804886799743697
0.0801199840927966
0.0803098355251385
0.0806398181004713
0.0800686217107961
0.0794213629510579
0.08019358148499

