0.501723162293187
0.472636442677826
0.436548516857818
0.390454079944282
0.351280496582752
0.317033665045796
0.292539262884202
0.279588815182571
0.266894737602748
0.251542900988614
0.245036959219424
0.237528010457469
0.228178716388121
0.221163146082084
0.211207566873166
0.204529254626615
0.199580586460594
0.194402381008047
0.190364182689211
0.187752861117913
0.182087767676296
0.18292624037709
0.180691677484852
0.176920911231037
0.173720650416304
0.175600335489696
0.174803861869822
0.171541918354029
0.169970749744387
0.171468078315948
0.172206412267525
0.172459451835195
0.169837145068481
0.169140877637518
0.16871638797766
0.169328526122356
0.168190016805219
0.168049867875465
0.168092677780837
0.167281292887063
0.166137982724207
0.16666443453072
0.165328685332207
0.165962080326451
0.163283349072812
0.160203310413532
0.162486745664919
0.16195059316979
0.1606489268732
0.159405114820377
0.159200776197536
0.159749978717327
0.158903186026171
0.155907042095047
0.156154139057082
0.157225244935906
0.158393265561214
0.157434883521248
0.155228223230526
0.155234869565861
0.156474502967957
0.156402945820765
0.156111360895273
0.158139376900556
0.15420062767512
0.152970030920895
0.152815189152093
0.151784788813907
0.152231906414627
0.151139501394312
0.149693182027082
0.149349444142557
0.148997612216805
0.149140471710112
0.148983265238211
0.148276614979279
0.148784255207361
0.149128873930175
0.147028739676712
0.144784190806314
0.143517232207847
0.142617566604575
0.144128065707724
0.141848156542323
0.14051530276515
0.140443029416794
0.140772377106457
0.137116542247571
0.137129151708215
0.136781494882519
0.138958730569819
0.138025996777816
0.135990978924812
0.135416593353258
0.136272092593938
0.134549481076929
0.133819848312218
0.13413535755205
0.134409585595988
0.13305052283578
0.133480152887157
0.131867055391683
0.131288540479544
0.13323962173211
0.133287318887793
0.13327457085977
0.129959765782983
0.129965870984319
0.130456463070568
0.130695152509505
0.12967348631216
0.128658115786502
0.129420465798955
0.129282668512674
0.130029723573023
0.128864569351971
0.12818425361518
0.128348101437488
0.127688408237436
0.126364788222836
0.125887833585388
0.125137820607693
0.12728031684771
0.126359846060169
0.124958976275944
0.125040613460531
0.126477327083097
0.12556837591288
0.124085902261297
0.12380894285968
0.12347609357116
0.124173033222863
0.122424569222186
0.122472458617411
0.121831927934099
0.12165461474375
0.12111101560206
0.119379680159192
0.120440758587797
0.121394351430858
0.120163090376269
0.11860460634175
0.11940030371129
0.119881763738831
0.11648753969269
0.117362108138774
0.117643672250398
0.117402942666586
0.117395088112492
0.11695973178035
0.115448147946354
0.115007593574425
0.114402678626146
0.114792357776954
0.115515125663339
0.114964620008298
0.113198060722305
0.112978914461554
0.113592129925873
0.113008060286413
0.112829876548678
0.112026803116017
0.11087092567764
0.11323741214563
0.111318760099921
0.1110120822512
0.111828034669358
0.110785287574663
0.109582612535305
0.108043472071173
0.11003703656447
0.109480053361113
0.108277787088391
0.108242425749191
0.107184557534055
0.107886818708636
0.107891602350639
0.107071560272265
0.107148603241426
0.106169874921521
0.106679647869115
0.105750070356751
0.104439744027338
0.104828439984975
0.10654424720384
0.106374361230546
0.105494027864052
0.105059305510544
0.104733559971949
0.103577230041632
0.102354355007918
0.103585581613709
0.103506477905156
0.102030613709988
0.102316068707018
0.102902496722997
0.102539637871722
0.103441213511376
0.103123685906164
0.101002910119863
0.101038748661266
0.101807238756449
0.100031355611631
0.0994760963847564
0.098966825615954
0.0988396714581584
0.099541167932915
0.0977567361726729
0.098766227680784
0.0974183471115692
0.0978985076017879
0.0975851408793079
0.0970959715220946
0.0955882657283754
0.0960611583802739
0.0963614019239968
0.0951348352517238
0.0947876135494059
0.0936657915770229
0.0948753162006119
0.0947605602468743
0.0943546309838335
0.0929224367129013
0.093458867887135
0.0923710271358193
0.0919361417886836
0.0913189588637015
0.0910718478592991
0.0915945543472953
0.0909402554760718
0.0916439414733204
0.0907264304891204
0.0906410754669837
0.0895972543573627
0.0900341420714926
0.0900797476706806
0.0900729920578246
0.0902364033196535
0.089154580851258
0.0893910307308847
0.0890437909605195
0.0889720495325129
0.0888392373820928
0.0886483032643445
0.0889044980068215
0.0883013512079848
0.0875440013783081
0.0886416446900968
0.089106641930203
0.0880436841427519
0.0875678705726176
0.0875294967111832
0.0878944277166503
0.0868745969204582
0.0856351940025863
0.0863226560472547
0.0873713851706249
0.086882270039973
0.0860217133561457
0.0863261063078801
0.0859785723720449
0.0861974638948611
0.0858568141793822
0.0854897240369025
0.0866900012427964
0.086029289908978
0.0857838972377293
0.0844156048716859
0.0847233827322239
0.0849869259025549
0.0857471104050096
0.0855253566971016
0.0850066000530321
0.0842148526008435
0.0846726123316536
0.0852995572272265
0.0846532379007041
0.0840249243993134
0.0844428523005649
0.0849310830411379
0.0852579662704377
0.084718487074668
0.0841064522518675
0.0846018446095511
0.0829848966565779
0.0830684816701089
0.0827605028341002
0.082834148849152
0.0823120532892326
0.0832225946742155
0.083088964936245
0.0835566599887791
0.0839078627300474
0.0830560979409044
0.0824122780379139
0.0819800380184171
0.0828805800286941
0.0819520818841841
0.0821631342054302
0.0818180243865839
0.0810939522347958
0.0817879524849477
0.0806702677526809
0.0809474625675027
0.0811399684453765
0.0810360158247007
0.0801963007589187
0.0805491436047321
0.0802858562820839
0.0809508534459471
0.0802970125085984
0.0801387959874682
0.0802853591550461
0.0800044018755451
0.078954979887717
0.0789460198564558
0.0787049923890183
0.0784480674884559
0.077638822560647
0.077522895780157
0.0780491887836673
0.0769514074623602
0.0762285487148115
0.0761491943836036
0.0766635539091117
0.0760080136304719
0.0765634406698062
0.076480867678717
0.076897839263412
0.076769243023628
0.0763479950022593
0.0763095752096578
0.0765762149338365
0.0759710521448713
0.0759568790874552
0.0762579400213525
0.0756742643490819
0.0757753719557394
0.0747208924613661
0.0744734108907818
0.0753446184054996
0.0758867433125548
0.0757497876086751
0.0747653333418059
0.0746219662986376
0.075459895003703
0.0753557089294639
0.0753840610988519
0.0758480666327186
0.075747604173537
0.0754822334155886
0.0756202661867088
0.0749372706301359
0.0751880960328415
0.0742109652852613
0.074688982262722
0.0741578076645639
0.0743716041184071
0.0740819037254171
0.0739527686637448
0.0739797729945565
0.0739837537184303
0.0733849927638111
0.0726312870080295
0.0727742047232677
0.0732753900978452
0.073058680206665
0.0725508942539113
0.0726541373250505
0.0726236064186729
0.0726380693469937
0.0736689241729444
0.0734124020768116
0.0738281679248515
0.0723709153283204
0.0728665398136526
0.0730731089195889
0.0729300254037712
0.071835098283712
0.0715105162956994
0.0720403846202901
0.0709201443293508
0.0720807248981295
0.0726990085238855
0.0717663596958277
0.0715140097703019
0.0721928782701141
0.0719835081183751
0.0718644549337547
0.0722127177402059
0.0714506909343407
0.0718396429690618
0.0723961712468108
0.072287317993478
0.0714178737528083
0.0722305759236591
0.0718422518563779
0.0713062411202067
0.0710468215703034
0.0708724028744931
0.0711632503327837
0.0713159841580943
0.0713357847105653
0.0706967215618314
0.0701737440692216
0.0701095898474184
0.0710109649672339
0.0712015978544027
0.0706455739213574
0.0707743083152703
0.0709397445492295
0.0707230794213032
0.0703246930201973
0.0708365021048254
0.0705273136320545
0.0693969214256894
0.0702817379581417
0.0715818316692726
0.0704363419354785
0.0704743938628381
0.0696840203780805
0.0702102342184432
0.0707484373049272
0.0702620236211077
0.069572192593778
0.0690324553980748
0.0693721818834317
0.0698092358427356
0.0688411784609803
0.0684375123346898
0.0687493642575525
0.0695342030076403
0.0695387281606887
0.0695126900442658
0.0690619180721241
0.068307618895775
0.0686854498202782
0.0686808648184936
0.0694357110041426
0.0699552627825229
0.0695747574817867
0.0695557089825042
0.069474785386384
0.069407483058668
0.0697223917900668
0.0686480766303751
0.0684926830061065
0.0686801699789778
0.0685990509924297
0.0689882628263376
0.0696164932677029
0.0692368048917645
0.0699659140911084
0.0690862209907609
0.0687946931407137
0.0678066015969409
0.0685032162141813
0.0694554611427853
0.0687661561931643
0.0682071660836435
0.0682263459527654
0.0677809160589343
0.0681199221804419
0.0678784906216917
0.0678564584882729
0.0676726722593796
0.0677507099823328
0.0674116853037598
0.0672479325848438
0.0680961817246891
0.0680531739856201
0.0671521134906833
0.0669735672606364
0.0674403863031465
0.0681448997368625
0.0676176870179547
0.0677966679387896
0.0673066778080438
0.0679066615550477
0.0689086851577428
0.0683650981030603
0.0681680036044447
0.0669661819506884
0.0666551415112872
0.0667223390459589
0.066750792153993
0.0674087719609795
0.0671118504818923
0.0666589437137805
0.0669208221372183
0.0672226487594146
0.0665981757994761
0.0666192253043852
0.0668984496143759
0.0669651209031991
0.0670809566823788
0.0676041378962205
0.0674453665976981
0.0665203043359976
0.0672810339939314

