0.433335055818557
0.326059513520853
0.232992254565481
0.164415149067098
0.130114137542693
0.116431883995482
0.10302062447124
0.0955934918659914
0.0959351487188361
0.0996911131740287
0.0818796609295468
0.0739142442592412
0.0719413306955964
0.0643666485817917
0.0615712415472908
0.0629612568188909
0.0598791390111605
0.0596122704119659
0.0548729248139229
0.0570653037310889
0.0539530595549954
0.0530201102832072
0.0535452486533021
0.0467936327040893
0.0460951250224364
0.047075023041987
0.045009042275439
0.0405061310922516
0.0383488233863648
0.0385434625116543
0.0382548447518103
0.0336734731620333
0.0344586408525213
0.0358401533565076
0.0347645972627317
0.0316559495596398
0.0315979670578928
0.0297158346405115
0.0303875463506377
0.0257711116989872
0.0298687205112794
0.0344722971762705
0.0329772120230451
0.0331829745439634
0.031082978670172
0.0321329305732841
0.0337146192866534
0.0309237358580999
0.0313007969471348
0.03195716365598
0.0302191913160228
0.0327072524472426
0.0306105900405675
0.0291492194525124
0.0276730519937214
0.0259009874779368
0.0266825962841024
0.0246133348424835
0.0249163974296355
0.0226346721672272
0.0229011489966108
0.0220640790877757
0.021024286758991
0.0223402763470931
0.0217534932993377
0.0210813895718504
0.0205559009884145
0.0196684506079405
0.0184142952522168
0.017919487926994
0.0182876514396457
0.0183952017448491
0.0184205404484863
0.0181164137391431
0.0180048690823894
0.0179938196089516
0.0166680435864641
0.0154369999206231
0.0159142144287347
0.0155539459671957
0.0149479705650297
0.014559335011802
0.0147308261750104
0.0152977713222314
0.0154727145397891
0.0146943678767776
0.0141473342349544
0.0148617888730203
0.0150285318440969
0.0142367607669044
0.0138435778817535
0.0141629808692659
0.0132975287671586
0.0130997656949649
0.0121980491180788
0.0127168512485536
0.012072463346874
0.0115780735740022
0.0108041452876733
0.0107544263607342
0.0101357910519454
0.0101402143484027
0.0087304704172405
0.00949242198768867
0.00914966346060756
0.00877580283408608
0.0084206022179194
0.00897198910140698
0.00855877097329644
0.00926873948383277
0.00839538435228698
0.00861015744182726
0.00786561738536377
0.00826891985697808
0.00733040918903906
0.0071944140140747
0.0071686627999985
0.00712946250054286
0.00702463788453959
0.00710671946089546
0.00690621292105286
0.00707118632372052
0.00674640017946617
0.00642183559258197
0.00649497014119436
0.00615149537941062
0.0064477524215249
0.00617002973195391
0.00606458023712539
0.00619132475235092
0.00619530587339371
0.00584128333324952
0.00585725789933821
0.00541504955585217
0.00524518422704174
0.00539552737585153
0.00508872534702783
0.00492754348102524
0.00458253466390046
0.00476048741157641
0.00463639101035587
0.00444209641690691
0.00414546689921954
0.00426312048409582
0.0039790331584702
0.00401053053683465
0.00383750490334977
0.00382509795595829
0.00375480415023243
0.00353195132566227
0.00361166420827347
0.00342140382852096
0.00328971258550565
0.00289839897186223
0.00311168817753547
0.00275787767789966
0.00285020574535204
0.00267991763085849
0.00276709921664473
0.00263112228984302
0.0023780951844096
0.00256360347052056
0.00234506514733995
0.00230927666970513
0.00237932188326664
0.0020446154875327
0.00220472994563273
0.00195299797393937
0.0020655627520329
0.00196694748592997
0.0019362460650113
0.00201923521772073
0.00186663270576429
0.00194110321905242
0.00170016560479579
0.00164418570162009
0.00159887354460342
0.00159220593886501
0.00145258886858139
0.00138960715268443
0.00145000201453982
0.00136000015092807
0.00146958547169663
0.00144128214155677
0.00142586035536568
0.00146322441279901
0.00138719819165061
0.00149356864159682
0.00142108855339656
0.00139795409281929
0.0012584423994288
0.0012550795768104
0.00136593693475926
0.00131119235746506
0.00122153226164215
0.00129553608533254
0.001209229553271
0.00124567138991313
0.00111018319736324
0.0010514594457175
0.000965226802198637
0.00103404481907976
0.00097466370469591
0.000992664992668436
0.000902884525766528
0.000951524771359907
0.000956215476678659
0.000887624200530139
0.000909173318393163
0.000897984807199954
0.00092426120517832
0.000868288476371893
0.000824555119163799
0.000831373709596815
0.000877736685311565
0.000827334833866221
0.00086610800755199
0.000816724283326062
0.000833972944550259
0.000775435158984399
0.000770287895082931
0.000785365835752557
0.00075289818085291
0.000711946442714568
0.000735334599135779
0.000739728729263197
0.000715779675237364
0.000805876305593616
0.000805621300873782
0.000746795017637926
0.000799165493066198
0.000776034448303396
0.000771403379099691
0.000740381151269095
0.000701511206802457
0.000692270341898349
0.000616273953850839
0.000648652148462654
0.00064132456719232
0.000640835054944688
0.000633509294763881
0.000590202292056288
0.000587932127163578
0.000569137027307704
0.000560754581057842
0.000552348733194525
0.000581034414199374
0.000527543375236779
0.0005232226409974
0.000472408970798892
0.000494874621038893
0.000475147601368946
0.000444470018948182
0.000448381865264164
0.000427900019079996
0.000416238388426105
0.000384423642853204
0.000377762428958763
0.000347119926897359
0.000351963115439123
0.000344643424354391
0.000348782338155115
0.000327916260602535
0.000312552635088422
0.000325593846024546
0.000314426363029111
0.000288793115231574
0.000276087866819451
0.000272637766922531
0.000253241944988665
0.000246018356277789
0.00024246404340396
0.000228185566705187
0.000228106702650036
0.000214521347583671
0.000223317521084565
0.000201957368439203
0.000207643607978246
0.000204974511073516
0.000183812660594124
0.000183580948057888
0.000173770970661957
0.000169449734590545
0.000163138102195971
0.000152979766001792
0.000155256330427044
0.000142517231401138
0.000136615117024306
0.000134847766372988
0.000125215915022315
0.000124747161462838
0.000114095730081314
0.00011554029358962
0.00010735119416422
0.000111049602161716
0.000104628479640606
9.59195005535009E-05
0.000103934528469262
9.22098326407035E-05
9.5254938975809E-05
8.81053832482746E-05
9.40890911622551E-05
9.8767342599176E-05
8.84621494693626E-05
8.26803148938082E-05
8.57176571423203E-05
7.84196696863993E-05
8.0558757386089E-05
7.36123371962418E-05
7.4189906857902E-05
7.98579617224788E-05
8.01719424567282E-05
8.41498924605371E-05
8.10136869817962E-05
7.85978057492503E-05
7.59339861773204E-05
7.30872930974931E-05
7.0669449546672E-05
6.75453052668062E-05
6.83055328402935E-05
6.72982376059772E-05
6.77754002037823E-05
6.71455280707156E-05
6.39534424800539E-05
6.53007879103774E-05
6.13806914693027E-05
6.50827937469968E-05
6.25220290075583E-05
6.29780818858617E-05
5.77897886822478E-05
5.70100969495314E-05
5.92707358979818E-05
5.48978071041455E-05
5.27117746036912E-05
5.46380190927891E-05
5.36004025699252E-05
5.54753894401166E-05
5.52918453217125E-05
5.49904207209362E-05
5.26529575354164E-05
5.69340470870627E-05
5.39125967926645E-05
5.41799017423013E-05
5.41984449705775E-05
5.58724824663294E-05
5.23024716058689E-05
4.84930427095801E-05
4.90170116286898E-05
4.71068132555265E-05
4.48631349277579E-05
4.17908767740656E-05
4.41273303981656E-05
4.01866399094942E-05
4.10255180477728E-05
4.03860233504526E-05
3.88930592207356E-05
3.76320214414159E-05
3.57081224015701E-05
3.32134791901251E-05
3.36018805575801E-05
3.19057472185558E-05
3.42119134165141E-05
3.2464985592348E-05
2.88941267424443E-05
2.90838778940388E-05
2.89189849969258E-05
2.70961559527979E-05
2.66038842352616E-05
2.68306992798537E-05
2.91891963776945E-05
3.04789706178982E-05
2.88713638832651E-05
2.49161175436376E-05
2.5554493708026E-05
2.35181363853918E-05
2.39023460535084E-05
2.3186266188864E-05
2.25588424702824E-05
2.04017202130844E-05
2.00929480593561E-05
2.13917743854498E-05
2.16300615196601E-05
2.06335234979519E-05
1.66807566711751E-05
1.83835354606753E-05
1.54074454952778E-05
1.5455354829634E-05
1.55839670421254E-05
1.35569510674813E-05
1.38903360249638E-05
1.3538432743221E-05
1.35702934831801E-05
1.42281862447024E-05
1.255378147116E-05
1.47592403663208E-05
1.19179613442253E-05
1.31365510072736E-05
1.31646031040717E-05
1.28193454254526E-05
1.27692596675407E-05
1.34143845326124E-05
1.31850839493263E-05
1.34136980831195E-05
1.38658277944409E-05
1.32979812194536E-05
1.31033938617535E-05
1.27331591484543E-05
1.30106024539545E-05
1.23772979515431E-05
1.13826491104867E-05
1.20168370563066E-05
1.05173759865514E-05
1.07876687176478E-05
1.08898882696962E-05
1.01915804250244E-05
1.03963542560902E-05
9.86045910614069E-06
9.73391214624344E-06
9.45242471278666E-06
9.09365592533442E-06
9.07726551453063E-06
9.18613895400409E-06
8.97193364660351E-06
8.73605110737139E-06
8.65708158316414E-06
8.27906528599485E-06
7.90556076409991E-06
7.562173252669E-06
7.29282354742972E-06
7.16920845651832E-06
6.85469137065987E-06
6.55747354736845E-06
6.46293640714042E-06
6.48164938048347E-06
6.57413176501374E-06
6.43588549771129E-06
6.03154621861579E-06
6.19801293748137E-06
5.64746741803548E-06
5.71172504488354E-06
5.26250430760389E-06
5.27679433788875E-06
5.29461632609877E-06
4.92293640965834E-06
4.850292721396E-06
4.61402608024652E-06
4.68544736343698E-06
4.34795194517424E-06
4.07511685197769E-06
3.9223672506176E-06
4.03061782646057E-06
3.93925119253892E-06
3.813545747497E-06
3.68691882936106E-06
3.43099155948447E-06
3.49171630715867E-06
3.15993168435853E-06
3.43741013035708E-06
3.24110047650768E-06
3.32899481808958E-06
3.01642904615023E-06
3.06192286562876E-06
3.00825319677004E-06
3.08272750170241E-06
3.01222087942227E-06
2.90995073656505E-06
2.91475362840452E-06
2.82623788174424E-06
2.91779225382422E-06
2.61072575767522E-06
2.90322233831187E-06
2.59154982147568E-06
2.70823669396335E-06
2.59783687425996E-06
2.73749567294652E-06
2.61451235595945E-06
2.59578434627281E-06
2.5406410881027E-06
2.44679609517546E-06
2.40630936358015E-06
2.3716984868251E-06
2.33297164170856E-06
2.15556597272625E-06
2.16408138662999E-06
2.00987224878005E-06
2.01553475452014E-06
1.85569299583303E-06
1.88309056544704E-06
1.85606559467204E-06
1.7703286427861E-06
1.66761404907218E-06
1.61251320567316E-06
1.58320177662321E-06
1.53593557460773E-06
1.55362692619318E-06
1.55176532331208E-06
1.51149139497016E-06
1.56012515508179E-06
1.45459947717042E-06
1.52353218028021E-06

