-9.26793732233099
-3.33599931317397
-1.72306115692212
-0.986396515346969
-0.871085375424514
-0.702965368082028
-0.532844794377122
-0.528476075787654
-0.444018395537959
-0.382922502148844
-0.288731656428877
-0.288731656428877
-0.27218270454617
-0.2645966465141
-0.176205506393831
-0.134469386826863
-0.134469386826863
-0.134469386826863
-0.121603143646931
-0.121603143646931
-0.116440439973962
-0.110700022109075
-0.0847529072727547
-0.0729454194323174
-0.0677198155278725
-0.0654224425922329
-0.0654224425922329
-0.0595370668667843
-0.0515601753366401
-0.0515601753366401
-0.0445843797512325
-0.0418727283718221
-0.0417731254255922
-0.0417731254255922
-0.0347127392235344
-0.0347127392235344
-0.0336399896561315
-0.0336399896561315
-0.0297434479125093
-0.024430235132899
-0.024430235132899
-0.024430235132899
-0.024430235132899
-0.0237942224987163
-0.0231326811509796
-0.0226361157569903
-0.0226361157569903
-0.0200440461771097
-0.0196905019291153
-0.0196905019291153
-0.0196905019291153
-0.0146926711851975
-0.0132613872396911
-0.0132613872396911
-0.0132613872396911
-0.0113180738132147
-0.0113180738132147
-0.0101081767205354
-0.0101081767205354
-0.00885607620610131
-0.00730500470649536
-0.00730500470649536
-0.00730500470649536
-0.00687812599074678
-0.00687812599074678
-0.00600983000105446
-0.00600983000105446
-0.00596419979185295
-0.00596419979185295
-0.00577465349633637
-0.00577465349633637
-0.00533619338997716
-0.00392994412342488
-0.00392994412342488
-0.00387758895580536
-0.00387758895580536
-0.00312356551033489
-0.00236192480503473
-0.00236192480503473
-0.00236192480503473
-0.00236192480503473
-0.00236192480503473
-0.00228903015667557
-0.00228903015667557
-0.00228903015667557
-0.00216664423892772
-0.00205500180864562
-0.00199023941840317
-0.00199023941840317
-0.00193767181706222
-0.00193767181706222
-0.00173952673149198
-0.00173952673149198
-0.00167399020689156
-0.0015039861834647
-0.0015039861834647
-0.00101935382426029
-0.00101935382426029
-0.00101935382426029
-0.00101935382426029
-0.00101935382426029
-0.00101935382426029
-0.00101935382426029
-0.00100901047484942
-0.000876485913620366
-0.000876485913620366
-0.000805177656051723
-0.000805177656051723
-0.000541858108236827
-0.000541858108236827
-0.000541858108236827
-0.000541858108236827
-0.000541858108236827
-0.000541858108236827
-0.000537700700448654
-0.000537700700448654
-0.000537700700448654
-0.000531646188771042
-0.000486748896665615
-0.00046793336765941
-0.00046793336765941
-0.000460921220554187
-0.000451225557321472
-0.000436071292315119
-0.000360980391316512
-0.000360980391316512
-0.000329189401301356
-0.000322910987968378
-0.000312640744137072
-0.000309803777174905
-0.000286565770775257
-0.000286565770775257
-0.000284283439992967
-0.000282629507239538
-0.000282629507239538
-0.000282629507239538
-0.000163968420030499
-0.000163968420030499
-0.000163968420030499
-0.000163968420030499
-0.000163968420030499
-0.000163968420030499
-0.000163968420030499
-0.000163968420030499
-0.000163968420030499
-0.000151614200172393
-0.000151614200172393
-0.000151614200172393
-0.000151614200172393
-0.000151614200172393
-0.000150274588893604
-0.000134683279547153
-0.000134683279547153
-0.00013335797535319
-0.000121255981097495
-0.000116081163957465
-0.000111786202885414
-0.000100075332066312
-0.000100075332066312
-7.66165695255113E-05
-7.66165695255113E-05
-7.66165695255113E-05
-7.44133335260099E-05
-7.44133335260099E-05
-7.44133335260099E-05
-6.98978229972692E-05
-6.79280826889196E-05
-6.70911632321081E-05
-6.49751439351637E-05
-5.12921936609706E-05
-5.12921936609706E-05
-4.74464105245054E-05
-4.74464105245054E-05
-4.74464105245054E-05
-4.74464105245054E-05
-3.96042600434595E-05
-3.19505219020778E-05
-3.19505219020778E-05
-2.95963474019243E-05
-2.79500450688147E-05
-2.58226888308929E-05
-2.58226888308929E-05
-2.34754782363467E-05
-2.34754782363467E-05
-2.1998138077675E-05
-2.1998138077675E-05
-1.87082357915889E-05
-1.83478469840423E-05
-1.81968262030045E-05
-1.81968262030045E-05
-1.22320102088125E-05
-1.22320102088125E-05
-1.22320102088125E-05
-1.22320102088125E-05
-1.13165827271174E-05
-9.19866811317468E-06
-9.19866811317468E-06
-9.19866811317468E-06
-9.19866811317468E-06
-8.41085105182276E-06
-8.41085105182276E-06
-7.84343469008713E-06
-7.84343469008713E-06
-7.73025928222574E-06
-7.73025928222574E-06
-7.40236087757729E-06
-7.36768319288049E-06
-7.36768319288049E-06
-6.83145779590834E-06
-6.39108917401435E-06
-6.34927736992676E-06
-5.61213421208343E-06
-4.99741079560757E-06
-4.99741079560757E-06
-4.85759789998445E-06
-4.23418839408966E-06
-4.23418839408966E-06
-4.06126705178316E-06
-4.06126705178316E-06
-4.06126705178316E-06
-4.04632683570929E-06
-3.65689560967325E-06
-3.65689560967325E-06
-3.62905100447408E-06
-3.62905100447408E-06
-3.2589042441131E-06
-2.95245557611415E-06
-2.30783069910454E-06
-2.30783069910454E-06
-1.70678562467829E-06
-1.70678562467829E-06
-1.70678562467829E-06
-1.70678562467829E-06
-1.70678562467829E-06
-1.66144823717688E-06
-1.57926485015953E-06
-1.57926485015953E-06
-1.50282480312747E-06
-1.46446960061468E-06
-1.46446960061468E-06
-1.46446960061468E-06
-1.4600909734346E-06
-1.45739230234251E-06
-1.08317049399036E-06
-1.08317049399036E-06
-9.6386387167726E-07
-9.4869238258426E-07
-8.84975288105931E-07
-8.84975288105931E-07
-6.87629968646966E-07
-6.87629968646966E-07
-6.64223338422278E-07
-4.9142637569292E-07
-4.9142637569292E-07
-4.45777370084661E-07
-4.45777370084661E-07
-4.41376978964706E-07
-4.41376978964706E-07
-4.41376978964706E-07
-4.41376978964706E-07
-4.41376978964706E-07
-4.29837697325236E-07
-4.29837697325236E-07
-3.91292384108522E-07
-3.91292384108522E-07
-3.34863887364717E-07
-3.07852485606079E-07
-3.07852485606079E-07
-2.92646969366392E-07
-2.92646969366392E-07
-2.53181146483665E-07
-2.53181146483665E-07
-2.09885237629247E-07
-2.07881518918634E-07
-2.07881518918634E-07
-1.99659529802563E-07
-1.83915191650167E-07
-1.83915191650167E-07
-1.65930252441162E-07
-1.45961763856613E-07
-1.41555842452834E-07
-1.41555842452834E-07
-1.39858270906218E-07
-1.35061517310764E-07
-1.35061517310764E-07
-1.35061517310764E-07
-1.22199586998842E-07
-1.22199586998842E-07
-1.22199586998842E-07
-1.22199586998842E-07
-1.22199586998842E-07
-1.22199586998842E-07
-1.22199586998842E-07
-1.22199586998842E-07
-1.20573864893079E-07
-1.14512165730548E-07
-1.06933126948249E-07
-8.42904146358876E-08
-8.42904146358876E-08
-7.43421431148841E-08
-7.34352724835842E-08
-7.34352724835842E-08
-6.74917562172071E-08
-4.58484990687451E-08
-4.58484990687451E-08
-4.05300217314313E-08
-4.05300217314313E-08
-4.05300217314313E-08
-4.05300217314313E-08
-3.61367073819394E-08
-3.61367073819394E-08
-3.52179014015678E-08
-3.52179014015678E-08
-3.43223948443293E-08
-3.37873630761634E-08
-3.12070002022524E-08
-2.54498645944927E-08
-2.54498645944927E-08
-2.25485097364053E-08
-2.10751482107937E-08
-1.72472497228615E-08
-1.72472497228615E-08
-1.72472497228615E-08
-1.72472497228615E-08
-1.72472497228615E-08
-1.72472497228615E-08
-1.71888355290035E-08
-1.63651572080526E-08
-1.45604127922942E-08
-1.45604127922942E-08
-1.37226163642881E-08
-1.37226163642881E-08
-1.28540175535098E-08
-1.28540175535098E-08
-1.2523550321102E-08
-1.2523550321102E-08
-1.16436073148671E-08
-1.16436073148671E-08
-1.16436073148671E-08
-9.28284354543023E-09
-9.28284354543023E-09
-9.28284354543023E-09
-9.28284354543023E-09
-9.00082624181372E-09
-9.00082624181372E-09
-7.48458940297611E-09
-7.48458940297611E-09
-6.50056788846978E-09
-6.50056788846978E-09
-6.50056788846978E-09
-5.83232443073379E-09
-5.83232443073379E-09
-5.83232443073379E-09
-4.23970108527315E-09
-4.23970108527315E-09
-4.23970108527315E-09
-3.78815480527006E-09
-3.78815480527006E-09
-3.78815480527006E-09
-3.78815480527006E-09
-3.66233531921088E-09
-3.66233531921088E-09
-3.66233531921088E-09
-3.60903480452914E-09
-3.08866479523333E-09
-2.78294064831703E-09
-2.48915087716169E-09
-2.48915087716169E-09
-2.48915087716169E-09
-2.29729178118494E-09
-2.29729178118494E-09
-2.29729178118494E-09
-2.29729178118494E-09
-2.19321452283189E-09
-2.19321452283189E-09
-2.06227503519488E-09
-1.96093025799194E-09
-1.96093025799194E-09
-1.7952653294518E-09
-1.7952653294518E-09
-1.7952653294518E-09
-1.77987066751682E-09
-1.55842771128048E-09
-1.45306961667002E-09
-1.41584289512747E-09
-1.38235453607752E-09
-1.17214507107391E-09
-1.17214507107391E-09
-8.19888074347E-10
-8.19888074347E-10
-8.19888074347E-10
-7.32869558800898E-10
-7.32869558800898E-10
-6.80539606336999E-10
-5.3425404939188E-10
-4.76761792438673E-10
-4.76373671424142E-10
-4.76373671424142E-10
-4.54614225498926E-10
-3.574038556706E-10
-2.97256719568061E-10
-2.97256719568061E-10
-2.97256719568061E-10
-2.97256719568061E-10
-2.97256719568061E-10
-2.20035891947895E-10
-2.20035891947895E-10
-2.20035891947895E-10
-1.97826512227228E-10
-1.97826512227228E-10
-1.97826512227228E-10
-1.65812054721351E-10
-1.65812054721351E-10
-1.65812054721351E-10
-1.65812054721351E-10
-1.65812054721351E-10
-1.65812054721351E-10
-1.62679180063004E-10
-1.58913123892807E-10
-1.22067991580482E-10
-1.22067991580482E-10
-1.08589371140237E-10
-1.08589371140237E-10
-8.07756711499226E-11
-8.07756711499226E-11
-8.07756711499226E-11
-8.05769773275617E-11
-6.32933540147252E-11
-6.32933540147252E-11
-6.32933540147252E-11
-5.34595194596568E-11
-4.67697561002428E-11
-4.67697561002428E-11
-4.67697561002428E-11
-4.67697561002428E-11
-4.67697561002428E-11
-4.52416147980918E-11
-4.36493170286871E-11
-4.09786946139304E-11
-4.09786946139304E-11
-3.99638528469916E-11
-3.26679421711931E-11
-2.7759817833202E-11
-2.7759817833202E-11
-2.7759817833202E-11
-2.70513940152963E-11
-2.08570951203092E-11
-2.05113945935431E-11
-2.05113945935431E-11
-2.05113945935431E-11
-2.05113945935431E-11
-2.05113945935431E-11
-1.92620304976772E-11
-1.92620304976772E-11
-1.69183038034517E-11
-1.69183038034517E-11
-1.69183038034517E-11
-1.69183038034517E-11
-1.69183038034517E-11
-1.45024004751987E-11
-1.45024004751987E-11
-1.27525834206046E-11
-1.27525834206046E-11
-1.11793984151382E-11
-9.41953140350322E-12
-7.7271800441228E-12
-7.7271800441228E-12
-7.7271800441228E-12
-6.24722614860526E-12
-6.24722614860526E-12
-6.24722614860526E-12
-5.78400655314893E-12
-5.78400655314893E-12
-5.77050328450939E-12
-4.7939478038032E-12
-3.91528857167836E-12
-3.91528857167836E-12
-3.91528857167836E-12
-3.02467518028038E-12
-3.02467518028038E-12
-2.98741667837233E-12
-1.60615558204523E-12
-1.60615558204523E-12
-1.60615558204523E-12
-1.10932815100124E-12
-1.10932815100124E-12
-1.10932815100124E-12
-1.10932815100124E-12
-8.37293091992396E-13
-8.37293091992396E-13
-8.37293091992396E-13
-8.37293091992396E-13
-8.37293091992396E-13
-8.37293091992396E-13
-7.46001552938316E-13
-7.46001552938316E-13
-7.30485506926868E-13
-7.30485506926868E-13
-6.8448153776651E-13
-6.47038877317488E-13

