0.419816362406339
0.321884141782124
0.228189263610795
0.164020988452762
0.124149691494039
0.117073541408419
0.112511686402936
0.0965306263263467
0.0868971849615141
0.0845551167389532
0.0814838491625001
0.0745574492801525
0.0747505675978239
0.0683398212568728
0.0655365913116583
0.0598758466245514
0.0550093075632522
0.0491490105601891
0.0459043554464916
0.0470050291928946
0.0415934233531334
0.0427604403757009
0.0414176371610161
0.043944246317766
0.0420683414526526
0.0408992307667898
0.0379134243589835
0.0399225396885412
0.0400639707353252
0.0389166156400393
0.0385214627336444
0.0364669720737457
0.0361864803806907
0.0371351635164445
0.0352213053990151
0.0342050402055134
0.0334437665711309
0.0329929244321968
0.0312427826215931
0.0291663433009094
0.0278934501429996
0.0254030307499768
0.0277144276578346
0.0253168816858613
0.0258575497255837
0.0256182455835669
0.0258690558861845
0.0250106852225003
0.0255406777952176
0.0256978961408688
0.0239945730183305
0.0234266873561242
0.0218906546169087
0.0236428872825923
0.0215093078512705
0.0222975469342182
0.0217516367179076
0.0210080593281154
0.0200594691335056
0.0192793843683607
0.0190086073204154
0.0184577711583034
0.0160586886195067
0.0163967298326862
0.0153644187963327
0.0154135414259272
0.0142783660752162
0.01351708999155
0.0133645298669573
0.0127981765393974
0.0127003345392533
0.0121341508767597
0.0112702325070303
0.0101990057034094
0.0113303662807893
0.0106014600816647
0.0101003875956912
0.00981429213251613
0.010427493827815
0.0097492865383321
0.00930347963173097
0.00892092782553918
0.00891949151195269
0.00917083573931035
0.00850170167334963
0.0078346861825694
0.00753127689252483
0.00802049396591763
0.00744225785209462
0.00735072236375334
0.00687967311268611
0.00702181245890691
0.00629105140569819
0.00657236771578528
0.00551970194264948
0.00552541653840742
0.00577847277738204
0.00602720859480301
0.00537204296848154
0.00573270292813434
0.00524704242226774
0.00508841013520543
0.00518956643699949
0.00549360126404307
0.00532584862323215
0.00516356550552586
0.00517118373481545
0.00524528824842238
0.00512435308158162
0.00495969608523668
0.00476763875537551
0.00489427329421561
0.0049854077851919
0.00499590340610738
0.00472921163501143
0.00471939985838751
0.00485620988214362
0.00474485286420765
0.0048176459577429
0.00487601756673607
0.00473414985257688
0.00453631666250347
0.00432310046512629
0.00422699703652296
0.00411469086141934
0.00410605008363136
0.00396283912292333
0.00391043299806402
0.00408382964354138
0.00385320311440562
0.00397359419703953
0.00369399637966451
0.0036484929772893
0.00357746283264158
0.00347870718463019
0.00351259232336389
0.00343269030212528
0.00324735473985734
0.0033018036587155
0.00311853417224575
0.00313850970715151
0.00291382663015226
0.00274508028892105
0.00287818275758583
0.0027357540012159
0.00254471256211907
0.00255439019382108
0.00252571381878682
0.00239024986192678
0.00235827892431919
0.00229317970565252
0.00220817211812366
0.00219179473180879
0.00214504944587501
0.00206482456777504
0.00199164291996124
0.00195966874378635
0.00189983716038297
0.00186301114655174
0.00184212424979729
0.00180839237904686
0.00177910519641862
0.00167940749774736
0.00171249577510418
0.00166848308434085
0.00157542913924977
0.001548559943104
0.00158053172271512
0.00148809219695847
0.00151719017396031
0.00150163027449034
0.0014128778121294
0.00149334463513403
0.00147581003329411
0.00144996412804034
0.00135666907406482
0.00135780152424189
0.00136400944988478
0.00127034297433618
0.00116977328432641
0.00114742152643992
0.00122531890784408
0.00116703749447396
0.00119683185046444
0.00114622591245551
0.00118370122700496
0.00117757900007316
0.00118053047142945
0.0011686082377819
0.00108782820454059
0.00107553805644674
0.00106020648805909
0.00102778226688803
0.000953885421483009
0.001075413889662
0.000996414664904192
0.000973426607427172
0.00106016598991986
0.000972654497632955
0.000954663534880376
0.000932793452692933
0.000950108590677044
0.000912391959846831
0.000885242494635093
0.00088837854560287
0.000844148979513643
0.000845439860259029
0.000842081644924951
0.000843921982090495
0.000780921434685101
0.000765753003342974
0.000756071525900739
0.000755369078794206
0.000757681175304405
0.000724272638975645
0.000744663365411941
0.000683976965510662
0.000705597112605046
0.000680615962504491
0.000639019059701235
0.000630501533494652
0.000637722664565998
0.000604212754504086
0.000562847948680414
0.000537250487001606
0.000537702866792421
0.000538289441228241
0.000514964838168961
0.000487587757199667
0.000491476378706353
0.000460751431580552
0.000478949060788341
0.000447195476782812
0.000461985796486717
0.000438094564337691
0.000457521417404408
0.000419892031497652
0.000421867144976463
0.000388745765807131
0.000388028990785781
0.000370687824358701
0.000372528774293515
0.00034288031026767
0.000348790693402809
0.000363949094849982
0.000353771299722501
0.00033787637865095
0.000352301283679642
0.000340380928872653
0.000359008744432162
0.000364018648798265
0.000349608008368634
0.000333656740947793
0.000319590611119539
0.000330959143656462
0.000320495809773399
0.000285086431846267
0.000290272542644023
0.000296422895413611
0.000291360831455648
0.000277846473688245
0.000275401007506457
0.000282416207853573
0.000268314904527439
0.000269006699054253
0.00026146448588171
0.00024439300942747
0.000235945662225743
0.000230313028600464
0.000221623056828626
0.000229947045723883
0.00019813671935368
0.000204626272044604
0.000196887528839489
0.00019081656950425
0.000180873119392955
0.000170441457211701
0.000172588542975593
0.000166367602311229
0.000154269942612574
0.000151182187828806
0.00015240774059343
0.00014836299872011
0.000144954368215791
0.000167171526425821
0.000152232785507513
0.000160365886865765
0.000145958410037322
0.000160430915189601
0.000143673327566857
0.000153134726915368
0.000143787459785414
0.000147964845750741
0.000138948366442173
0.000138108849721418
0.000125083632566781
0.000128718060168402
0.000119396558646518
0.000124235429129325
0.000121818461191774
0.000114337846837844
0.000111542016118389
0.000107159183854144
0.000106290537162804
9.75314111625618E-05
9.15570640226479E-05
8.93927266698604E-05
9.23464289284796E-05
8.92190446402772E-05
8.07078614903124E-05
8.21682447016013E-05
7.30597195901155E-05
7.43879502260393E-05
7.16527854455261E-05
7.5729591481274E-05
7.34571229522552E-05
7.34552024607218E-05
7.05375092548504E-05
6.73545525289928E-05
6.97167595739876E-05
6.42461387496619E-05
7.3533630474718E-05
6.66314641000787E-05
6.74761181023171E-05
6.46557440823067E-05
6.58246683330814E-05
6.10038442458768E-05
6.01214133661613E-05
5.6258325029552E-05
6.01478946821334E-05
6.00472300037347E-05
5.46013182311912E-05
5.48179733893851E-05
5.68808325936801E-05
5.41561534412853E-05
5.29754108064578E-05
4.98300484252749E-05
4.79169563957122E-05
4.39273099700169E-05
4.5356175924359E-05
4.18339236053138E-05
4.03633478154286E-05
3.82766309033933E-05
3.81505214186164E-05
3.41414190744431E-05
3.16217485868231E-05
3.19216186455167E-05
3.29538200954761E-05
3.28818504780655E-05
3.02102753066148E-05
3.08461667385073E-05
2.75332743504835E-05
2.69744241586424E-05
2.59740111929355E-05
2.54711544635069E-05
2.51640304975602E-05
2.41523673895034E-05
2.28278435790605E-05
2.17965706796389E-05
2.2449810553061E-05
2.06380693364023E-05
2.15297706937754E-05
1.8265165756052E-05
1.90880472337805E-05
1.75645119123099E-05
1.7232486394908E-05
1.70964248004792E-05
1.66177705606423E-05
1.44124960272947E-05
1.46414441863736E-05
1.36210170073939E-05
1.35515630296233E-05
1.27932444593228E-05
1.31449151743441E-05
1.31579729038376E-05
1.25467456821287E-05
1.21809469019745E-05
1.20166225948028E-05
1.14976355780921E-05
1.05791104831865E-05
1.15435704910123E-05
1.06272338382398E-05
1.1154035133662E-05
1.0652318383882E-05
1.07663346248327E-05
1.10774695339961E-05
1.09904349827852E-05
1.09627490762608E-05
1.06205462133488E-05
1.0968541660966E-05
1.11094558070234E-05
1.04420681651944E-05
1.0573493430034E-05
1.02141080554238E-05
1.03159262966286E-05
9.26611548848053E-06
9.15760707804149E-06
8.79601485833791E-06
8.80663132274428E-06
8.79472116819669E-06
8.87960755666697E-06
8.29020524694691E-06
8.37832621598813E-06
8.4917457910653E-06
8.14230938898468E-06
7.79141306185791E-06
7.45126366493901E-06
7.78532712031404E-06
7.52147732825722E-06
7.49256291114084E-06
7.07783539767669E-06
7.0625154998454E-06
6.79740220283881E-06
6.95868428900678E-06
6.39807840539537E-06
6.340898629496E-06
6.1836743140144E-06
6.02394217609083E-06
5.74374429701027E-06
5.77011534977247E-06
5.55490692802144E-06
5.50146334092356E-06
5.22239159169835E-06
5.1522167430729E-06
5.05168222142191E-06
4.90275159969527E-06
4.68587521838734E-06
4.52632448928811E-06
4.64777748180227E-06
4.32822870832265E-06
4.13101651666259E-06
4.05849000477779E-06
4.12052108890036E-06
3.70189509620586E-06
3.66214094068093E-06
3.60815817091141E-06
3.38171835545833E-06
3.22978601293956E-06
3.12040942788712E-06
2.95078629426814E-06
2.79543796605853E-06
2.81000316978745E-06
2.62025287090846E-06
2.5567976625237E-06
2.30325872858384E-06
2.48263469692894E-06
2.40628524252198E-06
2.40130431019062E-06
2.28877099694826E-06
2.23367596994367E-06
2.26815229607199E-06
2.32271246051041E-06
2.35935614092696E-06
2.18958316455001E-06
2.06041201472037E-06
2.08825383167889E-06
2.05868582378259E-06
1.8588312374126E-06
1.80219027144519E-06
1.77173299908774E-06
1.6918006179527E-06
1.52556503201234E-06
1.54364289607094E-06
1.50829893085056E-06
1.40196579885331E-06
1.33313337180298E-06
1.32302269291914E-06
1.26452892832349E-06
1.20542155958645E-06
1.12485840488133E-06
1.15294580392946E-06
1.1741994455833E-06
1.15525580518129E-06
1.00055080633715E-06
1.0492618497908E-06
1.10532140886915E-06
1.08204688228064E-06
1.04181540678326E-06
9.69496471359362E-07
9.37152524782591E-07
9.2630658931743E-07
1.04888085613782E-06
9.28344030710383E-07
1.05409548966895E-06
9.6178139485948E-07
9.21664544282284E-07
1.02648695503778E-06
9.82006113235695E-07
1.05621778665075E-06
1.01099685653052E-06
9.86589739152518E-07
9.76388447925932E-07
9.54185735468435E-07
8.66430385804691E-07
8.3468998678808E-07
7.98022717629791E-07
8.10800077642853E-07
7.95290174248778E-07
7.0578218784608E-07
7.18195240335985E-07

