0.417496349651522
0.324891806597881
0.235935773883073
0.170697741057572
0.135255403243643
0.118274478707259
0.107994525364644
0.10834193993773
0.100512501470472
0.0828141582309792
0.081255730228718
0.0690446794970865
0.0731074270672777
0.0748487161909244
0.0685013138849473
0.0643136871145919
0.0622361354043404
0.0556552243487701
0.0564166078925905
0.0562425641904914
0.0524180260802062
0.0521357448682764
0.0506519807888624
0.0476981090176721
0.0469442743679115
0.0432985073170093
0.0414034559042261
0.0383113145671889
0.0392279095438817
0.0348611808062773
0.038452695894767
0.0362378396935992
0.0357507510372568
0.0325447144204503
0.0324884669242037
0.0320954980542447
0.0311629970978903
0.0294626257838732
0.0273142035130282
0.0252519779861107
0.0242624218809361
0.0238521647197446
0.0223769022661053
0.0219553106179941
0.0208182873660559
0.020268512071185
0.0198419807244385
0.0196345010498081
0.0180466699099925
0.0179334635691043
0.0165349148896126
0.0191125925804614
0.0161334175552853
0.0162650992602258
0.0156549764776313
0.0159346627603141
0.0172012229679998
0.0149852669823763
0.0169523186113778
0.0166269411891841
0.0162306976482632
0.0150841875109015
0.0165389885506475
0.0165512231377285
0.0166374228552165
0.0168648546450804
0.0166951595767582
0.0170968064201869
0.0171302060377779
0.0173342037203275
0.017396647404024
0.016726415022202
0.0171076441587324
0.017688296073625
0.0163582070975993
0.0178459794337332
0.0167002453641248
0.0170743954688542
0.0167691180786078
0.0163527253384506
0.0150597019083147
0.0154154470753524
0.0149266271124496
0.0152196626074665
0.0138619968009564
0.0159469899311423
0.0137743582737674
0.0151974459491396
0.0136719432405435
0.0148310786178548
0.0140542888616077
0.0143701855357592
0.0133806358856044
0.0137690025881967
0.0127930898983829
0.0130301958579797
0.0119680722598747
0.0120252525728886
0.0118143821356482
0.0117059896236138
0.0111715099688071
0.0103696537145527
0.011034104453717
0.00999565754347085
0.0102149809960686
0.00980913660416886
0.00928370483681534
0.00917326068310784
0.00870854372215502
0.00854370568788145
0.00815916166246778
0.00743149402589782
0.00737553664486691
0.00781118326185144
0.00760652552159091
0.00650570744613776
0.00653395243985262
0.00684025084067029
0.00615270586521269
0.00605934663599077
0.00587174775211991
0.00597004133564266
0.00594664514167308
0.00539520498030119
0.00562683441803187
0.00564375021319767
0.00556198293245505
0.0056916424985618
0.00524112605231124
0.00498011417057559
0.00502805525209605
0.00468969716428864
0.00453673148734042
0.00458149855087949
0.00422254174576948
0.0043194545330403
0.0041742047760485
0.00390656612754521
0.00381007549861399
0.00371027853380825
0.00371953436297233
0.00350250521115576
0.00342191637950597
0.00325040732882776
0.00322342762712431
0.00328783020563421
0.00319627969181022
0.00316092839475536
0.00296557027436632
0.00282110485563706
0.00273674593677758
0.00289085286524414
0.0028895021591466
0.00260111527085382
0.00268340779808721
0.00253455836332676
0.00261136255401363
0.00243945851695989
0.00234926258664833
0.00225091910824469
0.00231883451826755
0.00228668154834176
0.00216375172704114
0.00249861086933914
0.00228184297772356
0.00231472484011326
0.00216455389203436
0.00214748286509682
0.00203206702113172
0.00194977606585988
0.00198657873916517
0.0016986303545737
0.00184784344192212
0.00171304622597184
0.00175354605198021
0.00174059204931233
0.00172183645977407
0.00169441299650338
0.00167019152628571
0.00159230210218067
0.00158846621715327
0.00152596451988278
0.00151779217067636
0.00138975538125401
0.00136606466423888
0.00135840218720418
0.00127166447307284
0.00135281394968087
0.00123850337359516
0.00124661458577517
0.00119410107452216
0.00120022591393734
0.00109195455743174
0.00106135628676742
0.00108050417211682
0.00105530854152713
0.00104223990276414
0.00108024069718766
0.00113972312087235
0.00104629029239071
0.00104753345083401
0.000978330767348835
0.00100087008408969
0.0010648705611382
0.000932615568114548
0.000957106894576815
0.000896022959752546
0.000894077454907957
0.000866250531048505
0.000830778783827413
0.000788758381718358
0.000792129326837185
0.00069992706024444
0.000745335560755606
0.000781780692027454
0.000710916086016165
0.000687983095302293
0.000716207907992378
0.000720997168653144
0.000654048164422751
0.000641711682239791
0.00061784905534617
0.00063897902320396
0.000568619234579188
0.000565611352944934
0.000524743545183034
0.000515281353174309
0.000509891293642403
0.00053475279814094
0.00045176935467682
0.000473954149009753
0.000494841556608387
0.000402831080984094
0.000447041783497514
0.000419928179279488
0.000390992921990606
0.000364920315999176
0.000358173566542669
0.000346027872580957
0.00037422832538582
0.000337542953319937
0.0002952727036672
0.000328777581928019
0.000326211848785249
0.000306144583471984
0.000295175204869016
0.000281787381026257
0.000277056033658471
0.000266992729552321
0.000263764124953739
0.000238874519300777
0.000228190345609741
0.000212059695197162
0.00020257764209716
0.000204142918944982
0.00019917382132575
0.000187520848221814
0.000178944885665063
0.000182069444120043
0.000174285251317158
0.000173613211197065
0.000165250174933957
0.00015801722656555
0.000148611788117051
0.000135947199255348
0.000134752977770856
0.000125893133964244
0.000123803034606411
0.000109283881726108
0.000113785382783176
9.90910521199892E-05
9.39899620287143E-05
9.15365461869044E-05
8.73411747163929E-05
8.6116414819897E-05
8.28976202897357E-05
8.04769276564665E-05
8.47539586457434E-05
8.09070454783254E-05
8.22661828461088E-05
8.10281127874766E-05
8.07206772211534E-05
8.62359730888388E-05
7.69690763233141E-05
7.94787920464104E-05
7.51535528254385E-05
7.50957334811297E-05
7.2237102598808E-05
7.25694380307654E-05
6.63063531449802E-05
6.99653836076541E-05
6.52905349393192E-05
6.54577108495284E-05
6.74113419775928E-05
6.38485657512136E-05
6.23735694992408E-05
5.69377072985369E-05
6.14315197828664E-05
5.78878984997325E-05
5.71979887319712E-05
5.56053728885484E-05
5.53634274178793E-05
5.13908778865766E-05
5.61538246812319E-05
5.26278991765967E-05
4.82812409099073E-05
4.96448124818843E-05
4.8984474161261E-05
4.82404556252589E-05
4.49635557743977E-05
4.27603279351732E-05
4.40083344884538E-05
4.24665277772295E-05
3.96287364503353E-05
4.01482790288909E-05
3.71374641430254E-05
3.48007034255433E-05
3.58493357944266E-05
3.19704420178896E-05
3.3146848173095E-05
3.13995165922636E-05
3.20168373052494E-05
2.97056461656639E-05
3.02520951561773E-05
3.01099004706204E-05
2.81846484129452E-05
2.66841246684245E-05
2.6505056666727E-05
2.46932201667402E-05
2.45016488379743E-05
2.49307455601539E-05
2.33964650259708E-05
2.3152391314411E-05
2.01211581307052E-05
2.17039140123055E-05
1.99915566259611E-05
1.97318492200036E-05
1.80511145599168E-05
1.75399822496841E-05
1.71396093951047E-05
1.88148659289759E-05
1.76981887546349E-05
1.81021245741881E-05
1.66156493259536E-05
1.69892884582424E-05
1.61608973241768E-05
1.59832074218825E-05
1.48713681916382E-05
1.63125302614396E-05
1.59345112665736E-05
1.5970884284316E-05
1.46381747875535E-05
1.50220031632974E-05
1.44047707709875E-05
1.36288221332935E-05
1.28373363716106E-05
1.35465251022299E-05
1.3240076194002E-05
1.26202385113757E-05
1.26189365564242E-05
1.26120337116245E-05
1.29259780783492E-05
1.25276478868458E-05
1.16885395094794E-05
1.19742603826957E-05
1.14585997840446E-05
1.06687598402468E-05
1.04744226755247E-05
1.06575180004152E-05
9.96284317166845E-06
1.10564823704776E-05
9.66457090230569E-06
9.99292210741407E-06
1.02110455509121E-05
9.25304619885645E-06
9.08982836997393E-06
8.3938360759384E-06
9.13678157164742E-06
8.23309191704143E-06
7.86972782059483E-06
7.93627863713483E-06
7.48471019267204E-06
7.7801737320531E-06
6.98715041322844E-06
7.19117170068681E-06
6.671545919739E-06
7.31690693197185E-06
6.99434869383347E-06
6.61825678661351E-06
7.0747892315244E-06
6.8173164627066E-06
6.96879955142966E-06
6.6373261915118E-06
6.43970990326377E-06
6.44820538324253E-06
6.29251219588375E-06
6.15221269231581E-06
6.20062687199942E-06
5.88046555681207E-06
5.75462005719658E-06
5.45174972500783E-06
5.31188048089821E-06
5.08261591641346E-06
5.30285247388835E-06
5.20232580735312E-06
5.00045046372962E-06
5.05080913163619E-06
4.69291626717607E-06
4.77228906578142E-06
4.3511308239936E-06
4.74609868974885E-06
4.42724435569476E-06
4.46362717812878E-06
3.88064388930037E-06
4.20843444868612E-06
4.42549621652582E-06
4.38777831759008E-06
4.26532665269218E-06
4.1360789836098E-06
4.10742964989517E-06
3.97283464349114E-06
3.6814192181725E-06
3.754217678704E-06
3.54016115238404E-06
3.76688467826923E-06
3.62785626961766E-06
3.45674411510669E-06
3.54728511370301E-06
3.32636674012379E-06
3.08565687690593E-06
3.31540600419615E-06
2.8830811940362E-06
2.68195061019288E-06
2.61927261780497E-06
2.99603231700074E-06
2.6915364169326E-06
2.76925721291696E-06
2.60919553662912E-06
2.72078492609208E-06
2.49850888072535E-06
2.41513799059864E-06
2.43983206638041E-06
2.19933529469988E-06
2.24383017696649E-06
2.29269139341045E-06
2.09646873252567E-06
2.14580219713536E-06
2.03398446373808E-06
1.88214248623346E-06
1.86522926158718E-06
1.72306272830222E-06
1.74050354147164E-06
1.62189472562711E-06
1.6285789726576E-06
1.5937754803213E-06
1.51116937116955E-06
1.4830845714524E-06
1.58868010774207E-06
1.55013476330116E-06
1.35654503075057E-06
1.40867199733692E-06
1.28467844845759E-06
1.24939421709336E-06
1.17955436144879E-06
1.17029387992127E-06
1.11696013343766E-06
1.13605390087427E-06
1.03358777907931E-06
1.03644531340905E-06
9.98927430163161E-07
9.20254766171039E-07
9.80134414572906E-07
9.13660736753677E-07
8.97005330950699E-07
8.70175642019379E-07
8.12429225132143E-07
7.55310377180332E-07
7.74038148067772E-07
7.30625351215521E-07
7.02681739761521E-07
6.52701130652358E-07
6.74581554629311E-07
5.98518279137429E-07
5.93255851202688E-07
5.83067087689655E-07
5.66648142095775E-07
5.5175084800953E-07
5.13483625148666E-07
4.87696443750062E-07
5.12550128949505E-07
4.96842252257959E-07
5.00434657717199E-07
4.48932020813175E-07
4.51944281268661E-07
4.61977863778555E-07
4.21519416068778E-07
4.3000343675973E-07
4.01876154135141E-07
3.84587561317147E-07
3.77790826562624E-07

