-15.3849796823205
-4.92993280410429
-2.38563309525669
-1.35267414120279
-0.998714285186851
-0.937586969942196
-0.871881536222876
-0.704325642011808
-0.665164783976356
-0.555962424116481
-0.482774354032288
-0.377284954111308
-0.268454225586322
-0.268454225586322
-0.220474957603323
-0.215141329008536
-0.194887094484868
-0.194887094484868
-0.16934129487114
-0.158319346082302
-0.155295890663134
-0.155295890663134
-0.131613785604032
-0.123485470256485
-0.11063811064537
-0.0664104813693276
-0.0664104813693276
-0.0491710328892963
-0.0491710328892963
-0.0377101885579327
-0.0377101885579327
-0.0377101885579327
-0.0377101885579327
-0.0367661368607156
-0.0367661368607156
-0.0343119924999681
-0.0343119924999681
-0.0343119924999681
-0.0338225038151608
-0.0309427138129272
-0.025374309043755
-0.025374309043755
-0.025374309043755
-0.025374309043755
-0.025374309043755
-0.0204532976326285
-0.0201706149868048
-0.0201706149868048
-0.0166483550185682
-0.0166483550185682
-0.0165840692682038
-0.0140785025343954
-0.0129206092073568
-0.0127264222371068
-0.0125960350063998
-0.0125033747935075
-0.0125033747935075
-0.0125033747935075
-0.0120612914014639
-0.0120612914014639
-0.0111194693048259
-0.0111194693048259
-0.0106071710858082
-0.00860828113803082
-0.00836760377600918
-0.00699673355851539
-0.00675601006965425
-0.00666268966148347
-0.00666268966148347
-0.00666268966148347
-0.00604882929546272
-0.00604882929546272
-0.00571434825209929
-0.00540773212338357
-0.00540773212338357
-0.00491357617351255
-0.00491357617351255
-0.00408870629738097
-0.00408870629738097
-0.00288741623952813
-0.00288741623952813
-0.00274279413482832
-0.00274279413482832
-0.00271855202209324
-0.00271855202209324
-0.00249957360711648
-0.00233778097826163
-0.00233778097826163
-0.0022316429769761
-0.0022316429769761
-0.00211474145480976
-0.00190568037096486
-0.00183785907696292
-0.00183785907696292
-0.00183785907696292
-0.00183785907696292
-0.00176194477265535
-0.00176194477265535
-0.00162399010269194
-0.00162399010269194
-0.00153589833298243
-0.00141547913880122
-0.00141547913880122
-0.00141120447252522
-0.00137138974231322
-0.00137138974231322
-0.00132208725747354
-0.00132208725747354
-0.00128343284948799
-0.00124157022495138
-0.00124157022495138
-0.00109677776274465
-0.00109677776274465
-0.00109677776274465
-0.00109677776274465
-0.00109677776274465
-0.00107811921296529
-0.000882613212477541
-0.000846181508509156
-0.000841432608512243
-0.000749443843411409
-0.000700358189843787
-0.00065533217432359
-0.00065533217432359
-0.000595003319042402
-0.000595003319042402
-0.000585064172726743
-0.000500942014901405
-0.000500942014901405
-0.000488963166686618
-0.000488963166686618
-0.000488963166686618
-0.000477606002637011
-0.000472897966000255
-0.00046656319105501
-0.000368298349579438
-0.000368298349579438
-0.000368298349579438
-0.000327471118149555
-0.000250087447671336
-0.000250087447671336
-0.000250087447671336
-0.000250087447671336
-0.000243513014046095
-0.000230440786270145
-0.000204581359109267
-0.000204581359109267
-0.000204581359109267
-0.000204581359109267
-0.000203254460423293
-0.000203254460423293
-0.000195346394083775
-0.000194544939602821
-0.000131186973031402
-0.000131186973031402
-0.000131186973031402
-0.000106275873091258
-0.000106275873091258
-0.000106275873091258
-0.000106275873091258
-9.10651152594786E-05
-9.10651152594786E-05
-9.10651152594786E-05
-9.10651152594786E-05
-9.10651152594786E-05
-8.23279935744868E-05
-8.23279935744868E-05
-7.40941905614578E-05
-7.27273475278272E-05
-7.27273475278272E-05
-6.77091217262079E-05
-6.77091217262079E-05
-6.45107077531423E-05
-6.45107077531423E-05
-6.24751475838033E-05
-5.91989179540153E-05
-5.73522098563218E-05
-5.7229235789139E-05
-5.7229235789139E-05
-5.7229235789139E-05
-5.62740961278406E-05
-5.05415487733007E-05
-4.9048775349292E-05
-4.70606375277092E-05
-4.66797512495152E-05
-4.59770147485177E-05
-3.1304113020297E-05
-3.1304113020297E-05
-3.1304113020297E-05
-2.95899642366353E-05
-2.95899642366353E-05
-2.45186503707725E-05
-2.35871428204937E-05
-2.35871428204937E-05
-2.04910624911142E-05
-1.79497082070791E-05
-1.79497082070791E-05
-1.53345398667165E-05
-1.53345398667165E-05
-1.53345398667165E-05
-1.53345398667165E-05
-1.53345398667165E-05
-1.53345398667165E-05
-1.53345398667165E-05
-1.3994896640852E-05
-1.3994896640852E-05
-1.3994896640852E-05
-1.3994896640852E-05
-1.3994896640852E-05
-1.3994896640852E-05
-1.3994896640852E-05
-1.3994896640852E-05
-1.301688808712E-05
-1.29038744551749E-05
-1.11054190704028E-05
-1.0128714201573E-05
-1.0128714201573E-05
-1.0128714201573E-05
-1.0128714201573E-05
-1.00178492140147E-05
-1.00178492140147E-05
-9.75838684521584E-06
-9.75838684521584E-06
-8.36631754386982E-06
-8.36631754386982E-06
-7.58793404084775E-06
-6.75000474917926E-06
-6.32149139654819E-06
-6.13288726443446E-06
-5.94608608019653E-06
-5.51468345923769E-06
-5.51468345923769E-06
-4.76566483403273E-06
-4.76566483403273E-06
-4.76566483403273E-06
-4.7351921556158E-06
-4.7351921556158E-06
-4.6608189307464E-06
-4.32732015639364E-06
-4.32732015639364E-06
-4.28212640919823E-06
-3.94963122648226E-06
-3.82686680192743E-06
-3.76465885706318E-06
-3.39722897212923E-06
-3.35848480391991E-06
-3.0216474370954E-06
-3.0216474370954E-06
-3.0216474370954E-06
-2.97368182753635E-06
-2.97368182753635E-06
-2.97368182753635E-06
-2.9405632023731E-06
-2.9405632023731E-06
-2.65810410226491E-06
-2.2388865104698E-06
-2.2388865104698E-06
-2.2388865104698E-06
-2.17177097685671E-06
-2.17177097685671E-06
-1.76261340611206E-06
-1.76261340611206E-06
-1.76261340611206E-06
-1.46497319166986E-06
-1.46497319166986E-06
-1.46497319166986E-06
-1.46497319166986E-06
-1.46497319166986E-06
-1.26500869331215E-06
-1.26500869331215E-06
-1.26500869331215E-06
-1.23721731306542E-06
-1.16665771056538E-06
-1.14742841004469E-06
-1.14742841004469E-06
-1.14742841004469E-06
-1.14742841004469E-06
-1.14742841004469E-06
-9.21699067128541E-07
-9.21699067128541E-07
-8.48543243715339E-07
-8.48543243715339E-07
-8.48543243715339E-07
-8.26974965300098E-07
-7.06729027453645E-07
-7.06729027453645E-07
-5.12065888171351E-07
-5.12065888171351E-07
-5.07447435407009E-07
-5.03347960522776E-07
-5.03347960522776E-07
-4.83674341780232E-07
-4.83206639937598E-07
-4.40170542653632E-07
-4.40170542653632E-07
-4.10505056259746E-07
-4.10505056259746E-07
-4.10505056259746E-07
-3.96968105775414E-07
-3.96968105775414E-07
-3.58595646456591E-07
-2.84924162786273E-07
-2.47355009392191E-07
-2.47355009392191E-07
-1.98373872031914E-07
-1.98373872031914E-07
-1.98373872031914E-07
-1.98373872031914E-07
-1.58880887718602E-07
-1.56898436235865E-07
-1.56898436235865E-07
-1.24675572591179E-07
-1.06296309563638E-07
-1.00045923421186E-07
-1.00045923421186E-07
-8.52833157215689E-08
-8.52833157215689E-08
-6.27391507092447E-08
-6.27391507092447E-08
-6.27391507092447E-08
-6.27391507092447E-08
-6.27391507092447E-08
-5.26773803042933E-08
-5.26773803042933E-08
-5.0404700181586E-08
-5.0404700181586E-08
-4.32438839178874E-08
-4.32438839178874E-08
-4.32438839178874E-08
-3.65926491192333E-08
-3.65926491192333E-08
-3.65926491192333E-08
-3.65926491192333E-08
-3.54882414427114E-08
-3.09248354376298E-08
-3.09248354376298E-08
-3.09248354376298E-08
-2.83854224599358E-08
-2.73759242894593E-08
-2.21931095715485E-08
-2.07974487733734E-08
-2.07974487733734E-08
-2.07974487733734E-08
-2.07974487733734E-08
-2.07638312208736E-08
-2.07638312208736E-08
-2.00708507058371E-08
-1.97678615656593E-08
-1.84028630987406E-08
-1.53020757969017E-08
-1.53020757969017E-08
-1.36477695375973E-08
-1.13121989759944E-08
-1.13121989759944E-08
-1.13121989759944E-08
-1.01323090739067E-08
-1.01323090739067E-08
-1.01323090739067E-08
-1.01323090739067E-08
-9.40688193648361E-09
-9.40688193648361E-09
-8.8085985741154E-09
-8.52856536705974E-09
-8.52856536705974E-09
-7.95714457313718E-09
-7.95714457313718E-09
-7.89269401561899E-09
-7.89269401561899E-09
-7.89269401561899E-09
-7.51581617574764E-09
-7.51581617574764E-09
-7.51581617574764E-09
-7.50219556062593E-09
-7.20160204274492E-09
-6.75037036953145E-09
-6.75037036953145E-09
-6.75037036953145E-09
-6.75037036953145E-09
-6.3677743803863E-09
-6.3677743803863E-09
-4.48566440478668E-09
-4.47007246150064E-09
-4.47007246150064E-09
-4.01536513904113E-09
-4.01536513904113E-09
-4.01536513904113E-09
-3.84838032251871E-09
-3.64238779419658E-09
-3.24207978095894E-09
-3.24207978095894E-09
-3.0499386086238E-09
-3.0499386086238E-09
-2.92733175488548E-09
-2.92733175488548E-09
-2.43339728108972E-09
-2.43339728108972E-09
-2.36372808922812E-09
-2.25150467791233E-09
-2.25150467791233E-09
-2.10268242172714E-09
-1.94168177752691E-09
-1.94168177752691E-09
-1.92686677667987E-09
-1.77298299802202E-09
-1.69682941590456E-09
-1.38922546443703E-09
-1.38922546443703E-09
-1.14430510007805E-09
-1.14430510007805E-09
-1.14430510007805E-09
-1.14430510007805E-09
-1.14430510007805E-09
-1.04906263616488E-09
-1.04906263616488E-09
-1.03644450329081E-09
-1.03644450329081E-09
-1.03644450329081E-09
-1.03644450329081E-09
-9.98466597200108E-10
-9.98466597200108E-10
-8.47177364945525E-10
-8.16702086597236E-10
-6.29718820714551E-10
-6.29718820714551E-10
-6.29718820714551E-10
-6.29718820714551E-10
-6.29718820714551E-10
-6.15854172832885E-10
-6.15854172832885E-10
-5.50986121785542E-10
-4.89646206339949E-10
-4.89646206339949E-10
-3.91214219692576E-10
-3.91214219692576E-10
-3.91214219692576E-10
-3.91214219692576E-10
-3.91214219692576E-10
-3.91214219692576E-10
-3.91214219692576E-10
-3.81226303664465E-10
-3.20502793935145E-10
-3.20502793935145E-10
-3.19372620785203E-10
-3.19372620785203E-10
-3.19372620785203E-10
-3.17025392131935E-10
-3.00250954802541E-10
-2.68007198812114E-10
-2.68007198812114E-10
-2.68007198812114E-10
-2.68007198812114E-10
-2.68007198812114E-10
-2.43899570648619E-10
-2.39336539588052E-10
-2.24188186702226E-10
-2.24188186702226E-10
-2.17103690140244E-10
-1.31411362029504E-10
-1.31411362029504E-10
-1.31411362029504E-10
-1.15706308035788E-10
-1.09420002230109E-10
-1.09420002230109E-10
-1.09420002230109E-10
-1.09420002230109E-10
-1.05050971686615E-10
-1.01332984259379E-10
-8.47082242072314E-11
-8.47082242072314E-11
-7.91637125741393E-11
-7.91637125741393E-11
-7.88250777162468E-11
-7.88250777162468E-11
-6.68680399007208E-11
-6.24750732678353E-11
-5.50760567812409E-11
-5.50760567812409E-11
-5.50760567812409E-11
-5.45771551892864E-11
-5.45771551892864E-11
-5.099913738415E-11
-5.099913738415E-11
-4.88369456477944E-11
-4.88369456477944E-11
-3.53067224527377E-11
-3.53067224527377E-11
-3.19920858133245E-11
-3.19920858133245E-11
-3.10873025167018E-11
-3.10873025167018E-11
-3.10873025167018E-11
-2.82948094286643E-11
-2.82948094286643E-11
-2.82948094286643E-11
-2.15213145989695E-11
-2.15213145989695E-11
-2.15213145989695E-11
-1.97590415939634E-11
-1.6415846677808E-11
-1.5613186995437E-11

