-13.6600211013565
-4.13437206541399
-2.45998720359923
-1.00865007017057
-0.8149690490781
-0.629101552630883
-0.57879812100555
-0.493250740261674
-0.449819282892147
-0.334628824528103
-0.334628824528103
-0.318628018123808
-0.270500722675064
-0.270500722675064
-0.2351367177318
-0.155616121317475
-0.155616121317475
-0.155616121317475
-0.143243334900158
-0.117242969729858
-0.095750182200445
-0.095750182200445
-0.095750182200445
-0.095750182200445
-0.095750182200445
-0.094446846932257
-0.0910716419430589
-0.0910716419430589
-0.0843097599188272
-0.0652919202760378
-0.0624508108205855
-0.0553527641308429
-0.0553527641308429
-0.0553527641308429
-0.0553527641308429
-0.0490057923567993
-0.0490057923567993
-0.0432570468505026
-0.0432570468505026
-0.0381268263106158
-0.0381268263106158
-0.0319859828953038
-0.0319859828953038
-0.0280406761379273
-0.0252643361023714
-0.0249747717981927
-0.0249747717981927
-0.0249747717981927
-0.0249747717981927
-0.0249747717981927
-0.0230009335098081
-0.0230009335098081
-0.0230009335098081
-0.0222888714457307
-0.0205242298782439
-0.0205242298782439
-0.0205242298782439
-0.0205242298782439
-0.0170511447078648
-0.0170511447078648
-0.0131504303426914
-0.0131504303426914
-0.0129011730604782
-0.0114831823407741
-0.0114831823407741
-0.00997061388834575
-0.00997061388834575
-0.00877979876247221
-0.00877979876247221
-0.00873520095146891
-0.00873520095146891
-0.00873520095146891
-0.00873520095146891
-0.00873520095146891
-0.00873520095146891
-0.0076161230770922
-0.0076161230770922
-0.00672582813250505
-0.00586998156935084
-0.00474019322982172
-0.00425657354166291
-0.00425657354166291
-0.00408871402387098
-0.00318568701133382
-0.00318568701133382
-0.00245342720651537
-0.00245342720651537
-0.00245342720651537
-0.00245342720651537
-0.00245342720651537
-0.00245342720651537
-0.00245342720651537
-0.00239387015568003
-0.00228296562517393
-0.00214962327212675
-0.00211216079658933
-0.00180201606480949
-0.00172630551820992
-0.0017043536495727
-0.00158692626508704
-0.00158692626508704
-0.00150970579608471
-0.00139011931423579
-0.00139011931423579
-0.00123882184008895
-0.00121698378258759
-0.00118371558814094
-0.00118371558814094
-0.00118371558814094
-0.0010357622016446
-0.000998884630396781
-0.000998884630396781
-0.000890029901795086
-0.000741272110427667
-0.000741272110427667
-0.000741272110427667
-0.000741272110427667
-0.000568492094233671
-0.000568492094233671
-0.00055201904501734
-0.000543273016708262
-0.000466129251162533
-0.000455326080273976
-0.000455326080273976
-0.000455326080273976
-0.000313426316603676
-0.000313426316603676
-0.000289718816235215
-0.000289718816235215
-0.000289718816235215
-0.000281602688512169
-0.000269678533277098
-0.000269678533277098
-0.000259849286909975
-0.000259849286909975
-0.000259849286909975
-0.000226636438629453
-0.000222000607361998
-0.000222000607361998
-0.000222000607361998
-0.000222000607361998
-0.000181632968494631
-0.000181632968494631
-0.000181632968494631
-0.000156136247235437
-0.000148891913646803
-0.000125348522915457
-0.000125348522915457
-0.000125348522915457
-0.000125348522915457
-0.000125348522915457
-0.000119812473410134
-0.000119812473410134
-0.000119812473410134
-0.000119812473410134
-0.000103811913232834
-0.000103811913232834
-9.24843237970867E-05
-9.24843237970867E-05
-9.24843237970867E-05
-9.24843237970867E-05
-8.83024465356431E-05
-8.83024465356431E-05
-7.9229646836854E-05
-6.33593953147354E-05
-6.33593953147354E-05
-6.33593953147354E-05
-6.33593953147354E-05
-5.66257274472217E-05
-5.66257274472217E-05
-5.16252047322874E-05
-5.16252047322874E-05
-4.96147805414582E-05
-4.73264507053764E-05
-4.48506817994828E-05
-4.26356386815849E-05
-3.90022482361234E-05
-3.56871567010444E-05
-3.56871567010444E-05
-3.53994352290462E-05
-2.81383135635097E-05
-2.81383135635097E-05
-2.15449900210083E-05
-2.15449900210083E-05
-2.15449900210083E-05
-2.13628986091309E-05
-2.13628986091309E-05
-2.13628986091309E-05
-2.05256034614817E-05
-1.85026079369092E-05
-1.85026079369092E-05
-1.85026079369092E-05
-1.77992010337498E-05
-1.72018109947705E-05
-1.50353613582006E-05
-1.45026093861198E-05
-1.41061284804182E-05
-1.41061284804182E-05
-1.28480328645027E-05
-1.21956777037461E-05
-9.54013441050927E-06
-9.54013441050927E-06
-9.54013441050927E-06
-9.54013441050927E-06
-9.54013441050927E-06
-9.54013441050927E-06
-9.46428865297404E-06
-9.46428865297404E-06
-9.40176628594006E-06
-8.51995146475833E-06
-7.9152270585035E-06
-7.9152270585035E-06
-7.9152270585035E-06
-7.8439917781747E-06
-5.48239195173143E-06
-5.48239195173143E-06
-5.48239195173143E-06
-5.48239195173143E-06
-5.48239195173143E-06
-5.34120840680903E-06
-5.34120840680903E-06
-5.34120840680903E-06
-5.08364255804033E-06
-5.08364255804033E-06
-4.52917426289557E-06
-4.52917426289557E-06
-4.33198373975141E-06
-3.50871552204989E-06
-3.1167109029765E-06
-3.1167109029765E-06
-3.06170346137883E-06
-2.98146235394815E-06
-2.98146235394815E-06
-2.57711006394371E-06
-2.51651056423167E-06
-2.51651056423167E-06
-2.51651056423167E-06
-2.01991420216421E-06
-1.56160365739302E-06
-1.56160365739302E-06
-1.56160365739302E-06
-1.54891612232166E-06
-1.27866216229585E-06
-1.27866216229585E-06
-1.27866216229585E-06
-1.12157365145956E-06
-8.53719381326087E-07
-8.53719381326087E-07
-8.40267628464208E-07
-8.40267628464208E-07
-8.40267628464208E-07
-8.20480510665494E-07
-7.79647323218472E-07
-7.24586848628612E-07
-7.24586848628612E-07
-7.24586848628612E-07
-7.24586848628612E-07
-7.24586848628612E-07
-7.24586848628612E-07
-7.1714919037357E-07
-5.90203255986752E-07
-5.86693265518432E-07
-5.86693265518432E-07
-5.86693265518432E-07
-5.86693265518432E-07
-5.86693265518432E-07
-5.6411497197905E-07
-5.6411497197905E-07
-3.00416837280351E-07
-3.00416837280351E-07
-3.00416837280351E-07
-2.68403209590665E-07
-2.68403209590665E-07
-2.28194244960891E-07
-2.28194244960891E-07
-2.28194244960891E-07
-2.28194244960891E-07
-2.28194244960891E-07
-2.28194244960891E-07
-2.28194244960891E-07
-2.28194244960891E-07
-2.09362554392518E-07
-1.99020624521356E-07
-1.99020624521356E-07
-1.99020624521356E-07
-1.81150717045442E-07
-1.72649812840787E-07
-1.72649812840787E-07
-1.72649812840787E-07
-1.72649812840787E-07
-1.56755657624509E-07
-1.56041369942469E-07
-1.56041369942469E-07
-1.17214461878982E-07
-7.12506236781026E-08
-7.12506236781026E-08
-7.12506236781026E-08
-7.12506236781026E-08
-7.12506236781026E-08
-6.07399295437102E-08
-5.95359372081053E-08
-5.03231747481396E-08
-5.03231747481396E-08
-5.03231747481396E-08
-5.03231747481396E-08
-5.03231747481396E-08
-5.03231747481396E-08
-4.60006417884486E-08
-4.60006417884486E-08
-4.31421210115669E-08
-4.17361807686151E-08
-3.65278577255192E-08
-3.43593821967226E-08
-3.43593821967226E-08
-3.15620642536121E-08
-2.85967438486776E-08
-2.85967438486776E-08
-2.49693922083619E-08
-2.23957376222936E-08
-2.23957376222936E-08
-2.17479876140346E-08
-1.24140395068188E-08
-1.24140395068188E-08
-1.24140395068188E-08
-1.24140395068188E-08
-1.24140395068188E-08
-1.24140395068188E-08
-1.24140395068188E-08
-1.24140395068188E-08
-9.49951056400244E-09
-9.49951056400244E-09
-9.49951056400244E-09
-9.49951056400244E-09
-8.7915655836041E-09
-8.7915655836041E-09
-8.7915655836041E-09
-8.69129581913763E-09
-8.69129581913763E-09
-8.69129581913763E-09
-8.69129581913763E-09
-8.45077898198113E-09
-8.4254671768571E-09
-8.16805001066183E-09
-8.16805001066183E-09
-7.80465651768766E-09
-7.80465651768766E-09
-7.43562304700013E-09
-7.16928032963794E-09
-5.93839652190995E-09
-5.93839652190995E-09
-5.93839652190995E-09
-4.40158036496334E-09
-4.40158036496334E-09
-4.40158036496334E-09
-4.40158036496334E-09
-4.40158036496334E-09
-4.40158036496334E-09
-4.23754630027201E-09
-4.00478254873743E-09
-3.65973518274985E-09
-3.12006575587469E-09
-3.12006575587469E-09
-3.12006575587469E-09
-3.12006575587469E-09
-3.12006575587469E-09
-3.12006575587469E-09
-3.00725930333344E-09
-2.86562882555945E-09
-2.86199322962971E-09
-2.82701232657503E-09
-2.68525165787908E-09
-2.56649645944291E-09
-2.27850846616114E-09
-2.23459650744383E-09
-2.06480674956952E-09
-2.00723306692148E-09
-1.97433759085737E-09
-1.8600675163145E-09
-1.67219059512454E-09
-1.65926804033309E-09
-1.65926804033309E-09
-1.52563145404406E-09
-1.52563145404406E-09
-1.52563145404406E-09
-1.49724024119325E-09
-1.49724024119325E-09
-1.49724024119325E-09
-1.21595001991826E-09
-1.21595001991826E-09
-1.21595001991826E-09
-1.21595001991826E-09
-1.21595001991826E-09
-1.21595001991826E-09
-1.18572671756178E-09
-1.14533261310914E-09
-1.12703594673047E-09
-9.03751202461351E-10
-9.03751202461351E-10
-8.99458933085024E-10
-8.99458933085024E-10
-7.96834459156568E-10
-7.31103139767735E-10
-7.15714875397985E-10
-5.8168153729902E-10
-5.8168153729902E-10
-4.79015450705144E-10
-4.68653472461411E-10
-4.68653472461411E-10
-4.68653472461411E-10
-4.68653472461411E-10
-4.68653472461411E-10
-4.10712791043794E-10
-4.10712791043794E-10
-4.04680855534959E-10
-4.04680855534959E-10
-3.86606210307069E-10
-3.8305028445119E-10
-3.8305028445119E-10
-3.739340694257E-10
-3.739340694257E-10
-2.54288678689542E-10
-2.54288678689542E-10
-2.54288678689542E-10
-2.54288678689542E-10
-2.54288678689542E-10
-2.54288678689542E-10
-2.54288678689542E-10
-2.54288678689542E-10
-2.54288678689542E-10
-2.54288678689542E-10
-2.40560565878983E-10
-2.40560565878983E-10
-2.24262507867067E-10
-2.05790143110866E-10
-1.90853430655557E-10
-1.83786902305555E-10
-1.78591637625493E-10
-1.54896637053688E-10
-1.54896637053688E-10
-1.38260987615549E-10
-1.38260987615549E-10
-1.32138611783392E-10
-1.25399821100568E-10
-1.24358450925684E-10
-1.24215191475922E-10
-1.00995919996063E-10
-1.00995919996063E-10
-9.95336432786463E-11
-9.30905792082437E-11
-9.30905792082437E-11
-7.39577577869125E-11
-7.39577577869125E-11
-7.00976674226789E-11
-6.98996852071878E-11
-6.98996852071878E-11
-5.08458032624324E-11
-5.08458032624324E-11
-5.08458032624324E-11
-5.08458032624324E-11
-5.08458032624324E-11
-4.93330929785361E-11
-4.93330929785361E-11
-4.93330929785361E-11
-4.60519419139779E-11
-4.48822641230681E-11
-4.48822641230681E-11
-4.29284731449136E-11
-4.29284731449136E-11
-4.29284731449136E-11
-4.29284731449136E-11
-4.29284731449136E-11
-4.29284731449136E-11
-3.4057920457339E-11
-2.97534875325331E-11
-2.97534875325331E-11
-2.97534875325331E-11
-2.45183260908725E-11
-2.45183260908725E-11
-2.45183260908725E-11
-2.34509214493711E-11
-2.11094914651288E-11
-2.08951690951205E-11
-1.94428763738631E-11
-1.66429422354728E-11
-1.5086189353661E-11
-1.19743048232425E-11
-1.19743048232425E-11
-1.19743048232425E-11
-1.0877040538009E-11
-1.0877040538009E-11
-1.08564765833907E-11
-9.66026128868282E-12
-9.66026128868282E-12
-8.59942004217953E-12
-8.59942004217953E-12
-7.5075124663041E-12
-7.5075124663041E-12
-7.17465435787155E-12
-6.92293192987004E-12
-6.32787991685954E-12

