-11.6509967732255
-5.16338578243282
-3.09168339056209
-1.10384783648806
-0.93209739002131
-0.861245140138201
-0.812423014924458
-0.683250709761552
-0.4691841252104
-0.378074548098687
-0.378074548098687
-0.366394295827889
-0.360223389424732
-0.252898653731068
-0.252898653731068
-0.252898653731068
-0.252898653731068
-0.225698779937987
-0.161703580987852
-0.155334390929819
-0.118975589814312
-0.118975589814312
-0.10757940681524
-0.10757940681524
-0.0780434083940598
-0.0780434083940598
-0.0780434083940598
-0.073554623634431
-0.0624901740720982
-0.0624901740720982
-0.040616079533389
-0.040616079533389
-0.040616079533389
-0.040616079533389
-0.040616079533389
-0.040616079533389
-0.040616079533389
-0.040616079533389
-0.040616079533389
-0.0379718030263003
-0.0252300527201214
-0.0252300527201214
-0.0220495321749254
-0.0220495321749254
-0.0220495321749254
-0.0220495321749254
-0.0220495321749254
-0.0220495321749254
-0.02195564285252
-0.02195564285252
-0.021270257702589
-0.021270257702589
-0.021029944180771
-0.0186131444264991
-0.0186131444264991
-0.0186004925869952
-0.0171738605929804
-0.0161301383568018
-0.0141991597866898
-0.013532117359261
-0.0131321998625218
-0.0120915551927769
-0.0120915551927769
-0.0120915551927769
-0.0120915551927769
-0.0120915551927769
-0.011604735303056
-0.0103001449599394
-0.0097999956740841
-0.0097999956740841
-0.0097999956740841
-0.00930009294995353
-0.00930009294995353
-0.00906955544510577
-0.00894653375009958
-0.00870373331815783
-0.00870373331815783
-0.00800535064157894
-0.00726422280624723
-0.00623630417846631
-0.00623630417846631
-0.0060862289916287
-0.005548118510197
-0.00536911965377907
-0.00492939942218634
-0.00468354702751994
-0.00468354702751994
-0.00468354702751994
-0.00366621180704786
-0.00366621180704786
-0.00366621180704786
-0.00335623471934722
-0.00335623471934722
-0.00335623471934722
-0.00335623471934722
-0.00335623471934722
-0.00335623471934722
-0.00289909750045611
-0.00289909750045611
-0.00283976086304622
-0.00275523675847979
-0.00241193654920643
-0.00233393646160489
-0.00188419512212985
-0.00188419512212985
-0.00170615257513242
-0.00164050503740184
-0.00143086004051203
-0.00137608189281118
-0.00125967125835573
-0.00125967125835573
-0.00123930081613506
-0.00119373957130326
-0.00116689847274926
-0.000964311370284998
-0.000964311370284998
-0.000964311370284998
-0.000964311370284998
-0.000964311370284998
-0.000964311370284998
-0.000872106143387296
-0.000741348565501116
-0.000741348565501116
-0.000741348565501116
-0.000636448995877196
-0.000636448995877196
-0.000632000783876099
-0.000632000783876099
-0.000632000783876099
-0.00053697419273401
-0.00053697419273401
-0.00053697419273401
-0.000448612337871057
-0.000448612337871057
-0.000434306737880178
-0.000415302367708978
-0.000415302367708978
-0.000332921431451652
-0.000332921431451652
-0.000332921431451652
-0.000308177804438797
-0.000308177804438797
-0.000279360624556177
-0.000273875748572052
-0.000273875748572052
-0.000227221539521355
-0.000227221539521355
-0.000224513874373002
-0.000190626254531021
-0.000190626254531021
-0.000190626254531021
-0.000190626254531021
-0.000190626254531021
-0.000159173218273424
-0.000159173218273424
-0.000129203857998708
-0.000124326180166203
-0.000124326180166203
-0.000124326180166203
-0.000124326180166203
-0.000124326180166203
-0.000124326180166203
-0.000114765210951369
-0.000103081751367873
-0.000101239301961979
-0.000101239301961979
-9.01784287601016E-05
-9.01784287601016E-05
-9.01784287601016E-05
-8.18773703474815E-05
-8.18773703474815E-05
-7.28081693993087E-05
-6.88312473997887E-05
-6.00910722188067E-05
-6.00910722188067E-05
-5.21657234011497E-05
-4.72101103182036E-05
-4.72101103182036E-05
-4.72101103182036E-05
-4.72101103182036E-05
-4.59870023242604E-05
-4.59870023242604E-05
-3.51233018870258E-05
-3.51233018870258E-05
-3.51233018870258E-05
-3.06105489061616E-05
-3.06105489061616E-05
-3.06105489061616E-05
-3.04052673470474E-05
-2.46431484876758E-05
-2.46431484876758E-05
-2.46431484876758E-05
-2.46431484876758E-05
-1.93189939040902E-05
-1.93189939040902E-05
-1.90187009045212E-05
-1.90187009045212E-05
-1.52992566855468E-05
-1.52992566855468E-05
-1.52992566855468E-05
-1.52992566855468E-05
-1.52992566855468E-05
-1.4296971718791E-05
-1.41907539087639E-05
-1.41907539087639E-05
-1.41907539087639E-05
-1.41907539087639E-05
-1.41907539087639E-05
-1.41907539087639E-05
-1.41520279166893E-05
-1.41520279166893E-05
-1.32735977648674E-05
-1.32167736472573E-05
-1.15360273141865E-05
-8.9977143495232E-06
-8.9977143495232E-06
-8.50056840298184E-06
-6.70678160117402E-06
-6.70678160117402E-06
-4.70214095267489E-06
-4.70214095267489E-06
-4.60756089412177E-06
-4.17495875842245E-06
-4.15356723693133E-06
-4.15356723693133E-06
-4.15356723693133E-06
-3.62574912743751E-06
-3.62574912743751E-06
-3.62574912743751E-06
-3.62574912743751E-06
-3.62574912743751E-06
-3.62574912743751E-06
-3.62574912743751E-06
-3.62574912743751E-06
-3.5740918731452E-06
-2.85669864972153E-06
-2.75033773034792E-06
-2.75033773034792E-06
-2.62004188333368E-06
-2.62004188333368E-06
-2.45604526639135E-06
-2.45604526639135E-06
-2.33683034140709E-06
-2.33683034140709E-06
-2.33683034140709E-06
-1.7847400675334E-06
-1.7847400675334E-06
-1.47603190800994E-06
-1.47603190800994E-06
-1.47603190800994E-06
-1.47603190800994E-06
-1.47603190800994E-06
-1.47603190800994E-06
-1.47603190800994E-06
-1.47603190800994E-06
-1.40141299959799E-06
-1.37149610499434E-06
-1.37149610499434E-06
-1.36009634358605E-06
-1.34344832144594E-06
-1.20811577822993E-06
-1.20811577822993E-06
-1.1947450956113E-06
-1.07848958345821E-06
-9.95707344081781E-07
-9.67782954853293E-07
-9.45430671438373E-07
-9.45430671438373E-07
-9.45430671438373E-07
-7.65973113331788E-07
-7.65973113331788E-07
-7.65973113331788E-07
-7.37817883586668E-07
-7.37817883586668E-07
-7.37817883586668E-07
-7.37817883586668E-07
-7.37817883586668E-07
-7.37817883586668E-07
-7.37817883586668E-07
-6.7490517597732E-07
-6.72559515834614E-07
-5.6702576564862E-07
-5.6702576564862E-07
-5.25105447944415E-07
-5.14972858407575E-07
-5.14972858407575E-07
-4.38617831815326E-07
-4.38617831815326E-07
-3.86722930481273E-07
-3.86722930481273E-07
-3.22660086589004E-07
-3.22660086589004E-07
-2.56060131920122E-07
-2.34644450075428E-07
-2.34644450075428E-07
-2.06127305032512E-07
-2.06127305032512E-07
-1.82267591987423E-07
-1.82267591987423E-07
-1.82267591987423E-07
-1.82267591987423E-07
-1.7949734115942E-07
-1.7949734115942E-07
-1.7949734115942E-07
-1.60485151415929E-07
-1.60485151415929E-07
-1.60485151415929E-07
-1.60485151415929E-07
-1.59908411477965E-07
-1.5977656079837E-07
-1.50210159027869E-07
-1.48731396574967E-07
-1.48731396574967E-07
-1.40153119274258E-07
-1.40153119274258E-07
-1.23064854497254E-07
-1.23064854497254E-07
-1.14730146053523E-07
-1.14730146053523E-07
-1.05871074103198E-07
-1.05871074103198E-07
-1.05871074103198E-07
-1.02356793738375E-07
-1.02356793738375E-07
-9.47388934328428E-08
-9.35725244443112E-08
-9.194433289832E-08
-8.91368795262525E-08
-8.80546052409911E-08
-8.63638470495949E-08
-8.57569774326569E-08
-8.36534305251833E-08
-8.28777625423194E-08
-7.07535429761043E-08
-7.07535429761043E-08
-7.07535429761043E-08
-7.07535429761043E-08
-7.07535429761043E-08
-7.07535429761043E-08
-7.07535429761043E-08
-6.6920082429538E-08
-6.6920082429538E-08
-6.6920082429538E-08
-6.30128538551397E-08
-6.30128538551397E-08
-6.30128538551397E-08
-6.22732864518976E-08
-6.22732864518976E-08
-6.0331864431947E-08
-5.48242957413404E-08
-4.29661063523147E-08
-4.29661063523147E-08
-3.67941771293014E-08
-3.37908430935119E-08
-3.18078416898009E-08
-2.9698469324471E-08
-2.9698469324471E-08
-2.9698469324471E-08
-2.9698469324471E-08
-2.41674264826812E-08
-2.23949093848425E-08
-2.21912352642551E-08
-2.21912352642551E-08
-2.21912352642551E-08
-2.1756060665992E-08
-2.1756060665992E-08
-2.1756060665992E-08
-2.1756060665992E-08
-2.02720660958763E-08
-2.02720660958763E-08
-2.02720660958763E-08
-1.90719871707774E-08
-1.90719871707774E-08
-1.83995216538138E-08
-1.49094085973645E-08
-1.49094085973645E-08
-1.21610441714693E-08
-1.21610441714693E-08
-1.21610441714693E-08
-1.21610441714693E-08
-1.21610441714693E-08
-1.06906463476312E-08
-1.03964900461391E-08
-9.52132460966718E-09
-9.52132460966718E-09
-9.52132460966718E-09
-8.91189415269911E-09
-8.84188252300953E-09
-7.98011264983776E-09
-7.98011264983776E-09
-7.51138572904855E-09
-7.51138572904855E-09
-6.67086832244446E-09
-6.67086832244446E-09
-6.67086832244446E-09
-6.67086832244446E-09
-6.67086832244446E-09
-6.67086832244446E-09
-6.4811945873032E-09
-6.04334850315006E-09
-5.57713459702514E-09
-5.22940191951003E-09
-4.89062788528839E-09
-4.3320994398895E-09
-4.3320994398895E-09
-4.3320994398895E-09
-4.12200780976954E-09
-4.12200780976954E-09
-4.12200780976954E-09
-3.54703814484507E-09
-3.35753438314167E-09
-3.20085777365628E-09
-3.05369029265273E-09
-2.13865190415553E-09
-2.13865190415553E-09
-2.13865190415553E-09
-1.91263600375229E-09
-1.91263600375229E-09
-1.75514899011908E-09
-1.75514899011908E-09
-1.68445638681493E-09
-1.68445638681493E-09
-1.61272433425234E-09
-1.61272433425234E-09
-1.61272433425234E-09
-1.61272433425234E-09
-1.51312829537974E-09
-1.04185911546605E-09
-1.04185911546605E-09
-1.04185911546605E-09
-1.04185911546605E-09
-8.9971117731498E-10
-8.9971117731498E-10
-8.9971117731498E-10
-8.9971117731498E-10
-8.9971117731498E-10
-8.35124137435568E-10
-8.35124137435568E-10
-8.19478860288462E-10
-7.02935314146805E-10
-7.02935314146805E-10
-6.68332995879207E-10
-6.52129466965916E-10
-6.52129466965916E-10
-5.96727051911239E-10
-5.96727051911239E-10
-5.67312571105117E-10
-5.67312571105117E-10
-4.91354672121239E-10
-4.65083219093502E-10
-4.55332320783685E-10
-4.55332320783685E-10
-4.55332320783685E-10
-4.55332320783685E-10
-4.45647657776821E-10
-4.45647657776821E-10
-4.04213522077605E-10
-4.04213522077605E-10
-3.89794719708054E-10
-3.89794719708054E-10
-3.89794719708054E-10
-3.89794719708054E-10
-3.89794719708054E-10
-3.57997777445774E-10
-3.30146507522979E-10
-3.30146507522979E-10
-3.30146507522979E-10
-2.57020289888715E-10
-2.57020289888715E-10
-2.57020289888715E-10
-2.57020289888715E-10
-2.57020289888715E-10
-2.06839987674891E-10
-2.06839987674891E-10
-2.06839987674891E-10
-2.06839987674891E-10
-2.06839987674891E-10
-2.06839987674891E-10
-1.80868532491133E-10
-1.18393754599131E-10
-1.03262648025239E-10
-1.03262648025239E-10
-1.03262648025239E-10
-9.12608460400676E-11
-9.12608460400676E-11
-9.12608460400676E-11
-9.12608460400676E-11
-8.55034611766831E-11
-8.55034611766831E-11
-8.20599265152728E-11
-8.20599265152728E-11
-8.20599265152728E-11
-6.69848452593883E-11
-6.69848452593883E-11
-5.73735343362248E-11
-5.73735343362248E-11
-5.25768666658665E-11
-5.25768666658665E-11
-4.97533212172944E-11
-4.614828230668E-11

