-12.0016824615032
-4.34248535592631
-1.9906531256846
-0.974334690937807
-0.812975625787593
-0.717521673789974
-0.716002634652979
-0.552762286081869
-0.457835814999863
-0.400989876083311
-0.263765393852145
-0.263765393852145
-0.203174261777273
-0.203174261777273
-0.203174261777273
-0.187979041746186
-0.164480308016818
-0.118272423438968
-0.0944312329923111
-0.0900533961309768
-0.0897615702495505
-0.0871732464042463
-0.0785330441034893
-0.0785330441034893
-0.0649540922605479
-0.0649540922605479
-0.0649540922605479
-0.0649540922605479
-0.0605672578859768
-0.0594379729969245
-0.0537846026451814
-0.04703118853284
-0.04703118853284
-0.0445631498717884
-0.0420434558176276
-0.0382750820236597
-0.030542857236594
-0.030542857236594
-0.027017325913511
-0.0268376674896616
-0.0268376674896616
-0.0244606701991937
-0.0237523684760222
-0.0237523684760222
-0.0209403621950518
-0.0166286362900748
-0.0166286362900748
-0.0144008331304032
-0.0144008331304032
-0.0104884233653362
-0.0104884233653362
-0.0104884233653362
-0.0104884233653362
-0.0104884233653362
-0.0104884233653362
-0.0104177744226203
-0.0104177744226203
-0.0104177744226203
-0.0104177744226203
-0.00924252094223088
-0.00924252094223088
-0.00904620395832382
-0.00751006234390475
-0.00751006234390475
-0.00651378488973746
-0.00641862674734462
-0.00565536214443263
-0.00551535487017383
-0.00551535487017383
-0.00551535487017383
-0.00539192206704093
-0.00539192206704093
-0.00493961970797767
-0.00452716021312612
-0.00380952726964367
-0.00324041049406325
-0.00282143313593065
-0.00282143313593065
-0.00282143313593065
-0.00280587612914519
-0.00255327195389668
-0.00240174807783254
-0.00240174807783254
-0.00230202207920913
-0.00230202207920913
-0.00226897197430508
-0.00212294118108935
-0.00135739975511812
-0.00135739975511812
-0.00135739975511812
-0.00135739975511812
-0.00119923117581887
-0.00119923117581887
-0.00119923117581887
-0.00119923117581887
-0.00119923117581887
-0.00119923117581887
-0.00119923117581887
-0.00109008483653426
-0.00109008483653426
-0.000951010167482039
-0.000951010167482039
-0.000951010167482039
-0.000933706941906461
-0.000890346729110512
-0.000890346729110512
-0.000808975577631589
-0.000808975577631589
-0.000795323882513549
-0.000567886278324978
-0.000567886278324978
-0.000567886278324978
-0.000567886278324978
-0.000567886278324978
-0.000567886278324978
-0.000547809825629264
-0.00053808484874986
-0.000478925125864261
-0.000445127199905443
-0.000404827223367776
-0.000390632446200823
-0.000374295845796933
-0.0003493943205856
-0.0003493943205856
-0.000326259547277211
-0.000318266491504982
-0.000318266491504982
-0.000318266491504982
-0.000318266491504982
-0.000316511596527152
-0.000289834345111029
-0.000267754187655828
-0.000236817514725875
-0.000232622760686582
-0.000164371285976221
-0.000164371285976221
-0.000160603631501914
-0.000160603631501914
-0.000151070946731018
-0.000151070946731018
-0.000138634250021993
-0.000120215870061781
-0.000120215870061781
-0.000120215870061781
-0.000120215870061781
-0.000105521599202492
-0.000105521599202492
-0.000105521599202492
-0.000105521599202492
-0.000105521599202492
-0.000100595689002705
-0.000100595689002705
-9.58220652881493E-05
-9.58220652881493E-05
-9.58220652881493E-05
-9.58220652881493E-05
-9.31979184431608E-05
-7.18299735820112E-05
-6.63424844923601E-05
-6.47061171377873E-05
-5.34723176723018E-05
-5.34723176723018E-05
-4.79688824832039E-05
-4.60097072399326E-05
-4.60097072399326E-05
-4.60097072399326E-05
-4.60097072399326E-05
-4.60097072399326E-05
-4.27552936322044E-05
-4.27552936322044E-05
-4.27552936322044E-05
-3.81888296352956E-05
-3.64695046800924E-05
-2.71865964920452E-05
-2.71865964920452E-05
-2.71865964920452E-05
-2.13040262923967E-05
-2.13040262923967E-05
-2.13040262923967E-05
-2.13040262923967E-05
-2.13040262923967E-05
-2.13040262923967E-05
-2.13040262923967E-05
-2.02382954581335E-05
-2.02382954581335E-05
-1.87883135310783E-05
-1.87883135310783E-05
-1.80298759909239E-05
-1.80298759909239E-05
-1.6988434373587E-05
-1.6988434373587E-05
-1.69730383533602E-05
-1.63791067940887E-05
-1.58534504873797E-05
-1.58534504873797E-05
-1.50326756012484E-05
-1.28070037937536E-05
-1.28070037937536E-05
-8.7905884565135E-06
-8.7905884565135E-06
-8.7905884565135E-06
-8.7905884565135E-06
-8.56262446975717E-06
-7.52852367121887E-06
-6.62845160233078E-06
-6.62845160233078E-06
-6.62845160233078E-06
-6.54944489007864E-06
-6.02279433174487E-06
-5.97064283887891E-06
-5.92700161242296E-06
-5.24616468669691E-06
-4.94394218635034E-06
-4.94394218635034E-06
-4.94394218635034E-06
-4.94394218635034E-06
-4.64826832340398E-06
-4.59145492903916E-06
-4.50499791402162E-06
-4.1935470489836E-06
-4.00928856650752E-06
-4.00928856650752E-06
-3.85360403206655E-06
-3.62318216628444E-06
-3.27775244004515E-06
-3.27775244004515E-06
-3.24277494428147E-06
-3.01459816814782E-06
-3.01459816814782E-06
-3.01459816814782E-06
-3.01459816814782E-06
-2.93066301768817E-06
-2.93066301768817E-06
-2.66734435954141E-06
-2.46378327132506E-06
-2.29373203666436E-06
-2.29373203666436E-06
-2.06905457260068E-06
-2.06905457260068E-06
-2.06905457260068E-06
-1.93987423419371E-06
-1.61790841769602E-06
-1.61790841769602E-06
-1.61790841769602E-06
-1.46511321645652E-06
-1.39845928709778E-06
-1.39845928709778E-06
-1.39538983597233E-06
-1.39538983597233E-06
-1.33022878064573E-06
-1.24773573842072E-06
-1.24773573842072E-06
-1.20002798385763E-06
-1.20002798385763E-06
-1.1419742966495E-06
-1.1250192628185E-06
-9.83873638897818E-07
-9.83873638897818E-07
-9.2228816890118E-07
-9.2228816890118E-07
-9.2228816890118E-07
-8.63388919227638E-07
-8.63388919227638E-07
-8.0847334121011E-07
-7.85172955498725E-07
-6.54147393358616E-07
-6.54147393358616E-07
-6.54147393358616E-07
-6.54147393358616E-07
-6.47025177903453E-07
-6.36813669874069E-07
-6.03703245728571E-07
-5.57146791029079E-07
-5.22549952132252E-07
-5.22549952132252E-07
-5.22549952132252E-07
-4.59508180746099E-07
-4.59508180746099E-07
-3.87345498610542E-07
-3.87345498610542E-07
-3.87345498610542E-07
-3.78948966132608E-07
-3.35667213548372E-07
-3.35667213548372E-07
-2.78655287382392E-07
-2.68330654498387E-07
-2.68330654498387E-07
-2.68330654498387E-07
-2.52508096115681E-07
-1.79514790215917E-07
-1.79514790215917E-07
-1.79514790215917E-07
-1.79514790215917E-07
-1.57441355835187E-07
-1.57441355835187E-07
-1.57441355835187E-07
-1.57441355835187E-07
-1.57441355835187E-07
-1.57441355835187E-07
-1.57441355835187E-07
-1.57441355835187E-07
-1.57441355835187E-07
-1.56164645089159E-07
-1.49877183078654E-07
-1.43770033939639E-07
-1.43660459016935E-07
-1.27420519201673E-07
-1.27420519201673E-07
-1.17380652512337E-07
-1.16437758282241E-07
-1.05172617492209E-07
-1.05172617492209E-07
-9.65577675638572E-08
-6.54890773695034E-08
-6.54890773695034E-08
-6.54890773695034E-08
-6.54890773695034E-08
-6.14912487027359E-08
-5.42499635542368E-08
-5.42499635542368E-08
-5.33670940684029E-08
-4.91200449599885E-08
-4.23758985236193E-08
-4.23758985236193E-08
-4.14728615451459E-08
-4.01459466162874E-08
-3.57576769305205E-08
-3.56057611396384E-08
-3.4482882774705E-08
-3.4482882774705E-08
-3.38780603202809E-08
-3.38780603202809E-08
-3.22119033099277E-08
-3.07876495680901E-08
-3.07876495680901E-08
-2.00947608021569E-08
-2.00947608021569E-08
-2.00947608021569E-08
-2.00947608021569E-08
-2.00947608021569E-08
-1.95278080088005E-08
-1.95278080088005E-08
-1.78636007409803E-08
-1.67862154437584E-08
-1.55069144484382E-08
-1.55069144484382E-08
-1.55069144484382E-08
-1.3588989711631E-08
-1.3588989711631E-08
-1.24160923792045E-08
-8.12533213262405E-09
-8.12533213262405E-09
-8.12533213262405E-09
-8.12533213262405E-09
-8.12533213262405E-09
-8.12533213262405E-09
-7.11361103948081E-09
-7.11361103948081E-09
-5.17909607414866E-09
-5.17909607414866E-09
-5.17909607414866E-09
-5.17909607414866E-09
-5.17909607414866E-09
-4.85846770204203E-09
-3.04335782363288E-09
-3.04335782363288E-09
-3.04335782363288E-09
-3.04335782363288E-09
-3.04335782363288E-09
-3.04335782363288E-09
-3.04335782363288E-09
-3.04335782363288E-09
-3.04335782363288E-09
-2.9873630265302E-09
-2.9873630265302E-09
-2.69006788853635E-09
-2.64519071027989E-09
-2.52788853592555E-09
-2.40536690984556E-09
-2.29245460274982E-09
-2.29245460274982E-09
-2.2201592379893E-09
-2.18615467842625E-09
-2.0293721705117E-09
-2.0293721705117E-09
-2.0293721705117E-09
-2.0293721705117E-09
-2.0293721705117E-09
-2.0293721705117E-09
-2.0293721705117E-09
-2.0293721705117E-09
-1.95696242038393E-09
-1.69998778699691E-09
-1.58828447435494E-09
-1.5091731245416E-09
-1.5091731245416E-09
-1.5091731245416E-09
-1.48102379132284E-09
-1.48102379132284E-09
-1.4732057067996E-09
-1.42495282708153E-09
-1.42495282708153E-09
-1.39432966440878E-09
-1.07893829990021E-09
-9.9624426046811E-10
-9.9624426046811E-10
-9.42272088323918E-10
-9.42272088323918E-10
-9.11431760107193E-10
-9.11431760107193E-10
-8.6076151762333E-10
-7.99771729588734E-10
-7.17464061649022E-10
-7.10419204881173E-10
-6.87242217559606E-10
-6.63300223856252E-10
-5.82722234807217E-10
-5.82722234807217E-10
-5.54384551383907E-10
-3.79014625055554E-10
-3.79014625055554E-10
-2.06065291645169E-10
-2.06065291645169E-10
-1.86493800521604E-10
-1.86493800521604E-10
-1.86493800521604E-10
-1.86493800521604E-10
-1.86493800521604E-10
-1.86493800521604E-10
-1.85992961288764E-10
-1.83974402197083E-10
-1.83974402197083E-10
-1.83974402197083E-10
-1.51079228740333E-10
-1.51079228740333E-10
-1.28804835985356E-10
-1.27107994156618E-10
-1.27107994156618E-10
-1.27107994156618E-10
-1.27107994156618E-10
-1.27107994156618E-10
-1.05729350920175E-10
-1.05729350920175E-10
-1.05729350920175E-10
-1.04639002136585E-10
-9.40161592560513E-11
-9.40161592560513E-11
-9.40161592560513E-11
-9.27240287007607E-11
-9.07811392284455E-11
-9.07811392284455E-11
-9.07811392284455E-11
-7.58135001197316E-11
-7.58135001197316E-11
-6.65990451496472E-11
-6.65990451496472E-11
-6.65990451496472E-11
-6.65990451496472E-11
-6.39942678360176E-11
-5.09860432469263E-11
-5.09860432469263E-11
-5.04715256178379E-11
-5.02161168030091E-11
-4.01683252065164E-11
-4.01683252065164E-11
-2.9641271667964E-11
-2.9641271667964E-11
-2.9641271667964E-11
-2.9641271667964E-11
-2.9641271667964E-11
-2.85684296996009E-11
-2.25918962909081E-11
-2.25918962909081E-11
-2.25918962909081E-11
-1.76271251409963E-11
-1.76271251409963E-11
-1.76271251409963E-11
-1.76271251409963E-11
-1.6178528282177E-11
-1.23733207230309E-11
-1.23733207230309E-11
-1.08890990349294E-11
-1.08890990349294E-11
-9.77034495356181E-12
-9.77034495356181E-12
-9.77034495356181E-12
-9.77034495356181E-12
-9.77034495356181E-12
-9.77034495356181E-12
-7.06848175808243E-12
-6.96064158876077E-12
-6.96064158876077E-12
-6.96064158876077E-12
-6.96064158876077E-12
-6.96064158876077E-12
-6.96064158876077E-12
-6.96064158876077E-12
-6.64786676801589E-12
-6.64786676801589E-12
-6.17858699215971E-12

