-0.773436773810485
-0.00926092987650406
-0.00926092987650406
-0.00926092987650406
-0.00926092987650406
-0.00926092987650406
-0.00926092987650406
-0.00926092987650406
-0.00926092987650406
-0.00926092987650406
-0.00795209088168153
-0.00359941658615304
-0.00359941658615304
-0.00359941658615304
-0.00359941658615304
-0.00291050194613718
-0.00291050194613718
-0.00291050194613718
-0.00291050194613718
-0.00291050194613718
-0.00291050194613718
-0.00216088024030542
-0.000570965205514806
-0.000570965205514806
-0.000570965205514806
-0.000570965205514806
-0.000570965205514806
-0.000570965205514806
-0.000570965205514806
-0.000570965205514806
-0.000363521155559932
-0.000363521155559932
-0.000363521155559932
-0.000363521155559932
-0.000363521155559932
-0.000363521155559932
-0.000363521155559932
-0.000363521155559932
-0.000363521155559932
-0.000173792126724415
-0.00011664623243296
-0.000106104785647265
-0.000106104785647265
-0.000104140336753877
-4.96679677579048E-05
-4.96679677579048E-05
-4.96679677579048E-05
-4.96679677579048E-05
-4.96679677579048E-05
-4.96679677579048E-05
-4.96679677579048E-05
-4.96679677579048E-05
-4.96679677579048E-05
-1.80004172432024E-05
-1.80004172432024E-05
-1.80004172432024E-05
-1.80004172432024E-05
-1.80004172432024E-05
-1.80004172432024E-05
-1.80004172432024E-05
-1.80004172432024E-05
-1.80004172432024E-05
-1.80004172432024E-05
-1.80004172432024E-05
-1.80004172432024E-05
-1.80004172432024E-05
-1.80004172432024E-05
-1.2453182689609E-05
-1.2453182689609E-05
-1.2453182689609E-05
-1.2453182689609E-05
-1.2453182689609E-05
-1.2453182689609E-05
-1.2453182689609E-05
-1.2453182689609E-05
-1.2453182689609E-05
-1.2453182689609E-05
-2.43772085928295E-06
-2.43772085928295E-06
-2.43772085928295E-06
-2.43772085928295E-06
-2.43772085928295E-06
-2.43772085928295E-06
-2.43772085928295E-06
-2.43772085928295E-06
-2.43772085928295E-06
-2.43772085928295E-06
-2.43772085928295E-06
-2.43772085928295E-06
-2.43772085928295E-06
-2.43772085928295E-06
-2.43772085928295E-06
-2.43772085928295E-06
-2.43772085928295E-06
-1.37135807154465E-06
-1.37135807154465E-06
-1.37135807154465E-06
-1.37135807154465E-06
-1.37135807154465E-06
-1.37135807154465E-06
-1.37135807154465E-06
-1.14952130347845E-06
-9.17116581788946E-07
-9.17116581788946E-07
-8.63235146697505E-07
-8.63235146697505E-07
-6.94827500646866E-07
-6.94827500646866E-07
-6.94827500646866E-07
-6.94827500646866E-07
-6.94827500646866E-07
-6.94827500646866E-07
-3.87138816670962E-07
-5.35583160043984E-08
-5.35583160043984E-08
-5.35583160043984E-08
-5.35583160043984E-08
-5.35583160043984E-08
-5.35583160043984E-08
-5.35583160043984E-08
-5.35583160043984E-08
-5.35583160043984E-08
-5.35583160043984E-08
-5.35583160043984E-08
-5.35583160043984E-08
-5.35583160043984E-08
-5.35583160043984E-08
-5.35583160043984E-08
-5.08424279344055E-08
-5.08424279344055E-08
-5.08424279344055E-08
-5.08424279344055E-08
-5.08424279344055E-08
-5.08424279344055E-08
-5.08424279344055E-08
-5.08424279344055E-08
-5.08424279344055E-08
-4.6542120379911E-08
-4.6542120379911E-08
-4.6542120379911E-08
-4.6542120379911E-08
-3.22553003195836E-08
-3.22553003195836E-08
-2.62432261477485E-08
-1.08796592845906E-08
-1.08796592845906E-08
-1.08796592845906E-08
-1.08796592845906E-08
-1.08796592845906E-08
-1.08796592845906E-08
-1.08796592845906E-08
-1.08796592845906E-08
-1.08796592845906E-08
-1.08796592845906E-08
-1.08796592845906E-08
-1.08796592845906E-08
-5.73142569515461E-09
-5.73142569515461E-09
-5.73142569515461E-09
-5.73142569515461E-09
-5.73142569515461E-09
-5.73142569515461E-09
-5.73142569515461E-09
-5.73142569515461E-09
-5.73142569515461E-09
-5.73142569515461E-09
-5.73142569515461E-09
-4.17376455619234E-09
-3.32556449045285E-09
-3.32556449045285E-09
-3.32556449045285E-09
-3.32556449045285E-09
-3.06985625808665E-09
-2.72670908074701E-09
-2.72670908074701E-09
-2.18915480187931E-09
-1.77869929895991E-09
-1.77869929895991E-09
-1.77869929895991E-09
-1.68928349086883E-09
-1.13359910347555E-09
-1.13359910347555E-09
-1.07379727332102E-09
-1.07379727332102E-09
-7.76816055925167E-10
-7.70609021039093E-10
-7.70609021039093E-10
-7.70609021039093E-10
-1.76447523259071E-10
-1.76447523259071E-10
-1.76447523259071E-10
-1.76447523259071E-10
-1.76447523259071E-10
-1.76447523259071E-10
-9.67812496810438E-11
-9.67812496810438E-11
-9.67812496810438E-11
-8.5364271207311E-11
-8.5364271207311E-11
-8.40940650448374E-11
-8.40940650448374E-11
-8.40940650448374E-11
-8.40940650448374E-11
-8.40940650448374E-11
-8.40940650448374E-11
-8.40940650448374E-11
-5.96198646007906E-11
-5.96198646007906E-11
-5.96198646007906E-11
-5.96198646007906E-11
-1.5761281169091E-11
-1.5761281169091E-11
-1.5761281169091E-11
-1.5761281169091E-11
-1.5761281169091E-11
-1.5761281169091E-11
-1.5761281169091E-11
-1.5761281169091E-11
-1.5761281169091E-11
-1.5761281169091E-11
-1.5761281169091E-11
-1.5761281169091E-11
-1.5761281169091E-11
-1.5176304657416E-11
-1.5176304657416E-11
-1.5176304657416E-11
-1.5176304657416E-11
-1.42870160146913E-11
-1.42870160146913E-11
-1.42870160146913E-11
-1.06485931183897E-11
-1.06485931183897E-11
-8.06232858252542E-12
-8.06232858252542E-12
-8.06232858252542E-12
-8.06232858252542E-12
-7.95652432827865E-12
-7.80948620443049E-12
-6.78825951730348E-12
-6.04292743197071E-12
-2.73314704202221E-12
-2.73314704202221E-12
-2.73314704202221E-12
-2.73314704202221E-12
-2.73314704202221E-12
-1.74560366161813E-12
-1.74560366161813E-12
-1.74560366161813E-12
-1.74560366161813E-12
-1.74560366161813E-12

