0.505480734169296
0.477235668636319
0.447493987180848
0.415998310956177
0.39748318337697
0.390608697011138
0.391147371689374
0.393687835659469
0.393693664030024
0.392329360604119
0.393126703068268
0.393757057269001
0.391332012372071
0.391298615650667
0.389550466696281
0.385371959416911
0.383403253345468
0.385216024123704
0.385474194816697
0.384792444214624
0.384065010363235
0.383946615432142
0.383318687537248
0.382167664968915
0.381241486793063
0.37956788472924
0.380611786138001
0.380968304907295
0.381011777186117
0.379174168201185
0.379241469138026
0.378557130347743
0.37868271453302
0.377605108785495
0.377519655818024
0.378282900489885
0.378090733614357
0.376927677987786
0.3777254619805
0.377157634014881
0.375055313755895
0.375239090520426
0.376084969538331
0.375963446220396
0.375654524629496
0.376217898246963
0.377019876231665
0.375576302848495
0.374204333071893
0.374954777576934
0.373778281667812
0.372621388030216
0.374233830479332
0.374901705582563
0.37494006010956
0.373550068202982
0.373066416715184
0.371396870429102
0.373006285671217
0.373558429841406
0.372503283078714
0.373629802949192
0.374117130994857
0.373797178616201
0.37367983806567
0.372503676370779
0.375446196235209
0.373598265505893
0.369865587707165
0.3708409092252
0.372367759352314
0.374720198948124
0.372698914733599
0.372717357125885
0.373661537289662
0.374796401469235
0.372730788740349
0.371845873460891
0.372113199498987
0.373490851415186
0.374420693831406
0.374538860374686
0.372589429587309
0.371985403593323
0.372567735903924
0.374143446867014
0.373019573241528
0.373622241770586
0.373148806344631
0.371431033248621
0.372689484259819
0.373724992819513
0.374669246428711
0.375072416974304
0.373335032515885
0.372162866656854
0.373080838997433
0.373598622063022
0.374108144371859
0.371864340206099
0.371212441069768
0.372200315282521
0.371947976682569
0.371603258603138
0.371775205032779
0.373814008822665
0.374326027319973
0.372289383687401
0.372835069449887
0.372718179719043
0.374203865830386
0.37459341495984
0.372889456664585
0.371388458454159
0.37188951816162
0.37386637902274
0.374673481551855
0.375200203847058
0.375580902474877
0.373910133189189
0.372863987345529
0.372043391790915
0.372946096753186
0.373411827242779
0.373699654696208
0.37326617646676
0.37414342632713
0.373838569390079
0.373596681029622
0.37287741552279
0.373075139309214
0.37188704958606
0.37285781917091
0.374924588712961
0.372600844259916
0.37341340849263
0.373140753086132
0.372975336631856
0.374306365461375
0.374384562773152
0.373030294124635
0.373842290030754
0.373617976575849
0.374335941490537
0.37329239559552
0.372976939716133
0.373774448505047
0.373379876136004
0.374078776664028
0.373134046591077
0.373127547700806
0.373801523782356
0.374466441972232
0.374533790636328
0.373304394009565
0.37365825526378
0.375309389239809
0.37467130331037
0.374345804707742
0.372585897657579
0.371641732608169
0.373313908126353
0.372116801894263
0.372973276695098
0.373085152662321
0.372199282202891
0.373427211879761
0.374722022718549
0.374687926221242
0.374078874687087
0.373117300401244
0.371392732855937
0.3721661475213
0.373811429389268
0.37377410491126
0.374038163301685
0.374449195616721
0.372603787126088
0.372848746569685
0.373656010529416
0.37327760740017
0.373104000924261
0.372555509432263
0.372468233522181
0.372977935720336
0.372811314382039
0.373394613858672
0.374018517828278
0.374622663261433
0.374290375622943
0.373843996687502
0.375469804781076
0.374051547083273
0.373111572794681
0.373538694131473
0.374498080496539
0.375012682824814
0.374875118207544
0.37317831745386
0.373954217176035
0.374615911973048
0.375680970610263
0.373573768678139
0.372978029561331
0.37361047481104
0.373726845078142
0.374829813641816
0.373265232895836
0.373257514056475
0.375156319068507
0.375890189878478
0.375542064249995
0.374740314840735
0.374954183474469
0.375721694884304
0.374161496952409
0.374982861118723
0.374791371661131
0.375546391496851
0.374970079332424
0.375236974918558
0.375442195688609
0.373933496503857
0.374720040185996
0.373638722321976
0.374035804564164
0.375881650435211
0.375475123634085
0.376274037647063
0.376481867783867
0.375934006229071
0.373842071337441
0.374118922771401
0.374086108049921
0.375395265006363
0.376971893594104
0.375741568760818
0.375271534822391
0.375354573265367
0.374746921486719
0.375516315525488
0.3753953263768
0.374601816979182
0.375091078230839
0.377153174050868
0.375793965505508
0.374131798339061
0.375131986078114
0.374933034544737
0.375678232879899

