-0.464940480241111
-0.0333796246801353
-0.010256145001838
-0.010256145001838
-0.010256145001838
-0.010256145001838
-0.010256145001838
-0.00928624373841525
-0.00928624373841525
-0.00750378978623567
-0.00750378978623567
-0.00313482775545115
-0.00313482775545115
-0.00313482775545115
-0.00313482775545115
-0.00313482775545115
-0.00313482775545115
-0.00313482775545115
-0.00171930577539736
-0.000307525001947029
-0.000307525001947029
-0.000307525001947029
-0.000307525001947029
-0.000307525001947029
-0.000307525001947029
-0.000307525001947029
-0.000307525001947029
-0.000307525001947029
-0.000307525001947029
-0.000307525001947029
-0.000307525001947029
-0.000307525001947029
-0.000307525001947029
-0.000307525001947029
-3.80581223969489E-05
-3.80581223969489E-05
-3.80581223969489E-05
-3.80581223969489E-05
-3.80581223969489E-05
-3.80581223969489E-05
-3.80581223969489E-05
-3.80581223969489E-05
-3.80581223969489E-05
-3.80581223969489E-05
-3.80581223969489E-05
-3.80581223969489E-05
-3.80581223969489E-05
-3.26362175426254E-05
-3.26362175426254E-05
-3.26362175426254E-05
-3.26362175426254E-05
-3.26362175426254E-05
-3.26362175426254E-05
-3.26362175426254E-05
-3.26362175426254E-05
-3.26362175426254E-05
-3.26362175426254E-05
-3.26362175426254E-05
-3.26362175426254E-05
-3.26362175426254E-05
-3.26362175426254E-05
-3.26362175426254E-05
-3.26362175426254E-05
-3.26362175426254E-05
-3.26362175426254E-05
-3.26362175426254E-05
-3.26362175426254E-05
-3.26362175426254E-05
-3.26362175426254E-05
-1.833105354343E-05
-1.833105354343E-05
-1.26950117464442E-05
-1.26950117464442E-05
-9.03754450332084E-06
-9.03754450332084E-06
-9.03754450332084E-06
-6.80779852907376E-06
-6.80779852907376E-06
-6.80779852907376E-06
-6.80779852907376E-06
-6.80779852907376E-06
-6.80779852907376E-06
-6.80779852907376E-06
-5.35882159002909E-06
-5.35882159002909E-06
-5.01527726759488E-06
-5.01527726759488E-06
-5.01527726759488E-06
-4.90342573294944E-06
-4.90342573294944E-06
-4.71525768125369E-06
-4.71525768125369E-06
-3.9195674710335E-06
-3.00495843985615E-06
-3.00495843985615E-06
-1.2045565929153E-06
-1.2045565929153E-06
-1.2045565929153E-06
-4.47959014604482E-07
-4.47959014604482E-07
-4.47959014604482E-07
-4.47959014604482E-07
-4.47959014604482E-07
-4.47959014604482E-07
-4.47959014604482E-07
-4.47959014604482E-07
-4.47959014604482E-07
-4.47959014604482E-07
-3.73393489461193E-08
-3.73393489461193E-08
-3.73393489461193E-08
-3.73393489461193E-08
-3.73393489461193E-08
-3.73393489461193E-08
-3.73393489461193E-08
-3.73393489461193E-08
-3.73393489461193E-08
-3.72909949586386E-08
-3.72909949586386E-08
-3.72909949586386E-08
-3.72909949586386E-08
-3.72909949586386E-08
-3.72909949586386E-08
-3.72909949586386E-08
-3.72909949586386E-08
-3.72909949586386E-08
-3.72909949586386E-08
-3.72909949586386E-08
-3.72909949586386E-08
-3.72909949586386E-08
-3.72909949586386E-08
-3.72909949586386E-08
-3.72909949586386E-08
-2.38554108689115E-08
-2.38554108689115E-08
-2.38554108689115E-08
-2.38554108689115E-08
-2.38554108689115E-08
-2.38554108689115E-08
-2.38554108689115E-08
-2.38554108689115E-08
-2.38554108689115E-08
-2.38554108689115E-08
-1.36033397879487E-08
-1.36033397879487E-08
-9.09123498704645E-09
-3.40376971053047E-09
-3.40376971053047E-09
-3.40376971053047E-09
-3.40376971053047E-09
-3.40376971053047E-09
-3.40376971053047E-09
-3.40376971053047E-09
-3.40376971053047E-09
-3.40376971053047E-09
-3.40376971053047E-09
-3.40376971053047E-09
-3.40376971053047E-09
-3.40376971053047E-09
-3.40376971053047E-09
-3.40376971053047E-09
-3.40376971053047E-09
-3.40376971053047E-09
-3.40376971053047E-09
-3.40376971053047E-09
-3.40376971053047E-09
-3.40376971053047E-09
-2.49962619354653E-09
-2.49962619354653E-09
-2.49962619354653E-09
-2.49962619354653E-09
-2.49962619354653E-09
-2.49962619354653E-09
-2.49962619354653E-09
-2.49962619354653E-09
-2.49962619354653E-09
-2.49962619354653E-09
-2.06105843503224E-09
-2.06105843503224E-09
-2.06105843503224E-09
-2.06105843503224E-09
-2.06105843503224E-09
-2.03062963795732E-09
-2.03062963795732E-09
-2.03062963795732E-09
-1.96434320385229E-09
-1.96434320385229E-09
-1.96434320385229E-09
-1.96434320385229E-09
-1.4533865777544E-09
-8.32032331921084E-10
-8.32032331921084E-10
-2.87494583695036E-10
-2.87494583695036E-10
-2.87494583695036E-10
-1.8876422647196E-10
-1.8876422647196E-10
-1.8876422647196E-10
-1.8876422647196E-10
-1.8876422647196E-10
-1.8876422647196E-10
-1.8876422647196E-10
-1.8876422647196E-10
-1.8876422647196E-10
-1.8876422647196E-10
-1.8876422647196E-10
-1.8876422647196E-10
-1.8876422647196E-10
-1.8876422647196E-10
-1.8876422647196E-10
-1.51845258589134E-10
-1.51845258589134E-10
-1.51845258589134E-10
-1.49054657505587E-10
-1.43747347358669E-10
-1.39872113891215E-10
-1.37045930159729E-10
-1.34982580668463E-10
-1.33477673358584E-10
-1.0280373774485E-10
-1.0280373774485E-10
-1.0280373774485E-10
-8.67028115969504E-11
-8.67028115969504E-11
-8.67028115969504E-11
-8.67028115969504E-11
-5.11574393957659E-11
-3.03947422786166E-11
-3.03947422786166E-11
-3.03947422786166E-11
-3.03947422786166E-11
-3.03947422786166E-11
-3.03947422786166E-11
-2.59761101517597E-11
-2.59761101517597E-11
-2.16556217402797E-11
-2.16556217402797E-11
-2.16556217402797E-11
-1.00668362534861E-11
-7.45303818661114E-12
-7.45303818661114E-12
-6.20714590837679E-12
-6.20714590837679E-12
-6.20714590837679E-12
-6.20714590837679E-12
-6.20714590837679E-12
-6.20714590837679E-12
-6.20714590837679E-12
-6.20714590837679E-12
-5.00355312738066E-12

