-0.880966519059376
-0.0272149101533811
-0.00550079121336375
-0.00550079121336375
-0.00550079121336375
-0.00550079121336375
-0.00550079121336375
-0.00550079121336375
-0.00550079121336375
-0.00550079121336375
-0.00550079121336375
-0.00550079121336375
-0.00316046169148543
-0.00316046169148543
-0.00316046169148543
-0.0025273713858549
-0.0025273713858549
-0.0025273713858549
-0.00227164795674473
-0.00227164795674473
-0.00227164795674473
-0.00227164795674473
-0.00227164795674473
-0.00227164795674473
-0.00227164795674473
-0.00227164795674473
-0.00227164795674473
-0.00176670097470369
-0.00176670097470369
-0.00166372285709304
-0.00166372285709304
-0.00161075493151319
-0.00161075493151319
-0.000883888291575152
-0.000743382841932816
-0.000743382841932816
-0.0003898255864489
-0.0003898255864489
-0.0003898255864489
-0.0003898255864489
-0.0003898255864489
-0.000309478788841229
-0.000270477798277269
-0.000270477798277269
-0.000270477798277269
-0.000228170813808437
-0.000228170813808437
-0.000228170813808437
-0.000228170813808437
-0.000184193042813564
-0.000184193042813564
-9.27719385740433E-05
-8.0181949459357E-05
-7.82503474122722E-05
-7.82503474122722E-05
-3.82514656319666E-05
-3.82514656319666E-05
-3.82514656319666E-05
-3.21885155073476E-05
-2.43263901378299E-05
-2.43263901378299E-05
-2.43263901378299E-05
-2.43263901378299E-05
-2.43263901378299E-05
-1.58474796547736E-05
-1.58474796547736E-05
-1.18860725975001E-05
-1.18860725975001E-05
-1.18860725975001E-05
-1.18860725975001E-05
-1.18860725975001E-05
-1.18860725975001E-05
-1.18860725975001E-05
-1.18860725975001E-05
-1.18860725975001E-05
-1.0629916187499E-05
-1.0629916187499E-05
-1.0629916187499E-05
-1.0629916187499E-05
-1.04059601380158E-05
-1.04059601380158E-05
-1.03316449113766E-05
-5.21789993548905E-06
-5.21789993548905E-06
-5.21789993548905E-06
-5.21789993548905E-06
-5.21789993548905E-06
-5.21789993548905E-06
-9.08165223023616E-07
-9.08165223023616E-07
-9.08165223023616E-07
-9.08165223023616E-07
-9.08165223023616E-07
-9.08165223023616E-07
-9.08165223023616E-07
-9.08165223023616E-07
-9.08165223023616E-07
-9.08165223023616E-07
-8.19558631293127E-07
-8.19558631293127E-07
-8.19558631293127E-07
-8.19558631293127E-07
-8.19558631293127E-07
-8.19558631293127E-07
-8.19558631293127E-07
-8.19558631293127E-07
-8.19558631293127E-07
-8.19558631293127E-07
-8.19558631293127E-07
-8.19558631293127E-07
-8.19558631293127E-07
-8.19558631293127E-07
-6.81470662899919E-07
-1.77711517723722E-08
-1.77711517723722E-08
-1.77711517723722E-08
-1.77711517723722E-08
-1.77711517723722E-08
-1.77711517723722E-08
-1.77711517723722E-08
-1.77711517723722E-08
-1.77711517723722E-08
-1.77711517723722E-08
-1.77711517723722E-08
-1.77711517723722E-08
-1.77711517723722E-08
-1.77711517723722E-08
-1.77711517723722E-08
-1.77711517723722E-08
-1.77711517723722E-08
-1.77711517723722E-08
-1.77711517723722E-08
-1.77711517723722E-08
-1.77711517723722E-08
-1.77711517723722E-08
-1.77711517723722E-08
-1.77711517723722E-08
-1.77711517723722E-08
-1.77711517723722E-08
-1.77711517723722E-08
-1.77711517723722E-08
-1.77711517723722E-08
-1.77711517723722E-08
-1.77711517723722E-08
-1.77711517723722E-08
-1.77711517723722E-08
-1.77711517723722E-08
-1.77711517723722E-08
-1.77711517723722E-08
-1.4180978502587E-08
-1.4180978502587E-08
-1.4180978502587E-08
-6.75518763084184E-09
-6.75518763084184E-09
-5.33752804217626E-09
-3.83727238872922E-09
-1.39605216276095E-09
-1.39605216276095E-09
-1.39605216276095E-09
-1.39605216276095E-09
-1.39605216276095E-09
-1.39605216276095E-09
-1.39605216276095E-09
-1.39605216276095E-09
-1.39605216276095E-09
-1.39605216276095E-09
-1.39605216276095E-09
-1.39605216276095E-09
-1.39605216276095E-09
-1.39605216276095E-09
-1.39605216276095E-09
-1.39605216276095E-09
-1.39605216276095E-09
-1.39605216276095E-09
-1.39605216276095E-09
-1.39605216276095E-09
-1.39605216276095E-09
-1.39605216276095E-09
-1.39605216276095E-09
-1.39605216276095E-09
-1.39605216276095E-09
-1.39605216276095E-09
-1.39605216276095E-09
-1.39605216276095E-09
-1.39605216276095E-09
-1.39605216276095E-09
-1.39605216276095E-09
-1.39605216276095E-09
-1.39605216276095E-09
-1.39605216276095E-09
-1.39605216276095E-09
-1.12981934918821E-09
-1.12981934918821E-09
-1.12981934918821E-09
-1.12981934918821E-09
-1.12981934918821E-09
-1.12981934918821E-09
-5.48782840978999E-10
-5.48782840978999E-10
-4.67149041401591E-10
-4.67149041401591E-10
-2.52879718190907E-10
-2.52879718190907E-10
-2.52879718190907E-10
-1.6426513709395E-10
-1.6426513709395E-10
-1.6426513709395E-10
-1.6426513709395E-10
-1.6426513709395E-10
-1.6426513709395E-10
-1.6426513709395E-10
-1.6426513709395E-10
-8.18917979045349E-11
-8.18917979045349E-11
-8.18917979045349E-11
-8.18917979045349E-11
-8.18917979045349E-11
-8.18917979045349E-11
-8.18917979045349E-11
-8.18917979045349E-11
-8.18917979045349E-11
-1.77364939814355E-11
-1.77364939814355E-11
-1.77364939814355E-11
-1.77364939814355E-11
-1.77364939814355E-11
-1.77364939814355E-11
-1.77364939814355E-11
-1.77364939814355E-11
-1.77364939814355E-11
-1.77364939814355E-11
-1.77364939814355E-11
-1.07358269188547E-11
-1.07358269188547E-11
-5.17926500829204E-12
-3.01317128236588E-12
-3.01317128236588E-12
-3.01317128236588E-12
-2.98265171921746E-12
-1.94402827169426E-12
-1.94402827169426E-12
-1.44440015503733E-12
-1.44440015503733E-12
-1.44440015503733E-12
-1.44440015503733E-12
-1.44440015503733E-12
-1.37796861595467E-12
-1.37796861595467E-12
-1.32550378210881E-12
-1.32550378210881E-12

