-1.62677948459057
-0.00445637913113028
-0.00445637913113028
-0.00445637913113028
-0.00445637913113028
-0.00445637913113028
-0.00445637913113028
-0.00445637913113028
-0.00445637913113028
-0.00445637913113028
-0.00445637913113028
-0.00445637913113028
-0.00445637913113028
-0.00266586343734987
-0.00179254479547575
-0.00179254479547575
-0.00179254479547575
-0.00154657684273624
-0.00154657684273624
-0.00132888676647175
-0.000689909880518758
-0.000689909880518758
-0.000689909880518758
-0.000689909880518758
-0.000689909880518758
-0.000331719768418282
-0.000331719768418282
-0.000331719768418282
-0.000331719768418282
-0.000331719768418282
-0.000331719768418282
-0.000331719768418282
-0.000331719768418282
-0.000331719768418282
-0.000331719768418282
-0.000331719768418282
-0.000331719768418282
-0.000331719768418282
-0.000331719768418282
-0.000331719768418282
-0.000331719768418282
-0.000331719768418282
-0.000330782642241623
-0.000282405932897412
-0.000282405932897412
-0.0001121563127503
-0.0001121563127503
-0.0001121563127503
-0.0001121563127503
-0.0001121563127503
-0.0001121563127503
-0.0001121563127503
-0.0001121563127503
-0.0001121563127503
-0.0001121563127503
-0.000104732189112111
-3.14462756146883E-05
-3.14462756146883E-05
-3.14462756146883E-05
-3.14462756146883E-05
-3.14462756146883E-05
-3.14462756146883E-05
-3.14462756146883E-05
-3.14462756146883E-05
-3.14462756146883E-05
-2.03865709299957E-05
-2.03865709299957E-05
-2.03865709299957E-05
-2.03865709299957E-05
-2.03865709299957E-05
-2.03865709299957E-05
-2.03865709299957E-05
-2.03865709299957E-05
-2.03865709299957E-05
-2.03865709299957E-05
-2.03865709299957E-05
-1.45139390370641E-05
-1.44383902493939E-05
-1.29332921333936E-05
-3.42654225726768E-06
-3.42654225726768E-06
-3.42654225726768E-06
-3.42654225726768E-06
-3.42654225726768E-06
-3.18466950033347E-06
-3.18466950033347E-06
-3.01360544807672E-06
-1.81324736078792E-06
-1.81324736078792E-06
-1.81324736078792E-06
-1.81324736078792E-06
-1.81324736078792E-06
-1.65358375814328E-06
-1.65358375814328E-06
-1.65358375814328E-06
-1.65358375814328E-06
-1.65358375814328E-06
-1.04872916639742E-06
-1.04872916639742E-06
-1.04872916639742E-06
-1.04872916639742E-06
-1.04872916639742E-06
-9.72809177046674E-07
-9.72809177046674E-07
-9.16719101851093E-07
-9.16719101851093E-07
-8.46686732725033E-07
-8.22200621475311E-07
-8.22200621475311E-07
-8.22200621475311E-07
-2.72874837614623E-07
-2.72874837614623E-07
-2.72874837614623E-07
-2.72874837614623E-07
-2.72848432403272E-07
-1.87458980782651E-07
-1.87458980782651E-07
-1.87458980782651E-07
-1.87458980782651E-07
-1.58861661159193E-07
-1.58861661159193E-07
-1.12687750686291E-07
-1.12687750686291E-07
-1.12687750686291E-07
-1.12687750686291E-07
-1.12687750686291E-07
-1.00149979309627E-07
-5.60742000055292E-08
-4.91279464331917E-08
-4.91279464331917E-08
-2.08138972168648E-08
-2.08138972168648E-08
-2.08138972168648E-08
-2.08138972168648E-08
-2.08138972168648E-08
-2.08138972168648E-08
-2.08138972168648E-08
-6.89214763038848E-09
-6.89214763038848E-09
-6.89214763038848E-09
-6.89214763038848E-09
-6.89214763038848E-09
-6.89214763038848E-09
-6.89214763038848E-09
-6.89214763038848E-09
-6.89214763038848E-09
-1.56304685861031E-09
-1.56304685861031E-09
-1.56304685861031E-09
-1.56304685861031E-09
-1.56304685861031E-09
-1.56304685861031E-09
-1.56304685861031E-09
-1.56304685861031E-09
-1.56304685861031E-09
-1.56304685861031E-09
-1.56304685861031E-09
-1.56304685861031E-09
-1.56304685861031E-09
-1.56304685861031E-09
-1.56304685861031E-09
-1.43491152293507E-09
-9.61825397105542E-10
-6.16548700982378E-10
-5.44904510402233E-10
-5.44904510402233E-10
-5.44904510402233E-10
-4.99843277879108E-10
-4.99843277879108E-10
-4.98201480070293E-10
-4.98201480070293E-10
-4.98201480070293E-10
-4.98201480070293E-10
-4.77976047630335E-10
-4.66414407096494E-10
-4.57976656598191E-10
-4.518184715252E-10
-3.28338800592576E-10
-3.28338800592576E-10
-3.28338800592576E-10
-9.14148756692157E-11
-9.14148756692157E-11
-9.14148756692157E-11
-9.14148756692157E-11
-9.14148756692157E-11
-9.14148756692157E-11
-9.14148756692157E-11
-9.14148756692157E-11
-9.14148756692157E-11
-9.14148756692157E-11
-9.14148756692157E-11
-9.14148756692157E-11
-9.14148756692157E-11
-8.15917333696348E-11
-8.15917333696348E-11
-8.15917333696348E-11
-8.10602140965955E-11
-8.10602140965955E-11
-8.10602140965955E-11
-7.35553840058856E-11
-7.35553840058856E-11
-6.7368444156557E-11
-6.7368444156557E-11
-6.7368444156557E-11
-6.7368444156557E-11
-6.7368444156557E-11
-6.7368444156557E-11
-6.7368444156557E-11
-6.7368444156557E-11
-6.7368444156557E-11
-6.7368444156557E-11
-6.7368444156557E-11
-6.5961347495147E-11
-6.5961347495147E-11
-6.47127906816536E-11
-6.47127906816536E-11
-6.44012621009438E-11
-6.44012621009438E-11
-3.72535058357215E-11
-3.72535058357215E-11
-3.72535058357215E-11
-3.72535058357215E-11
-3.72535058357215E-11
-3.72535058357215E-11
-3.72535058357215E-11
-3.72535058357215E-11
-3.72535058357215E-11
-3.72535058357215E-11
-3.72535058357215E-11
-3.72535058357215E-11
-3.72535058357215E-11
-2.60927945916478E-11
-2.60927945916478E-11
-1.68109970388741E-11
-1.68109970388741E-11
-8.95800100764177E-12
-8.95800100764177E-12
-6.55736576149479E-12
-6.55736576149479E-12
-6.55736576149479E-12
-6.55736576149479E-12
-2.31342722756267E-12
-2.31342722756267E-12
-2.31342722756267E-12
-2.31342722756267E-12
-2.31342722756267E-12
-2.31342722756267E-12
-2.31342722756267E-12
-2.31342722756267E-12
-2.31115127036219E-12

