0.491447837960201
0.463723335125638
0.4367256351384
0.408975341416598
0.390735236019344
0.382989033904469
0.382521014537688
0.38291782723682
0.384107887826153
0.382697199803733
0.383382357480199
0.382610293300814
0.380081385943134
0.377725083336903
0.376221738929765
0.376048417820646
0.375344237929055
0.374382562168774
0.375074088358091
0.374526032464072
0.373659142868066
0.37356536289772
0.374033382759895
0.373931399863957
0.375160928003311
0.374431583992626
0.3747663111462
0.375455522998172
0.373635475310646
0.374284565774417
0.375997788457057
0.376292762013676
0.37501315909808
0.374726325400407
0.373450812027034
0.373951233896889
0.375650029581546
0.373937677889527
0.373402387525969
0.374240377442391
0.373155164496902
0.373337527755668
0.373875578850132
0.374791232327112
0.373703121810948
0.375138513690776
0.376682042776993
0.376686057659235
0.373882666999636
0.375901043784428
0.375908804764041
0.375359155581302
0.37384689056295
0.374942952194819
0.374983416268233
0.374784637305149
0.372306883334931
0.37432920701098
0.376063455517917
0.376073686958941
0.373558285727198
0.372779540641094
0.373246241454158
0.373103288472638
0.373282542862716
0.373061933588892
0.371729606263419
0.372233293891407
0.372211596784305
0.371431963479597
0.369919447841977
0.369547907325964
0.369847134937701
0.370751498679618
0.37198495849375
0.371065681542772
0.369686184883207
0.369531241908894
0.370136255631371
0.368869895097199
0.370131219718601
0.369829611660465
0.369364379650684
0.369790314817019
0.369199093196532
0.368990391433428
0.368382414223097
0.369808122811644
0.368792359433098
0.367170600565273
0.367728527364257
0.368974042488883
0.369134409097581
0.368826515065951
0.368466688988016
0.368674025493788
0.368295095349076
0.368071572067671
0.367088381093161
0.366413005315447
0.368380814388951
0.367820831767736
0.367173331890711
0.365728514979663
0.367334606321477
0.369125356011307
0.369531825720101
0.367111562941151
0.367293808791585
0.368512846360555
0.368785907478509
0.367041030093241
0.368041373204827
0.367682882107478
0.367702210158793
0.368404462313982
0.36726400592251
0.368189160371308
0.368222155011958
0.36676974293425
0.369032669911357
0.369691100380955
0.36877679201583
0.367584319693042
0.367656974050913
0.368954329701312
0.370570062907726
0.368462390718308
0.367827514781685
0.366774785259156
0.368108178229869
0.368710357467864
0.36718582378637
0.368080515724421
0.367936730133023
0.36871122073318
0.367733010817708
0.368448004948178
0.369160393314232
0.368485638679164
0.367589158735156
0.367414860415844
0.365578861228111
0.368385671941793
0.368411534861691
0.368592130762208
0.366953785554933
0.366788571455584
0.368513911711101
0.366720790568194
0.366356198592334
0.366946455357505
0.36634843525108
0.367585971802084
0.367823848757045
0.368740885943244
0.368988052732549
0.368137552686836
0.368049795139606
0.367880266541864
0.367759209634532
0.36816725772722
0.369176858660268
0.368654954450011
0.368092634507674
0.367290377393343
0.367897952519781
0.368681264376369
0.368692092130659
0.369378756110799
0.36894010775105
0.368304540135312
0.368259333050855
0.368519950604952
0.369723749316267
0.370495741415979
0.371187942388206
0.369373554104941
0.368011790293838
0.368633367171176
0.369637194706132
0.369782798422561
0.369068951688958
0.368048959395616
0.368016384237033
0.368724185850211
0.370774205286855
0.370535043234454
0.368576212540253
0.368443681231179
0.369816463508203
0.370771023541908
0.369736516377582
0.367741380494266
0.367714221012737
0.369881390569807
0.371115552815212
0.370063227555436
0.370245508137542
0.369732266585591
0.370111017295241
0.369185466030948
0.36890343034285
0.36943965773846
0.368859296962369
0.36895077084563
0.369975133721883
0.37056104346064
0.370882347201503
0.369485322053173
0.370514275832547
0.370899601949655
0.369509241267594
0.368777600924798
0.370532384375636
0.368481126572616
0.368799291223435
0.370597700546322
0.369684698503394
0.369366912406326
0.368937239303519
0.368150086146923
0.369887210840958
0.369496113765421
0.369343347729596
0.368571282897624
0.369659164349342
0.370388611072492
0.370990115146154
0.37267423578564
0.371459983121311
0.371955593383463
0.370615724707441
0.370510583963539
0.371003014308275
0.371395533980601
0.371367644613102
0.370134768657219
0.370909772939498
0.370893361101045
0.371281457075891
0.370747252196241
0.370186356023033
0.371169038223677
0.372065324740808
0.371460302789136
0.36994568712902
0.369739585547564
0.371368361706185
0.37102732714755

