-1.13198808247245
-0.0495223013094182
-0.0172266580622972
-0.0172266580622972
-0.0139023973699105
-0.0139023973699105
-0.00529152008800204
-0.00529152008800204
-0.00529152008800204
-0.00529152008800204
-0.00529152008800204
-0.00529152008800204
-0.00529152008800204
-0.00529152008800204
-0.00529152008800204
-0.00263006665503229
-0.00263006665503229
-0.00251331312929926
-0.0017299301422804
-0.0017299301422804
-0.0017299301422804
-0.000678043821246033
-0.000678043821246033
-0.000678043821246033
-0.000678043821246033
-0.000657550380928074
-0.000657550380928074
-0.000657550380928074
-0.000657550380928074
-0.000657550380928074
-0.000657550380928074
-0.00040140708620362
-0.00020457214633518
-0.00020457214633518
-0.00020457214633518
-0.000100133737110375
-0.000100133737110375
-7.47803038168016E-05
-7.47803038168016E-05
-4.27381969699825E-05
-4.27381969699825E-05
-4.27381969699825E-05
-4.27381969699825E-05
-4.27381969699825E-05
-4.27381969699825E-05
-4.27381969699825E-05
-4.27381969699825E-05
-3.68614496210062E-05
-3.68614496210062E-05
-3.68614496210062E-05
-3.68614496210062E-05
-3.68614496210062E-05
-3.68614496210062E-05
-3.68614496210062E-05
-3.68614496210062E-05
-3.68614496210062E-05
-3.74090350052647E-06
-3.74090350052647E-06
-3.74090350052647E-06
-3.74090350052647E-06
-3.74090350052647E-06
-3.74090350052647E-06
-3.74090350052647E-06
-3.74090350052647E-06
-3.74090350052647E-06
-3.74090350052647E-06
-3.74090350052647E-06
-3.74090350052647E-06
-3.74090350052647E-06
-3.74090350052647E-06
-3.74090350052647E-06
-1.26599941407957E-06
-1.26599941407957E-06
-1.26599941407957E-06
-1.26599941407957E-06
-1.26599941407957E-06
-1.26599941407957E-06
-1.26599941407957E-06
-6.83119480981986E-07
-6.83119480981986E-07
-6.83119480981986E-07
-6.83119480981986E-07
-6.83119480981986E-07
-6.67750678640111E-07
-4.08825746256447E-07
-2.41361577058008E-07
-2.41361577058008E-07
-2.41361577058008E-07
-2.41361577058008E-07
-1.1100453833901E-07
-1.1100453833901E-07
-1.1100453833901E-07
-1.1100453833901E-07
-1.1100453833901E-07
-1.1100453833901E-07
-1.1100453833901E-07
-1.1100453833901E-07
-1.1100453833901E-07
-5.41419510335928E-08
-4.72625975023178E-08
-4.72625975023178E-08
-1.40907334689189E-08
-1.40907334689189E-08
-1.40907334689189E-08
-1.40907334689189E-08
-1.40907334689189E-08
-1.40907334689189E-08
-1.40907334689189E-08
-7.86598675084349E-09
-7.86598675084349E-09
-7.86598675084349E-09
-7.86598675084349E-09
-7.86598675084349E-09
-7.86598675084349E-09
-7.86598675084349E-09
-7.86598675084349E-09
-7.86598675084349E-09
-7.86598675084349E-09
-4.92441409871702E-09
-4.92441409871702E-09
-3.42797690233709E-09
-3.42797690233709E-09
-3.42797690233709E-09
-1.68907998698842E-09
-1.68907998698842E-09
-1.68907998698842E-09
-1.68907998698842E-09
-1.68907998698842E-09
-1.68907998698842E-09
-3.33356675596974E-10
-3.33356675596974E-10
-3.33356675596974E-10
-3.25137250456464E-10
-3.25137250456464E-10
-2.09505301995705E-10
-2.09505301995705E-10
-2.09505301995705E-10
-2.09505301995705E-10
-2.09505301995705E-10
-2.09505301995705E-10
-2.09505301995705E-10
-2.09505301995705E-10
-2.09505301995705E-10
-1.33078992270441E-10
-1.33078992270441E-10
-8.7731044651207E-11
-4.50091075521186E-11
-4.50091075521186E-11
-4.50091075521186E-11
-4.50091075521186E-11
-4.45249392910796E-11
-4.45249392910796E-11
-4.34076108390968E-11
-3.5962566258263E-11
-3.5962566258263E-11
-3.5962566258263E-11
-3.5962566258263E-11
-3.5962566258263E-11
-3.5962566258263E-11
-3.5962566258263E-11
-3.5962566258263E-11
-2.72437628012767E-11
-2.72437628012767E-11
-2.72437628012767E-11
-2.72437628012767E-11
-1.81982207081433E-11
-1.81982207081433E-11
-1.81982207081433E-11
-1.81982207081433E-11
-1.81982207081433E-11
-1.76892944736551E-11
-3.45246053967685E-12
-3.45246053967685E-12
-3.45246053967685E-12
-3.45246053967685E-12
-3.45246053967685E-12
-3.45246053967685E-12
-3.45246053967685E-12
-3.45246053967685E-12
-3.45246053967685E-12
-3.45246053967685E-12
-3.45246053967685E-12
-3.45246053967685E-12
-3.45246053967685E-12
-3.45246053967685E-12
-3.45246053967685E-12
-3.45246053967685E-12
-2.83073564588676E-12
-2.83073564588676E-12
-2.83073564588676E-12
-2.71849209809716E-12
-2.64088750867586E-12
-2.58393306751259E-12
-2.08388861722142E-12
-1.80333525889864E-12
-3.29514193708746E-13
-3.29514193708746E-13
-3.29514193708746E-13
-3.29514193708746E-13
-3.29514193708746E-13
-3.29514193708746E-13
-2.68896016564213E-13
-2.68896016564213E-13
-2.68896016564213E-13
-2.68896016564213E-13
-2.68896016564213E-13
-2.68896016564213E-13
-2.68896016564213E-13
-1.23345778035855E-13
-1.23345778035855E-13
-7.76045894212984E-14
-7.76045894212984E-14
-7.76045894212984E-14
-7.76045894212984E-14
-7.76045894212984E-14
-7.76045894212984E-14
-7.4495964952348E-14
-7.4495964952348E-14
-7.4495964952348E-14
-4.55191440096314E-14
-2.20934381900406E-14
-2.20934381900406E-14
-2.20934381900406E-14
-2.20934381900406E-14
-2.20934381900406E-14
-2.20934381900406E-14
-2.20934381900406E-14
-2.20934381900406E-14
-1.52100554373646E-14
-1.52100554373646E-14
-1.52100554373646E-14
-1.52100554373646E-14
-1.52100554373646E-14
-7.88258347483861E-15
-7.88258347483861E-15
-7.88258347483861E-15
-7.88258347483861E-15
-7.88258347483861E-15
-7.88258347483861E-15
-7.88258347483861E-15
-7.88258347483861E-15
-7.105427357601E-15
-4.88498130835069E-15
-1.66533453693773E-15
-1.66533453693773E-15
-1.66533453693773E-15
-1.66533453693773E-15
-1.66533453693773E-15
-1.66533453693773E-15
-1.66533453693773E-15

