0.397442345526866
0.264334608753088
0.173388388076264
0.136528620248837
0.130817047523125
0.129891719128126
0.120449734997909
0.108131762079357
0.0997490859740527
0.0956146861681001
0.130458108038522
0.133780504735066
0.13434173494138
0.14475615040116
0.139848652557757
0.138810188883029
0.143716977620061
0.142600185670425
0.139511558365307
0.139263435672325
0.138327679296918
0.14084115067773
0.138657248913331
0.135601588483871
0.134782554066302
0.139383095712548
0.138036436495792
0.131685176086079
0.130886071014163
0.131917209022892
0.131839083592674
0.130798947026497
0.129358338576173
0.130397159593875
0.131265910453245
0.13041134506056
0.127793769641157
0.124222105451999
0.126997361427078
0.125651016117586
0.128442204469354
0.127392211007472
0.124175213867431
0.12439168302158
0.125295336130491
0.121999092620845
0.12166039852456
0.121186443466804
0.121026104653959
0.122568973016572
0.118252506473842
0.120529935146119
0.119144527848597
0.119955205011777
0.121351721460338
0.11914098308072
0.118259716515806
0.116274766093798
0.116293789213727
0.116506322088868
0.11721099931383
0.115977477368903
0.11832852921882
0.114493059583797
0.112970678459552
0.110605071036396
0.114723730278326
0.115103707775318
0.112058079012755
0.111039209475434
0.112228508392649
0.110858647302773
0.110466560035775
0.113108356513094
0.109952162050003
0.110500825116055
0.111724413672577
0.108434156951313
0.108924515191767
0.108766563913241
0.104494548749342
0.107331158804171
0.106425804078673
0.106487867882805
0.108842022813948
0.107664113186166
0.10422868812745
0.103473630069269
0.102093171278345
0.103942684737147
0.104270371326582
0.104223638990472
0.103546196193352
0.101115284639714
0.10241720452728
0.10182503870809
0.103726107682743
0.101453392807191
0.101027486893802
0.0992105075699699
0.100704919930988
0.0996831849825541
0.100381395181307
0.10010696744431
0.0995937239122415
0.0996817731646887
0.100982828817699
0.101077735916804
0.0985552997053376
0.0984791997206033
0.0974667861481062
0.0990842083567117
0.097427972003655
0.0982013596178163
0.0955240591685413
0.0953979621957015
0.0946078455573669
0.0977926551861233
0.0991995483534248
0.0968517787996981
0.0975273975479456
0.0957215308104979
0.0966134921582447
0.0958638377965443
0.095432626272913
0.0947373383747587
0.0929365452957058
0.0940310557610749
0.092900810216117
0.0924456545124322
0.0915413834358251
0.0936844023897058
0.0923139724668425
0.092975393577817
0.0926231776174432
0.0935896583318869
0.0930330807894517
0.0918034643968705
0.0926321060762542
0.0957325574035245
0.0945892502790416
0.0927864387045447
0.0893536231217
0.0899452728838099
0.092997992495859
0.0926285180608465
0.0911836241373404
0.0889571241975052
0.0873793039133915
0.0889555832960501
0.0918118584257622
0.0888228954649352
0.0877754081159262
0.0881417531314384
0.0885140272722184
0.0870121043775052
0.0866094822814018
0.0887725534710484
0.0886889262751968
0.0858806458262151
0.0878051613380535
0.0875854462963826
0.0884326537156267
0.0879410233563923
0.0850501550623614
0.0860539597470396
0.0857014297504231
0.0853498443036286
0.0852956083132349
0.0872236191675566
0.0869931206137073
0.0840100153199789
0.082838951505338
0.0853916820937806
0.0889861050103745
0.0868840970902811
0.0831185669232379
0.0828562855868283
0.0845526044534275
0.0842279500317143
0.0845015526563428
0.0863328766188692
0.0854631884669954
0.0845233844289411
0.0830495281613753
0.0830969189694938
0.0819334621730842
0.0813503544042978
0.0833445902386385
0.0838549468287139
0.084119087226249
0.0829030837874649
0.081279859769527
0.0808159459918701
0.081811720435583
0.0811765996474365
0.0813240549837587
0.0819669370448525
0.0812326144159935
0.0813925974354953
0.0819748705051665
0.0804735312645865
0.0782086011383442
0.0802589697233523
0.0806812724992794
0.081879787790887
0.0817002224295932
0.0790731545173337
0.0794328020084671
0.078812816276408
0.0797284247299217
0.0797229067654334
0.0791645673154843
0.0775160221062594
0.0754747280893588
0.0780572397427031
0.0788943368898022
0.0791553480515659
0.0785310610605452
0.0773989257917016
0.0769016934742337
0.0801848040764843
0.0798314618740941
0.0802805939242314
0.0775224188403411
0.0764862594633143
0.0751798996654808
0.0773601843307732
0.0746410078649588
0.0746317583269922
0.0733159635728873
0.0744364517284211
0.0754592989791701
0.0770843007419553
0.0752631965957017
0.0738926212449996
0.0723911248171295
0.0761525811001896
0.0756288589275677
0.0749751841065166
0.0745979095525508
0.0743259739340867
0.0754099032348934
0.076352330664464
0.0759682771561782
0.0738284819498341
0.0716390982376784
0.070656777117274
0.0739910423280448
0.0761817765574391

