0.426572940360315
0.356078686647509
0.335702517667278
0.315354594022369
0.276021631234975
0.235862210488627
0.211592251823947
0.204773747361296
0.19551336808777
0.183603296569533
0.169995453968032
0.161685793046954
0.147244334546822
0.139607595599078
0.1384757101253
0.134915945301004
0.126569125301674
0.119580760794905
0.116985711212464
0.117824958789484
0.115251345827017
0.108497768714908
0.105254990020581
0.103144704368086
0.09936841243756
0.09616253848521
0.0916199661980361
0.0937666690167103
0.0920031061169838
0.0919465330650305
0.0900544823067023
0.087791270901505
0.0845144435019919
0.0855241342788345
0.0844735999505277
0.0834064556143764
0.0803900545600985
0.0779466001072932
0.0775326353874752
0.0766079098267379
0.0751342799276413
0.0737538776468925
0.0692756919844951
0.0699961215703792
0.0717858721874911
0.0703230163565111
0.0676941515466234
0.0650983693669281
0.0648552259329454
0.0654809086771062
0.0668365562323642
0.0649006916007942
0.0632813846826189
0.0626555677221123
0.0605391003780919
0.058896461698875
0.0591593755879291
0.0609059556791329
0.0589805503249437
0.0571738899011778
0.0571262734610263
0.0605098822023771
0.0591203923038946
0.0556469504543015
0.0561706802595654
0.05597166510028
0.0565679427519278
0.0549964764758518
0.0541246583310101
0.0530959881885333
0.0525877699282036
0.0523792812769531
0.0522871747391409
0.0506165596142811
0.0499151131496231
0.0512332982406257
0.049291746394837
0.0480254800263282
0.048020387303703
0.0482804514906336
0.0485046126440078
0.04716401533808
0.046819540877027
0.0465828021378622
0.0479767796227491
0.0488991123840736
0.0477267664502907
0.0479438433184434
0.0452960216667472
0.0456397869707459
0.0451476644312644
0.0447501661790406
0.045017060594972
0.0453404038154587
0.0441873995949739
0.0416202070244961
0.0427380384563124
0.0443327803729934
0.0448537854402125
0.042700989924215
0.0425055370376436
0.0423831293919262
0.0434264920215837
0.0439149609169674
0.0416768007521576
0.0403053543407957
0.0420842105948823
0.0417651664692276
0.042526914162564
0.0417346429232754
0.0425074905847669
0.0406031500909003
0.0387101173088613
0.0398112267393608
0.0405749510299278
0.040807341075936
0.0400322350409864
0.0398250721782598
0.0403248229855947
0.0406042895796773
0.0406509730306645
0.0399996430604831
0.0410202032509977
0.0412597123408043
0.0382816861384992
0.0356608130020403
0.037767469741398
0.0396666487996238
0.0382985830506237
0.0373044398842177
0.0386437758118673
0.0390555383033586
0.0383374337992472
0.0374921322422848
0.0373254152563718
0.0369071072221018
0.0359653945435511
0.0371180825699668
0.0346027782587961
0.0349957080275058
0.0373772540009695
0.0369092513518207
0.0349400465710924
0.0335943117691427
0.0333890298534465
0.0337759463484787
0.033966524281745
0.0358004903368074
0.0361250929269066
0.0359049835250751
0.0360665519584351
0.0348511865203206
0.0349956520939729
0.0350599555734415
0.0349161259199173
0.0322971013962421
0.0332307360800241
0.0339186279753717
0.0328903322530826
0.0327344985428207
0.0330969239389464
0.0331186748835322
0.0346899324891288
0.0344151936828545
0.0329371521722154
0.0337863281719829
0.0334855616816395
0.0327622990514673
0.0320672444309865
0.031898789327132
0.0320701386198024
0.0321382317390523
0.0332049910207319
0.031963154871903
0.0312301407033565
0.0311695067403313
0.0307371621524331
0.0323977932059725
0.0314572188348846
0.0295693365961767
0.0313698538950801
0.0323399792704115
0.0295213768586578
0.0286104492207083
0.0299151968107621
0.031669131510488
0.0316976494398769
0.0302819528767954
0.0301258590629926
0.0312469998639761
0.0299587198144148
0.0288696330360077
0.0311236640562248
0.0326541361481337
0.0315535770278322
0.0310594316667118
0.0294271483587817
0.0290943629198643
0.0304700174717182
0.0294526664216092
0.0304815603160663
0.0308663094297122
0.0299273862096091
0.0279809928878439
0.0283740197671569
0.0295126780305299
0.02905484825412
0.0288028434083414
0.0316855833561056
0.0300962369545417
0.0295374472644807
0.0301538255515635
0.0293355130444255
0.0288593781441225
0.0273241388867611
0.02702081643893
0.0281885771888714
0.0293482192761849
0.0274410091600206
0.0277740655286093
0.0281983768199105
0.0290589246607204
0.029059054785209
0.0288656849145106
0.0295543399624605
0.0302301013967241
0.0283909378258017
0.0267999193442478
0.026990682844482
0.0282480949410282
0.0286587596690524
0.0282991019649809
0.027147738290753
0.0281673256294882
0.0289007939350703
0.0287003608365357
0.0264310830782737
0.0257454320147131
0.0263428422197803
0.0273816124197934
0.0275184728787746
0.027377302907912
0.0258317724819811
0.0256994118525159
0.027179030074953
0.0274119067537988
0.0271207237944483
0.0260049075288883
0.0258159507889317
0.0255722780562742

