0.409567634937838
0.284662545981909
0.191748626104918
0.148155999952856
0.137363180635954
0.133011061643475
0.124655015979128
0.116498084509621
0.106324516809781
0.10299058567442
0.0980784246132818
0.094194987562012
0.0886672687684252
0.0856491185761581
0.0821238070689003
0.0772473889843498
0.0738359941418471
0.0711632555558543
0.0688174845950892
0.0655501954435879
0.0627385851216565
0.0641409284131266
0.0610085952506555
0.0565281700465105
0.0539267288795648
0.0536282243840187
0.0528517467317238
0.0512320267997984
0.0502650333053359
0.0483128068860951
0.0460049615504867
0.0447194450695192
0.0436276155051309
0.0426687864326487
0.0406949569969649
0.0395314999077885
0.0408299777764512
0.039367924180184
0.0374757986712542
0.0368300548917657
0.034883386255765
0.0348813544948966
0.0337691010623548
0.0350053101796263
0.0335979648012819
0.0316730377155589
0.0309106881471909
0.0312123060614235
0.0306358990893686
0.0299839772215905
0.0299478772005935
0.0290879608448472
0.0282203332598971
0.0283101484786234
0.0276833134893685
0.0289696806055111
0.0285680081142452
0.0275212850895585
0.0267583618651162
0.0256143884385854
0.0252290978436494
0.0247990987943303
0.0246107907355302
0.0239802193483876
0.0232586476310625
0.0235450136214314
0.023204965271669
0.0230970212087908
0.0230418524363246
0.0219479144578795
0.0220516058807106
0.0216138971725381
0.0215515562409896
0.0222874295843287
0.022228171093286
0.0203712082595195
0.0213453440197752
0.022172960023672
0.0210855726780945
0.0214742539736061
0.0205439414358483
0.0195429032015993
0.0194030905136342
0.0197179650320679
0.0199782560772135
0.0191051002292603
0.0186525558162442
0.0176700090270107
0.0184514036860354
0.0186845517149767
0.0180279160872043
0.0170548190159233
0.0166430336944763
0.0181214001495366
0.0190468559768704
0.0182550055086372
0.0168978282826524
0.0170147225718973
0.0178834897764432
0.0175689856971256
0.0178093186200623
0.0172719576505162
0.0167518253036099
0.0174721988863854
0.018436819784199
0.017344192861744
0.0149425602727224
0.0159874444729402
0.0171929035907291
0.0181484437078551
0.0163440238337683
0.0149477275181328
0.0147251682186186
0.0163267342718275
0.0161734795218497
0.0150958127354583
0.0158566510748298
0.0165779677565479
0.0154183161473576
0.014161595751905
0.015248443118563
0.0158102935817863
0.0157503554339769
0.0152429322258636
0.0149298428572928
0.0150502627731714
0.0147762622615136
0.0147518784614828
0.0154484393545794
0.0152017506434133
0.0148171517228891
0.0154699816248563
0.0140055467398686
0.0129766673797635
0.0147503413582458
0.0151374923469943
0.0153192772093018
0.0149180299756019
0.0140266359945
0.0134003855238464
0.0151928449511578
0.0150295501004506
0.0145519451922829
0.0144815143751189
0.0139869706720523
0.0133233295192091
0.0136399052179573
0.0140486437732953
0.0143415096179638
0.0139070845110691
0.0144392348649353
0.0141838202093419
0.0139436402847987
0.0138086120301637
0.0142867996418105
0.0137756606826797
0.0126427466706877
0.0140440844043167
0.014029415646565
0.0137908273622929
0.0124809978598149
0.0131937145095823
0.0136806754618137
0.0140901065230681
0.013945501277256
0.0130994557250963
0.0123137026248747
0.0134105814752033
0.0133892257471536
0.0133035349590657
0.0129089332613775
0.0122626779848369
0.0124104875931039
0.0131636443778652
0.0128580879031766
0.0128535297287655
0.012505120525141
0.0135760806163729
0.012879579371819
0.0121314625991545
0.0121025151490825
0.0124000305903305
0.0130816743789713
0.0134743059237577
0.0132542368056871
0.0117001669800237
0.0118036118418564
0.0136258024900962
0.0135254977681882
0.0120335548156612
0.0113612831343748
0.0117795008166295
0.0122511011319398
0.0120012696892513
0.0119792779938327
0.0119618705226454
0.0119629170564036
0.0117738625581149
0.0109786045538438
0.0121977632599293
0.0125814310371401
0.011582474872361
0.0110400190439256
0.0116786177036017
0.0117024689360911
0.0112323791832986
0.0114459507908574
0.011789424751925
0.0110660180910686
0.0112252929840875
0.0112640050855628
0.0115505612865743
0.0124617763524449
0.012342780464431
0.0108321173737038
0.0116533668192215
0.0120086124516653
0.0125203091621202
0.010796705698869
0.011242848377143
0.0115397442985075
0.0108469958803809
0.0112179374568445
0.0114136706229512
0.010474623292827
0.011417889336623
0.0113517734374092
0.0105210772374528
0.00991573304304886
0.0113361915617842
0.0113937992835884
0.011715519252972
0.010940210987682
0.0104966945074081
0.0117515231118545
0.0116324253505144
0.0105543060427771
0.0109053696169903
0.0109137051047963
0.0106494485543251
0.0108474048660277
0.0110364708611546
0.0112292112655107
0.00980841252271963
0.0100371357504166
0.00975594626745007
0.0100918608252434
0.0111369876611884
0.0105663451351597
0.00986654961971482

