0.406381643080035
0.31902966761598
0.270940770519689
0.238001287855691
0.206495696130335
0.177110257564546
0.163807520699114
0.152355039005394
0.142371438565341
0.134145519654722
0.127198334005121
0.122222892306814
0.115247591819032
0.110212098106424
0.107250419614629
0.101058481485189
0.0972354887333118
0.0965989415823797
0.0973253515527936
0.0935211964341408
0.088449601365735
0.0841320739814739
0.0840866491363452
0.0816564383655498
0.0803769382235661
0.0789261671240563
0.076227622437569
0.0742046012951102
0.0736841471877754
0.0733535889780458
0.0693489832841373
0.0674832088341206
0.0676110498928658
0.0652848441440839
0.0637237906410852
0.0607062303042784
0.0590477943666786
0.0585410084776721
0.0590142487691948
0.0584574905407196
0.0574757641090352
0.0567377278186064
0.0563826539515931
0.0538002193584394
0.0533439277934994
0.0552817278981811
0.0556536983312015
0.054097683330147
0.0502062133020761
0.0496226072310126
0.0489011385955591
0.0490926104911139
0.048879074241863
0.0489399581477519
0.0484549769776907
0.0473821278907235
0.0475371783032556
0.0470567469617807
0.046551196067626
0.0457380046370714
0.0450576072299664
0.0441264281066543
0.0436068279866667
0.0434687394858611
0.0447063565896121
0.0427248808112033
0.0418915971275885
0.040451118358527
0.0409747264899887
0.0428293817000757
0.0400386753387433
0.039122638630488
0.0387478951546981
0.0391186109884059
0.0397390401548649
0.0390598988368017
0.039030623419295
0.0380665076007399
0.0364818870711395
0.0375209835146771
0.0375943724934014
0.0365865891196116
0.0358377233973673
0.0360770410376953
0.0351899206580016
0.0347088434854451
0.0338350866586827
0.034952482357019
0.0343503986237296
0.0352515602732389
0.0348733536027243
0.0344095476318518
0.0351474629693122
0.0337506569139763
0.0338369059989131
0.0343788004662539
0.034443818281178
0.0355062458956549
0.0360033224476948
0.0350926501202394
0.0327796663225226
0.031475438216389
0.0311764325317241
0.031940254255249
0.0307814416218222
0.0312354123192194
0.0311592868974233
0.0314582445250329
0.0329175036260968
0.0317391085474183
0.030056750170465
0.0294141186739766
0.0297275900146957
0.0318443602512214
0.0312410880601773
0.0296187619982826
0.030856268349089
0.0316185555786328
0.0308631549277711
0.0300667541058989
0.0304229945455248
0.0288148131948048
0.0278068612933973
0.0290766906203488
0.0289511179536432
0.027601950204943
0.0266013625201323
0.0262564457472688
0.0287131729177091
0.0288518725390902
0.0275804141093514
0.0268327246442916
0.0284018874709603
0.0285212652498459
0.0275494167325589
0.0273395265242226
0.0277760579908367
0.0279273211745523
0.0278467800883385
0.0276625261285299
0.0273685587111894
0.026439972810739
0.0259193805253262
0.0267189985493627
0.0260959391332706
0.0255159660216907
0.0255626611022503
0.0262123589282926
0.026273738541253
0.0254979808342341
0.0245426309430804
0.0259526898054731
0.0270766847218963
0.0270656683658533
0.0251906799902526
0.0232854272076108
0.0253329176182882
0.0267202145908989
0.0249350712762709
0.0232439655214328
0.023714104701348
0.0255228339055619
0.0268848443105347
0.0254854757796685
0.0235530720481304
0.0237564057356913
0.0234214093431895
0.0231346679320236
0.0239868061603601
0.0235694097055937
0.0228075912096029
0.0232715669204011
0.0218743457993257
0.0225515000944697
0.023556520500261
0.0231011280052221
0.0228731716277619
0.0231999407723551
0.023087286991322
0.0221666324364189
0.0219548067887838
0.0240225849117063
0.0241192131388543
0.0221319836217013
0.022337621881374
0.0225473287679503
0.0218122725772923
0.0215285949598085
0.021131469985073
0.0205358064420755
0.0207263566742008
0.0211280257227162
0.0210151680516309
0.0213055683229211
0.0209244203106999
0.020798009013345
0.0201694355054122
0.0215910930982495
0.0221399057109473
0.0211243935663216
0.0191576431415321
0.020011480918417
0.0222502969164756
0.0218109165520727
0.0194363167547332
0.0206434395760365
0.0214365036119024
0.0206380681498584
0.0201505081129515
0.0188295585550353
0.0203626518154345
0.0203299194959685
0.0210634470792101
0.0211449728706808
0.019902676887483
0.0182300607467136
0.0196566074879183
0.019475103179823
0.0179779374944801
0.0190030966886034
0.0206651107385551
0.0201179106655958
0.0193682052345847
0.0182656029046259
0.0184983379332746
0.0194464032468239
0.0184111801279589
0.0168575621126052
0.016753684861315
0.0184800223913423
0.0201560784331208
0.0199215252101599
0.0177730889145454
0.0169974261759151
0.0177977652217185
0.0176471784436839
0.0186752329546209
0.0176868421286508
0.0181355920956801
0.0194654261490547
0.0187640827252304
0.0171549205205467
0.0171877491514665
0.0172980752729744
0.0170789815836756
0.0168089759599379
0.0173759878436357
0.0181526541402545
0.0182587309060638
0.0167002467985558

