0.449894571695849
0.342128480469502
0.296397023282484
0.302785743464828
0.272196720191352
0.23178828171249
0.197519663799441
0.175324786626356
0.169225539870656
0.164762586977942
0.159042693765177
0.152920681574314
0.143543872578065
0.138083698233648
0.134909369206357
0.131944127391257
0.128321373667698
0.123779390836317
0.120991393778184
0.117113753342468
0.114301111881394
0.113550398757524
0.11244872513915
0.110515954159054
0.107779474251727
0.104353576978433
0.102060273485776
0.098929260671413
0.0965983670787298
0.0960839486528011
0.0979241402904216
0.0948026518769235
0.0926380654683114
0.0925097147356402
0.0912172443908258
0.0917666079666692
0.0905029419620983
0.089746076888438
0.0881642528447354
0.0841942760257684
0.0824551485081982
0.0838446471433711
0.0825559444933098
0.078688477094256
0.0765964590051796
0.0784632039216727
0.0768007741489015
0.0776421971348744
0.0777995580757564
0.0751527389102729
0.0747674810039016
0.0745904393843441
0.0756041708247128
0.0755949031595907
0.0724908518711509
0.0720150784192157
0.0704914035039217
0.069986352020405
0.071344402889976
0.0710663044861166
0.0677672338076959
0.0662688300960563
0.0649381529313481
0.0652299745988135
0.06621934313296
0.0652951588333608
0.0641565794877229
0.0652904015130826
0.065324418696155
0.0623404760662892
0.0607358310860689
0.0603771100252004
0.0604583109945639
0.0606128687147422
0.0591552337985502
0.0590062806872823
0.0584556329324149
0.0594798226583404
0.0601619322675021
0.0580574442717364
0.0549076894507772
0.0577078179049603
0.0581701323654139
0.0566108972804087
0.0540594140561687
0.0530455614532524
0.054225159151544
0.0528503621312541
0.0529812856401655
0.0526726201948284
0.0544204233947901
0.0551444730186279
0.0534398593283523
0.052776586820318
0.0519280691949903
0.0521200870997523
0.0524172623642869
0.0525537659233272
0.0504067279311949
0.049749941694435
0.0487375125023786
0.0497770359286339
0.0497366345538734
0.0498015286677886
0.0508242051019982
0.0489328158197994
0.0491660952779392
0.0480834864506612
0.0488436288047368
0.0493735171076872
0.0507524141228863
0.049187429467783
0.0476028897176027
0.0478220683735886
0.0482758519654091
0.0477504950501171
0.0488550452241895
0.0494517893728237
0.046853878099475
0.0444834462059069
0.0443585059499519
0.0471786041779746
0.0487179035307566
0.0471375299374799
0.0469800703102338
0.0477553576375072
0.0460929295895846
0.0440777135834099
0.0456254343929105
0.0466920703694647
0.0450504669129132
0.0442186707832877
0.0448635775343558
0.0448055561366553
0.0440155070249848
0.0440283156221309
0.0446042054962228
0.0442335875233146
0.0453433208123061
0.0465402745323386
0.0461541768347946
0.0446598656984352
0.0452789688882087
0.0456106242647946
0.0451664059569372
0.04333409416027
0.0426930142303543
0.0443017993271809
0.0444857662285476
0.0416700565873074
0.0425568181522245
0.0416276054312847
0.0413680026156762
0.041302510707836
0.0404820649058395
0.0409362421751917
0.0417883989274439
0.0407371606447929
0.039787168811444
0.0401044235108247
0.0407940223190004
0.0410227237924947
0.0409840817674806
0.0404145679817671
0.0397411372120254
0.0403330359335951
0.0394357159783649
0.0407386284089447
0.0401769222381947
0.0398126840308736
0.0386792318742822
0.0393909113535536
0.0389013652493256
0.0399493698473332
0.0397165644924871
0.0389741280432764
0.0373264672608962
0.0366533742111658
0.0370554051662568
0.0373705117545522
0.0385011452080519
0.0377425979610948
0.0365701228051205
0.0384506695267926
0.0370021990320912
0.0363951271306795
0.0369422930946679
0.0387077960827323
0.0378993633293322
0.038263947424394
0.0390388032467942
0.037789554072309
0.037156860162666
0.0370342266703837
0.0382190938962056
0.0375807532219802
0.036634113672676
0.0383545686238562
0.0384989362007015
0.0364450439973647
0.0367450969355885
0.0382291533784868
0.0378319982445282
0.0349607531643978
0.0345715126461254
0.0366467998443833
0.0366991550798399
0.0358256154494495
0.0354642493803583
0.0353704774617427
0.0341756367186615
0.0343641428756329
0.0346185827398754
0.0360984946982855
0.0360313029221839
0.0365014945093405
0.0370013852168849
0.0368353858168111
0.0327960495495469
0.0333627875432371
0.0349152848889145
0.0358093881380697
0.0342808221627966
0.0344518282281563
0.035297425787308
0.0333010393330612
0.0328474547378142
0.0324518757236279
0.03198182661222
0.0312079394530084
0.0310407059532606
0.0336927027191483
0.0315477953278092
0.0312763069428268
0.0319737675631162
0.0320639001396214
0.0318880350310929
0.0328756212204767
0.0331019033021706
0.03378420765432
0.0334103529206798
0.0326248284600498
0.0330278525477483
0.0328378813431187
0.0326957506345046
0.0313773214403251
0.0320113364289422
0.031446097245387
0.0321142092405003
0.0311976582086781

