110204.9
55642.525
34168.225
23592.525
17000.325
13384.95
10915.65
9856.85
9112.175
8575.85
8271.675
8054.25
7909.65
7812.925
7761.175
7683.025
7654
7628
7601.075
7551.375
7513.9
7496.475
7476.275
7467.3
7462.15
7452.4
7432.5
7419.25
7415.425
7408.75
7400.6
7392.625
7389.925
7388.15
7367.95
7365.325
7356.475
7302.675
7275.025
7227.825
7219.175
7188.075
7149.125
7115.575
7072.125
7050.9
7030.325
7012.5
6992.5
6957.75
6944.65
6929.975
6923.6
6915.275
6910.35
6908.125
6904.85
6877.8
6873.6
6868.875
6846.8
6841.725
6838.975
6823.15
6775.975
6768.75
6754.05
6721.55
6707.175
6684.525
6637.5
6621.725
6612.75
6557.925
6537.825
6530.025
6525.275
6484.625
6480.6
6465.525
6461.525
6439.075
6426.4
6394.2
6382.15
6378.35
6375.15
6359.1
6355.5
6350.85
6339.9
6316.25
6252.3
6246.675
6242.825
6239.5
6236.625
6232.975
6214.2
6190.725
6185.4
6182.175
6167.175
6162.1
6156.5
6151.025
6145.375
6137.95
6133.75
6130.475
6125.575
6122.5
6119.65
6114.75
6112.775
6110.2
6090.575
6086.025
6063.625
6060.525
6058.025
6053.45
6050.975
6047.6
6041.65
6037.075
6032.725
6027.275
6020.475
6007.825
6003.825
5982.875
5979.75
5977.3
5975.7
5939.5
5935.725
5927.625
5925.25
5921.4
5916.55
5907.25
5859.5
5844.65
5825.025
5820.025
5805.7
5793.775
5766.05
5760.875
5757.95
5746.25
5743.775
5741.425
5737.225
5732.425
5718.6
5715.9
5712.25
5699
5687.4
5669.375
5641.35
5621.3
5602.375
5588.325
5581.975
5576.025
5571.125
5565.8
5562.875
5556.6
5551.1
5547.375
5537.775
5533.85
5530.575
5527.825
5492.625
5480.5
5470.85
5455.525
5448.9
5442.5
5439.325
5437.775
5426.475
5414.75
5413.1
5409.65
5405.35
5389.25
5376.35
5353.6
5322.8
5317.95
5314.8
5303.325
5291.375
5285.7
5236.55
5216.275
5201.525
5178.525
5165.575
5160
5153.85
5150.55
5147.35
5146.175
5144
5125.5
5120.6
5104.525
5091.025
5070.2
5063.625
5022.3
5017.95
5003.5
4997.05
4994.575
4985.375
4972.6
4963.925
4954.075
4943.8
4938.9
4925.525
4905.75
4899.525
4890.15
4881.675
4869.675
4863.375
4856.35
4824.45
4819.275
4810
4806.35
4802.425
4799.725
4793.125
4788.75
4786.875
4766.125
4762.725
4730.6
4724.75
4722.25
4716.8
4713.025
4696.475
4683.6
4680.8
4677.125
4667.7
4663.725
4661.325
4658.325
4656.375
4654.95
4650.85
4645.975
4632.15
4629.7
4623.675
4622.125
4619.975
4594.075
4592.225
4589.675
4587.55
4586.425
4583.2
4577.1
4574.7
4573.4
4572.075
4566.325
4559
4557.1
4556.125
4554.7
4554.15
4541.2
4537.425
4533.825
4531.7
4518.75
4515.75
4512.875
4510.6
4497.775
4494.825
4492.375
4470.625
4464.475
4463.375
4461.725
4452.425
4448.25
4445.275
4437.225
4426.825
4422.4
4418.675
4415.6
4410.35
4406.95
4402.7
4400.4
4398.7
4387.7
4382.425
4375.5
4374.025
4371.95
4369.725
4367.9
4365.55
4364.05
4347.7
4344.65
4341.5
4329.85
4291.5
4285.975
4277.675
4275.025
4273.65
4272.1
4270.775
4270.275
4259.275
4250.825
4233.575
4233.375
4227.575
4225.775
4220.9
4209.925
4204.125
4200.575
4198.95
4196.2
4188.575
4187.125
4185.625
4179.875
4178.375
4177.1
4168.325
4163.3
4157.75
4154.675
4143.1
4131
4126.65
4110.9
4107.7
4104.25
4100.55
4096.425
4086.85
4082.8
4082.025
4079.55
4077.825
4075.425
4072.525
4067.175
4066.225
4065.075
4063.15
4058.5
4053.5
4045.4
4036.625
4033.425
4031.25
4029.675
4017.925
4014.525
4010.9
3999.65
3989.925
3987.2
3984.45
3982.35
3980.85
3979.85
3979.075
3977.5
3976.65
3968.125
3966.675
3962.275
3960.3
3958.475
3956.2
3955.675
3953.8
3953.625
3952.95
3952.55
3951.875
3951.225
3949.1
3938.225
3935.45
3933.325
3930.275
3927.725
3927.075
3924.875
3923.75
3922.15
3916.1
3914.2
3912
3910.65
3909.925
3904.5
3897.15
3893.125
3890.325
3889.7
3887.85
3867.2
3865.525
3862.85
3860.8
3853.425
3847.4
3835.225
3827.925
3814.975
3812.425
3810.025
3808
3806.05
3802.775
3799.95
3796.4
3780.075
3771.3
3769.05
3759.025
3754.25
3753
3733.525
3732.175
3728.575
3709.025
3702.35
3696.725
3693.8
3692.075
3687.525
3679.6
3673.25
3664.3
3660.625
3658.525
3656.725
3655.75
3654.575
3648.1
3647.025
3635.825
3621.975
3617.475
3613.95
3611.95
3610.275
3603.075
3601.35
3600.625
3586.375
3583.6
3581.175
3574.725
3572.1
3563.175
3561.55
3560.825
3558.2
3557.125
3555.225
3554.3
3553.7
3553.3
3552.325
3551.9
3532.95
3530.35
3529.45
3526.525
3504.75
3501.425
3499.825
3498.2
3496.75
3494
3491.475
3490.225
3489.025
3488.025
3480.4
3478.125
3477.375
3475.325
3473.05
3470.35
3469.125
3446.675
3444.3
3443.475
3442.175
3442
3441.6
3440.95
3428.775
3427.075
3425.775
3424.15
3422.15
3413.775
3408.125
3404.775
3387.575
3386.1
3384.35
3380.95
3379.3
3377.45
3377.225
3375.925
3375.125
3373.975
3372.6
3371.225
3371
3370.55
3368.625
3367.925
3365.825
3356.8
3354.95
3353.825
3353.45
3347.475
3345.725
3345.425
3345
3343.975
3338.4
3337.775
3337.15
3336.575
3330.775
3329.425
3327.725
3325.725
3322.7
3322.05
3320.825
3318.1
3317.375
3317.025
3312.425
3302
3299.7
3296.325
3295.15
3294.8
3294
3289.975
3288.575
3287.425
3286.75
3286.275
3285.725
3279.225
3271.25
3267.75
3261.225
3259.55
3258.7
3253.1
3248.175
3243.625
3239.75
3237.9
3229.7
3223.9
3218.2
3217.8
3204.25
3195.5
3189.95
3187.875
3184.725
3173.55
3172.1
3168.5
3167.3
3165.925
3164.225
3163.125
3162.6
3162.025
3161.15
3160.95
3156.325
3154.775
3154.325
3153.55
3150.3
3149.475
3148.8
3148.15
3133.625
3131.625
3129.775
3125.625
3125.025
3123.75
3122.725
3121.65
3120.75
3119.5
3119.025
3118.575
3118.425
3117.975
3117.25
3116.975
3116.9
3116.675
3110.9
3109.15
3108.5
3105.725
3104.425
3102.45
3101.1
3093.25
3090.725
3088.275
3087
3085.975
3084.925
3083.325
3082.55
3081.5
3081.1
3081.05
3075.675
3074.4
3073.3
3071.4
3070.975
3068.15
3066.05
3065.325
3064.575
3063.125
3062
3054.7
3053.375
3052.275
3050.3
3049.425
3039.425
3038.55
3037.4
3036.15
3034.275
3034.225
3033.675
3033.625
3033.125
3021.425
3014.825
3012.85
3005.05
3002.55
2997.525
2993.1
2991.95
2990.525
2989.1
2984.175
2981.075
2980.275
2979.6
2978.175
2977.35
2971.275
2970.15
2967.575
2957
2954.225
2952.025
2950.75
2949.95
2949.15
2946.7
2944.55
2943.025
2942.1
2941.275
2940.55
2939.15
2937.9
2937.6
2936.375
2926.775
2926.625
2917.975
2914.825
2914.1
2913.25
2910.925
2910.2
2910.2
2909.6
2909.3
2909.3
2909.275
2908.725
2908.625
2906.05
2902.95
2896.925
2885.675
2883.475
2881.975
2880.2
2877.175
2874.7
2873.325
2872.925
2872.75
2872.5
2872.325
2869.475
2866.875
2865.45
2864.825
2863.425
2863.225
2863.2
2862.975
2862.9
2862.875
2862.875
2859.425
2859.1
2858.875
2858.75
2855.85
2855.275
2854.475
2852.75
2852.75
2852.75
2849.425
2849.225
2848.85
2848.825
2848.825
2848.55
2848.55
2843.5
2843.425
2842.95
2842.825
2841.875
2841.5
2841.475
2841.475
2841.475
2841.475
2841.475
2841.475
2841.15
2841.15
2841.15
2841.15
2841.15
2841.15
2841.15
2841
2836.025
2834.45
2826
2824.75
2823.85
2823.85
2823.35
2823.05
2822.875
2821.025
2821.025
2820.275
2820.275
2820.275
2819.75
2808.2
2806.425
2802.175
2799.425
2792.325
2791.9
2791.1
2790.9
2789.45
2785.425
2785.125
2785.1
2784.675
2781.175
2781.025
2781.025
2774.4
2773.85
2773.85
2770.3
2769.55
2767.55
2767.275
2766.55
2766.55
2766.175
2766.175
2766.175
2766.175
2766.175
2765.825
2765.825
2765.825
2750.325
2744.275
2743.05
2742.5
2740.2
2740.2
2735.625
2735.625
2735.625
2735.5
2735.5
2735.5
2735.5
2734.975
2734.225
2728.6
2724.3
2722.075
2721
2720.9
2720.725
2720.675
2720.35
2719.875
2719.875
2719.85
2719.85
2719.85
2719.475
2719.475
2719.475
2715.95
2715.95
2715.95
2715.875
2715.775
2695.925
2692.65
2689.75
2689.475
2689.475
2686.25
2681.525
2681.45
2681.15
2680.375
2680.375
2680.075
2680.075
2679.75
2679.575
2679.575
2674.225
2671.275
2671.2
2665.95
2664.725
2663.675
2662.375
2653.575
2653.575
2653.2
2652.125
2649.225
2641.9
2636.475
2636.1
2633.975
2633.975
2629.525
2628.35
2619.475
2618.775
2616.35
2616.175
2608.9
2607.65
2604.2
2604.2
2600.55
2600.55
2598.225
2588.4
2587.65
2587.525
2587.3
2586.65
2583.4
2583.4
2583.35
2583.225
2583.2
2583.175
2582.6
2579.825
2571.45
2570.125
2570.125
2569.3
2569.2
2569.075
2568.875
2568.875
2568.875
2567.875
2566.075
2563.475
2560.025
2553.225
2552.275
2552.275
2547.675
2547.675
2546.6
2545.725
2539
2538.1
2537.6
2537.175
2536.325
2532.425
2531.225
2529.325
2529.325
2529.15
2528.7
2523.05
2523.05
2521.65
2521.65
2520.925
2520.125
2520.125
2519.525
2519.35
2514.525
2514.25
2514.25
2513.525
2513.15
2510.725
2507.65
2499
2497.425
2491.575
2490.1
2473.7
2471.7
2463.825
2463.6
2463.3
2463.3
2463.3
2463.3
2462.375
2462.3
2461.125
2461.125
2460.075
2455.775
2455
2455
2453.45
2453.45
2451.175
2450.65
2449.25
2449.25
2449.2
2448.35
2447.475
2447.475
2447.475
2447.475
2447.475
2446.95
2446.375
2436
2434.5
2434.025
2433.175
2432.175
2427.575
2425.65
2425.15
2424.9
2424.9
2424.9
2424.875
2419.45
2416.725
2414.175
2414.1
2413.825
2410.175
2409.4
2408.775
2408.775
2408.775
2408.775
2408.775
2408.775
2405.8
2405.8
2391.25
2381.875
2381.4
2381.4
2381.4
2381.4
2381.4
2381.4
2381.4
2381.4
2381.4
2379.55
2376.65
2368.625
2365
2363.25
2362.55
2362.525
2362.075
2361.925
2355.575
2355.575
2355.525
2352.15
2351.5
2351.2
2347.925
2346.6
2346.25
2346.25
2335.875
2335.3
2332.825
2330.8
2330.175
2329.25
2326.575
2320.25
2319.35
2318.875
2318.65
2318.65
2318.65
2318.65
2316.35
2316.275
2316.275
2308
2304.05
2303.9
2303.575
2301.35
2300.025
2300.025
2300.025
2300
2299.925
2299.925
2299.925
2299.375
2299.15
2299.125
2299.125
2297.475
2296.725
2296.15
2295.325
2294.875
2293.25
2292.85
2291.975
2291.975
2291.925
2291.775
2287.9
2287.575
2287.45
2286.9
2286.9
2286.475
2286.475
2286.025
2285.9
2285.825
2285.825
2285.3
2284.95
2284.125
2283.55
2282.675
2280.425
2271.375
2270.25
2267.025
2265.85
2265.5
2265.25
2265.175
2265.175
2265.075
2265.075
2265.075
2264.75
2263.3
2262.475
2261.15
2259.85
2257.325
2257.125
2256.925
2256.925
2256.775
2256.775
2254.4
2253.875
2252.4
2250.55
2246.65
2245.75
2245.575
2245.575
2243.225
2243.225
2243.225
2242.85
2242.8
2242.625
2242.4
2241.275
2238.6
2236.05
2235.55
2235.55
2235.075
2235.075
2232.875
2229.475
2227.825
2227.2
2227.2
2226.975
2226.85
2226.075
2225.45
2223.25
2222.175
2218.25
2217.375
2216.55
2216.45
2216.45
2215.45
2215.45
2208.05
2207.825
2197.65
2197.65
2196.825
2196.475
2195.975
2193.925
2191.675
2189.025
2188.25
2187.8
2187.375
2187.075
2186.75
2186.3
2185.325
2184.775
2184.775
2184.425
2181.65
2178.475
2178.05
2171.2
2168.35
2167.225
2163.6
2159.525
2159.225
2158.95
2157.2
2154.375
2154.225
2154.175
2148.2
2148.2
2145.2
2142.05
2140.75
2139.175
2138.45
2137.075
2137.075
2135.95
2135.95
2135.95
2135.95
2135.95
2135.95
2135.95
2135.3
2135.3
2135.1
2134.9
2134.6
2134.6
2134.525
2134.525
2134.525
2131.875
2131.875
2131.625
2131.625
2131.525
2131.025
2127.55
2126.075
2126.075
2123.85
2122.525
2121.35
2116.525
2115.2
2114.475
2114.275
2113.025
2112.1
2112.1
2112.075
2111.95
2106.525
2102.325
2100.45
2099.75
2099.75
2099.325
2099.25
2094.45
2092.475
2090.95
2089.65
2089.2
2089.2
2085.725
2085.075
2083.85
2080.325
2080.325
2075.375
2074.775
2074.225
2065.925
2064.275
2062.225
2062.075
2061.75
2061.125
2061.05
2060.05
2058.3
2057.15
2056.45
2056.2
2056.025
2055.475
2055.45
2055.3
2055.225
2055.225
2055.225
2054.175
2052.725
2051.6
2049.425
2048.125
2047.325
2047
2046.9
2046.625
2046.625
2046.625
2046.025
2045.85
2045.725
2045.4
2044.35
2044.35
2044.35
2043.7
2043.45
2043.15
2041.775
2041.525
2039.975
2039.975
2039.975
2039.975
2039.975
2039.725
2039.2
2038.275
2038.275
2038.275
2030
2029.45
2023.95
2023.525
2023.5
2023.5
2023.25
2022.925
2022.925
2022.925
2022
2021.675
2021.25
2019.725
2018.95
2018.95
2018.85
2016.9
2014.025
2013.85
2010.7
2009.575
2008.725
2002.65
2002.25
2001.475
2001.125
2001.1
2000.625
2000.6
2000.375
1996.7
1996.7
1996.125
1996.125
1995.725
1995.725
1994.375
1993.125
1992.55
1987.6
1987.475
1985.075
1982.1
1982.075
1981.975
1981.025
1981.025
1981.025
1981.025
1981.025
1981.025
1981.025
1981.025
1981.025
1979.775
1979.325
1979.325
1978.1
1975.975
1975.975
1975.525
1975.525
1974.1
1970.375
1969.35
1968.975
1968.85
1968.85
1967.1
1966.575
1966.45
1966.35
1966.175
1966.175
1966.175
1963.05
1962.15
1962.05
1962.05
1961.35
1960.15
1959.7
1957.95
1956.8
1954.925
1954.7
1953.8
1953.8
1953.8
1953.775
1952.975
1952.625
1951.25
1951.25
1951.25
1948.45
1945.7
1942
1941.275
1940.725
1939.4
1939.4
1935.35
1930.7
1930.075
1929.975
1929.85
1929.85
1929.85
1929.6
1929.6
1929.6
1925.35
1921.2
1920.55
1920.425
1920.4
1920.15
1920.15
1920
1917.55
1917.55
1916.55
1914.975
1914.675
1914.55
1912.725
1910.7
1908.275
1908.275
1908.05
1908.05
1907
1906.85
1903.275
1903.175
1903.175
1903.175
1902.875
1902.05
1902.025
1899.35
1899.05
1899.05
1899.05

