7.44767525536368
7.23407508805886
7.14308909072074
7.16364103846951
7.31970857668706
7.6486040599985
8.06082175701017
8.46703755459305
8.81104790450236
9.08599876105512
9.26088243269546
9.38050740441407
9.51923905785138
9.6499047483277
9.78334854069644
9.88792696599574
9.98684211488171
10.0847967423715
10.1733404842169
10.2783057970674
10.3750152306186
10.4579930255437
10.5483270849381
10.6252797577174
10.687467917111
10.7667264161569
10.8489355704225
10.9274498398039
10.9937570951612
11.0488234652507
11.0995965609724
11.1475066787702
11.1968688194767
11.2554878636666
11.3188761170662
11.3849112919418
11.4252714355112
11.4642091160649
11.5051983723124
11.5549271203625
11.6061370729963
11.6506465672149
11.697292682672
11.7441956437527
11.7866256938932
11.8203256144787
11.8445169191956
11.8740812196098
11.9013190242332
11.9377796532545
11.9841718708971
12.0257033257341
12.0651066791397
12.0943908433219
12.1125686785299
12.129914560611
12.1419577811287
12.1522498787862
12.1608079478308
12.1715557732581
12.1907091789858
12.2228501004994
12.2550370902624
12.2819667824884
12.3003319563194
12.3265569853357
12.3494097480097
12.3654797712072
12.3861448910475
12.4149229799594
12.4401439271956
12.4632887842608
12.4893012425544
12.5124651482673
12.5304110297343
12.5432531260545
12.5499839737717
12.5594428563341
12.5682872796668
12.5809519792502
12.5962063902316
12.6188177145301
12.6418725121684
12.6619783556004
12.6794436819088
12.6935500600305
12.7029911334679
12.7104212489368
12.7245312911488
12.7401433255357
12.7509878052826
12.7623230754804
12.7780810257938
12.7903157580784
12.8089760283846
12.8239594145828
12.8374824444846
12.8497320578603
12.8629519742172
12.872833104381
12.8786347601213
12.8806754576887
12.8849035657657
12.8899354609472
12.9041633147905
12.9202319251636
12.9319989139275
12.9444939781218
12.9619630176962
12.9743139940811
12.9819237096072
12.9900187015616
12.9962011270807
13.0015786871025
13.005749946496
13.0083448123365
13.0126285839509
13.017172736009
13.0226939786937
13.0305569279407
13.0389933228308
13.0446751311155
13.0455453097873
13.0464915448113
13.0468212791755
13.0502701401483
13.0578378668526
13.0639492264214
13.0680947913257
13.0711308859361
13.0725063127596
13.0728236679848
13.0696488124794
13.069822943571
13.0693461802848
13.0708985218466
13.0732193481241
13.0764075545923
13.0773239806423
13.0773973760176
13.0773255037732
13.0771785929715
13.0741658817252
13.0734446066633
13.0750387967269
13.0773803889058
13.0795086020499
13.0837046811659
13.0846172082029
13.0862371390077
13.0862340731885
13.0854023868831
13.0842975827843
13.0871566474867
13.0914891482901
13.096156153023
13.1003805624801
13.1021509325994
13.104399508568
13.103815136233
13.1017213424564
13.100174247419
13.0997726889946
13.0973428191438
13.0951701831654
13.0926078498914
13.09427031889
13.097405720258
13.1022240016331
13.1062849835938
13.1109669617545
13.1173915739023
13.1225960970749
13.1246213024808
13.1277913005357
13.1313221500391
13.1343888180332
13.1361091703919
13.1374047173201
13.1389722233977
13.1400449905105
13.1397681855169
13.1393463714031
13.140096009036
13.1407683765932
13.1446054361233
13.148310591795
13.1503955134665
13.1506514237163
13.1523858493458
13.1535448880909
13.1519637080141
13.151332758022
13.1506623977158
13.1492397348896
13.1479404531314
13.1460117202923
13.1454659070148
13.1481836307981
13.1494366017365
13.1493908239684
13.1475425216616
13.1454982406679
13.1432478990243
13.1413649058073
13.1408696401407
13.1409719225902
13.1420334658634
13.1440769933122
13.1438686947802
13.1439642606676
13.1448732092609
13.1472650916332
13.1496738200113
13.1522923481068
13.1546386165664
13.155446796788
13.1559239594241
13.1555274890498
13.1561578552533
13.1569659384434
13.1572704712518
13.1561989740294
13.1551596942054
13.1551312415862
13.1553838411146
13.1542859431619
13.1527899889539
13.1531792387533
13.1535237178731
13.1547908736956
13.1566743611679
13.1586970085922
13.1604227329802
13.1614765192361
13.1619038520767
13.1619452374316
13.1619397508612
13.1610231258084
13.1602935597996
13.1589722300415
13.1576676768681
13.1571447697369
13.1575730725945
13.1588587963764
13.1603395643651
13.1615425142713
13.1616680918227
13.1611462064051
13.1612850671218
13.1615990252976
13.1619111112369
13.1621123667644
13.1619648055076
13.1642017962185
13.1659089592269
13.1668077529128
13.1678304211003
13.1684325929656
13.168435129908
13.1684367874962
13.1690624998394
13.1697702056312
13.1704913010713
13.1707526570303
13.1714509116065
13.1720034641731
13.1724183757281
13.1727524994206
13.1733602931552
13.1739487430463
13.1740281047601
13.1744441481126
13.1746489018327
13.1746450381715
13.17403899177
13.1738085793695
13.1736527161036
13.174221012878
13.174783620056
13.1753451780802
13.1759061736878
13.1761862846532
13.1761873844383
13.176191243558
13.1761939622102
13.1761949864786
13.1765627541974
13.1769314263887
13.1771154675197
13.1771154192779
13.1771048238214
13.1774919267445
13.1776852617717
13.1776213243809
13.1779891329745
13.178175334155
13.1781794698828
13.1781831630003
13.1781836455662
13.1781837908091
13.1781809368754
13.1781780654612
13.1781784954688
13.1781800950943
13.1781811596776
13.1781818314738
13.1785520078998
13.178922649303
13.1791086890826
13.1791100094039
13.1791109635802
13.1791112836902
13.1790103654265
13.1793696435266
13.1795492922331
13.179549256295
13.1795502258806
13.1795507881961
13.1795504119301
13.1795499165826
13.1795496724232
13.1795499270684
13.1795502023811
13.179550363271
13.1795504714252
13.1795500294615
13.1803896697255
13.1812298604861
13.182070015418
13.1829101216243
13.1837501366556
13.184590085775
13.1851160697033
13.1845910969988
13.1841177391244
13.1839577636436
13.1839987627612
13.1841388842116
13.1845332512355
13.1847934714076
13.1849688229153
13.184929479077
13.1841853824887
13.1839576107242
13.1838016940357
13.184540351177
13.1850639394189
13.1852186838114
13.1851191422304
13.1844313308769
13.1839544736779
13.1840289674267
13.1841761432355
13.1845297074499
13.1847502932009
13.1848510443143
13.1845837409135
13.1843721662668
13.1843239014102
13.1844395326245
13.1845394996659
13.1845032044762
13.1844332100833
13.1844043789556
13.1844356246102
13.1844626000197
13.1844691591953
13.1844464275404
13.1844309287536
13.1844434218485
13.1844610140525
13.1844634962268
13.1844583171687
13.1844479952334
13.1836021120074
13.1827578883636
13.181919629869
13.1810912464457
13.1802595673451
13.1794247478216
13.1792835163522
13.1794659421191
13.179905309502
13.1799873870385
13.1803961785173
13.1804445488547
13.1801233250277
13.1799324530633
13.179836027056
13.1802210695158
13.1804626023416
13.1805466047218
13.1804544271038
13.1802915557743
13.180105884163
13.180048143654
13.1802096629829
13.1803144082755
13.1802230334215
13.1801195289124
13.1800779620104
13.1801587360814
13.1802339249997
13.1802415118643
13.1801832316639
13.180140224966
13.1801247687899
13.1801406508606
13.1801527159437
13.1802072576657
13.1802384632521
13.1802557999759
13.1801965948442
13.1801516337346
13.1801509325647
13.1801714770502
13.1802112597366
13.1802274119116
13.1801888809162
13.1801615892407
13.1801761482992
13.1802074081657
13.1802223645126
13.1802288434128
13.1802320155038
13.1802227231234
13.180204931974
13.1801696925917
13.1801641164214
13.1801749120549
13.180188438047
13.1801982682461
13.1802004555878
13.180196658704
13.1801864568264
13.1801831558017
13.1801833454524
13.1801869995882
13.180192777953
13.1801938845675
13.1801920951886
13.1801883972899
13.1801858751217
13.1801871767284
13.1801903826267
13.1801921604071
13.1801905403717
13.1801887601878
13.180188989878
13.1801905004249
13.1801915743106
13.1801917572896
13.1801899164119
13.1793486083293
13.1785092595216
13.1776699568182
13.1768305188674
13.1759906442189
13.1752804461359
13.1749462399079
13.1751656005831
13.1756193842327
13.1755295454028
13.1753260428074
13.1751410559354
13.1751941715299
13.1752929168526
13.1753612605717
13.1753478749106
13.1753339391122
13.1752734670751
13.1752456619784
13.1752341807329
13.1752773569071
13.1753107531568
13.1753169095207
13.1753015422048
13.1752810135501
13.1752761692071
13.1752876504067
13.1752985020171
13.1752967812161
13.1752913523749
13.1752870854234
13.1752863669068
13.1752904455873
13.175293209121
13.1752937561068
13.1752910164081
13.175287954029
13.1752886073168
13.175291147061
13.1752927922656
13.1752931252558
13.1752931481372
13.1752929146675
13.1752893358468
13.175287398696
13.1752867987887

