6.27217650925529
5.52141221262825
4.99411484369587
4.57324069707293
4.20929718394303
3.9822174901962
3.91679641352129
3.85905932897279
3.82530084928077
3.79470627462825
3.76913295910785
3.71813528230235
3.67528346196552
3.66014177037205
3.6211987468949
3.58624700766334
3.58716649978703
3.5577855901481
3.46715910942143
3.39982612452633
3.31807227366007
3.27118233913247
3.26351271937804
3.17694855062608
3.1304662139746
3.07661392349527
3.05334273803848
2.99615520028887
2.97959248789392
2.97485766695476
2.94678170542092
2.9023331645316
2.84624802647912
2.79400996083343
2.79154558889237
2.76692418224333
2.70755715690722
2.65274020606689
2.59653963398984
2.5534322538308
2.55391665027619
2.51166886711717
2.47246201512712
2.46272001224224
2.45834176841679
2.41590702885616
2.33355038768551
2.30364520789963
2.28734852166336
2.27575484184074
2.23908006405864
2.26195964662381
2.24977024720567
2.2233575578979
2.20022250696181
2.15359145938246
2.14827284399965
2.10022897612089
2.08839129621854
2.08355369065675
2.09182927376576
2.05684693703068
2.04477007900625
2.03944989037291
2.03049128323346
1.99234630309492
1.96693556485616
1.94574762341312
1.96512651411994
1.91652316797753
1.9149721131342
1.8772704286046
1.88858248544036
1.87169160682398
1.86876552149146
1.86996017357285
1.8585636781123
1.83862815578516
1.80999344145274
1.78581993149417
1.78057478419254
1.81489291633655
1.79822872862217
1.77471241715905
1.70218979741522
1.67765876489212
1.70111794368451
1.70081071971223
1.71857720930071
1.70619186520481
1.71670042240941
1.74318682259843
1.69680867128494
1.66947151126378
1.65225822846852
1.64355789928815
1.62851828237337
1.62535416853036
1.61319088106852
1.59391296636316
1.60338759961773
1.57695869584853
1.55668956995142
1.53899487579235
1.57278381221908
1.56969881554855
1.5222246838453
1.54144021906375
1.53459730954878
1.56118917269839
1.57701142409722
1.54633341580487
1.53348550252946
1.51724625269119
1.51539209930147
1.53241463536622
1.5351267058098
1.54558470589755
1.52798853489047
1.53139945600192
1.50737207744916
1.46023300685818
1.45158617919125
1.458707806133
1.4705093579257
1.45722223822803
1.44341636022538
1.45416118172746
1.44531178648952
1.44715730267993
1.39527149868365
1.38178082261571
1.3957417554858
1.37746134968508
1.37718504494635
1.39884040695761
1.42249536348138
1.40295567739285
1.40824789283276
1.39254598884538
1.39152065247016
1.39869298489883
1.3681725140396
1.38536044573292
1.37131352191719
1.3867616566437
1.40152519520437
1.37632503483572
1.37868561153328
1.35895193973487
1.35765859820961
1.37133731600984
1.3751776633682
1.33573433164325
1.29865136958403
1.2768173723072
1.28597582756262
1.27655966665342
1.28123496333558
1.28122018046123
1.31152638317228
1.3132237467821
1.27234019637712
1.2672036510119
1.27651440540152
1.29299995449734
1.28365889005703
1.26741499318284
1.27734325808226
1.29155456972068
1.28884478036186
1.28042445976916
1.27849539295085
1.29380051892009
1.25669106886427
1.23523078642579
1.22107009186876
1.16455478023794
1.16293254960071
1.17576394835619
1.1767803508154
1.19642876316811
1.20309158253026
1.22679165658526
1.2233999144902
1.20262196451737
1.17915976850141
1.20710175080812
1.17674234163916
1.16959730864093
1.16891643767372
1.17820001250208
1.14761279058244
1.15628767716382
1.13358152209016
1.14174901849703
1.1168037941978
1.09568098668445
1.10971784026088
1.12201276332982
1.09737729226369
1.08648553324441
1.11359905673914
1.11582672311355
1.12224508011114
1.10946599066781
1.10396655181199
1.08650860940487
1.06292189801364
1.08375119338077
1.09378229201184
1.0730602841641
1.07731950339333
1.08996069404978
1.12082141868646
1.10636907171447
1.09075168184949
1.09454399752712
1.09526288566469
1.11159026452678
1.1215630994211
1.1021586341954
1.11312023321971
1.08674262294242
1.08423725968062
1.07724328756572
1.04705147082651
1.04084550436559
1.06213213420983
1.07477211221889
1.10211482480598
1.11063080390062
1.09381773131668
1.0707705593638
1.07772253943539
1.06829713500347
1.05632625257865
1.07702250502509
1.07602573377633
1.05207390943981
1.06914341237825
1.09512972917871
1.09811043176247
1.06266692036273
1.06068521069116
1.06074749381829
1.04099850053554
1.05222131433443
1.06726560859071
1.05415385665192
1.05336293087123
1.06728188538454
1.062214190572
1.06699163639999
1.05044357615713
1.04772178141289
1.04957516524416
1.05457744951554
1.05052221587637
1.04519609387437
1.04036242309389
1.05765621796925
1.03003794368089
1.03165446471661
1.03717052697564
1.02404242457652
1.01100104170415
1.02907182279456
1.04393589864882
1.0264341262799
1.00069230120547
1.01171645503766
1.02486471613504
1.02150673025902
1.04419390279355
1.04449074684479
1.02378852506426
1.01924537930746
0.992989414735094
0.97119573424649
0.962575345470633
0.967640243379566
0.970571451472595
1.02626416101019
1.00882215879571
1.02971853431119
1.02511603075789
1.02778965139871
1.01776022962114
1.00963220016325
1.02070081004312
1.0175534075992
1.00803275235844
1.00459720654454
0.988971059958426
1.0060292040854
0.996579467248183
0.995425298028885
0.977623569511227
1.009767684209
1.01337706766176
1.00238964139786
1.00200471140523
1.00640500655797
0.99523697037152
0.985608877528187
0.954876335596651
0.961611838646592
0.952410580310858
0.929927159448296
0.932700075162726
0.949146469006371
0.934421255519928
0.943530975807816
0.953217373776328
0.913092867058163
0.914076317768224
0.93916422952944
0.971057670743579
0.974907445970186
0.98004698951588
0.972250144449109
0.968660438405853
0.959068788343211
0.930991036515578
0.945850860979905
0.948135149862994
0.96273551689439
0.974262613145214
0.964559935096809
0.953045446848011
0.946261829441719
0.968281079665761
0.944755169725957
0.934457721665142
0.927228739062713
0.905056347025407
0.92795474405352
0.940141517809005
0.946921644096971
0.9545120686405
0.943350914627647
0.938294358331515
0.92002008547644
0.916355004486196
0.909604077909262
0.925775470642178
0.956637617782169
0.959199580153847
0.949179588017308
0.943968906515416
0.960745411121456
0.937391975382029
0.935002905556074
0.950156240360154
0.934920383335806
0.922982410443113
0.915670549604942
0.949501016447184
0.960785175150219
0.944628194825517
0.926354865841594
0.912612175351427
0.89386739331879
0.8799904580112
0.88828241780145
0.886114020692243
0.881954522907369
0.899287941220909
0.899537834619685
0.915312733580875
0.917183357729881
0.938061804431279
0.944965012891702
0.953433938457605
0.948151847178524
0.936231895715694
0.923760955440813
0.900269990030121
0.889312550615006
0.887573002934512
0.891301477546828
0.896257148476222
0.92022002361367
0.905985500688136
0.903577544638026
0.895832835116936
0.895151742201852
0.883918303605547
0.871201691479271
0.893834263460268
0.899372635703792
0.890256731780948
0.870856840947536
0.852324510298056
0.857320356665147
0.847003169066217
0.846227524855438
0.850999083671435
0.866941645022933
0.86748080615402
0.862244334912449
0.866161416270428
0.879691173365691
0.878908691182261
0.897207899859279
0.894037124441751
0.888381864799546
0.881897744429583
0.894918672953636
0.891409235286527
0.908528433288121
0.905546000382349
0.905978483124584
0.899688985545299
0.902048470431516
0.897125664615779
0.904846983463974
0.916707790881498
0.909035497611308
0.907064201941602
0.898911003947448
0.896705639532737
0.891935956765529
0.880838234191848
0.851323045922331
0.86468609792519
0.862994693618858
0.855456584999222
0.846283578884868
0.838530695324105
0.867038190305976
0.877855896014675
0.872088251758512
0.858644782858647
0.863073354902362
0.849390945061385
0.857122242620728
0.851778858678763
0.839980765256433
0.826187337331511
0.833502459831133
0.85039658209619
0.831555155126026
0.832447494914586
0.845045850210385
0.832468508718542
0.821307721629102
0.820160406506228
0.823852001270734
0.83072189632534
0.839424833730889
0.838453411452872
0.833603836694571
0.83468570672156
0.83555753202056
0.823740873050831
0.812987585117344
0.803253567957094
0.790984129671465
0.795172665386903
0.813245608648465
0.827623870735513
0.837631867831395
0.841620902884342
0.846434968955909
0.828556484146714
0.81669187749491
0.799294544890402
0.800128165924483
0.796050453800993
0.819205716186114
0.84044120939462
0.837499541214576
0.816976636483364
0.801071823966624
0.801242268540773
0.800445984059758
0.81910022131729
0.812505525627499
0.799134706813745
0.779478125093558
0.791782045375407
0.80377880265228
0.790100097055198
0.780427087895068
0.802854909620486
0.81270836189623
0.797377521052538
0.797652010665401
0.803058030587783
0.808105774705701
0.830791705356535
0.822271796083375
0.79843462898322
0.797240704075025
0.790420380729089
0.797676816252376
0.783314878942393
0.771242401228124

