6.04005515349783
5.04015409608883
4.33507250505306
3.78877550777242
3.12402663370478
2.2780729687011
1.6298651461566
1.30886000005673
1.0276522487517
0.730297500959359
0.670131416346853
0.632190794893754
0.558302549648391
0.50986879564372
0.481521443770091
0.429206657090184
0.400964445190203
0.367302172835538
0.333394481285007
0.308333072862538
0.283162167937512
0.259812409326058
0.243692545693642
0.223934176063119
0.20002294872875
0.19062434512386
0.174962175464361
0.15800547285385
0.143499650575539
0.136918337610993
0.123076908144138
0.116295742089848
0.104292327510459
0.0974483314803015
0.0890988377685938
0.0810455700365932
0.0761858551257698
0.0690265045665048
0.0624357192917754
0.0588028617288782
0.0520390733127166
0.0495223715830537
0.0461526020237745
0.0414234277807138
0.0386972789692132
0.0367460708236613
0.0329930647485789
0.0297415236959891
0.02791938175739
0.0259462891789588
0.0225092896917393
0.0222456554742175
0.020680938211687
0.0180848141663817
0.017718744686652
0.0159282474206335
0.0133106342291064
0.0133385261654646
0.0119683103372359
0.0103019225937829
0.0100848543378165
0.00912826841715475
0.00821278645610139
0.00762190078965184
0.00699732995775844
0.00620971658878533
0.00634285114235552
0.00605647675433151
0.00520473621089624
0.00471580055443148
0.00478410084698003
0.00442733100133673
0.00367590006358413
0.00360339531601044
0.00338557586339771
0.00308252344095941
0.00273519035643341
0.00270725246973022
0.00227573699750031
0.00220877640513002
0.0021076427078609
0.00178764212143369
0.00165294256244875
0.00170858827847367
0.00163319148172991
0.00123632465355754
0.00131375616296055
0.00132273153120477
0.000863020789729357
0.00103586183529011
0.00101886447216478
0.000795541990857186
0.000780488324270367
0.000726310964615949
0.000626679006247453
0.000610216257371757
0.000593483145109776
0.000481546344468108
0.000470253891680069
0.000451913297743971
0.000399625567999444
0.000379002606586457
0.00033421888799353
0.000289858834797603
0.000289405660822916
0.000245276964851206
0.000233988618583044
0.000195999713651832
0.000188520520320328
0.00019514808536713
0.000161590090797284
0.000131750656976054
0.000145798190554571
0.000122907591959242
0.000105578921507116
0.000129865813514578
9.65357348678172E-05
7.90600882423819E-05
8.32747987153381E-05
7.06242281773079E-05
6.71288214876693E-05
6.41590539759612E-05
5.7325725675878E-05
4.75094977925389E-05
5.33639664710341E-05
4.55670226500331E-05
3.63981488166944E-05
4.06852027756296E-05
3.06725289393485E-05
3.51614980365824E-05
3.22700591159414E-05
3.23128704675728E-05
2.8316863806139E-05
2.78057775193183E-05
2.43839671072457E-05
2.20600796057672E-05
1.70547310540577E-05
1.61115343990435E-05
1.85248538951784E-05
1.71058774318311E-05
1.55651476056747E-05
1.12364104649613E-05
1.36009657668158E-05
1.11041842847847E-05
9.89075100514913E-06
1.15290597473052E-05
7.86415349520108E-06
6.95592713489948E-06
9.32012083526246E-06
5.30708171081837E-06
7.09072573717061E-06
7.05077033756928E-06
4.54549894572676E-06
5.71953205021654E-06
3.84096836281351E-06
4.5546419555615E-06
5.25589893744325E-06
3.32479919176976E-06
2.73563530527241E-06
3.68274891007339E-06
3.32603835230198E-06
2.30062523311041E-06
2.13101266478777E-06
2.55457497116183E-06
1.8450191114642E-06
2.04882731500415E-06
2.46116754421042E-06
1.94683246905729E-06
1.33120384829315E-06
1.67473528981663E-06
1.57157308830271E-06
1.50576748999285E-06
9.16881477203015E-07
9.11482056754842E-07
9.80576924179033E-07
6.70336348897215E-07
8.68887805522433E-07
5.30808863316245E-07
5.25331357192904E-07
6.43706833744062E-07
4.25694065892479E-07
3.80100349111423E-07
4.56743493762524E-07
3.54918599261645E-07
3.17785028539674E-07
3.66435838765256E-07
2.25706915864166E-07
2.26871698191822E-07
2.59130491332904E-07
2.21385511579619E-07
1.73891282850391E-07
1.71436069632769E-07
1.48288916339467E-07
1.5484765387157E-07
1.22487021405604E-07
1.13110949165574E-07
1.08458270294776E-07
8.76558365209945E-08
9.62902831316725E-08
8.5947860423552E-08
5.97634398964431E-08
6.75215580384858E-08
6.93858759301946E-08
6.25717590937214E-08
6.85428640810671E-08
5.60975746134673E-08
4.7307224072668E-08
6.00859257183117E-08
5.84396248823893E-08
3.16617782369022E-08
4.93883098737768E-08
3.7272746214434E-08
2.62443301378923E-08
2.63776447940955E-08
2.62974187650755E-08
2.50065735011518E-08
1.77077647636636E-08
1.96231789180601E-08
1.83719275401728E-08
1.64976348386858E-08
1.60104318428722E-08
1.59493622737372E-08
1.44917736456307E-08
1.3876130182311E-08
1.24827682761008E-08
1.34310484929401E-08
1.07710707380804E-08
1.0961057894221E-08
1.31801019271904E-08
9.32887409188511E-09
9.58293236941187E-09
6.07287328744377E-09
6.9607901640012E-09
7.36435624215659E-09
4.9369312581149E-09
5.07159477916019E-09
6.30221158939293E-09
5.00545277919429E-09
2.74942335636297E-09
3.4735814537612E-09
4.64581276720111E-09
2.42538630246258E-09
2.57924869728754E-09
2.81189623372313E-09
1.65424212799081E-09
1.65609859390514E-09
2.17931987478437E-09
1.76972315166779E-09
1.63553854228837E-09
1.5597456837213E-09
1.26512517315547E-09
1.40013114506843E-09
1.07141664944521E-09
1.02658003751088E-09
1.23568712186994E-09
7.25092689002338E-10
7.80889506479808E-10
7.06084849255717E-10
7.33288196208548E-10
5.89847980769775E-10
7.17454862098065E-10
5.71986901043431E-10
5.67360586956057E-10
4.73714304938255E-10
3.10046134721631E-10
4.00954853851943E-10
2.95997455346253E-10
2.21760949870031E-10
3.20664636888068E-10
2.27806848940304E-10
2.83783783139313E-10
2.91145481590149E-10
2.76002986687729E-10
1.64836204064045E-10
3.00114115070471E-10
2.44256471582105E-10
1.91701907148456E-10
1.67525367089638E-10
1.64281527581522E-10
1.42564286953472E-10
1.38246650749352E-10
1.21330283420207E-10
9.21596429392935E-11
3.9207306024025E-11
7.19883495037265E-11
4.82857224426425E-11
4.99524883679214E-11
5.8183156603775E-11
4.37838099998089E-11
2.71165500720372E-11
2.52721473970041E-11
3.36568085401723E-11
1.87060569700748E-11
2.85908839714466E-11
1.3631791340174E-11
2.37413683379373E-11
1.67762953751094E-11
1.25098393866097E-11
1.40333270337578E-11
1.18837292006901E-11
8.09586957473129E-12
1.04688988145085E-11
1.14288287278441E-11
1.11836804705945E-11
6.36759960315203E-12
1.04396951527974E-11
6.50827836068402E-12
5.70819711498416E-12
7.65432357496821E-12
4.78363020306461E-12
4.99470829140592E-12
4.82730406758947E-12
3.8382474087939E-12
3.76548516811681E-12
4.84235123110466E-12
5.16137905748337E-12
3.46086714841931E-12
2.95506250580502E-12
3.46499877679207E-12
3.36909220521875E-12
2.80316356793264E-12
2.02849559371998E-12
2.51046010646405E-12
2.15423288096872E-12
2.50702019144456E-12
2.13680557692442E-12
1.60115760650115E-12
2.18764757420331E-12
1.86599429241596E-12
1.03234523152196E-12
1.92289757450226E-12
1.16625678003856E-12
7.49160378177294E-13
1.44790828215946E-12
1.30307746815106E-12
3.62754271066024E-13
9.95605908826747E-13
5.02583574757409E-13
4.86270579358461E-13
5.11104403244645E-13
4.85178830444965E-13
2.40395259254456E-13
4.22342338879389E-13
3.19661985770381E-13
3.13485237768419E-13
3.53066376135303E-13
3.27548299594582E-13
3.82201825743778E-13
2.48764742138974E-13
2.32328645211055E-13
2.28361152210255E-13
1.44766865162183E-13
1.8693739889386E-13
1.82834547501898E-13
1.9905712633772E-13
2.32131647237566E-13
1.49000634053209E-13
1.75132086610574E-13
2.36688180166311E-13
8.49656345280891E-14
1.24298260573141E-13
1.3195631254348E-13
5.56196866341452E-14
8.30576496468894E-14
1.00111563483551E-13
5.03641572890956E-14
8.90690188271037E-14
1.03796260475519E-13
5.19024823120161E-14
6.3842264808045E-14
5.59150947765375E-14
2.02472705268519E-14
3.06684455608774E-14
3.28814309114023E-14
1.97541538682344E-14
2.45185205471898E-14
2.77170286722139E-14
1.64492419685303E-14
1.27178267916861E-14
1.27043264797067E-14
1.32978072997503E-14
1.13088205466738E-14
7.68078933788274E-15
1.00556007964769E-14
5.39905897767312E-15
7.06545932871449E-15
6.53486154078564E-15
3.04645197957143E-15
4.89634999212285E-15
5.46123146705213E-15
3.49036355373755E-15
3.91349175288269E-15
3.81135123461718E-15
3.89857035543173E-15
2.98570057566394E-15
2.31814567541733E-15
3.3915981134669E-15
1.60245150482297E-15
2.11972661645632E-15
2.71498379333934E-15
1.56248347593646E-15
1.65361058179769E-15
1.5822010368538E-15
1.86641813115784E-15
1.19051435376605E-15
1.15889520202472E-15
9.72200098203756E-16
6.66489086142974E-16
7.82662823439751E-16
8.75921557508263E-16
3.27204929817526E-16
8.14814882232896E-16
9.70246105680417E-16
2.88480350718601E-16
7.81597009336109E-16
2.89723800506181E-16
3.09618997107464E-16
3.95949939502316E-16
3.59001717242791E-16
1.67155178587564E-16
2.03570493795269E-16
1.56852308919042E-16
9.71667191151937E-17
1.24700250125898E-16
1.4122036873232E-16
1.02673425317334E-16
8.82849349181925E-17
9.78772618509539E-17
7.86926079854311E-17
7.19424519957101E-17
5.63105118089879E-17
6.02184968556685E-17
5.89750470680883E-17
5.73763259126281E-17
5.96855898038484E-17
4.51194637207664E-17
5.15143483426073E-17
6.80344669490297E-17
6.23501250629489E-17
3.37507799486048E-17
3.89022147828655E-17
3.90798504668055E-17
2.43360886997834E-17
2.70006239588838E-17
1.81188397618826E-17
1.84741111297626E-17
1.45661260830821E-17
1.4388490399142E-17
1.59872115546023E-17
1.90070181815827E-17
1.27897692436818E-17
1.10134124042816E-17
1.4033219031262E-17
1.03028696685215E-17
9.05941988094127E-18
1.08357767203415E-17
9.59232693276135E-18
5.86197757002083E-18
7.46069872548105E-18
7.46069872548105E-18
3.5527136788005E-18
4.61852778244065E-18
3.90798504668055E-18
3.5527136788005E-18
3.19744231092045E-18
2.66453525910038E-18
2.48689957516035E-18
2.48689957516035E-18
1.77635683940025E-18
1.4210854715202E-18
3.19744231092045E-18
1.95399252334028E-18
4.08562073062058E-18
2.48689957516035E-18
3.01980662698042E-18
4.08562073062058E-18
1.77635683940025E-18
1.06581410364015E-18
1.95399252334028E-18
0
1.77635683940025E-18
1.59872115546022E-18
1.06581410364015E-18
1.06581410364015E-18
1.4210854715202E-18
3.5527136788005E-19
1.95399252334028E-18
3.5527136788005E-19
1.59872115546022E-18
1.95399252334028E-18
5.32907051820076E-19
1.77635683940025E-18
1.59872115546022E-18
1.06581410364015E-18
1.77635683940025E-18
1.59872115546022E-18
7.105427357601E-19
8.88178419700125E-19
1.59872115546022E-18
1.4210854715202E-18

