0.33034958793199
0.997456974043646
0.999240006846966
0.999815056147637
0.999928401875812
0.999951444259708
0.999975742597414
0.999983128573682
0.99999581032191
0.999996511986869
0.999998426616426
0.999998821752333
0.999999474646298
0.999999737678765
0.999999877458545
0.99999992758631
0.999999929220049
0.999999951613199
0.999999966161491
0.999999982289514
0.999999983018509
0.99999998521482
0.999999985891064
0.999999989503502
0.999999994803349
0.999999997174443
0.999999997492027
0.999999998598819
0.999999998610137
0.9999999990237
0.99999999902472
0.99999999984981
0.999999999858613
0.999999999915998
0.999999999915998
0.999999999963155
0.999999999966151
0.999999999966579
0.999999999966579
0.999999999967023
0.999999999971321
0.999999999973735
0.99999999998699
0.999999999992758
0.999999999993541
0.999999999993546
0.999999999993574
0.999999999993574
0.999999999993979
0.999999999994004
0.999999999994965
0.999999999995107
0.999999999995139
0.999999999995198
0.999999999999746
0.999999999999827
0.99999999999984
0.999999999999842
0.999999999999842
0.999999999999851
0.99999999999986
0.999999999999936
0.999999999999942
0.999999999999942
0.999999999999947
0.999999999999948
0.999999999999948
0.999999999999948
0.999999999999949
0.999999999999956
0.999999999999995
0.999999999999995
0.999999999999999
1
1
1
1
1
1
1
1
1
1
1
1
1
1
1
1
1
1
1
1
1
1
1
1
1
1
1
1
1
1
1
1
1
1
1
1
1
1
1
1
1
1
1
1
1
1
1
1
1
1
1
1
1
1
1
1
1
1
1
1
1
1
1
1
1
1
1
1
1
1
1
1
1
1
1
1
1
1
1
1
1
1
1
1
1
1
1
1
1
1
1
1
1
1
1
1
1
1
1
1
1
1
1
1
1
1
1
1
1
1
1
1
1
1
1
1
1
1
1
1
1
1
1
1
1
1
1
1
1
1
1
1
1
1
1
1
1
1
1
1
1
1
1
1
1
1
1
1
1
1
1
1
1
1
1
1
1
1
1
1
1
1
1
1
1
1
1
1
1
1
1
1
1
1
1
1
1
1
1
1
1
1
1
1
1
1
1
1
1
1
1
1
1
1
1
1
1
1
1
1
1
1
1
1
1
1
1
1
1
1
1
1
1
1
1
1
1
1
1
1
1
1
1
1
1
1
1
1
1
1
1
1
1
1
1
1
1
1
1
1
1
1
1
1
1
1
1
1
1
1
1
1
1
1
1
1
1
1
1
1
1
1
1
1
1
1
1
1
1
1
1
1
1
1
1
1
1
1
1
1
1
1
1
1
1
1
1
1
1
1
1
1
1
1
1
1
1
1
1
1
1
1
1
1
1
1
1
1
1
1
1
1
1
1
1
1
1
1
1
1
1
1
1
1
1
1
1
1
1
1
1
1
1
1
1
1
1
1
1
1
1
1
1
1
1
1
1
1
1
1
1
1
1
1
1
1
1
1
1
1
1
1
1
1
1
1
1
1
1
1
1
1
1
1
1
1
1
1
1
1
1
1
1
1
1
1
1
1
1
1
1
1
1
1
1
1
1
1
1
1
1
1
1
1
1
1
1
1
1
1
1
1
1
1
1
1
1
1
1
1
1
1
1
1
1
1
1

