0.214012355550082
0.183293084061332
0.159086317365994
0.139470378026623
0.121453078435008
0.107454445687464
0.101003399024904
0.0978761940209087
0.0938830635116345
0.089791429979585
0.0876278010187802
0.0860412547964593
0.0818561029436602
0.0786342571419438
0.0777987740906098
0.0759361193762377
0.0742531608495638
0.0724806971185634
0.0731150962456824
0.0714692041221383
0.0694161666287952
0.067691045736495
0.0671496298493977
0.0667448074949483
0.065015274335407
0.0644331967607691
0.0639691190387187
0.062548916042985
0.0610887397748953
0.0589532055037693
0.0578726207737933
0.0585674828238157
0.0577826038414854
0.0570625015121703
0.0562486885622307
0.055365224095145
0.0547768747944296
0.0546801080680539
0.0538954195484204
0.0536245319081218
0.0517275979042349
0.0499407034528156
0.0492241014207462
0.0489368733654775
0.0478302188699235
0.0454258468235333
0.0434652862285966
0.0430399747625326
0.0439037561754797
0.043232407098659
0.0411359567431868
0.0394791273378488
0.0394752345024957
0.0395087703256913
0.0390749710719666
0.036156954916158
0.0355995897461818
0.0351008013830418
0.0352823596662615
0.0343914130972392
0.0326717125211214
0.0313298584110791
0.0318861144333084
0.0317029181286199
0.0301052404769183
0.029567280352275
0.0288166542530072
0.0271065895284262
0.0270434836495752
0.0262450117952193
0.0247459732516922
0.0239594447828707
0.0236793438005115
0.0229754607035965
0.0225958299673403
0.0214326706371152
0.0217022002196808
0.0209711458754636
0.0200487570831551
0.0194642848670517
0.0183344483003043
0.0179377880565385
0.0182287553053166
0.0173490923885704
0.0157548957976929
0.015638213039446
0.0157953439003535
0.0154095293194635
0.0148477278200449
0.0142031400340017
0.0137560756454722
0.0129239360945001
0.0126844819404602
0.0128727340735676
0.0124821556307334
0.0117584795361653
0.011420007612903
0.010996678799095
0.0109204671694271
0.0109529881881934
0.0105317917164021
0.0102355274355608
0.00957985225763376
0.00929881108025814
0.00889058443976025
0.00926598194672606
0.00900482609652765
0.00872560279513845
0.00831748510244499
0.00795815512239936
0.0079996815544843
0.00795834590473951
0.00773540330069455
0.00737986694535296
0.00777749721300757
0.00727746160147552
0.00646222303193192
0.00603141344021286
0.00618291587150344
0.00621026862616852
0.00587492376608726
0.00572505393482214
0.00510424797140093
0.0049903334954648
0.00493714831593326
0.00483649463389316
0.00465924051220677
0.00451465702565063
0.0044092296572019
0.00429794144098371
0.00426255849933483
0.00392964934125878
0.00337185074876413
0.00340878041354532
0.00364641009981375
0.00367839735227033
0.00330227924502613
0.00302127757402845
0.00309276496756558
0.00315941035639589
0.00287431822323153
0.00291914791716307
0.00299813925216097
0.00285010553755092
0.00245965155896773
0.00230078719805815
0.00243428711535515
0.00259017388988807
0.0024442363192919
0.0022458295171352
0.00203020268303806
0.00182558824669074
0.00180145802218883
0.00195584825839496
0.00209425131248349
0.00193624488375665
0.00147209410961103
0.00169061766580489
0.001647251131011
0.0016756704300781
0.00173180270707448
0.00133762736421378
0.001304701144131
0.00150705170559614
0.00131605358016529
0.00118202050024264
0.00141290193094054
0.00108275298428742
0.00105628201778989
0.00134423367467761
0.00121623727092184
0.00120125011060237
0.00104205300665721
0.001123164091029
0.000933228495223688
0.000975368759497814
0.00100767631525032
0.00110026620881135
0.00112577976615152
0.00109466483148636
0.00090140410679338
0.000791491629775089
0.000801895390746896
0.000937415083058455
0.000857644725972991
0.000698703644011178
0.000695260164662121
0.000655399632747652
0.000751323275098293
0.000861144698156208
0.000806616566584054
0.000555173071095757
0.000593018571272982
0.000463151322544024
0.000633046466352861
0.000574060586910254
0.000523693621766652
0.000534987834704344
0.000487824585014967
0.00039939458594438
0.000521837313250009
0.000563096034948461
0.00052839393683178
0.000353951726807806
0.000323703711977595
0.000374317993732382
0.00044676368360816
0.00049908938323308
0.000461992611647051
0.000305911425774462
0.000289216876227242
0.000240226351343937
0.000320616371177394
0.000431940693306955
0.000444796472107108
0.000240023578927184
0.000165919062035239
0.000175630097198083
0.000202132458786265
0.000320412273721928
0.000297222564075265
0.000174353434090569
0.000174432554359867
0.000173124029897664
0.000169951564330606
0.00019967567866045
0.000219418770672193
0.000141515706132063
9.92055601582308E-05
0.000107230849558852
0.000132559979963829
0.000208311332716862
0.000185349411877841
0.000114971477729974
0.000150299771761217
0.000143778926287828
0.000201839416807438
0.000164103108080733
0.00011445620703645
8.8580290038564E-05
0.000146509893466092
7.3368444923677E-05
9.18065676252216E-05
8.23005645329581E-05
0.000132460667679218
0.000131119277811863
8.06248807559668E-05
8.41252533475538E-05
7.95453180264613E-05
5.19272765137447E-05
0.000127751160247299
9.17228405775493E-05
4.6970556152036E-05
8.25454813907702E-05
7.82597458572946E-05
9.21384988551138E-05
6.63546564050099E-05
6.3907398291803E-05
9.88207741174004E-05
0.000102344396263968
8.50552857895011E-05
4.4990861277122E-05
9.90757697832748E-05
8.81707170145625E-05
9.97948944193666E-05
9.57727672321939E-05
5.21161549022772E-05
5.90557492931259E-05
7.9398916615051E-05
0.000123409214168675
0.000103913013817318
8.01169385844093E-05
0.00010024159190103
9.41154873787245E-05
3.48329031637004E-05
4.92328205828407E-05
8.12424033308331E-05
4.50600322672174E-05
6.03074633750461E-05
7.98139766336429E-05
9.66999684661938E-05
9.79894567838057E-05
0.000107794368515969
8.54294911945171E-05
9.1256334458782E-05
4.00197447410329E-05
1.91487232635618E-05
7.66854496381247E-05
0.000105209269965079
0.00011846614095658
6.80063594748426E-05
5.61670000280586E-05
3.24140310786593E-05
6.61654838359387E-05
5.82779348786082E-05
0.00010037814504388
7.08192751149352E-05
8.12339395617251E-05
6.00213981317222E-05
3.84481375215645E-05
3.55565574417207E-05
4.50606373748438E-05
0.000106393947277926
0.000125594477896025
4.64580628400401E-05
5.65709414025415E-05
7.49632336578681E-05
6.5997683061929E-05
8.19517391710698E-05
7.91869576059381E-05
4.76964926584114E-05
7.26910366635357E-05
0.000125324570938548
0.000126835958683618
5.42616455482418E-05
2.75148007383823E-05
2.69391305972057E-05
5.83400281374242E-05
6.10810596721535E-05
5.81588669404663E-05
2.24330659882693E-05
1.72736602745161E-05
5.79068118962065E-05
4.68932762823731E-05
1.66641388766781E-05
9.53808959386609E-06
3.398765326123E-05
7.50513502778384E-05
6.14759949788811E-05
2.23831104164859E-05
9.01834307736381E-06
3.25616896957224E-05
2.41159299563344E-05
1.03386186545635E-05
4.99505285862573E-05
4.68014538387057E-05
5.14170494351644E-05
3.85271263433399E-05
3.34325116167078E-05
2.84097119106351E-05
2.94261999070975E-05
1.33674216327302E-05
6.07189462085817E-06
3.42910031237053E-05
5.24843798069761E-05
1.68488593654587E-05
1.64320266974621E-05
3.02579540306167E-05
1.00535966111401E-05
4.93589851232724E-05
3.35660338006322E-05
2.0994464788238E-05
1.90338931692582E-05
3.73234601190438E-05
7.63941197986497E-05
3.67493731455868E-05
2.95261580156006E-06
3.67561041153004E-05
5.33575422088743E-05
6.16315512956492E-05
2.20265985918154E-05
2.82595946633154E-05
2.55286842132152E-05
1.92711086292236E-05
3.18714785644589E-05
1.73988577603535E-05
3.34316138292435E-05
5.70642828370552E-05
7.24015006253866E-05
3.28032458168127E-05
6.80781909026898E-06
1.96577735896346E-05
5.81100957931918E-05
2.95665061147338E-05
3.90290625493764E-05
7.08246429379796E-05
3.12224709741982E-05
8.38166282889768E-06
4.24031158780894E-06
4.38393768389903E-05
5.95293846040544E-05
3.99014083500066E-05
3.0249695942515E-07
2.86460999238516E-05
1.11247956522008E-05
2.00096589497054E-05
9.58320103517866E-07
1.45667247311927E-05
3.76192726700589E-07
1.09223299055303E-05
6.68481549108591E-08
8.0737622748309E-06
1.25205620106598E-06
4.97262039408106E-06
2.77043156037492E-06
2.09363259384912E-06
1.44611974927719E-06
5.52937616780308E-07
6.75925399461404E-07
4.63540886157429E-07
4.5691034731011E-07
7.34777514068243E-07
5.66622522191611E-07
8.88127627875373E-07
5.94725752063152E-08
5.8271799277804E-07
4.78226468617033E-07
2.6140190907848E-07
4.69132141074579E-07
1.45820435769911E-08
3.25696867778381E-07
2.77847397381432E-08
2.18946183708993E-07
2.30837828843391E-07
1.78198839513419E-07
1.00631905246198E-07
3.59098006353114E-08
1.23596854276403E-07
1.56451700105156E-07
7.02019506159667E-08
1.36616214619181E-07
7.94917346438245E-08
8.19365840493802E-08
1.10717864398169E-07
7.09320162516513E-08
1.05967168545817E-07
9.61743214211608E-08
2.5086160483151E-08
7.1357038876671E-08
4.30590049085022E-09
4.84291953423533E-08
2.80705818073185E-08
2.38300226641897E-08
1.72940486118156E-08
2.64030154388805E-08
1.87684007684596E-08
1.13730073621865E-08
2.50296446733939E-08
2.21824104782969E-08
5.70642976723546E-09
1.88219198902551E-08
1.9083920606322E-08
5.63007959727967E-09
1.85336114398277E-08
3.01024276820328E-09
1.58250521240189E-08
1.01740039137599E-09
1.24040926201968E-08
8.57894575914953E-09
1.35232973013183E-08
6.83084194235129E-09
1.13722821100337E-08
2.36268325945143E-08
1.44622057438481E-08
5.82666723190351E-09
9.04366089998499E-09
5.24529852660437E-09
1.02348018085646E-08
1.47569258072411E-09
7.79675666253976E-09
6.72355810835135E-10
4.99835542001337E-09
7.41493249464821E-10
4.35577172953616E-09
1.63269577264646E-09
1.82260139586221E-09
1.23790756268172E-09
2.80193430516052E-09
1.43735170368142E-09
2.34532941023047E-09
2.21897140112447E-09
4.08698047898448E-09
9.35030658352764E-10
2.80427811292505E-09
4.1292525082004E-10
1.61184929708402E-09
6.04847203966585E-10
2.17108297684842E-09
1.3547825128718E-09
1.23356374898687E-09
8.5888762831332E-10
8.39797572216305E-10
9.03397362628233E-10
2.17316484915631E-10
8.12168514241484E-10
8.00277817791795E-11
6.07537734417796E-10
6.03563480719439E-10
7.79529954114677E-11
4.73160366076807E-10
2.50338292137608E-10
1.6145651223487E-10
3.09040472132316E-10
1.50391424330598E-10
2.40979707541444E-10
3.23740838770181E-10
3.29480608129984E-10
1.74654967069476E-10
1.96324751705612E-10
3.13591759670828E-10

