-63.5107393828017
196.629836594235
198.038289477713
198.770435063819
199.369735268284
199.604057013622
199.734799933103
199.824578883772
199.849626902113
199.885667655536
199.911510366039
199.922928609455
199.947543387331
199.951837965539
199.957026831074
199.963890442741
199.972206182289
199.979860575894
199.98216032814
199.983757580519
199.985980424439
199.986511330653
199.987699114877
199.988250738914
199.989262453193
199.990082688828
199.990972347784
199.991801424326
199.992182655743
199.992523638476
199.993124186813
199.99317751227
199.993607451409
199.993932158965
199.993980600967
199.994106242009
199.99419889031
199.994522048936
199.994634037081
199.994687568869
199.994756236766
199.994792438442
199.994847790766
199.994942360395
199.995032279452
199.995055879499
199.995067110102
199.995076215002
199.995088519761
199.995092592126
199.995109315528
199.995146275234
199.995150031481
199.995151236413
199.995157334764
199.995158370709
199.995159029851
199.995162043183
199.995165964754
199.995166589059
199.995168984342
199.995169265868
199.995169535025
199.995172749147
199.995172859115
199.995173601391
199.995173631274
199.995173895621
199.995173950186
199.995173972452
199.995174482121
199.995174913876
199.995175017434
199.995175044443
199.995175054574
199.995175507085
199.995175835568
199.995175886797
199.99517608613
199.995176098931
199.995176192585
199.995176296788
199.995176310308
199.995176310997
199.995176311449
199.995176316999
199.995176317224
199.995176318779
199.995176321252
199.995176321467
199.995176321538
199.995176321641
199.995176321723
199.995176323901
199.995176325201
199.995176325323
199.995176325607
199.995176325832
199.995176326027
199.995176326104
199.995176326187
199.995176326298
199.995176326438
199.99517632651
199.995176358985
199.995176359007
199.995176359023
199.995176360552
199.99517636058
199.995176361148
199.995176361157
199.995176361161
199.995176361164
199.995176361168
199.995176361171
199.995176361172
199.995176361173
199.995176361174
199.995176361238
199.995176361238
199.995176361238
199.995176361239
199.995176361274
199.995176361274
199.995176361275
199.995176361275
199.995176361275
199.995176361275
199.995176361275
199.995176361275
199.995176361275
199.995176361275
199.995176361275
199.995176361275
199.995176361275
199.995176361275
199.995176361275
199.995176361275
199.99517636128
199.99517636128
199.99517636128
199.99517636128
199.99517636128
199.99517636128
199.99517636128
199.99517636128
199.99517636128
199.995176361281
199.995176361281
199.995176361281
199.995176361281
199.995176361282
199.995176361282
199.995176361282
199.995176361282
199.995176361282
199.995176361282
199.995176361282
199.995176361282
199.995176361282
199.995176361282
199.995176361282
199.995176361282
199.995176361282
199.995176361282
199.995176361282
199.995176361282
199.995176361282
199.995176361282
199.995176361282
199.995176361282
199.995176361282
199.995176361282
199.995176361282
199.995176361282
199.995176361282
199.995176361282
199.995176361282
199.995176361282
199.995176361282
199.995176361282
199.995176361282
199.995176361282
199.995176361282
199.995176361282
199.995176361282
199.995176361282
199.995176361282
199.995176361282
199.995176361282
199.995176361282
199.995176361282
199.995176361282
199.995176361282
199.995176361282
199.995176361282
199.995176361282
199.995176361282
199.995176361282
199.995176361282
199.995176361282
199.995176361282
199.995176361282
199.995176361282
199.995176361282
199.995176361282
199.995176361282
199.995176361282
199.995176361282
199.995176361282
199.995176361282
199.995176361282
199.995176361282
199.995176361282
199.995176361282
199.995176361282
199.995176361282
199.995176361282
199.995176361282
199.995176361282
199.995176361282
199.995176361282
199.995176361282
199.995176361282
199.995176361282
199.995176361282
199.995176361282
199.995176361282
199.995176361282
199.995176361282
199.995176361282
199.995176361282
199.995176361282
199.995176361282
199.995176361282
199.995176361282
199.995176361282
199.995176361282
199.995176361282
199.995176361282
199.995176361282
199.995176361282
199.995176361282
199.995176361282
199.995176361282
199.995176361282
199.995176361282
199.995176361282
199.995176361282
199.995176361282
199.995176361282
199.995176361282
199.995176361282
199.995176361282
199.995176361282
199.995176361282
199.995176361282
199.995176361282
199.995176361282
199.995176361282
199.995176361282
199.995176361282
199.995176361282
199.995176361282
199.995176361282
199.995176361282
199.995176361282
199.995176361282
199.995176361282
199.995176361282
199.995176361282
199.995176361282
199.995176361282
199.995176361282
199.995176361282
199.995176361282
199.995176361282
199.995176361282
199.995176361282
199.995176361282
199.995176361282
199.995176361282
199.995176361282
199.995176361282
199.995176361282
199.995176361282
199.995176361282
199.995176361282
199.995176361282
199.995176361282
199.995176361282
199.995176361282
199.995176361282
199.995176361282
199.995176361282
199.995176361282
199.995176361282
199.995176361282
199.995176361282
199.995176361282
199.995176361282
199.995176361282
199.995176361282
199.995176361282
199.995176361282
199.995176361282
199.995176361282
199.995176361282
199.995176361282
199.995176361282
199.995176361282
199.995176361282
199.995176361282
199.995176361282
199.995176361282
199.995176361282
199.995176361282
199.995176361282
199.995176361282
199.995176361282
199.995176361282
199.995176361282
199.995176361282
199.995176361282
199.995176361282
199.995176361282
199.995176361282
199.995176361282
199.995176361282
199.995176361282
199.995176361282
199.995176361282
199.995176361282
199.995176361282
199.995176361282
199.995176361282
199.995176361282
199.995176361282
199.995176361282
199.995176361282
199.995176361282
199.995176361282
199.995176361282
199.995176361282
199.995176361282
199.995176361282
199.995176361282
199.995176361282
199.995176361282
199.995176361282
199.995176361282
199.995176361282
199.995176361282
199.995176361282
199.995176361282
199.995176361282
199.995176361282
199.995176361282
199.995176361282
199.995176361282
199.995176361282
199.995176361282
199.995176361282
199.995176361282
199.995176361282
199.995176361282
199.995176361282
199.995176361282
199.995176361282
199.995176361282
199.995176361282
199.995176361282
199.995176361282
199.995176361282
199.995176361282
199.995176361282
199.995176361282
199.995176361282
199.995176361282
199.995176361282
199.995176361282
199.995176361282
199.995176361282
199.995176361282
199.995176361282
199.995176361282
199.995176361282
199.995176361282
199.995176361282
199.995176361282
199.995176361282
199.995176361282
199.995176361282
199.995176361282
199.995176361282
199.995176361282
199.995176361282
199.995176361282
199.995176361282
199.995176361282
199.995176361282
199.995176361282
199.995176361282
199.995176361282
199.995176361282
199.995176361282
199.995176361282
199.995176361282
199.995176361282
199.995176361282
199.995176361282
199.995176361282
199.995176361282
199.995176361282
199.995176361282
199.995176361282
199.995176361282
199.995176361282
199.995176361282
199.995176361282
199.995176361282
199.995176361282
199.995176361282
199.995176361282
199.995176361282
199.995176361282
199.995176361282
199.995176361282
199.995176361282
199.995176361282
199.995176361282
199.995176361282
199.995176361282
199.995176361282
199.995176361282
199.995176361282
199.995176361282
199.995176361282
199.995176361282
199.995176361282
199.995176361282
199.995176361282
199.995176361282
199.995176361282
199.995176361282
199.995176361282
199.995176361282
199.995176361282
199.995176361282
199.995176361282
199.995176361282
199.995176361282
199.995176361282
199.995176361282
199.995176361282
199.995176361282
199.995176361282
199.995176361282
199.995176361282
199.995176361282
199.995176361282
199.995176361282
199.995176361282
199.995176361282
199.995176361282
199.995176361282
199.995176361282
199.995176361282
199.995176361282
199.995176361282
199.995176361282
199.995176361282
199.995176361282
199.995176361282
199.995176361282
199.995176361282
199.995176361282
199.995176361282
199.995176361282
199.995176361282
199.995176361282
199.995176361282
199.995176361282
199.995176361282
199.995176361282
199.995176361282
199.995176361282
199.995176361282
199.995176361282
199.995176361282
199.995176361282
199.995176361282
199.995176361282
199.995176361282
199.995176361282
199.995176361282
199.995176361282
199.995176361282
199.995176361282
199.995176361282

