2.987769456393
2.81041360461337
2.64901061151904
2.50742179819251
2.39990098871331
2.36471836217249
2.38218478141893
2.42173115300797
2.46696441083928
2.4805331230488
2.47491932629488
2.46682974660882
2.46652338894932
2.47225013287823
2.48527411782305
2.49177834890505
2.48636976774149
2.48225857729471
2.48785753168891
2.49445345050458
2.49910775012543
2.50490582719347
2.50646620986123
2.50831421446263
2.50860493545353
2.51059459513968
2.51033125689919
2.50942856016831
2.50936048614184
2.51094793184483
2.515069383913
2.51698410700213
2.51883705600472
2.52181849351853
2.52322459937484
2.51908538192584
2.51328525024852
2.5101959216895
2.50881714112758
2.51011165097857
2.50957460696839
2.51363786409709
2.51139496636185
2.50941819300097
2.50770728271186
2.50795464948325
2.50777033811389
2.51077689603736
2.51365948654033
2.51360296963056
2.50974285723467
2.50455926932633
2.49976443372984
2.497648862063
2.4980436859777
2.49898523321153
2.49858354353038
2.4960241927377
2.4956291200986
2.49714284076272
2.50173012008081
2.50302641789695
2.50147733260843
2.49559089880646
2.49463334748305
2.49572770805435
2.50137393706429
2.50346740812344
2.50152751848193
2.49765646641392
2.49477878229656
2.49443060224187
2.49863177502882
2.50364112062192
2.50478556314318
2.50201436351297
2.49975170712445
2.49797906075484
2.49755497883685
2.49798253449969
2.49938255288414
2.50057642940051
2.50005432795468
2.49683516543732
2.49299122037201
2.49144194420564
2.49173303579651
2.49287970096967
2.49208709387388
2.49011181317685
2.49006692192195
2.49012482662418
2.49231102212625
2.49331640934268
2.49349772977148
2.49324141745505
2.4930244691669
2.49259007782465
2.49362964499669
2.49381389161511
2.49287485227086
2.49107132886418
2.48833286594669
2.48529219952243
2.48363396159518
2.48320304756052
2.48322369366784
2.48415714052403
2.48653432154316
2.48793256666728
2.48868191328762
2.48774855154978
2.48537117881666
2.48337824752508
2.48363621007939
2.48612184411601
2.4889537554473
2.49077085645617
2.4915054905809
2.49260063368056
2.49285446202284
2.49049865865718
2.4888176803205
2.48822245548201
2.48947281553461
2.49228586397578
2.49501235316728
2.4950359379086
2.49411029258538
2.49220133281672
2.4934148080703
2.49673763259577
2.49863031052059
2.49886807862206
2.49836096020245
2.49726018719525
2.49719743561062
2.49820341930044
2.49882310196874
2.49939080619328
2.4995132728531
2.49882251455933
2.49829385985618
2.49746452246473
2.49657565296201
2.49642538391886
2.49671935963572
2.49611840486889
2.4948597750781
2.49385783873643
2.49258126043698
2.49199479510415
2.49117057142917
2.49002349308073
2.48790715801689
2.48585196126109
2.48484739197636
2.48360303892033
2.48219826246783
2.48189713496348
2.48183560114888
2.48161068627449
2.48106640471747
2.48177673548962
2.48243917832208
2.48125811007574
2.47993149343979
2.47766052308397
2.47754594729705
2.47893010454425
2.4810514780644
2.48209941910417
2.48184796960159
2.48060132427693
2.47910712798329
2.47885589631005
2.47967774516321
2.48061237122778
2.48040747302246
2.47918296009668
2.47764843539961
2.47686443340533
2.4773622131419
2.47911943609726
2.48152420883523
2.48213728013948
2.48088618218782
2.47893599459603
2.47693617848214
2.47723458879022
2.47793764043357
2.47803485615833
2.47980609451558
2.48156192477641
2.48281144219027
2.48377304112856
2.48511275052486
2.48516413299765
2.48552421696573
2.48713761635727
2.48879415949088
2.49032165673027
2.49040984679422
2.48949718630005
2.48886263944536
2.48734465412576
2.4863598851178
2.48626727386283
2.48715945809231
2.48832224072339
2.48900875029139
2.4896334310885
2.49064815763477
2.4910717449332
2.49117335648086
2.49126744293888
2.49061686249575
2.48972367411077
2.48956147508227
2.48880521124149
2.48835486910022
2.48794858271799
2.48823426960311
2.4893299170987
2.49001937562691
2.49084706790986
2.49103721460245
2.49102569134061
2.4900269702361
2.48921726855217
2.48965373251188
2.49085775772731
2.49168334331203
2.49155715599439
2.49072607443938
2.49021188630675
2.48986361197015
2.49010784088
2.49032544160867
2.49045918893229
2.49051676155804
2.48942166080306
2.4880341033555
2.48770843626701
2.48859751752399
2.48964930202469
2.49014596920214
2.49026033077474
2.48955857602103
2.48832126834607
2.48658976082844
2.48588654744213
2.48653424696812
2.48787993948222
2.48898877601194
2.48887342815149
2.48789036923901
2.48713031249123
2.48669128423565
2.48674318145991
2.48762861848926
2.48825907186696
2.48861839013273
2.48835808127976
2.48773099787337
2.48703724117668
2.48660885044052
2.48597235822294
2.4855032658028
2.48631177482336
2.48744472015227
2.4878000813975
2.48761040934987
2.4881799739027
2.48924979422383
2.48987093256162
2.48961238657431
2.4890632651055
2.4881509831269
2.48732235395348
2.48746145024319
2.48736201193399
2.48717758263062
2.48726222786161
2.4871626204024
2.48659112690523
2.4860328898266
2.48587493784319
2.48581409203616
2.48606220658632
2.48650966132293
2.48673819890447
2.48660074907125
2.48663459435506
2.48695481943524
2.48711223737269
2.48676595558758
2.48691683310417
2.48764057974656
2.48853501972249
2.48938449812765
2.48906762522935
2.48901108064535
2.48856535310026
2.48794192928404
2.48788441131998
2.4875550303208
2.48731615212781
2.48727853978976
2.48690754190876
2.4867846791314
2.48655494244179
2.48625670354035
2.4860175133576
2.48603793244615
2.48579561453915
2.48507080120898
2.4847040096555
2.4845261811464
2.48424522789965
2.48463657491204
2.48493856483715
2.48491171604519
2.48443624112926
2.48387741496483
2.48337085882903
2.48316191752174
2.48369604530113
2.48409037592483
2.48403480307852
2.48388171067924
2.48382706750583
2.4834965089028
2.4835021364158
2.48380632154231
2.48410034766875
2.48441998729592
2.48469228355536
2.4847432843863
2.48466184562661
2.48462114034991
2.48439953245779
2.48428525822725
2.48404180564406
2.48377066746682
2.48363966115767
2.48377443778738
2.4840387834145
2.48408445680796
2.48365623857125
2.48342074511207
2.48364369954859
2.484110680788
2.48456313066112
2.48480712321979
2.48492345708842
2.48491860981898
2.48481481254037
2.48479892306767
2.4848322385023
2.48478067158944
2.48487146243588
2.48490800264585
2.48488287025156
2.48486631715178
2.48484905224885
2.48482743130733
2.48483845601814
2.48487479400903
2.48490850625154
2.4848469969229
2.48469216597022
2.48456825327814
2.48473116336071
2.48491198213181
2.48493475274596
2.48486124442837
2.48485326965598
2.48488105812395
2.48496673709505
2.48507554031241
2.48514668294194
2.48528671593328
2.48536514208299
2.48546555028653
2.48558366752366
2.48565273198049
2.48563549688713
2.48540729596699
2.48523812422528
2.48520251309449
2.48532082479665
2.48553107629719
2.4856143793978
2.48547191419364
2.48537814963863
2.48540571130953
2.48544817336326
2.48550257425946
2.48552973338132
2.48550846910128
2.48545720155918
2.48541109208302
2.48540863321481
2.48544187622559
2.48547601140835
2.48551803993823
2.48550552860818
2.48546253425585
2.4854416621687
2.48544966464491
2.48546712719993
2.48548748487378
2.48547727606366
2.48545026054817
2.48543849220371
2.48544623255558
2.48546252256476
2.48547311211349
2.48547362407093
2.48546792976049
2.48545884320526
2.48545393733031
2.48545949962427
2.48546786982731
2.48546861219082
2.48546858472116
2.48546504772903
2.48545970014169
2.48545991147356
2.4854638120998
2.48546686784406
2.48546552196501
2.48546296635296
2.48546203211774
2.48546259691653
2.48546334816761
2.48546450322605
2.4854637684694
2.48546299304416
2.48546371990883
2.48546331208939
2.48546333159761
2.48546375004011
2.48546582650128
2.48546618959185
2.48546384708335
2.48546255610774
2.48546256761253
2.48546380379506
2.48546496851712
2.48546478256712
2.48546377482881
2.48546322532429
2.48546371433857
2.48546421669016
2.48546458715121
2.48546402433487
2.48546365807639
2.48546349488531
2.48546354605958
2.48546401723247
2.48546441706966
2.48546447914351
2.48546434260558
2.48546405018465
2.48546374648002
2.48546373424666
2.48546395466859
2.48546409967844
2.48546403591478
2.48546393612021
2.48546388242315
2.48546391828858
2.48546399276167
2.48546403293113
2.48546399129165
2.48546394735439
2.48546392777775
2.48546395618505
2.48546399109596
2.48546398712074
2.48546399156308
2.48546398438536
2.48546398786612
2.48546396412502
2.48546393620031
2.48546394302224
2.48546397543784
2.48546399876833
2.48546400703837
2.48546398519391
2.48546396165337
2.48546396459884
2.48546397591044
2.48546397649842
2.48546397144187
2.48546396964542
2.48546396868265
2.48546397999639

