0.624036731267051
0.464810500178529
0.329104635063584
0.2522765844223
0.215674398801117
0.179806004314807
0.14289877435746
0.124600851579103
0.119790699881359
0.106272794430227
0.0965051328510829
0.0886875759986051
0.082652306982742
0.074057151756866
0.0685843225379822
0.0634004534152219
0.0580486971322264
0.0531569439700689
0.0484790371259685
0.0444133211082349
0.0414875792767953
0.0377903805838447
0.0345433047257408
0.0324270617349919
0.0294081188290272
0.0268435131141971
0.025038162224843
0.0230320973848753
0.0203934222301699
0.0195338599714533
0.0179289624307921
0.0162798903386863
0.0153976683464472
0.0142221791701803
0.0128284797267307
0.0119989445744562
0.0109835352438251
0.0100788356668302
0.00938576000217242
0.00868571445381777
0.00779135792691741
0.00716424285210585
0.00666541181347979
0.00612776567688309
0.00563859903212594
0.00521493480688727
0.00475875829819038
0.00449637960847798
0.00414569434966948
0.00382487145296438
0.00347434197266401
0.00322784519986317
0.00285518247173292
0.00267791024514201
0.00239616170128525
0.00226809906846582
0.00214011724145573
0.00195622501777476
0.00177045413880735
0.00165665681963729
0.00159709273544726
0.00144625516682445
0.00133986406724294
0.00127878370512566
0.00117702608154025
0.00107682241201481
0.000993635819282987
0.000910225476202923
0.000817532704214754
0.000789090815180307
0.000698251964572691
0.000615302925818559
0.00059087448900008
0.00056224644320736
0.000489874245163145
0.000447063861760211
0.000424473186853858
0.000372914824265528
0.000360477938704548
0.000361386892255497
0.000310381290565411
0.000280341924505023
0.000275097213802135
0.000257991473713204
0.000214019092186151
0.000223297314579266
0.000205489749002531
0.000179650111007749
0.000163266187589872
0.000158977438454791
0.000142603618904955
0.000126156838275684
0.000120391200239644
0.000109771687555642
9.52402992314642E-05
9.41182647819178E-05
8.32572373163149E-05
7.77007320845864E-05
7.20338162074991E-05
6.39865889928352E-05
6.42361143116423E-05
6.31431940784376E-05
5.32873968717877E-05
5.03834744377129E-05
4.68565198928176E-05
4.04665085061958E-05
3.86883580875602E-05
3.70452365196139E-05
3.0869006416043E-05
3.04392218929613E-05
2.84685909313167E-05
2.55627643195027E-05
2.22471919001965E-05
2.22013657236024E-05
2.00566341585005E-05
1.86776783871517E-05
1.68823192871289E-05
1.43762943182995E-05
1.60301301188294E-05
1.49861288906375E-05
1.05120782531185E-05
1.18331533598662E-05
1.31089566801404E-05
9.73209159140778E-06
9.86959471759587E-06
9.98542079699326E-06
8.09938317107232E-06
7.34089363288678E-06
7.01922178868755E-06
6.54964513892488E-06
5.57976083871344E-06
5.27615924373199E-06
4.86552760963061E-06
4.6019262820233E-06
3.9433435088605E-06
3.73286964673325E-06
3.98289493434036E-06
3.53236987518721E-06
2.94648122562905E-06
2.98697551492868E-06
2.47255565622036E-06
2.36303119662451E-06
2.07835608564867E-06
1.74793026491075E-06
1.8073659526165E-06
1.585604812271E-06
1.38645961723865E-06
1.38032907373774E-06
1.16143231050669E-06
1.13254678238315E-06
1.0862220332403E-06
9.15042104282197E-07
7.48733298525041E-07
7.12131040343395E-07
7.39687321182511E-07
5.83231817155104E-07
5.49245340309638E-07
5.46888367901194E-07
4.86317066378311E-07
4.41881313462038E-07
4.26819750180214E-07
3.95691536044444E-07
3.73746481938282E-07
3.61863537418804E-07
3.0107667448922E-07
2.51705955826378E-07
2.58856871454671E-07
2.30671902555012E-07
2.10205972155136E-07
2.03372986414043E-07
1.78296368955261E-07
1.50276964252939E-07
1.61834372618587E-07
1.57484596546177E-07
1.22635293772774E-07
1.27395229576661E-07
1.31405898175507E-07
1.06492358409793E-07
1.02210486701014E-07
9.37118493470099E-08
9.00949061410819E-08
7.74740563216428E-08
6.83111690485572E-08
5.96569932068372E-08
5.46035615708221E-08
5.67792019981847E-08
4.93359895928483E-08
4.33208501460933E-08
4.0107211465909E-08
3.88336175129137E-08
3.16379277462781E-08
2.96514097429521E-08
2.52904862776141E-08
2.50992566542388E-08
2.18757961955515E-08
1.69977165172253E-08
1.87043017968042E-08
1.78951975771336E-08
1.31332842120427E-08
1.55523396189308E-08
1.39689755323635E-08
1.22634369692218E-08
1.11309684266203E-08
1.18234009352056E-08
7.79923999391641E-09
9.5763115388503E-09
9.0822679697497E-09
8.5952842880127E-09
6.69743081562063E-09
5.34377526808794E-09
5.82095519941483E-09
4.41465187746987E-09
3.89935568101546E-09
3.73555224007643E-09
2.81877674063458E-09
3.34713204284548E-09
3.05865523565346E-09
2.06770215851748E-09
2.19624997302159E-09
2.3825077418424E-09
1.99351361313965E-09
1.86675409924036E-09
1.70573301193078E-09
1.72156436328841E-09
1.24525926548935E-09
1.30584871162326E-09
1.40396950601696E-09
9.99281802996354E-10
9.57611320626106E-10
1.12023873425904E-09
8.99148205976696E-10
6.63938051585766E-10
8.69038590027571E-10
8.21002526406322E-10
5.60220653923749E-10
5.62349864624556E-10
5.86390267950931E-10
4.3809541404316E-10
4.09441033473457E-10
3.8003803445319E-10
3.75292002378901E-10
2.8318163455554E-10
2.81634797179298E-10
2.92645669741631E-10
2.55443104710262E-10
2.17318948997347E-10
2.28512393857239E-10
1.9044508920707E-10
1.476924532548E-10
1.90071259516256E-10
1.5575565097542E-10
1.54077441370804E-10
1.23633201166984E-10
1.41144891240008E-10
1.17893766352073E-10
8.20914767551973E-11
9.32840261244627E-11
9.02640457503545E-11
8.15055332309411E-11
6.69684339232868E-11
6.87192316217722E-11
6.80290408269779E-11
4.39895694467896E-11
5.60712128061525E-11
5.54520608334053E-11
4.73274916631961E-11
4.54549317394082E-11
4.08754232919528E-11
4.46266075426749E-11
4.05486936833066E-11
2.67764164035844E-11
3.86682408481942E-11
1.96799001844772E-11
2.53889847076638E-11
2.49739852214992E-11
1.5122563502834E-11
1.10212394349718E-11
1.64357219584188E-11
1.47111829384983E-11
8.38512756451415E-12
1.16440134728668E-11
1.00394817084681E-11
5.95667861286175E-12
7.46992112471423E-12
6.69260879077038E-12
5.42338854381264E-12
5.6695952516117E-12
4.64829112423182E-12
4.24262115161777E-12
3.93211019578122E-12
3.40849874991278E-12
3.49951385369973E-12
3.46408124962671E-12
2.92558700043521E-12
2.54395595422618E-12
2.2956453904488E-12
2.10859933125196E-12
2.10151339247178E-12
1.54375732197565E-12
1.77980302856762E-12
1.67514656451706E-12
1.28962892725904E-12
1.23367839000021E-12
1.11954709391959E-12
1.05446058412673E-12
9.4878109258012E-13
9.75454900187245E-13
8.76739837674112E-13
7.17633055757894E-13
7.41809795534731E-13
6.78961070699202E-13
5.74511986595194E-13
4.92888982406292E-13
5.02422037307326E-13
4.31594283922809E-13
3.85317068529734E-13
4.56208384957968E-13
3.92680214733598E-13
2.90403598390831E-13
2.93760019087763E-13
2.8621583159083E-13
2.19652922239799E-13
2.29092717018986E-13
1.97506606902653E-13
1.82611988031045E-13
1.80385226200563E-13
1.79282794166013E-13
1.57149238066978E-13
1.41916622897753E-13
1.50028547918346E-13
1.33417055181439E-13
8.89020843053423E-14
1.07793034220816E-13
1.10971290490092E-13
9.55604179120328E-14
7.97767477078715E-14
9.68847876925417E-14
1.01742173019836E-13
6.60671795049694E-14
7.02176206068827E-14
8.23814350070506E-14
5.81071676886147E-14
5.28540586297588E-14
5.63826110799859E-14
4.76881034661147E-14
3.46830453246127E-14
3.70588851272835E-14
3.01762712040521E-14
3.18853984881961E-14
3.20413778842621E-14
1.97610233731993E-14
2.26998045360638E-14
2.44596523590879E-14
2.19791740363462E-14
1.86950496749994E-14
2.43631975704872E-14
1.78978637466187E-14
1.82458478881209E-14
1.04840441883525E-14
1.76296754972327E-14
1.75030934190801E-14
1.22458362894484E-14
7.67690494507534E-15
1.16856940790555E-14
8.79089162575398E-15
1.07286970973952E-14
8.76652639369981E-15
6.93568674714484E-15
7.04363789516549E-15
5.50472167848426E-15
5.19409099064561E-15
4.34173669239257E-15
2.91745239078267E-15
3.39593908549318E-15
2.71250244487931E-15
2.76880879335195E-15
2.52493997932035E-15
2.44987918840422E-15
1.69713548769934E-15
2.1727883381395E-15
2.17980217209757E-15
1.88527110589476E-15
1.84284254522993E-15
1.79707221326098E-15
1.38834221896644E-15
1.68169228542681E-15
1.198345589426E-15
1.27746008216079E-15
1.36647498871767E-15
1.10452064161493E-15
1.01010172448568E-15
8.68401184295209E-16
8.75891026375086E-16
8.35248537001121E-16
7.65315588679982E-16
7.75764175120486E-16
7.24352522407656E-16
6.21400153555385E-16
6.70197231045222E-16
7.26950444285279E-16
6.76811384714426E-16
6.69933553076874E-16
5.69423674878778E-16
6.27295437816144E-16
6.15632544942457E-16
5.21126197750021E-16
5.76376446570493E-16
6.28017082782151E-16
5.78681547125371E-16
5.36228006442485E-16
5.44884970477E-16
5.37908606546011E-16
5.16788001281299E-16
5.23532606155897E-16
5.47736855871506E-16
5.27604349098709E-16
4.96232221980364E-16
5.28065091653929E-16
5.42137168491052E-16
4.75601502625267E-16
4.80297746019431E-16
4.79656592222711E-16
4.57063553671588E-16
4.76046979613898E-16
4.81203965563282E-16
4.84945417156269E-16
4.46853665181379E-16
4.49337789198978E-16
4.46763459560628E-16
4.40876501972554E-16
4.36489733246503E-16
4.47714088025464E-16
4.43371728220399E-16
4.40386616062938E-16
4.28938828900272E-16
4.25741386589351E-16
4.26424173749496E-16
4.26332580349964E-16
4.25505464196618E-16
4.24937862675279E-16
4.27155533166967E-16
4.24563162404467E-16
4.26235435835309E-16
4.25966206751838E-16
4.23051871312197E-16
4.24356383366131E-16
4.23322488174449E-16
4.22836765601175E-16
4.25467994169537E-16
4.24488222350305E-16
4.24943413790402E-16
4.22754886653109E-16
4.24089929840221E-16
4.24989210490167E-16
4.23008850169992E-16
4.24925372666252E-16
4.22877011185818E-16
4.22287205203986E-16
4.24256463293915E-16
4.24388302278089E-16
4.24897617090636E-16
4.25058599429207E-16
4.24628388007165E-16
4.24893453754294E-16
4.24862922621116E-16
4.24377200047843E-16
4.24257851072696E-16
4.24411894517362E-16
4.24206503257807E-16
4.24305035551242E-16
4.24350832251008E-16
4.24264789966599E-16
4.24386914499308E-16
4.24252299957573E-16
4.243369544632E-16
4.24275892196846E-16
4.24218993266834E-16
4.24257851072696E-16
4.24316137781489E-16
4.24325852232954E-16
4.24314750002708E-16
4.24270341081723E-16
4.242647899666E-16
4.24242585506107E-16
4.24223156603176E-16
4.2428421886953E-16
4.24314750002708E-16
4.24331403348077E-16
4.24245361063669E-16
4.24203727700245E-16
4.24235646612203E-16
4.24291157763435E-16
4.24303647772462E-16
4.24280055533188E-16
4.24243973284888E-16
4.24218993266834E-16
4.24228707718299E-16
4.24234258833423E-16
4.24255075515134E-16
4.24270341081723E-16

