156.648783218331
174.394597717835
180.32070024622
181.455394238537
182.951546535812
183.421004308299
184.267208271486
184.462208836973
184.850040525798
185.153510459962
185.594263865066
185.904964971468
186.036901486995
186.147582588966
186.195834446829
186.283437104333
186.369838237458
186.454335729239
186.528282978903
186.553617486598
186.573062228217
186.616321011233
186.631159534021
186.65324267625
186.674263649205
186.686386883908
186.698892953922
186.703678792261
186.711423002976
186.715466203809
186.717541632143
186.72015813571
186.721488162436
186.725410644331
186.726556082408
186.727222587816
186.727736333433
186.727973745249
186.728542177125
186.729013039032
186.729484428489
186.730050286363
186.730287557801
186.730374319114
186.730439016728
186.730502804123
186.730605188815
186.730677108255
186.7307321788
186.730769875838
186.730794110024
186.730828148921
186.730845696842
186.730856092874
186.73087006529
186.730881115355
186.730888000806
186.730891507534
186.730896097571
186.730897885586
186.730898551677
186.73090080554
186.730903254355
186.730903750529
186.730904603286
186.730904861792
186.730905738383
186.730906128719
186.73090642781
186.730906894595
186.730907875303
186.730908224713
186.73090832401
186.730908428284
186.730908495914
186.730908560511
186.730908628476
186.730908652661
186.730908697667
186.73090872198
186.730908730401
186.730908742301
186.73090876494
186.730908782384
186.730908797153
186.730908801371
186.730908809362
186.730908810801
186.730908814673
186.730908817941
186.730908821498
186.730908822531
186.730908823649
186.730908825428
186.730908825605
186.73090882592
186.730908827885
186.730908828861
186.730908829404
186.730908829915
186.730908830107
186.73090883017
186.730908830304
186.730908830474
186.730908830501
186.730908830621
186.730908830699
186.730908830756
186.730908830832
186.730908830859
186.730908830906
186.73090883095
186.730908830956
186.730908830966
186.730908830983
186.730908830989
186.730908831002
186.730908831007
186.730908831009
186.730908831012
186.730908831014
186.730908831015
186.730908831016
186.730908831018
186.730908831018
186.730908831019
186.73090883102
186.73090883102
186.730908831021
186.730908831022
186.730908831022
186.730908831022
186.730908831022
186.730908831022
186.730908831023
186.730908831023
186.730908831024
186.730908831024
186.730908831024
186.730908831024
186.730908831024
186.730908831024
186.730908831024
186.730908831024
186.730908831024
186.730908831024
186.730908831024
186.730908831024
186.730908831024
186.730908831024
186.730908831024
186.730908831024
186.730908831024
186.730908831024
186.730908831024
186.730908831024
186.730908831024
186.730908831024
186.730908831024
186.730908831024
186.730908831024
186.730908831024
186.730908831024
186.730908831024
186.730908831024
186.730908831024
186.730908831024
186.730908831024
186.730908831024
186.730908831024
186.730908831024
186.730908831024
186.730908831024
186.730908831024
186.730908831024
186.730908831024
186.730908831024
186.730908831024
186.730908831024
186.730908831024
186.730908831024
186.730908831024
186.730908831024
186.730908831024
186.730908831024
186.730908831024
186.730908831024
186.730908831024
186.730908831024
186.730908831024
186.730908831024
186.730908831024
186.730908831024
186.730908831024
186.730908831024
186.730908831024
186.730908831024
186.730908831024
186.730908831024
186.730908831024
186.730908831024
186.730908831024
186.730908831024
186.730908831024
186.730908831024
186.730908831024
186.730908831024
186.730908831024
186.730908831024
186.730908831024
186.730908831024
186.730908831024
186.730908831024
186.730908831024
186.730908831024
186.730908831024
186.730908831024
186.730908831024
186.730908831024
186.730908831024
186.730908831024
186.730908831024
186.730908831024
186.730908831024
186.730908831024
186.730908831024
186.730908831024
186.730908831024
186.730908831024
186.730908831024
186.730908831024
186.730908831024
186.730908831024
186.730908831024
186.730908831024
186.730908831024
186.730908831024
186.730908831024
186.730908831024
186.730908831024
186.730908831024
186.730908831024
186.730908831024
186.730908831024
186.730908831024
186.730908831024
186.730908831024
186.730908831024
186.730908831024
186.730908831024
186.730908831024
186.730908831024
186.730908831024
186.730908831024
186.730908831024
186.730908831024
186.730908831024
186.730908831024
186.730908831024
186.730908831024
186.730908831024
186.730908831024
186.730908831024
186.730908831024
186.730908831024
186.730908831024
186.730908831024
186.730908831024
186.730908831024
186.730908831024
186.730908831024
186.730908831024
186.730908831024
186.730908831024
186.730908831024
186.730908831024
186.730908831024
186.730908831024
186.730908831024
186.730908831024
186.730908831024
186.730908831024
186.730908831024
186.730908831024
186.730908831024
186.730908831024
186.730908831024
186.730908831024
186.730908831024
186.730908831024
186.730908831024
186.730908831024
186.730908831024
186.730908831024
186.730908831024
186.730908831024
186.730908831024
186.730908831024
186.730908831024
186.730908831024
186.730908831024
186.730908831024
186.730908831024
186.730908831024
186.730908831024
186.730908831024
186.730908831024
186.730908831024
186.730908831024
186.730908831024
186.730908831024
186.730908831024
186.730908831024
186.730908831024
186.730908831024
186.730908831024
186.730908831024
186.730908831024
186.730908831024
186.730908831024
186.730908831024
186.730908831024
186.730908831024
186.730908831024
186.730908831024
186.730908831024
186.730908831024
186.730908831024
186.730908831024
186.730908831024
186.730908831024
186.730908831024
186.730908831024
186.730908831024
186.730908831024
186.730908831024
186.730908831024
186.730908831024
186.730908831024
186.730908831024
186.730908831024
186.730908831024
186.730908831024
186.730908831024
186.730908831024
186.730908831024
186.730908831024
186.730908831024
186.730908831024
186.730908831024
186.730908831024
186.730908831024
186.730908831024
186.730908831024
186.730908831024
186.730908831024
186.730908831024
186.730908831024
186.730908831024
186.730908831024
186.730908831024
186.730908831024
186.730908831024
186.730908831024
186.730908831024
186.730908831024
186.730908831024
186.730908831024
186.730908831024
186.730908831024
186.730908831024
186.730908831024
186.730908831024
186.730908831024
186.730908831024
186.730908831024
186.730908831024
186.730908831024
186.730908831024
186.730908831024
186.730908831024
186.730908831024
186.730908831024
186.730908831024
186.730908831024
186.730908831024
186.730908831024
186.730908831024
186.730908831024
186.730908831024
186.730908831024
186.730908831024
186.730908831024
186.730908831024
186.730908831024
186.730908831024
186.730908831024
186.730908831024
186.730908831024
186.730908831024
186.730908831024
186.730908831024
186.730908831024
186.730908831024
186.730908831024
186.730908831024
186.730908831024
186.730908831024
186.730908831024
186.730908831024
186.730908831024
186.730908831024
186.730908831024
186.730908831024
186.730908831024
186.730908831024
186.730908831024
186.730908831024
186.730908831024
186.730908831024
186.730908831024
186.730908831024
186.730908831024
186.730908831024
186.730908831024
186.730908831024
186.730908831024
186.730908831024
186.730908831024
186.730908831024
186.730908831024
186.730908831024
186.730908831024
186.730908831024
186.730908831024
186.730908831024
186.730908831024
186.730908831024
186.730908831024
186.730908831024
186.730908831024
186.730908831024
186.730908831024
186.730908831024
186.730908831024
186.730908831024
186.730908831024
186.730908831024
186.730908831024
186.730908831024
186.730908831024
186.730908831024
186.730908831024
186.730908831024
186.730908831024
186.730908831024
186.730908831024
186.730908831024
186.730908831024
186.730908831024
186.730908831024
186.730908831024
186.730908831024
186.730908831024
186.730908831024
186.730908831024
186.730908831024
186.730908831024
186.730908831024
186.730908831024
186.730908831024
186.730908831024
186.730908831024
186.730908831024
186.730908831024
186.730908831024
186.730908831024
186.730908831024
186.730908831024
186.730908831024
186.730908831024
186.730908831024
186.730908831024
186.730908831024
186.730908831024
186.730908831024
186.730908831024
186.730908831024
186.730908831024
186.730908831024
186.730908831024
186.730908831024
186.730908831024
186.730908831024
186.730908831024
186.730908831024
186.730908831024
186.730908831024
186.730908831024
186.730908831024

