5.02866114079435
4.79183905249976
4.55397978635621
4.40066269062546
4.34338643443125
4.36972955171351
4.42393717376618
4.43719136834525
4.41546264211316
4.37901709426348
4.33880378660603
4.31195765846883
4.29691267711843
4.28890752991511
4.26983332253713
4.24915618111242
4.22545339854226
4.20299608668921
4.18586865265794
4.167220706349
4.15426617032804
4.14330392132611
4.13350117855016
4.12484968930787
4.1150886327277
4.10134417231173
4.08454560979729
4.07386110415346
4.06594986602312
4.06015147788065
4.0530743625157
4.04202476942406
4.03130813807002
4.02456581845689
4.02271048849801
4.02234413350832
4.01733723072298
4.00984352632546
3.99710027946212
3.99021646717158
3.98474654783583
3.98462693543667
3.98668556848792
3.98824177172849
3.98760439974852
3.97643756157049
3.96950779324653
3.96633588847272
3.96297712866471
3.95961620051773
3.9569519630989
3.95492676967721
3.954025243563
3.95113694171696
3.94776239432641
3.94527726330298
3.94570659030914
3.94338505869151
3.9402977817464
3.93512852887755
3.93270175512146
3.93314634008641
3.93305024951504
3.93352708180013
3.93231989450306
3.93175052025401
3.92939060852891
3.92561554525504
3.92058225961318
3.9164929804499
3.91531668033834
3.91566813223583
3.91479624557327
3.91289055680717
3.91291470548206
3.91257539810833
3.9109735905415
3.9098795648182
3.90780548781475
3.90628471113323
3.90576584878476
3.90470880177979
3.90331689112124
3.90145145294288
3.90076182776828
3.90020329915006
3.90097389249485
3.90222732346752
3.90272076640283
3.902321320206
3.9010024162705
3.90136944537346
3.90320382279425
3.90499307250329
3.90524534645944
3.90382565045675
3.90080027765685
3.89935259316097
3.8996134806026
3.90088156924238
3.90195346410467
3.90157092020043
3.90085443573188
3.89997546677766
3.90016004582664
3.90037874951558
3.90058987759969
3.90100214433858
3.90119468710756
3.90241109088029
3.90277631281943
3.90217711746105
3.90171583176911
3.90040856602908
3.90076715164704
3.90226107400896
3.90300960018522
3.90245363411915
3.90141860881785
3.90170458710259
3.90349237086306
3.90584875656604
3.90830045690395
3.90973120004731
3.90885496137838
3.90773093531017
3.90811038865188
3.91030658697183
3.91120594501995
3.91037072662086
3.9092105778122
3.90643933178275
3.90547525191172
3.90574125708338
3.90585185800487
3.9067207854212
3.90801282311557
3.90856459987185
3.90833927944753
3.90853433538522
3.90911258511434
3.90953214659494
3.90915054467323
3.90865788707282
3.9076044984526
3.90784824820622
3.90928581988265
3.91160213373449
3.91183993951015
3.91181904027032
3.91131507903907
3.91112645319469
3.91059953817641
3.9107921971324
3.90978831203798
3.90826459697469
3.90673993350233
3.90749867208305
3.90754737678954
3.90822442902497
3.90858229687704
3.90844355934397
3.90896813171266
3.90869467735527
3.91012873983945
3.91109377744665
3.91077013648046
3.90974222845282
3.90898430472247
3.91006259923648
3.91201574719566
3.91322543158183
3.91377233347528
3.91395440046884
3.91297729300933
3.91165457749978
3.91103115944196
3.91024599263377
3.91054911344403
3.91178975309943
3.91239891065909
3.91167000014472
3.91118141037283
3.9119340853848
3.91246354691475
3.91273744332401
3.91360221724303
3.91303259561107
3.91217883452681
3.91323675965565
3.9131641742187
3.91273061982001
3.91282125829067
3.91417119829659
3.91509848355668
3.91514944702534
3.91609230316323
3.91674520246542
3.91666267308461
3.91606988568626
3.91530886540769
3.91490078265766
3.91457263647691
3.91454160191094
3.91474096249604
3.91434272256046
3.91355514489263
3.91277159972512
3.91314319229412
3.91474872296373
3.91636269961762
3.91735268101282
3.91750356311313
3.91739396400645
3.91676999758908
3.91650864178931
3.91674724821792
3.91649307701978
3.91562197768046
3.91566281218637
3.91570553294742
3.91577249165752
3.91527169135329
3.91583764816012
3.9167493117535
3.91694405721453
3.91686082964744
3.91596826564885
3.91490721255951
3.91524217207193
3.91596725177388
3.9168671537222
3.91681185722726
3.91706530438545
3.91669125496428
3.91680395358691
3.91677884715946
3.91600803026554
3.91645641539699
3.91647296968761
3.9156847163201
3.91438704850547
3.91380087935467
3.91296926135952
3.91390854120251
3.91495691053683
3.91551694574992
3.91644403226798
3.91685578837862
3.91625584165379
3.91561190569524
3.91499102154565
3.91586385854389
3.91687821217764
3.91777400287817
3.91769433052579
3.91779645327847
3.91801775570048
3.91783118395695
3.91851489022426
3.9192658264733
3.91949438369819
3.92010021940574
3.92154762806009
3.92217462638567
3.92181645759786
3.92065432347526
3.9195315565925
3.91909937282992
3.9204019077991
3.92213977529289
3.92298555146069
3.92319888967921
3.92336814851147
3.92365293156621
3.92410532655718
3.92466180208045
3.9257962043519
3.9258707393673
3.92631533393991
3.92681320236163
3.92823568425332
3.92967095091903
3.93027744128416
3.93120735244975
3.93198417338096
3.93234577317004
3.93281900328559
3.93331250881999
3.93371944052039
3.93393816403607
3.93426167048283
3.93562469930348
3.93725061927712
3.93856749983552
3.93966400840828
3.93996526146121
3.94012242854009
3.9400012632741
3.93979003216448
3.94022820806656
3.94045684412746
3.94113792066983
3.94258600296806
3.9437558624158
3.94390928137831
3.94460524801965
3.94532821782175
3.94574126896535
3.94643960529528
3.9468560243075
3.94701948259126
3.94700135946764
3.94703430449273
3.94768983108589
3.94850055724278
3.94837925427331
3.94840336502736
3.94843367103715
3.94909629234106
3.95015186741517
3.95143618434022
3.95205248888393
3.95246252762736
3.95291733674789
3.9530515741699
3.95336225381208
3.9538906019712
3.95403231269422
3.95477481404075
3.95544050824574
3.95626817695909
3.95703200185044
3.95728912078694
3.95691035878194
3.95664300886678
3.95623559889032
3.95626240982604
3.95749259536118
3.958616595648
3.95880791721168
3.95889521079562
3.959339140545
3.95993728084982
3.96069356881172
3.96101253091487
3.96201491641086
3.96265280210869
3.96236246663155
3.96188872665861
3.96194045452031
3.96269221551448
3.96321668179538
3.96376351246242
3.96411152618707
3.96414058455345
3.96410523134273
3.9632027290421
3.96344055275503
3.96413992446846
3.96546628822264
3.96634770523157
3.96675495634138
3.96700708137099
3.96750199055572
3.96867380879479
3.96939563159238
3.96965525281504
3.97025170024568
3.97077261908756
3.97153838832323
3.97229254239236
3.97283423069623
3.97294603228865
3.97284849652723
3.97282343130671
3.97301151365721
3.97334633720904
3.97390072622843
3.97406605506042
3.97402159532123
3.97353021220174
3.97356432611759
3.97371079348567
3.97436869505935
3.97494438434226
3.97543902109579
3.9759577549118
3.97638789702079
3.976748349392
3.9769403319185
3.97714285241616
3.97735056183887
3.97727528893349
3.97742045575394
3.97779015810966
3.97820634548558
3.97841366700863
3.97830489885247
3.97815349012219
3.97824560390324
3.97862009756269
3.97932809901332
3.97942825093558
3.9790607156279
3.97918499627448
3.97962648908523
3.98019305396204
3.98033261513602
3.97997454237879
3.97975125263997
3.98015327371351
3.98077438081605
3.98112229130578
3.98113754620444
3.98120536188491
3.98113933047225
3.98117892732196
3.98142137060062
3.98190372697641
3.9823134357172
3.98242465734716
3.98238074095977
3.98215119331997
3.982190608848
3.98249344505769
3.98292140550542
3.98351307935808
3.98409231099746
3.98438697390727
3.98424199549683
3.98387952311504
3.98402184744499
3.98397090633663
3.9841514271851
3.98437257571782
3.98496749387414
3.98510424404582
3.98528039606788
3.98486928162171
3.98444220977215
3.98435697202736
3.98441798378955
3.98450894688459
3.98455101659294
3.98449768503574
3.98453993147306
3.98467030370631
3.98518421777265
3.98548784528671
3.9854479684007
3.9854594607762
3.98559473578192
3.98573672843536
3.98604510445891
3.98629299477123
3.98646468967371
3.98685199035669
3.98717645607245
3.98707859915877
3.98688873598575
3.98674141335172
3.98669391481505
3.98696262552177
3.98715813775118
3.98714557899113
3.98727387279908
3.98720355366225
3.987108645551
3.98731333094869
3.98759011766599
3.98777664474502
3.98771225112445
3.98762298454539
3.98749781560284
3.98763345367672
3.9876938959522
3.98785581837283
3.98811661540768
3.98815698463504
3.9880771419623
3.9879442636057
3.98784735104214
3.98810767399983
3.98841661874372
3.98872233261392
3.98874841668569
3.98856181051634
3.98819152471933
3.98810363861129
3.98837853902517
3.98874875417445
3.98896812224848
3.98881165952242
3.98867247958996
3.98841877022053
3.98856565007066
3.98877222957019
3.9889581917126
3.9889750433057

