4.26252543781932
3.78711732751139
3.60538400648806
3.52543491378552
3.44788318199327
3.37547440770967
3.32726798260316
3.31300085621243
3.28696274800461
3.2564838693896
3.23134342945387
3.2127555965128
3.20687294232102
3.18937818767346
3.17050842294332
3.15831254979743
3.14759329132702
3.14468141211688
3.13080624193547
3.12273054210756
3.11169935146955
3.10480949550723
3.0953885364848
3.09249344764768
3.08966116193303
3.08374689082561
3.07413015962168
3.06540940774254
3.06777772748955
3.07031117299342
3.06546077226644
3.05564965236144
3.05033264151457
3.04917851475618
3.05016588820603
3.04408021437159
3.04323916795867
3.03954701422299
3.03816979349813
3.03948813194155
3.03843218318856
3.03757931669118
3.03580578814154
3.03495267031445
3.03355099354104
3.03115567578083
3.02981928702391
3.0322811732924
3.03185861875876
3.02866952055876
3.02428174495402
3.02275019000137
3.02185441079421
3.0189922496724
3.01962192639721
3.01840678878031
3.01835524532213
3.0180653016301
3.01184023322038
3.0117111692259
3.01332729272404
3.01164069833961
3.00995800061197
3.01023129070347
3.00947611648151
3.00603624477005
3.00145755039324
2.99996628600378
2.99977612313807
3.0035263962184
3.00179176706365
2.9982502677083
2.99799441471673
2.9957954379953
2.9959102290366
2.99694562702282
2.99679101015553
2.99517082630133
2.99156778935528
2.9894352358946
2.9907208170982
2.99391464055978
2.99491995047294
2.9924343731903
2.98698968808052
2.98644404774436
2.98880261147528
2.99125232654607
2.98927466268169
2.98760355218065
2.98497360765326
2.98362125314704
2.98747988405753
2.99029373545316
2.98730304464233
2.98506369263939
2.98826429273175
2.987442998699
2.98383946706682
2.98326456556783
2.98076599789426
2.98623607195581
2.98500574559995
2.97968567779751
2.97824468709991
2.97996064062642
2.97904863807654
2.98202668509542
2.97863392403657
2.98006292636093
2.9819777222881
2.97744592018496
2.97556777236988
2.97863940487259
2.97980883616201
2.98115273943237
2.98264891042647
2.976420228868
2.97469451890095
2.97883703416194
2.98072477100904
2.9777935769289
2.97640197111198
2.97716302544621
2.97689136557692
2.9799173532639
2.97948120650679
2.97617545849452
2.97482311127022
2.97421626523402
2.97635123925481
2.97552086788744
2.97912984560581
2.97917030521749
2.97561684811683
2.97626268574644
2.97537376379831
2.97609100901036
2.97322589153063
2.97325431386101
2.97393922216825
2.97710730544804
2.97732622827488
2.97561381510708
2.9720689109603
2.97320579905897
2.97405219700046
2.97333389674478
2.97448596742125
2.9702023997269
2.9699089418495
2.97329496394068
2.97420684392376
2.97308070613496
2.97306033799122
2.97490165917033
2.97580553583202
2.97547823900515
2.9717915620858
2.9725905557768
2.97293558426603
2.97223656399735
2.97188124130443
2.97368878234069
2.97392374511185
2.97545495864629
2.9778652929948
2.9740046186053
2.9728522980118
2.97380889122018
2.97442970993145
2.97741551023125
2.97889886423767
2.97557664162482
2.97100548054091
2.97272714645219
2.97596810793122
2.97493715804227
2.9752873772282
2.97513164679396
2.97477366401108
2.97330577949467
2.97359600130949
2.97421744766825
2.97433803903285
2.97450171907184
2.97274330937352
2.97545338686083
2.97515783118825
2.97578410083039
2.97336687038594
2.97056914392779
2.97081434982681
2.97372550888871
2.97415241141578
2.97286878106712
2.97360393559088
2.97310817733338
2.97662271669941
2.97381102878532
2.97113479773634
2.97173980983898
2.9739300335661
2.97758381486641
2.97616623448963
2.97644250255729
2.9754250610409
2.97570059931189
2.97398433430832
2.9751127173456
2.97517427565585
2.97358350282688
2.97438036105151
2.97462606640249
2.97459015470148
2.97664054984664
2.97834457690049
2.97338899154088
2.9745751043556
2.97622339128123
2.97752762873506
2.97669931489856
2.97471605843211
2.97441427271382
2.97624859386424
2.9786787930482
2.97853618832542
2.97774170766667
2.97538270968777
2.97554203125103
2.9744241505646
2.97899939755282
2.97904247488413
2.97880732689752
2.98113853340869
2.97858538070273
2.97551644106188
2.97924771398708
2.98065389743135
2.97942927509299
2.97791049713854
2.97596812543079
2.97643775605049
2.98130526625759
2.98213948992847
2.97987751905464
2.97642588798783
2.97498515426669
2.9747589679308
2.97816680254262
2.97824042833358
2.97793884702124
2.97468343698353
2.97435639919075
2.97665105780852
2.97804130948969
2.97962894683923
2.97638036487651
2.97530007931503
2.97441080440737
2.97646311919303
2.97880531268848
2.98108105829798
2.97989727642389
2.97685784415489
2.97710651007642
2.97733127118564
2.97417775205092
2.97268277953785
2.97313227016822
2.97477176263923
2.97385619473771
2.97560894922925
2.97308793075293
2.97235541534613
2.97249194157319
2.97304615852262
2.97684609215136
2.97883654370115
2.97672319958952
2.97339681030885
2.97537420015437
2.97647456106258
2.97969734741666
2.97905148526096
2.97730260503842
2.97654131022841
2.97943913092959
2.97706231134236
2.97668653459609
2.97879082385727
2.97463834862504
2.97573857091456
2.97835466065464
2.97602360252797
2.97117970489129
2.97224828064188
2.97882412535536
2.9813975559053
2.98130660581198
2.97640998386684
2.97416076070696
2.97866957439815
2.98400625670766
2.98343848880654
2.97911600167267
2.97894820308293
2.97850850415478
2.97607054199185
2.97430355699874
2.97396943791686
2.97484501246552
2.97805240394907
2.9786266460679
2.97987516588438
2.9812221525668
2.98245659499439
2.97811825522838
2.97934891059349
2.97947693156929
2.98294155453047
2.98345269747358
2.97996023859131
2.97847039628909
2.98134924023204
2.9841183841615
2.98536597411267
2.98618667255766
2.98836270990793
2.98472415073631
2.98344437825314
2.98382761032492
2.98548981133293
2.98295684169023
2.98304921398999
2.98655552667927
2.98148329368626
2.97999655579062
2.98698333590653
2.98710324834452
2.98669385621072
2.98478539407901
2.98346818798963
2.98362326625422
2.98423613357747
2.98635422170338
2.98703248656331
2.98584784279583
2.98514296871421
2.98554500612411
2.98413533771203
2.9828009563408
2.98485479116847
2.98976680213441
2.98969033301412
2.98749685638914
2.98759641210221
2.98672220810133
2.98819573582559
2.99096381908472
2.98966943721211
2.98936891946657
2.99081985751578
2.99156781464352
2.99050768866991
2.98675180125685
2.98827272782201
2.9890487782187
2.98936027905719
2.99377804908977
2.99405073399965
2.99514044217247
2.99186983597388
2.99122417956002
2.99303743130133
2.99208088613623
2.99109283425254
2.98977598498609
2.99196307174614
2.9933226594053
2.99367342156956
2.99657358278293
2.99405407401655
2.99417370838506
2.9961290545476
2.99563875202142
2.99467198381182
2.99130394912809
2.99426195195939
2.9928133383264
2.99693658323655
2.99416634141468
2.9965155523044
2.99388716901169
2.99184263937751
2.99240556968587
2.99510785696944
2.99660735394512
2.99623460596633
2.99719624313113
2.99705667128456
2.995226712291
2.99680083568398
2.99404080378803
2.99780375071012
2.99764259837903
2.99696864552794
2.99511627860728
2.99421782276449
2.9974275075272
2.99800458350891
2.998894229212
2.99531259084754
2.99680304051248
2.99766699302738
2.99886367595175
2.99837048190218
2.99461696378478
2.99379266625752
2.99894770607958
3.0006223487047
2.99830988832871
2.99811511898805
3.00081406863793
2.99956986013965
2.99512902924074
2.99504042472383
2.9972124048808
3.00071669378861
2.99860600375536
2.9958769278117
2.99873629813815
3.00075981373476
3.00209645482617
3.00129878971999
3.00220682153875
3.0001361773329
3.00100903468247
2.9971669643516
3.00015596182798
3.00170324407167
3.00202548257729
3.00452986008931
3.00159500575486
3.0010254864107
3.00107060563089
3.00233437802723
3.00455525471148
3.00362892520652
3.00564750931697
3.0062714567175
3.00273718962889
3.0058274305754
3.00389566901645
3.00294655785441
3.00524115068535
3.00975477111749
3.00721331369082
3.00255060328995
3.00129844511852
3.00193260919844
3.00284471424125
3.00610064810459
3.0055246034223
3.00638856132759
3.00675301395273
3.00562306516776
3.00376534827772
3.00481933000949
3.00362747234784
3.00336505640092
3.00458636942452
3.00489630763606
3.00419216667122
3.00564924735376
3.00675780872107
3.00622350719119
3.00879168914384
3.00832555378663
3.00714040106665
3.00602705997869
3.0052200454293
3.00656685428015
3.00614089627087
3.00624280913324
3.00625601084296
3.00993969040618
3.01131826862446
3.01082965524664
3.00944474362911
3.00658447776785
3.00596285470513
3.00911792323262
3.01182460143274
3.01053341828935
3.0102231706118
3.00937645675999
3.00888085581992
3.01012366634605
3.00654182994621

