2.09127884363429
1.77867111699135
1.59589332038047
1.53481323929387
1.5421198324594
1.55040714239245
1.5492333376364
1.5568296692776
1.56594871794734
1.56488105201722
1.5722172170939
1.57664655704784
1.57602140968497
1.57600320195365
1.57811490856583
1.58733844016805
1.59503427519973
1.59892950003608
1.59430888763812
1.59530454762421
1.5987191819253
1.59976623860684
1.60494476631289
1.60792065025914
1.61028692375189
1.60740368548353
1.60411223053772
1.60460667158615
1.60802662638162
1.60801868892421
1.60994764241746
1.61194708302556
1.61347937224661
1.61460001022275
1.61659280780662
1.61433851658059
1.61623398428003
1.61757908423152
1.61877258313633
1.62293677459485
1.62424230917109
1.62518978823636
1.62402779188725
1.62590169069928
1.62447357005332
1.62235187617918
1.62467976412019
1.62571481389304
1.62604693033538
1.6231302027087
1.62538769316771
1.62280490890543
1.62599541073252
1.62587135920182
1.63051810042743
1.63230348937243
1.63115331036327
1.63184876451034
1.63154523255106
1.63279009025648
1.63405186525237
1.63610865779705
1.63669808564726
1.63355827221872
1.63283757610583
1.63357854909858
1.63522399034533
1.63433898976531
1.63523179955632
1.63489271243246
1.63676018489464
1.63532245155585
1.6338506894456
1.6365119123546
1.63761875949512
1.63755937488006
1.63802700098767
1.63800717441221
1.637649530182
1.63880683085943
1.63989195755132
1.63795137869963
1.63796763910563
1.63911208420363
1.64058640721085
1.63922792930318
1.64033994325179
1.64147503495727
1.64045645690236
1.64163591958271
1.64328488620874
1.64394970236167
1.64119858661067
1.64008677785798
1.64108656422383
1.64288257991137
1.6463303629432
1.64856249515732
1.64841127833005
1.64604867352817
1.64603151733614
1.64688572352011
1.64842601708811
1.64651856332733
1.64816822669752
1.64858514851359
1.64879676610138
1.64824059373651
1.64785831831806
1.64922234672136
1.64844067001772
1.64849828144464
1.64626225020937
1.64561344235276
1.64690055272896
1.64941115051816
1.6486063742877
1.64781739245311
1.64778426474742
1.64794287185276
1.64933851088569
1.64881784744901
1.64755132137635
1.64523553241215
1.64770665272693
1.64835331408796
1.64885140363283
1.64950148832294
1.65040108524097
1.65075711052209
1.65189335222044
1.65271271661981
1.64958808209769
1.64805505334918
1.64896168613218
1.65055739938779
1.64925452076502
1.65180108569047
1.65078946229138
1.64935462695734
1.64857372770552
1.64991886224573
1.64966685849959
1.650044093489
1.64909441962496
1.6499514345286
1.65145783897126
1.65162936340537
1.65106933728338
1.65057325893651
1.65074232534015
1.65158009341825
1.65032816272221
1.65179302749815
1.65173054563953
1.65074786101506
1.64997471912083
1.65014064836557
1.65127405512208
1.6531170844701
1.65319073112963
1.65233048692484
1.65021825619378
1.65103515157795
1.65248901874672
1.65197346018787
1.65416991380428
1.65511163271403
1.65396587643007
1.64983663756282
1.65148568811164
1.65240424679112
1.65460527381247
1.65515231369899
1.65432260823232
1.65203001497402
1.65409576516576
1.65577592591568
1.65447863170878
1.65332920412804
1.65327648772567
1.65437341875253
1.65472247866402
1.65351417918874
1.65445464828933
1.65404076101624
1.65446307117906
1.65529718934779
1.65528189713415
1.6554320536563
1.65479166442094
1.65417677873322
1.65499623452677
1.65560267059954
1.65626809346861
1.65517422215527
1.65567127266941
1.65618332040653
1.65552526435498
1.65507732514932
1.6544967493255
1.65547344430123
1.65476994794707
1.65410209486521
1.65600844687539
1.6551781975836
1.6545447280456
1.65340831124297
1.6551656407222
1.65616226541312
1.65637369170623
1.65537004800025
1.65554182304105
1.65540539452613
1.65771146689753
1.65617426790717
1.65495211182192
1.65611197032613
1.656707885349
1.65766883552562
1.65733554154804
1.65664839375143
1.65664252469284
1.65723104807955
1.65516770161065
1.6564225282697
1.65507991401943
1.65647595604759
1.65680555802716
1.65703365511801
1.6567596753457
1.65756739616312
1.65611740343444
1.65556093052368
1.65713182431856
1.65607428186567
1.65606349935054
1.65610511045121
1.65490164919289
1.65483793919361
1.65816211074097
1.65797834678675
1.65607678245735
1.655678511349
1.65670401245642
1.65729985214675
1.65624879502272
1.65787620113891
1.65910201547858
1.65904466195162
1.65978337514227
1.65805589751988
1.65735032209567
1.66007692388216
1.65861747988401
1.65737341638863
1.65906155178053
1.65985216822551
1.65902562626322
1.65823485184613
1.65740599871748
1.65692249041774
1.65627500415453
1.65849435094294
1.65905523840575
1.65880118969714
1.65791987409272
1.65635394076097
1.65734217863724
1.65945748748379
1.65809174147292
1.65753237891555
1.65731449033432
1.65834796856154
1.6586109971774
1.65878926675822
1.65940780934741
1.65952782541211
1.66017652878406
1.66093954146061
1.65779290218641
1.65693834891572
1.6581531072604
1.65998587121997
1.65945168598401
1.65916120670483
1.65819849893168
1.65889192766884
1.66079170556009
1.65891382766268
1.6586925978908
1.65984730437988
1.65835037990658
1.65947755233919
1.66009773951637
1.65994311020224
1.65871446625702
1.65811945989837
1.6577262384412
1.65807941642898
1.65847439000358
1.65791113818442
1.66096891313937
1.66135000000424
1.66054934034592
1.65899530129898
1.65906315812269
1.65911348041872
1.66066794297404
1.6612872693219
1.65979727216018
1.65966966535932
1.65986840979422
1.66031261936724
1.66098173830423
1.66164700372989
1.66067362528734
1.65823015439284
1.65840949813892
1.65746051298868
1.65945125431672
1.65932946722487
1.6592842303479
1.65941543231469
1.65957816051585
1.65863981941493
1.65913049564811
1.66047078599885
1.66082452621023
1.65816725839426
1.65854028081795
1.65764953512208
1.65881212949343
1.65942573234389
1.65981935954894
1.66012866134643
1.65991874872269
1.65809351476599
1.66003144896804
1.66099011043474
1.66045774127107
1.65972711456518
1.65881126119715
1.6589187536998
1.6603944985388
1.66013128588521
1.65919283576899
1.65894911494123
1.6594175677108
1.65966851678912
1.66061386821786
1.66135565897901
1.66020295176385
1.65979015504551
1.65995771099472
1.66005743308913
1.66146918151883
1.66213070399737
1.66103988561177
1.65947117739394
1.66064472884321
1.66102244059123
1.66147253473392
1.66206589695406
1.6606579887345
1.66120580325895
1.66147612252838
1.66204290391581
1.66214723719362
1.66208878152307
1.66148869102841
1.66227195716016
1.6628127224937
1.66116212113392
1.66025582952591
1.65945031056405
1.66137496651215
1.66149535624746
1.66194213481109
1.66149511288598
1.66212869936618
1.66076855554734
1.66013503577765
1.66005426472446
1.66199674965496
1.66202829396511
1.66025885131612
1.65989098095267
1.66049743895163
1.66261853337824
1.6626812598694
1.66230852018687
1.66160783506179
1.66147191398593
1.66037038157072
1.66124005974421
1.66069941285218
1.66082254817661
1.66040719893032
1.66079256810596
1.66168053919545
1.6624128586862
1.66256859942408
1.66099302993788
1.65999758002237
1.66121690660267
1.66041893746625
1.66041170166737
1.66064909032031
1.65933783425105
1.66038640530754
1.66266855163344
1.66321060194727
1.66148618311551
1.66116448897669
1.66192448529318
1.66284602233303
1.66112571555052
1.66081811653669
1.66128506910002
1.66269925707932
1.6614288780348
1.66062066601913
1.66068666901321
1.6617846662576
1.66039932345079
1.66325506261227
1.66312843760889
1.66192166598125
1.66133673391238
1.66094429568382
1.66165832551053
1.6609302825016
1.66186688165459
1.6609307283472
1.66322980603415
1.66223313956344
1.66193331403299
1.66250110574109
1.66163551072842
1.66208098720576
1.66048187962818
1.66158002852
1.66388467960694
1.66251898883167
1.66071115841018
1.66123291994494
1.66105185858143
1.66137236094338
1.66229486651055
1.66205652510744
1.66171682772907
1.66158348609303
1.66229231448443
1.66198240870894
1.66223441473437
1.66253748700485
1.66146361039653
1.6617270666118
1.66206729670945
1.66191208463773
1.66127069007462
1.66124234256288
1.66233315143515
1.66313888160389
1.66328293687733
1.6619848159675
1.66209480258574
1.66146597459813
1.66134252174248
1.66280039799673
1.66296068583997
1.66231033277217
1.66100545606455
1.66093783413222
1.66080258063319
1.66267146115916
1.66250605232006
1.66217989271798
1.66275100575658
1.66308271935271
1.66324825114558
1.66230157549393
1.66200469180205
1.66329668925217
1.66373451335229
1.66230811874382
1.66145170384381
1.66249794026434
1.66438022801284
1.66366950220721
1.66307471690706
1.66221183395387
1.66410324222501
1.66447920014285
1.66241149116277
1.66106894921213
1.66139744635862
1.66340140026658
1.66323495206575

