2.01478562965393
1.56787125020721
1.19261597039163
0.934257149171872
0.764482563210753
0.608782183963885
0.48423038980316
0.42940476319756
0.406421353207674
0.361226293337077
0.327710893990632
0.310314538827309
0.285027327478588
0.260689029505269
0.241024308277766
0.223426511876669
0.205047960847986
0.188643606423381
0.174372810731563
0.159160440665495
0.147270475579668
0.135206323317824
0.124411281939455
0.115063620742441
0.105117656340482
0.097207321341008
0.0893506017080795
0.0820432438025023
0.0756691665286815
0.0694134396249905
0.0639452372633989
0.0590648421312568
0.0538233183611423
0.0493387719371601
0.045569584639557
0.0418030483030438
0.038442931371294
0.0351477629966578
0.032534781480007
0.0299830828156691
0.0274623713066299
0.0253214670951746
0.0232993433855686
0.021527177011482
0.0196654896875672
0.0180918316054418
0.0166684027054239
0.0152435184953459
0.014068952647273
0.012900412129969
0.0118390917032766
0.0109647684929398
0.0100532883276923
0.00930858618629345
0.00853609702019173
0.00783640934036568
0.00723047504246819
0.00665016659194848
0.00613149267231974
0.00559453009860035
0.00513334365742977
0.00472476970008031
0.00432967222305592
0.00397670475302159
0.00367647647588629
0.00333796227923888
0.00309505726868583
0.0028731441333282
0.00261121612365241
0.00240171881376692
0.0021938543677328
0.00203725726311818
0.00185994582304842
0.00171961411564715
0.00158440481620229
0.00146364972646383
0.00134713381455571
0.00124921844786767
0.00113935760779871
0.00104911987376068
0.000962770231880937
0.000880323246612564
0.000818176244284459
0.00075245738236946
0.000696404121174139
0.000629546754360919
0.000582129584807971
0.000543502976316339
0.000488314394608511
0.000456292537073742
0.000430816501910963
0.00039067576024504
0.000360307094749039
0.000332855510447526
0.000300757977918629
0.000280976042183425
0.000259133704048235
0.000242329134933052
0.000220721215277287
0.000204296965110844
0.00018560567407813
0.000172715914189775
0.000159830918523432
0.000148398497368214
0.000134362325890778
0.000125291073431395
0.000112383426307594
0.000103543429916328
9.58388407977055E-05
8.85595741267401E-05
8.28482077971918E-05
7.42674765894454E-05
7.04668337064799E-05
6.42576748401918E-05
5.69223451179591E-05
5.5008168330422E-05
5.03128913818968E-05
4.47169710396623E-05
4.34691454561961E-05
3.91722423498036E-05
3.52466725141837E-05
3.41191171850599E-05
2.97200637350102E-05
2.80717360363723E-05
2.64307461741446E-05
2.44936539164532E-05
2.23084502523603E-05
2.0175312374402E-05
1.91133280869355E-05
1.72363826191231E-05
1.6169678554725E-05
1.48850382381262E-05
1.28000816583512E-05
1.26498564135153E-05
1.17740305081133E-05
9.99905647602769E-06
9.94246992648633E-06
9.20555692897526E-06
8.25088361605154E-06
7.643218225773E-06
7.09995491753653E-06
6.31757897250114E-06
6.02868071787858E-06
5.84718454784865E-06
5.07578904678304E-06
4.52115664495611E-06
4.52511719300384E-06
4.38255554517337E-06
3.69036260482631E-06
3.55716333611628E-06
3.43102055807463E-06
2.98419238707807E-06
2.66806349691547E-06
2.60554208198896E-06
2.38807379587888E-06
2.19252046612121E-06
1.96036044723024E-06
1.85602446981503E-06
1.70214025443275E-06
1.53312497309883E-06
1.38296624100876E-06
1.31928052153684E-06
1.17570554697331E-06
1.13250666154837E-06
1.01054871498274E-06
9.38265533942438E-07
8.26634570693374E-07
7.85106731384309E-07
7.42353087983242E-07
6.69196270268655E-07
5.86625183253416E-07
5.57459620392792E-07
5.19471953736827E-07
4.85708065422833E-07
4.25499261646219E-07
3.90015801681865E-07
3.8031168114556E-07
3.34310301218906E-07
3.32251278345075E-07
3.06441473533268E-07
2.66358566122571E-07
2.41036359791604E-07
2.21689038392627E-07
2.06961412387685E-07
1.83745246457627E-07
1.65948759440807E-07
1.67407565599348E-07
1.41509948202674E-07
1.26979568726743E-07
1.24608706778145E-07
1.15569905589585E-07
1.0333718343478E-07
9.2044625613034E-08
9.13490265951019E-08
8.00405967820402E-08
6.80503527226706E-08
7.19478382754842E-08
6.55021568954583E-08
5.42746999785404E-08
5.59232190853927E-08
5.29855259368883E-08
4.44043695971656E-08
4.14768463326683E-08
3.79508467045579E-08
3.41607021981327E-08
3.19827156690045E-08
2.68265635300173E-08
2.72393402390214E-08
2.4004032783261E-08
2.16231519049888E-08
2.064351867286E-08
1.92013748174088E-08
1.6946989621928E-08
1.63836317769043E-08
1.63034539393092E-08
1.22403745928442E-08
1.2520989514353E-08
1.29010561253584E-08
1.03505093152989E-08
9.37151886949798E-09
9.6614950119848E-09
8.72021772867678E-09
7.69458455245897E-09
7.64569235506459E-09
7.44713069016726E-09
5.92717128388524E-09
5.40197002076119E-09
5.32699990398178E-09
5.09672738093399E-09
4.10753173813265E-09
3.93926345527521E-09
3.66003653465471E-09
3.36447512059671E-09
3.03765907475236E-09
2.66579149404607E-09
2.68452921138862E-09
2.65272154051366E-09
2.23543114692415E-09
2.22010826864312E-09
2.11822796042557E-09
1.9132405073415E-09
1.85455202307468E-09
1.42318661929264E-09
1.49140284336768E-09
1.37012615196349E-09
1.19997916278591E-09
1.32325983001243E-09
1.00916706742282E-09
9.57933524288931E-10
9.07612516204415E-10
8.3889127996765E-10
8.48917007602775E-10
6.69607515624282E-10
7.00478910549881E-10
5.27288485931606E-10
5.26329608071159E-10
4.6232804173929E-10
3.91159524476548E-10
4.18566858047716E-10
3.57808970461819E-10
3.1639987965922E-10
2.86416138635855E-10
2.84448248435062E-10
2.49138170488328E-10
2.55582883275836E-10
1.96046854957406E-10
1.71472699041682E-10
1.95900772637092E-10
1.53995954847256E-10
1.28744411235597E-10
1.46459881113688E-10
1.1811404712625E-10
9.64611564309899E-11
1.10689114614833E-10
9.46353486204939E-11
6.9631173332807E-11
7.91797893121929E-11
6.95738409883795E-11
6.79972573358611E-11
5.01813000356825E-11
4.99158807491332E-11
4.78089429656326E-11
3.57368830565067E-11
3.61138317528376E-11
3.70766340222299E-11
3.33357407363473E-11
2.8702197975757E-11
2.51479436016074E-11
2.46951894507704E-11
2.45042624746894E-11
2.20446771004301E-11
1.82637004223866E-11
1.84484656255239E-11
1.6327521519995E-11
1.42284768245293E-11
1.36276587274035E-11
1.22154238483644E-11
1.0197079493753E-11
1.00760960464186E-11
9.38746976079467E-12
7.99722973399142E-12
7.34437958597548E-12
7.77578241610103E-12
6.42563484087866E-12
5.39566211710252E-12
5.76532277104154E-12
4.84876472491476E-12
4.19880667457129E-12
4.53660900697391E-12
4.12238244281345E-12
3.3064160187557E-12
3.54067989187061E-12
3.10452644702863E-12
2.88562651551416E-12
2.99655965226483E-12
2.33246552072686E-12
2.28835984790917E-12
2.49867297963391E-12
1.91950641307651E-12
1.84777977548419E-12
1.53599811943591E-12
1.5314264634192E-12
1.48967016870098E-12
1.28147028729172E-12
1.15574708507242E-12
1.24673659174235E-12
1.07575657641116E-12
8.56109583224907E-13
7.41057324763854E-13
7.16036433849136E-13
6.11864183393725E-13
6.34812859686326E-13
5.71348353813524E-13
4.7331285187487E-13
4.98818677104514E-13
4.37943990331628E-13
3.85590502120318E-13
4.06282816648821E-13
3.49948594176771E-13
3.19163945272649E-13
3.07192402996629E-13
2.49337854067259E-13
2.32303519013636E-13
2.31102187386867E-13
2.10531299800938E-13
1.8149342954447E-13
1.93903715306476E-13
1.76822482581921E-13
1.3550373785994E-13
1.33337535457301E-13
1.42024205359211E-13
1.3320878844425E-13
1.22704811126676E-13
1.14310640582834E-13
1.15120113441947E-13
1.02893484473417E-13
9.5770104809508E-14
9.74780015964664E-14
9.72652939671785E-14
9.37020109651835E-14
9.10055919511876E-14
8.68993007182203E-14
8.21245923117905E-14
8.32842739217909E-14
8.12672799425466E-14
7.44916406336671E-14
7.8845485695922E-14
7.4657818815993E-14
7.32612008095638E-14
7.17877109609096E-14
7.18883027180558E-14
6.9118460954698E-14
6.79826972493913E-14
6.79493109926691E-14
6.66856995549618E-14
6.6690743668237E-14
6.75450880412617E-14
6.6616131129867E-14
6.60299907343879E-14
6.57534933908484E-14
6.37252306479041E-14
6.31128168245473E-14
6.36035224488296E-14
6.44094055868294E-14
6.34949648414817E-14
6.30285471962348E-14
6.24832519058316E-14
6.1856440340217E-14
6.2734889505478E-14
6.29593932544026E-14
6.21281600240072E-14
6.18930980541184E-14
6.19665837161184E-14
6.15817582113228E-14
6.17200438905267E-14
6.21254788354027E-14
6.21216097081619E-14
6.19321075904604E-14
6.14420847533381E-14
6.15055191962218E-14
6.15022625420162E-14
6.14976958246416E-14
6.16829994489384E-14
6.14493456119192E-14
6.13354922407438E-14
6.13516348835219E-14
6.12484026459488E-14
6.10622015913739E-14
6.11204808986799E-14
6.13745424852634E-14
6.1302572277692E-14
6.12001653059006E-14
6.12549825677415E-14
6.12257300414143E-14
6.10609581415863E-14
6.1020988262328E-14
6.11551439118803E-14
6.1300781117879E-14
6.14270097750354E-14
6.12350707177948E-14
6.10957950897273E-14
6.0950922087244E-14
6.09601443398352E-14
6.10500502003693E-14
6.10876034941773E-14
6.10663538254859E-14
6.10685132092689E-14
6.09823210447521E-14
6.09613452310735E-14
6.10138698823685E-14
6.10140697225129E-14
6.10208587363085E-14
6.1003256150253E-14
6.10283138839189E-14
6.10130705217908E-14
6.10075157059242E-14
6.09768050866914E-14
6.09880072370099E-14
6.10241079890272E-14
6.10104059865317E-14
6.10148080208243E-14
6.10040629123176E-14
6.09699920180636E-14
6.09818510503383E-14
6.10009283826448E-14
6.10109981054781E-14
6.09965096950068E-14
6.09911066096203E-14
6.10253902966207E-14
6.10190953320711E-14
6.10274886181372E-14
6.10068051631885E-14
6.10074823992335E-14
6.09960508028233E-14
6.10081873908541E-14
6.10123192708775E-14
6.10189399008476E-14
6.10181053832074E-14
6.10186789984368E-14
6.10226887539274E-14
6.1007972747736E-14
6.10039851967059E-14
6.10071252774939E-14
6.10159311964509E-14
6.10217876229058E-14
6.10218468348004E-14
6.10167453600023E-14
6.10115717207075E-14
6.10117345534178E-14
6.10164493005291E-14
6.10217173087809E-14
6.10220041163956E-14
6.10222946247537E-14
6.10170414194755E-14
6.1017348581179E-14
6.10167009510813E-14
6.10218394333136E-14
6.10158349771221E-14
6.10222539165761E-14
6.10225388738191E-14
6.10167083525681E-14
6.10222668691781E-14
6.10220318719712E-14
6.10221058868395E-14
6.10163956397495E-14
6.1016595479894E-14
6.10225166693586E-14
6.10225388738191E-14
6.10223760411088E-14
6.10223852929674E-14
6.1022216909142E-14
6.10220429742014E-14
6.10220633282902E-14
6.10223649388786E-14
6.10225481256777E-14
6.10225481256777E-14
6.10223353329313E-14
6.10221817520795E-14
6.10221447446454E-14
6.10221632483624E-14

