0.18630046677125
0.993495822902237
0.997669176068636
0.998397227851984
0.998804455807465
0.99907072574716
0.999285656633619
0.999377395233686
0.999482360867305
0.999649071494517
0.99974690820396
0.999800346316647
0.999834503308699
0.999866155649083
0.999898344966504
0.999925051021295
0.999932283208342
0.999947059019604
0.999961121865354
0.999968779338277
0.999974244536486
0.999980644860951
0.999985175591418
0.999989965129867
0.999992742070666
0.999993885478734
0.999994530437895
0.999995773511502
0.99999651316008
0.999996871717863
0.999997455150311
0.999998149140925
0.999998823790647
0.999999208643855
0.999999324850501
0.999999428334725
0.999999488857453
0.999999520930975
0.999999559778236
0.999999635565489
0.999999683574824
0.99999972289036
0.999999798555906
0.99999984808299
0.999999862919676
0.999999934895345
0.999999943309534
0.999999956659448
0.999999961798775
0.999999977013773
0.999999982502209
0.999999985087252
0.999999988170754
0.999999991237498
0.999999991796156
0.999999992670794
0.99999999643407
0.99999999689509
0.999999998360573
0.999999998519898
0.999999998742878
0.999999998874739
0.999999999064745
0.999999999192596
0.999999999461737
0.999999999533422
0.999999999546031
0.99999999970071
0.999999999713892
0.999999999738875
0.999999999914023
0.999999999922718
0.999999999941532
0.999999999959635
0.999999999968367
0.999999999971887
0.999999999973796
0.999999999976397
0.999999999978965
0.999999999981726
0.99999999999133
0.999999999992517
0.999999999993789
0.999999999994485
0.999999999995079
0.999999999995799
0.999999999996616
0.999999999997335
0.999999999997859
0.999999999997982
0.999999999998098
0.999999999998947
0.999999999999025
0.999999999999143
0.999999999999423
0.999999999999591
0.999999999999641
0.999999999999737
0.999999999999835
0.999999999999872
0.999999999999876
0.999999999999882
0.999999999999908
0.999999999999922
0.99999999999995
0.999999999999953
0.999999999999965
0.999999999999969
0.999999999999978
0.999999999999982
0.999999999999989
0.999999999999997
0.999999999999998
0.999999999999999
0.999999999999999
0.999999999999999
0.999999999999999
0.999999999999999
0.999999999999999
1
1
1
1
1
1
1
1
1
1
1
1
1
1
1
1
1
1
1
1
1
1
1
1
1
1
1
1
1
1
1
1
1
1
1
1
1
1
1
1
1
1
1
1
1
1
1
1
1
1
1
1
1
1
1
1
1
1
1
1
1
1
1
1
1
1
1
1
1
1
1
1
1
1
1
1
1
1
1
1
1
1
1
1
1
1
1
1
1
1
1
1
1
1
1
1
1
1
1
1
1
1
1
1
1
1
1
1
1
1
1
1
1
1
1
1
1
1
1
1
1
1
1
1
1
1
1
1
1
1
1
1
1
1
1
1
1
1
1
1
1
1
1
1
1
1
1
1
1
1
1
1
1
1
1
1
1
1
1
1
1
1
1
1
1
1
1
1
1
1
1
1
1
1
1
1
1
1
1
1
1
1
1
1
1
1
1
1
1
1
1
1
1
1
1
1
1
1
1
1
1
1
1
1
1
1
1
1
1
1
1
1
1
1
1
1
1
1
1
1
1
1
1
1
1
1
1
1
1
1
1
1
1
1
1
1
1
1
1
1
1
1
1
1
1
1
1
1
1
1
1
1
1
1
1
1
1
1
1
1
1
1
1
1
1
1
1
1
1
1
1
1
1
1
1
1
1
1
1
1
1
1
1
1
1
1
1
1
1
1
1
1
1
1
1
1
1
1
1
1
1
1
1
1
1
1
1
1
1
1
1
1
1
1
1
1
1
1
1
1
1
1
1
1
1
1
1
1
1
1
1
1
1
1
1
1
1
1
1
1
1
1
1
1
1
1
1
1
1
1
1
1
1
1
1
1
1
1
1
1
1
1
1
1
1
1
1
1
1
1
1
1
1
1
1
1
1
1
1
1
1

