2.07091185127093
1.86100260679257
1.79484448712034
1.77601369760812
1.7619991124276
1.74619842008753
1.74234827580624
1.74755920785677
1.75351530927242
1.74628526386893
1.74035221857965
1.74122009445699
1.74465354282679
1.74200310946246
1.74523661419373
1.74458277462924
1.74427164488975
1.74077389803707
1.74034090036006
1.74037045679428
1.74330415751593
1.74281654785795
1.74083948304089
1.7387207796797
1.7400740514603
1.74032843777798
1.74002035394494
1.73999806714092
1.73931721089187
1.738562092579
1.73839424256746
1.73672838262954
1.73901244040308
1.73740148041266
1.73521893281579
1.73407147919923
1.73392249360579
1.73125788056599
1.73356294662241
1.7334780497679
1.73287007876103
1.73362324150001
1.73108561169332
1.73128031110033
1.73324529775063
1.73339353267391
1.73135965092615
1.72886011277707
1.73087463991817
1.73015136385673
1.72898863440793
1.72924982949544
1.72849495547945
1.7277340667263
1.72737107251427
1.72812112899689
1.72857241079964
1.72761180353373
1.72882078874935
1.72712941725701
1.72658739538184
1.72639284527511
1.72734912966452
1.72732644916439
1.72606281552197
1.72641872358437
1.72496222794131
1.7241472732993
1.72465185981398
1.72504356243095
1.72620731577666
1.72404670885344
1.72346906066255
1.72611131516804
1.72492280059242
1.72461922908472
1.72460511603257
1.72508209801721
1.72407807284545
1.72310823968321
1.72339921804636
1.72474255095839
1.72404971585212
1.72236870226733
1.72113947391891
1.72243157173948
1.72314608698299
1.72501227985012
1.72309740486934
1.72367553164759
1.7233403422689
1.72324610969564
1.72092956750812
1.72158231865546
1.72339406976337
1.72272235943145
1.72154361483542
1.72240774178336
1.72301151070156
1.7212563223104
1.72072759814473
1.72085986953032
1.72082172406339
1.72292569991575
1.72155482347445
1.72137091387284
1.72216718942112
1.72176562779774
1.72150021825458
1.72031681464175
1.72132939537215
1.72192673360496
1.72180261981889
1.72235079444187
1.72164750568976
1.71932868892124
1.71838130473914
1.71871125230998
1.71940928191019
1.71803955383891
1.71728389954211
1.71856841536621
1.71920922289147
1.71841834093236
1.71868795065754
1.71962048927324
1.71985313106579
1.71894274755904
1.71896557744906
1.71863748838299
1.71781057618567
1.71763282125665
1.71720200651709
1.71664707042695
1.71772736368533
1.71665241837874
1.71563801895946
1.71621925311875
1.7176530723397
1.71784669387766
1.7178703525508
1.71744453177811
1.7163004201948
1.7166129555403
1.71626619762802
1.71682073435099
1.71584181134
1.71705445715984
1.71758152103797
1.71682667688302
1.71729947660425
1.71645303788585
1.71608826222319
1.71671015107618
1.71651381812385
1.71624588126803
1.71636113087653
1.7169740332095
1.71620737643188
1.71511967759634
1.71397665965913
1.71400652052325
1.71535919010458
1.71442438309522
1.71542106069975
1.71503439135816
1.71440310022709
1.71292372181158
1.71237152221434
1.71349943981517
1.71307462387755
1.71209027394906
1.71337345920148
1.71405843638746
1.71330563356026
1.71394907557084
1.71476260146384
1.71267192566754
1.71317778869763
1.71372683594423
1.71359398102916
1.71474655495556
1.71381520887619
1.71307746054231
1.71206820976692
1.71240692937378
1.714234485069
1.71259670419689
1.71361102805703
1.7145536100187
1.71323462911191
1.71088697352505
1.71156956747772
1.71053961865726
1.71040180336068
1.71171030726648
1.71234049230754
1.71104274782195
1.71141272095439
1.71277839925996
1.7125868689992
1.71168031823405
1.71069506471851
1.71192667080862
1.71334730694851
1.71413947520336
1.71282317934927
1.71257063254936
1.71356193255076
1.71184180111948
1.71252821638242
1.71128154138556
1.71187356163547
1.71275684137928
1.71270176142127
1.71154448402644
1.71059742253627
1.71248137347228
1.71173388464926
1.71229242786593
1.71279378604695
1.71175499302479
1.71086430180909
1.71150753216977
1.71055108443105
1.71170638032553
1.71326127548263
1.71292787102663
1.71271778588722
1.71129914360494
1.71157885838153
1.71202733616825
1.71206407615644
1.71285474689697
1.71279953723856
1.71216467083685
1.71215820321576
1.71148811213121
1.71124754370542
1.71064416740016
1.71027076578063
1.71040326711274
1.71028661784457
1.71103361360127
1.71086911721157
1.71018672852142
1.71080666870303
1.7096087166984
1.71169482862666
1.71241333964573
1.71038981423904
1.70820922334832
1.7095925349615
1.70974655937189
1.70918254747581
1.70917881917555
1.70991663857703
1.71083563467967
1.70890311220332
1.70811544722504
1.70905317455555
1.70957279849524
1.71042282056829
1.71052839308505
1.71001785559667
1.70955151854471
1.70859902277941
1.70816232999826
1.70924921736405
1.70942451919204
1.70926132124492
1.70869459574997
1.70842510447277
1.7091457356378
1.70715595168585
1.7087475095826
1.70813377322013
1.71001099324847
1.70800240986408
1.70942350283414
1.7078026832553
1.70834984612582
1.70881724377854
1.7081774913721
1.70801502319512
1.70763434287392
1.7092454593048
1.70832049186251
1.70908935504939
1.71031960113638
1.70989896274977
1.70882770724223
1.70922867229652
1.70933828182832
1.70852447127688
1.70865121397186
1.70820737620064
1.70825152653581
1.70831988283184
1.70933004909029
1.7088454416113
1.70945774107712
1.70941369682245
1.70979875216136
1.70990336231041
1.70971108969982
1.7089466862804
1.70853464768494
1.71081649783128
1.71255863571861
1.71000059526609
1.70913728861085
1.70910933022704
1.71075641328455
1.71078718152876
1.7109937714184
1.71005244890949
1.71019421919274
1.71025535621895
1.71021509803529
1.71038027952596
1.71104861731463
1.71087199703038
1.70918074367362
1.71051010480136
1.70921344275328
1.70994137645036
1.71087268570917
1.71123188827642
1.71217967367472
1.71040393913188
1.70899669973392
1.7107920328413
1.71159456786225
1.71206788370783
1.71154011122905
1.71120888745888
1.71026199199044
1.71009180112192
1.71166719291422
1.7136458069233
1.71320134725536
1.71396242482989
1.71210063289457
1.71200998840822
1.71262229800096
1.71127040214345
1.71173926026905
1.71132598618438
1.71292823975118
1.71288890144814
1.71290864445311
1.71213223430272
1.71189959768726
1.71314591249367
1.71260897546026
1.71217162768644
1.71349159567924
1.71373462152905
1.71347669716047
1.71265274334104
1.71337288812103
1.71178649372951
1.71291231455826
1.712091921178
1.71226381047255
1.71298587534772
1.71372182994535
1.71243223905989
1.71304579136789
1.71393900016757
1.71302518657689
1.71333417504361
1.71344640397714
1.71256329347533
1.71388279644026
1.71408071663306
1.71293448965352
1.71343002679657
1.71389453644749
1.71318495968006
1.71442080307881
1.71419130037391
1.71372748116919
1.71307096540762
1.71243586080894
1.71404876687118
1.71284569910582
1.71259019003185
1.7133036396392
1.71484734571598
1.71665443732438
1.71539830449491
1.71396862626435
1.71413960183577
1.71552952172117
1.71482156722532
1.71332719698162
1.71359007323335
1.71386591919539
1.71443445780102
1.71378371371526
1.71472951394812
1.71522202080875
1.71567060401807
1.71570543782553
1.71540949081625
1.71513440136115
1.71425417200669
1.71351585396041
1.71398683085155
1.71508382976613
1.71528773231347
1.71552959120823
1.71512511326039
1.71380362285092
1.71515185986172
1.71524981285825
1.71411621054334
1.71395073540913
1.71467468047262
1.7152051470253
1.71547270609771
1.7153346382689
1.71448735663481
1.71468119439307
1.71558114578334
1.71545405215756
1.71473023225224
1.71465353087646
1.71599756398932
1.71627746076472
1.7154835050815
1.71431846370236
1.71534868584098
1.71653918746713
1.71499692811535
1.71525052726959
1.71597047472645
1.71614635938052
1.71515141798149
1.71645919176409
1.7174041133161
1.71607118698953
1.71524967016598
1.71533897720632
1.71678852158908
1.7152913779004
1.71719498838748
1.71783183723724
1.7160564063793
1.71613456898305
1.71699813890273
1.71670844392375
1.71667470901733
1.71476225539231
1.71561163447893
1.71602702637917
1.71637527326164
1.71718394944777
1.71648042816426
1.71772777638129
1.71766622837853
1.71712580141409
1.71665090303215
1.71709084617163
1.71715576880548
1.71854925310342
1.71729197111899
1.71660967605356
1.71772168757888
1.71697481352784
1.71687590818467
1.71669372019722
1.71619484968501
1.71654325846069
1.71759792053374
1.71682222509237
1.71658208240032
1.71759849947659
1.71837044516034
1.71851597929177
1.71658836377119
1.71688109747748
1.71829404913112
1.71909486521716
1.71910611698681
1.71833051292314
1.71844752649698
1.71850845053533
1.71807292510224
1.71865438797288
1.71842933203382
1.71923267216305
1.71873694477414
1.71880647921608
1.71859889377709
1.71870485347579
1.71781020900956
1.71778690184334

