-158.614118294288
-77.2519215463162
-74.6125757230536
-73.0789812156749
-71.3467533446368
-70.002346339778
-68.7209279356595
-67.8600061684277
-67.2858331093512
-66.7932447493589
-66.3725823103416
-66.0224718812704
-65.6976856993463
-65.4185517812835
-65.2102189721635
-65.0385745027479
-64.8788977890959
-64.7445760276079
-64.6546369140878
-64.570757156882
-64.4572528822417
-64.3926323783671
-64.3458551621203
-64.3003072201855
-64.2686296117774
-64.2390247663006
-64.2185534700189
-64.2049922599394
-64.1955168852879
-64.1877262542905
-64.1816430972294
-64.1777726528688
-64.1739678968655
-64.1714328617096
-64.1694597343045
-64.1679032624141
-64.1668490029986
-64.165940642506
-64.1650927946112
-64.1646294261777
-64.1643002244069
-64.1640647434094
-64.1638954274781
-64.1637723486356
-64.1636726714482
-64.1635723505498
-64.1634221272232
-64.1633481735586
-64.1632953883007
-64.1632574968812
-64.1632301795782
-64.1632104220214
-64.1631930792496
-64.1631826759102
-64.1631751102958
-64.1631524907721
-64.1631422269117
-64.1631386588514
-64.1631365271437
-64.1631349725029
-64.1631333064804
-64.1631324791585
-64.1631318755221
-64.1631314350577
-64.1631311136391
-64.1631308790816
-64.1631307079063
-64.1631305829833
-64.1631304918135
-64.1631304252763
-64.1631303767159
-64.1631303412752
-64.1631303154094
-64.1631300139009
-64.163129921257
-64.1631299112017
-64.1631298279106
-64.1631297639461
-64.1631297203569
-64.1631296901923
-64.163129669055
-64.1631296540958
-64.1631296434272
-64.1631296357735
-64.1631296302582
-64.1631296262706
-64.1631296233804
-64.1631296212816
-64.1631296197556
-64.1631296186448
-64.1631296178358
-64.1631296172462
-64.1631296168163
-64.1631296165028
-64.1631296162741
-64.1631296161073
-64.1631296159856
-64.1631296158968
-64.163129615832
-64.1631296157847
-64.1631296157502
-64.163129615725
-64.1631296157066
-64.1631296156931
-64.1631296156834
-64.1631296156762
-64.163129615671
-64.1631296156672
-64.1631296156644
-64.1631296156624
-64.1631296156609
-64.1631296156598
-64.163129615659
-64.1631296156584
-64.163129615658
-64.1631296156577
-64.1631296156575
-64.1631296156573
-64.1631296156572
-64.1631296156571
-64.1631296156571
-64.163129615657
-64.163129615657
-64.163129615657
-64.1631296156569
-64.1631296156569
-64.1631296156569
-64.1631296156569
-64.1631296156569
-64.1631296156569
-64.1631296156569
-64.1631296156569
-64.1631296156569
-64.1631296156569
-64.1631296156569
-64.1631296156569
-64.1631296156569
-64.1631296156569
-64.1631296156569
-64.1631296156569
-64.1631296156569
-64.1631296156569
-64.1631296156569
-64.1631296156569
-64.1631296156569
-64.1631296156569
-64.1631296156569
-64.1631296156569
-64.1631296156569
-64.1631296156569
-64.1631296156569
-64.1631296156569
-64.1631296156569
-64.1631296156569
-64.1631296156569
-64.1631296156569
-64.1631296156569
-64.1631296156569
-64.1631296156569
-64.1631296156569
-64.1631296156569
-64.1631296156569
-64.1631296156569
-64.1631296156569
-64.1631296156569
-64.1631296156569
-64.1631296156569
-64.1631296156569
-64.1631296156569
-64.1631296156569
-64.1631296156569
-64.1631296156569
-64.1631296156569
-64.1631296156569
-64.1631296156569
-64.1631296156569
-64.1631296156569
-64.1631296156569
-64.1631296156569
-64.1631296156569
-64.1631296156569
-64.1631296156569
-64.1631296156569
-64.1631296156569
-64.1631296156569
-64.1631296156569
-64.1631296156569
-64.1631296156569
-64.1631296156569
-64.1631296156569
-64.1631296156569
-64.1631296156569
-64.1631296156569
-64.1631296156569
-64.1631296156569
-64.1631296156569
-64.1631296156569
-64.1631296156569
-64.1631296156569
-64.1631296156569
-64.1631296156569
-64.1631296156569
-64.1631296156569
-64.1631296156569
-64.1631296156569
-64.1631296156569
-64.1631296156569
-64.1631296156569
-64.1631296156569
-64.1631296156569
-64.1631296156569
-64.1631296156569
-64.1631296156569
-64.1631296156569
-64.1631296156569
-64.1631296156569
-64.1631296156569
-64.1631296156569
-64.1631296156569
-64.1631296156569
-64.1631296156569
-64.1631296156569
-64.1631296156569
-64.1631296156569
-64.1631296156569
-64.1631296156569
-64.1631296156569
-64.1631296156569
-64.1631296156569
-64.1631296156569
-64.1631296156569
-64.1631296156569
-64.1631296156569
-64.1631296156569
-64.1631296156569
-64.1631296156569
-64.1631296156569
-64.1631296156569
-64.1631296156569
-64.1631296156569
-64.1631296156569
-64.1631296156569
-64.1631296156569
-64.1631296156569
-64.1631296156569
-64.1631296156569
-64.1631296156569
-64.1631296156569
-64.1631296156569
-64.1631296156569
-64.1631296156569
-64.1631296156569
-64.1631296156569
-64.1631296156569
-64.1631296156569
-64.1631296156569
-64.1631296156569
-64.1631296156569
-64.1631296156569
-64.1631296156569
-64.1631296156569
-64.1631296156569
-64.1631296156569
-64.1631296156569
-64.1631296156569
-64.1631296156569
-64.1631296156569
-64.1631296156569
-64.1631296156569
-64.1631296156569
-64.1631296156569
-64.1631296156569
-64.1631296156569
-64.1631296156569
-64.1631296156569
-64.1631296156569
-64.1631296156569
-64.1631296156569
-64.1631296156569
-64.1631296156569
-64.1631296156569
-64.1631296156569
-64.1631296156569
-64.1631296156569
-64.1631296156569
-64.1631296156569
-64.1631296156569
-64.1631296156569
-64.1631296156569
-64.1631296156569
-64.1631296156569
-64.1631296156569
-64.1631296156569
-64.1631296156569
-64.1631296156569
-64.1631296156569
-64.1631296156569
-64.1631296156569
-64.1631296156569
-64.1631296156569
-64.1631296156569
-64.1631296156569
-64.1631296156569
-64.1631296156569
-64.1631296156569
-64.1631296156569
-64.1631296156569
-64.1631296156569
-64.1631296156569
-64.1631296156569
-64.1631296156569
-64.1631296156569
-64.1631296156569
-64.1631296156569
-64.1631296156569
-64.1631296156569
-64.1631296156569
-64.1631296156569
-64.1631296156569
-64.1631296156569
-64.1631296156569
-64.1631296156569
-64.1631296156569
-64.1631296156569
-64.1631296156569
-64.1631296156569
-64.1631296156569
-64.1631296156569
-64.1631296156569
-64.1631296156569
-64.1631296156569
-64.1631296156569
-64.1631296156569
-64.1631296156569
-64.1631296156569
-64.1631296156569
-64.1631296156569
-64.1631296156569
-64.1631296156569
-64.1631296156569
-64.1631296156569
-64.1631296156569
-64.1631296156569
-64.1631296156569
-64.1631296156569
-64.1631296156569
-64.1631296156569
-64.1631296156569
-64.1631296156569
-64.1631296156569
-64.1631296156569
-64.1631296156569
-64.1631296156569
-64.1631296156569
-64.1631296156569
-64.1631296156569
-64.1631296156569
-64.1631296156569
-64.1631296156569
-64.1631296156569
-64.1631296156569
-64.1631296156569
-64.1631296156569
-64.1631296156569
-64.1631296156569
-64.1631296156569
-64.1631296156569
-64.1631296156569
-64.1631296156569
-64.1631296156569
-64.1631296156569
-64.1631296156569
-64.1631296156569
-64.1631296156569
-64.1631296156569
-64.1631296156569
-64.1631296156569
-64.1631296156569
-64.1631296156569
-64.1631296156569
-64.1631296156569
-64.1631296156569
-64.1631296156569
-64.1631296156569
-64.1631296156569
-64.1631296156569
-64.1631296156569
-64.1631296156569
-64.1631296156569
-64.1631296156569
-64.1631296156569
-64.1631296156569
-64.1631296156569
-64.1631296156569
-64.1631296156569
-64.1631296156569
-64.1631296156569
-64.1631296156569
-64.1631296156569
-64.1631296156569
-64.1631296156569
-64.1631296156569
-64.1631296156569
-64.1631296156569
-64.1631296156569
-64.1631296156569
-64.1631296156569
-64.1631296156569
-64.1631296156569
-64.1631296156569
-64.1631296156569
-64.1631296156569
-64.1631296156569
-64.1631296156569
-64.1631296156569
-64.1631296156569
-64.1631296156569
-64.1631296156569
-64.1631296156569
-64.1631296156569
-64.1631296156569
-64.1631296156569
-64.1631296156569
-64.1631296156569
-64.1631296156569
-64.1631296156569
-64.1631296156569
-64.1631296156569
-64.1631296156569
-64.1631296156569
-64.1631296156569
-64.1631296156569
-64.1631296156569
-64.1631296156569
-64.1631296156569
-64.1631296156569
-64.1631296156569
-64.1631296156569
-64.1631296156569
-64.1631296156569
-64.1631296156569
-64.1631296156569
-64.1631296156569
-64.1631296156569
-64.1631296156569
-64.1631296156569
-64.1631296156569
-64.1631296156569
-64.1631296156569
-64.1631296156569
-64.1631296156569
-64.1631296156569
-64.1631296156569
-64.1631296156569
-64.1631296156569
-64.1631296156569
-64.1631296156569
-64.1631296156569
-64.1631296156569
-64.1631296156569
-64.1631296156569
-64.1631296156569
-64.1631296156569
-64.1631296156569
-64.1631296156569
-64.1631296156569
-64.1631296156569
-64.1631296156569
-64.1631296156569
-64.1631296156569
-64.1631296156569
-64.1631296156569
-64.1631296156569
-64.1631296156569
-64.1631296156569
-64.1631296156569
-64.1631296156569
-64.1631296156569
-64.1631296156569
-64.1631296156569
-64.1631296156569
-64.1631296156569
-64.1631296156569
-64.1631296156569
-64.1631296156569
-64.1631296156569
-64.1631296156569
-64.1631296156569
-64.1631296156569
-64.1631296156569
-64.1631296156569
-64.1631296156569
-64.1631296156569
-64.1631296156569
-64.1631296156569
-64.1631296156569
-64.1631296156569
-64.1631296156569
-64.1631296156569
-64.1631296156569
-64.1631296156569
-64.1631296156569
-64.1631296156569
-64.1631296156569
-64.1631296156569
-64.1631296156569
-64.1631296156569
-64.1631296156569
-64.1631296156569
-64.1631296156569
-64.1631296156569
-64.1631296156569
-64.1631296156569
-64.1631296156569
-64.1631296156569
-64.1631296156569
-64.1631296156569
-64.1631296156569
-64.1631296156569
-64.1631296156569
-64.1631296156569
-64.1631296156569
-64.1631296156569
-64.1631296156569
-64.1631296156569
-64.1631296156569
-64.1631296156569
-64.1631296156569
-64.1631296156569
-64.1631296156569
-64.1631296156569
-64.1631296156569
-64.1631296156569
-64.1631296156569
-64.1631296156569
-64.1631296156569
-64.1631296156569
-64.1631296156569
-64.1631296156569
-64.1631296156569
-64.1631296156569
-64.1631296156569
-64.1631296156569
-64.1631296156569
-64.1631296156569
-64.1631296156569
-64.1631296156569
-64.1631296156569
-64.1631296156569
-64.1631296156569
-64.1631296156569
-64.1631296156569
-64.1631296156569
-64.1631296156569
-64.1631296156569
-64.1631296156569
-64.1631296156569
-64.1631296156569
-64.1631296156569
-64.1631296156569
-64.1631296156569
-64.1631296156569
-64.1631296156569
-64.1631296156569
-64.1631296156569
-64.1631296156569
-64.1631296156569
-64.1631296156569
-64.1631296156569
-64.1631296156569
-64.1631296156569
-64.1631296156569
-64.1631296156569
-64.1631296156569
-64.1631296156569
-64.1631296156569
-64.1631296156569
-64.1631296156569
-64.1631296156569
-64.1631296156569
-64.1631296156569
-64.1631296156569
-64.1631296156569
-64.1631296156569
-64.1631296156569
-64.1631296156569
-64.1631296156569
-64.1631296156569
-64.1631296156569
-64.1631296156569
-64.1631296156569
-64.1631296156569
-64.1631296156569
-64.1631296156569
-64.1631296156569
-64.1631296156569
-64.1631296156569
-64.1631296156569
-64.1631296156569
-64.1631296156569
-64.1631296156569
-64.1631296156569
-64.1631296156569
-64.1631296156569
-64.1631296156569
-64.1631296156569
-64.1631296156569
-64.1631296156569
-64.1631296156569
-64.1631296156569
-64.1631296156569
-64.1631296156569
-64.1631296156569
-64.1631296156569
-64.1631296156569
-64.1631296156569
-64.1631296156569
-64.1631296156569
-64.1631296156569
-64.1631296156569
-64.1631296156569
-64.1631296156569
-64.1631296156569
-64.1631296156569
-64.1631296156569
-64.1631296156569
-64.1631296156569
-64.1631296156569
-64.1631296156569
-64.1631296156569
-64.1631296156569
-64.1631296156569
-64.1631296156569
-64.1631296156569
-64.1631296156569
-64.1631296156569
-64.1631296156569
-64.1631296156569
-64.1631296156569
-64.1631296156569
-64.1631296156569
-64.1631296156569
-64.1631296156569
-64.1631296156569
-64.1631296156569
-64.1631296156569
-64.1631296156569
-64.1631296156569
-64.1631296156569
-64.1631296156569
-64.1631296156569
-64.1631296156569
-64.1631296156569
-64.1631296156569
-64.1631296156569
-64.1631296156569
-64.1631296156569
-64.1631296156569
-64.1631296156569
-64.1631296156569
-64.1631296156569
-64.1631296156569
-64.1631296156569
-64.1631296156569
-64.1631296156569
-64.1631296156569
-64.1631296156569
-64.1631296156569
-64.1631296156569
-64.1631296156569
-64.1631296156569
-64.1631296156569
-64.1631296156569
-64.1631296156569
-64.1631296156569
-64.1631296156569
-64.1631296156569
-64.1631296156569
-64.1631296156569
-64.1631296156569
-64.1631296156569
-64.1631296156569
-64.1631296156569
-64.1631296156569
-64.1631296156569
-64.1631296156569
-64.1631296156569
-64.1631296156569
-64.1631296156569
-64.1631296156569
-64.1631296156569
-64.1631296156569
-64.1631296156569
-64.1631296156569
-64.1631296156569
-64.1631296156569
-64.1631296156569
-64.1631296156569
-64.1631296156569
-64.1631296156569
-64.1631296156569
-64.1631296156569
-64.1631296156569
-64.1631296156569
-64.1631296156569
-64.1631296156569
-64.1631296156569
-64.1631296156569
-64.1631296156569
-64.1631296156569
-64.1631296156569
-64.1631296156569
-64.1631296156569
-64.1631296156569
-64.1631296156569
-64.1631296156569
-64.1631296156569
-64.1631296156569
-64.1631296156569
-64.1631296156569
-64.1631296156569
-64.1631296156569
-64.1631296156569
-64.1631296156569
-64.1631296156569
-64.1631296156569
-64.1631296156569
-64.1631296156569
-64.1631296156569
-64.1631296156569
-64.1631296156569
-64.1631296156569
-64.1631296156569
-64.1631296156569
-64.1631296156569
-64.1631296156569
-64.1631296156569
-64.1631296156569
-64.1631296156569
-64.1631296156569
-64.1631296156569
-64.1631296156569
-64.1631296156569
-64.1631296156569
-64.1631296156569
-64.1631296156569
-64.1631296156569
-64.1631296156569
-64.1631296156569
-64.1631296156569
-64.1631296156569
-64.1631296156569
-64.1631296156569
-64.1631296156569
-64.1631296156569
-64.1631296156569
-64.1631296156569
-64.1631296156569
-64.1631296156569
-64.1631296156569
-64.1631296156569
-64.1631296156569
-64.1631296156569
-64.1631296156569
-64.1631296156569
-64.1631296156569
-64.1631296156569
-64.1631296156569
-64.1631296156569
-64.1631296156569
-64.1631296156569
-64.1631296156569
-64.1631296156569
-64.1631296156569
-64.1631296156569
-64.1631296156569
-64.1631296156569
-64.1631296156569
-64.1631296156569
-64.1631296156569
-64.1631296156569
-64.1631296156569
-64.1631296156569
-64.1631296156569
-64.1631296156569
-64.1631296156569
-64.1631296156569
-64.1631296156569
-64.1631296156569
-64.1631296156569
-64.1631296156569
-64.1631296156569
-64.1631296156569
-64.1631296156569
-64.1631296156569
-64.1631296156569
-64.1631296156569
-64.1631296156569
-64.1631296156569
-64.1631296156569
-64.1631296156569
-64.1631296156569
-64.1631296156569
-64.1631296156569
-64.1631296156569
-64.1631296156569
-64.1631296156569
-64.1631296156569
-64.1631296156569
-64.1631296156569
-64.1631296156569
-64.1631296156569
-64.1631296156569
-64.1631296156569
-64.1631296156569
-64.1631296156569
-64.1631296156569
-64.1631296156569
-64.1631296156569
-64.1631296156569
-64.1631296156569
-64.1631296156569
-64.1631296156569
-64.1631296156569
-64.1631296156569
-64.1631296156569
-64.1631296156569
-64.1631296156569
-64.1631296156569
-64.1631296156569
-64.1631296156569
-64.1631296156569
-64.1631296156569
-64.1631296156569
-64.1631296156569
-64.1631296156569
-64.1631296156569
-64.1631296156569
-64.1631296156569
-64.1631296156569
-64.1631296156569
-64.1631296156569
-64.1631296156569
-64.1631296156569
-64.1631296156569
-64.1631296156569
-64.1631296156569
-64.1631296156569
-64.1631296156569
-64.1631296156569
-64.1631296156569
-64.1631296156569
-64.1631296156569
-64.1631296156569
-64.1631296156569
-64.1631296156569
-64.1631296156569
-64.1631296156569
-64.1631296156569
-64.1631296156569
-64.1631296156569
-64.1631296156569
-64.1631296156569
-64.1631296156569
-64.1631296156569
-64.1631296156569
-64.1631296156569
-64.1631296156569
-64.1631296156569
-64.1631296156569
-64.1631296156569
-64.1631296156569
-64.1631296156569
-64.1631296156569
-64.1631296156569
-64.1631296156569
-64.1631296156569
-64.1631296156569
-64.1631296156569
-64.1631296156569
-64.1631296156569
-64.1631296156569
-64.1631296156569
-64.1631296156569
-64.1631296156569
-64.1631296156569
-64.1631296156569
-64.1631296156569
-64.1631296156569
-64.1631296156569
-64.1631296156569
-64.1631296156569
-64.1631296156569
-64.1631296156569
-64.1631296156569
-64.1631296156569
-64.1631296156569
-64.1631296156569
-64.1631296156569
-64.1631296156569
-64.1631296156569
-64.1631296156569
-64.1631296156569
-64.1631296156569
-64.1631296156569
-64.1631296156569
-64.1631296156569
-64.1631296156569
-64.1631296156569
-64.1631296156569
-64.1631296156569
-64.1631296156569
-64.1631296156569
-64.1631296156569
-64.1631296156569
-64.1631296156569
-64.1631296156569
-64.1631296156569
-64.1631296156569
-64.1631296156569
-64.1631296156569
-64.1631296156569
-64.1631296156569
-64.1631296156569
-64.1631296156569
-64.1631296156569
-64.1631296156569
-64.1631296156569
-64.1631296156569
-64.1631296156569
-64.1631296156569
-64.1631296156569
-64.1631296156569
-64.1631296156569
-64.1631296156569
-64.1631296156569
-64.1631296156569
-64.1631296156569
-64.1631296156569
-64.1631296156569
-64.1631296156569
-64.1631296156569
-64.1631296156569
-64.1631296156569
-64.1631296156569
-64.1631296156569
-64.1631296156569
-64.1631296156569
-64.1631296156569
-64.1631296156569
-64.1631296156569
-64.1631296156569
-64.1631296156569
-64.1631296156569
-64.1631296156569
-64.1631296156569
-64.1631296156569
-64.1631296156569
-64.1631296156569
-64.1631296156569
-64.1631296156569
-64.1631296156569
-64.1631296156569
-64.1631296156569
-64.1631296156569
-64.1631296156569
-64.1631296156569
-64.1631296156569
-64.1631296156569
-64.1631296156569
-64.1631296156569
-64.1631296156569
-64.1631296156569
-64.1631296156569
-64.1631296156569
-64.1631296156569
-64.1631296156569
-64.1631296156569
-64.1631296156569
-64.1631296156569
-64.1631296156569
-64.1631296156569
-64.1631296156569
-64.1631296156569
-64.1631296156569
-64.1631296156569
-64.1631296156569
-64.1631296156569
-64.1631296156569
-64.1631296156569
-64.1631296156569
-64.1631296156569
-64.1631296156569
-64.1631296156569
-64.1631296156569
-64.1631296156569
-64.1631296156569
-64.1631296156569
-64.1631296156569
-64.1631296156569

