0.212455583271461
0.179607708731519
0.162536920837996
0.157387231221382
0.155611858231894
0.152823330209916
0.151162028468445
0.151642032546086
0.152672192135035
0.152818591611074
0.152690415034501
0.152744564847662
0.152652151350665
0.152996269613482
0.153520899280826
0.154377724907539
0.155030285423773
0.154851700522392
0.154998907948365
0.155050097606016
0.155408787031547
0.155486525489234
0.155546936182988
0.155937641063066
0.156293184486888
0.156271278065415
0.15643605476259
0.156494523463897
0.156474937017771
0.156706389020728
0.156677407501775
0.156803867631124
0.156556238299509
0.156636689138301
0.156938561629562
0.156979868148181
0.157031196279068
0.157446355779085
0.157557724302922
0.157719337451951
0.15732075922686
0.157611558371075
0.157757086658539
0.15768268411411
0.157698902934234
0.157506460220119
0.157619790320254
0.157800367639647
0.158080111028533
0.157960406967896
0.157893913887357
0.158003975742112
0.157892427624093
0.158013900339567
0.158400404595107
0.158330862775031
0.158094819735757
0.15802118603057
0.158392341495801
0.158615080504709
0.158378049952824
0.158380680368729
0.158414637342616
0.158392916468098
0.158467114029084
0.158401237026654
0.158496348662834
0.1586849161592
0.158659090761453
0.158613046516168
0.158451936547524
0.15854584858027
0.158419523316953
0.158760170863025
0.158887767581789
0.158886824857762
0.159171132652396
0.158985157027874
0.158955153471358
0.158829327734138
0.159234764155579
0.159003917794703
0.159149244228691
0.159067762105476
0.159038289534554
0.159262576217001
0.159361589857828
0.159335129373668
0.159139948465852
0.159084972686901
0.159143608131447
0.159437243573807
0.159531615664183
0.159453961451772
0.159252846536801
0.159196696814423
0.159815749758694
0.159820290227566
0.159352754252504
0.159335142208942
0.159571962687372
0.159800493402161
0.159965891956442
0.159645062803114
0.159631165596262
0.159854848608684
0.159939731529631
0.160229787033807
0.160254082175615
0.160119813474294
0.159973942656178
0.159982896858887
0.160110533585893
0.159958803239607
0.160176223770274
0.160358104254503
0.160256524289941
0.159979427664477
0.159977391817243
0.159958158155953
0.159785852911915
0.160066942184636
0.160100366648178
0.160015876601937
0.160028317101039
0.160126252107925
0.160192722780083
0.160256845561136
0.160049315435308
0.160134597373818
0.160231702682702
0.16031671590391
0.160191896667212
0.160114074446969
0.160160832667166
0.16036374459213
0.160215703519683
0.160202037130458
0.160482650926342
0.160321329254148
0.16018888102135
0.160358404884883
0.1603107373362
0.160284331010561
0.160228916550451
0.160368770774361
0.160684314017749
0.160605479493928
0.160537740092002
0.160615869834403
0.160465336375091
0.160628564817892
0.160629017107974
0.160557821222998
0.160507905452017
0.160518838318965
0.160640736808764
0.16054677167154
0.160363038643022
0.160683159183104
0.160957296991098
0.160936789639958
0.160967198310282
0.160825165809254
0.160795417290397
0.160761277069331
0.160737796066601
0.160776678788643
0.16046293936686
0.160606329416598
0.160789202192538
0.160755681148718
0.160544889501484
0.160525435837981
0.160489322898166
0.160679448150382
0.160705640541852
0.160758808296662
0.160758927556283
0.160900114888626
0.160828414408027
0.160680490480945
0.160674985630451
0.160658750709266
0.16072882101945
0.16063284834603
0.160783584945848
0.16080369041547
0.160856716886183
0.160781943185697
0.160799109095432
0.160987551429868
0.160837172189949
0.160704367515589
0.160658777574394
0.161015666758783
0.161029711364928
0.160901581875259
0.16094051917736
0.160889375476829
0.160842728662922
0.160866983369467
0.160834675342244
0.160847769784196
0.16088619735646
0.160935089339647
0.160947784376175
0.160834398604977
0.160751631125185
0.160733267200389
0.160898451664981
0.160953616520944
0.160717482010388
0.160809571674309
0.161103499513264
0.161102363045659
0.160941481761278
0.160845866368712
0.160961150751216
0.160906494397819
0.160745382139993
0.160892157450636
0.160927888457311
0.160952100341232
0.160909092758669
0.160826199651522
0.160918465628415
0.16106430333172
0.161115160277793
0.16119295093441
0.160891325479666
0.160817868342704
0.160979810529757
0.16110401856802
0.16114570793357
0.160920999374501
0.160870152315799
0.161002461895614
0.160993952612682
0.161028990033237
0.161072317085378
0.161163188512881
0.161131501344997
0.16105843932264
0.161097553848314
0.16100367283687
0.160952282362301
0.161161449635494
0.161268247934498
0.161179741340014
0.161113597178557
0.161081061285306
0.160902042832584
0.161214886686442
0.160953609820555
0.161094258187712
0.160961156493475
0.160978808417054
0.161069144714492
0.161058765155162
0.161127006104156
0.16105804883256
0.161110483685622
0.161055610442781
0.161237651880025
0.161227172366076
0.16118638672822
0.161192787896703
0.161276357377096
0.161176108085791
0.161095081042634
0.161064666194956
0.161148369395733
0.161281316641434
0.161267356321006
0.161213254218631
0.161245037024945
0.161159171763438
0.161156320038466
0.161180924274838
0.161235449498431
0.16122465859196
0.161349585043743
0.161111305425163
0.160858559455949
0.161051637159076
0.161253034020621
0.161331103657127
0.161254428396628
0.161023222356808
0.161104865287552
0.161245162825435
0.161257564032325
0.161359735044429
0.161264196908719
0.161170650241052
0.161223937713159
0.161249628592926
0.161160635771092
0.16116057756647
0.161309968924746
0.161299429290751
0.161096061075099
0.161169110179066
0.161259151049393
0.161236505506176
0.161038282348215
0.161025286699606
0.161250374461629
0.161307254128588
0.161222464401626
0.160977479543195
0.161060192567899
0.161208599286794
0.161121465785253
0.161167383455757
0.161152162882267
0.161145991223722
0.161321975076865
0.161225503094612
0.161243891064592
0.161374549113143
0.161303598003291
0.161201418988644
0.161238805944302
0.161197401194
0.161211241289709
0.161366186089583
0.161185236172682
0.161190734029567
0.161212157988889
0.161255042735661
0.161196417414363
0.161208496812321
0.161186240742491
0.161350643480152
0.161273813269147
0.161150088067003
0.161139351680954
0.161293739394202
0.161207992244597
0.161335370343443
0.161301184702035
0.161271016189856
0.161191825854733
0.161129755274804
0.161325765836054
0.161345222865693
0.161475625611864
0.161384347540421
0.161372071567856
0.161281988074388
0.161303135530379
0.161279027174328
0.161354902163525
0.161348112789326
0.16121902923744
0.161270605179717
0.161159097703779
0.161115557046756
0.161279843059106
0.161538639871145
0.161392766126596
0.161229460970958
0.16111785288524
0.16119166006465
0.161272511718615
0.16127912092114
0.161432325512628
0.161357640106298
0.161284874342174
0.161213097813389
0.161133684561912
0.161180750269601
0.161188374612672
0.161237440005754
0.161364370033108
0.161297283716567
0.161226737996333
0.161313671716431
0.161192646321204
0.161184836493625
0.16134174101494
0.161242936132763
0.160983200140791
0.161154713556411
0.161359351131518
0.161247670324822
0.1612533833367
0.161115729253401
0.161090404537326
0.161205487262081
0.161380165457832
0.161258376983587
0.161367872262562
0.161361709713209
0.161379233073325
0.161387560027057
0.161313115732636
0.161327162628627
0.16126436063503
0.161287131122898
0.161242809900158
0.161245002967353
0.161217545687177
0.161236009957489
0.161306641208985
0.161233932361334
0.161264981300776
0.161190052498581
0.161251839038898
0.161208165133772
0.16132294160328
0.161354994053332
0.16133856386446
0.161321880327091
0.161226838612998
0.161263206606279
0.161346281852576
0.161349006499
0.161258193416702
0.161118313603022
0.16127116137208
0.161430989141737
0.161389705257906
0.16122691411427
0.161240102622423
0.161195020623843
0.161203692533736
0.161297386825066
0.161195237455956
0.161248201848896
0.161254678222587
0.161152046078135
0.161153256495828
0.161308713172956
0.161387273651215
0.161286268573394
0.16126869012106
0.161323544982745
0.161340590657915
0.161325763596201
0.1612300679619
0.161171092884746
0.161159914740069
0.161241996825366
0.16121063145492
0.16141574394051
0.161402485748839
0.161415996118428
0.161423179124956
0.16145287096772
0.161327692955358
0.161313688152953
0.161250356431853
0.161149191540167
0.161265489114919
0.161337435919951
0.161344995188925
0.161341924590131
0.161309721155494
0.161280814416767
0.161419591886154
0.161421628894458
0.161321614154541
0.161369397582456
0.161333751626333
0.1613471881493
0.161244499691425
0.161391583447462
0.161393937322977
0.161270365460695
0.161321551064297
0.161223738878184
0.161337046989003
0.161419499883978
0.161403286575754
0.161454996980919
0.16133333800138
0.161298487021691
0.161294342710979
0.161322191846869
0.161351382136566
0.161556662210822
0.161490268290139
0.161486775308095
0.161349360091581
0.161221627093535
0.161328066950191
0.161347790011335
0.161419545042421
0.161187341912867
0.16109020899922
0.161318543967544
0.161382472686764
0.161492189126988
0.161416020452724
0.161313893377101
0.161368301833288
0.16132270228055

