406.83910966729
269.119614997434
213.39204316615
178.437301597377
146.087540565254
120.800312456336
106.204726451911
91.5576613816428
77.9220046486785
64.452715329636
52.6483142989768
39.9749804924315
27.1950065670728
15.9190754838859
4.43235098287203
-7.26768949212987
-19.655892490888
-31.5618388378034
-43.5650341999812
-56.0768467942631
-67.0250350608391
-77.7432808795863
-88.4771298610785
-97.7177164085388
-107.626358872068
-116.82846542141
-126.23622502736
-135.755974032232
-143.698549884656
-151.568851663347
-159.140551998388
-166.794917185456
-173.228424177889
-179.590013126601
-185.565525399761
-190.81189633363
-196.797105077028
-201.806020328669
-206.701147776221
-211.03856874424
-215.009244729075
-218.560058462917
-221.672622166046
-224.972380707267
-227.875136497265
-230.979710784413
-233.780824040881
-236.532183443856
-239.079613972297
-241.373718301885
-243.01963588273
-244.429761984184
-245.467567195829
-246.639955229905
-247.612813451413
-248.57374311026
-249.47922683826
-250.12759167779
-250.763684870656
-251.295970887874
-251.790953685535
-252.261442580565
-252.891858115951
-253.314383694826
-253.721212652349
-254.052253634942
-254.568929821677
-255.090605998383
-255.391383967384
-255.814915718023
-256.279145991516
-256.533454918069
-256.664912437604
-256.858857499687
-257.120027195271
-257.249147176267
-257.589565688991
-257.764914173291
-258.061523261045
-258.224292432996
-258.454372260555
-258.62458196009
-258.738668562354
-258.825254469779
-258.943511918894
-259.056718555986
-259.18091472744
-259.343158199317
-259.434110275315
-259.489294016279
-259.588579625275
-259.659099781442
-259.802573356023
-259.871643580679
-259.9996891637
-260.051586652823
-260.105077286353
-260.154215946534
-260.262804236001
-260.29975985358
-260.320606158832
-260.347973876932
-260.427727770708
-260.522577975714
-260.604057771819
-260.646104189907
-260.733669341507
-260.826658430292
-260.843047878119
-260.870659652877
-260.878475768415
-260.927831843796
-260.960896986326
-261.035763132427
-261.140343205623
-261.1759995796
-261.25149882314
-261.367934209821
-261.418326363966
-261.438320268175
-261.474358420375
-261.499328172989
-261.535365407238
-261.555872629552
-261.593517973603
-261.631273454519
-261.663005457402
-261.712668057869
-261.728801737549
-261.729527094837
-261.768053011719
-261.787770707904
-261.822304482124
-261.8364767255
-261.871101142939
-261.911078473861
-261.949926775821
-261.961990428337
-261.980789055793
-262.021724442059
-262.061708139975
-262.075094290849
-262.092639909947
-262.101759947942
-262.132491203591
-262.136867717386
-262.14434232957
-262.166324436514
-262.182176324846
-262.182176324846
-262.201199370574
-262.221945809568
-262.230468167142
-262.238367502322
-262.267978661087
-262.294186158582
-262.305397797416
-262.345295882144
-262.352623321025
-262.366408453754
-262.381732815487
-262.381913700762
-262.421473360244
-262.452556051723
-262.46314935763
-262.483021156456
-262.496335955537
-262.501706308542
-262.505943116167
-262.506318109341
-262.530108551424
-262.54909703272
-262.553122196329
-262.558993501634
-262.56980771317
-262.604406800138
-262.647772887605
-262.649724765541
-262.651051105526
-262.663810500918
-262.671054991624
-262.67789097872
-262.693521213234
-262.693521213234
-262.708006380709
-262.748537556734
-262.753365763885
-262.753812857966
-262.753812857966
-262.767423354377
-262.769172864292
-262.78752604788
-262.807563473485
-262.819407569337
-262.83966986963
-262.83966986963
-262.83966986963
-262.867733125443
-262.886241605916
-262.913563170018
-262.914914465525
-262.929311645656
-262.961906013773
-262.968759260763
-262.969241904495
-262.982285281374
-262.988748537252
-263.009743782087
-263.011231977229
-263.024453952764
-263.02508479324
-263.027355091505
-263.044425431598
-263.050212886633
-263.056726642264
-263.056726642264
-263.056726642264
-263.056726642264
-263.07321341043
-263.075155757601
-263.078529027886
-263.084049431538
-263.088899065716
-263.098767045024
-263.114404354395
-263.114404354395
-263.1191855573
-263.127931980491
-263.13310623189
-263.135090650995
-263.148331888954
-263.148331888954
-263.14951175705
-263.158893960996
-263.170461985718
-263.177080517307
-263.178523749888
-263.178523749888
-263.181872325989
-263.186376973996
-263.202996721933
-263.203830332225
-263.203830332225
-263.214646566455
-263.215188508229
-263.221318342839
-263.227694297363
-263.229279712301
-263.236045925395
-263.251724897997
-263.254975245445
-263.269265664058
-263.272119039072
-263.277051908803
-263.277637717705
-263.28607012856
-263.298117205292
-263.302395596976
-263.305432174553
-263.314556020912
-263.319441346548
-263.327471962202
-263.328501581616
-263.342005982448
-263.3465912086
-263.360786716771
-263.363916627775
-263.369999442892
-263.373635792414
-263.384588199658
-263.387381402447
-263.388423398555
-263.390633423692
-263.391008639598
-263.410920126426
-263.410921459452
-263.410921459452
-263.410924391884
-263.410924391884
-263.415403144533
-263.415403144533
-263.416548723467
-263.43336899673
-263.445228741518
-263.46093164732
-263.468705332878
-263.469770808815
-263.479540350055
-263.481481627923
-263.50141949064
-263.504503441994
-263.506413090864
-263.512951636146
-263.521218887192
-263.521977423198
-263.527153132204
-263.541720820954
-263.541720820954
-263.546156021895
-263.546156021895
-263.554600327635
-263.554600327635
-263.557888966561
-263.567633849266
-263.5677180777
-263.57379604403
-263.574491481215
-263.579023838113
-263.588127807238
-263.602668981521
-263.612115210421
-263.617515041799
-263.619336160583
-263.624626563192
-263.624626563192
-263.624626563192
-263.629491077634
-263.634595556144
-263.641218377219
-263.6631040661
-263.6631040661
-263.6631040661
-263.666162248176
-263.67129544243
-263.673318585381
-263.678282708434
-263.693245129436
-263.698067661189
-263.711989660503
-263.723860614268
-263.728026516157
-263.728026516157
-263.732153464333
-263.732153464333
-263.738345712134
-263.738345712134
-263.740214653283
-263.742599300112
-263.742599300112
-263.744634918686
-263.744634918686
-263.769439170272
-263.772430975125
-263.774548149615
-263.777117724835
-263.779896704739
-263.784203573749
-263.788671429891
-263.794216122382
-263.801498444886
-263.801498444886
-263.812854484452
-263.816239842549
-263.835424323887
-263.835424323887
-263.838581647794
-263.838581647794
-263.838581647794
-263.838581647794
-263.838581647794
-263.839169341028
-263.839169341028
-263.844509969717
-263.844509969717
-263.844543354719
-263.857463173419
-263.863076089846
-263.866329381514
-263.871298320785
-263.884720533946
-263.894654960048
-263.897040059129
-263.898955489287
-263.912265780338
-263.912265780338
-263.939014468254
-263.946664212871
-263.946664212871
-263.946870205238
-263.953940939753
-263.953940939753
-263.953940939753
-263.958303306221
-263.958303306221
-263.961115729538
-263.964662908556
-263.964662908556
-263.966572222969
-263.966955802893
-263.970197779342
-263.978946996503
-263.979480474616
-263.993849774365
-263.999592988527
-264.001432047881
-264.012362104343
-264.020213761315
-264.02588138002
-264.046355942695
-264.049917692747
-264.049917692747
-264.050662183959
-264.053545776157
-264.056803894489
-264.056803894489
-264.056803894489
-264.060417677261
-264.062571086956
-264.067853871996
-264.075311791507
-264.080435390471
-264.081614542815
-264.081614542815
-264.087121262461
-264.087121262461
-264.087354391437
-264.090244390175
-264.093170936046
-264.094798769163
-264.095459970644
-264.095459970644
-264.095459970644
-264.108237902375
-264.108237902375
-264.110561172314
-264.110561172314
-264.110561172314
-264.110561172314
-264.120750400453
-264.120750400453
-264.120750400453
-264.120750400453
-264.131540507894
-264.131627374766
-264.134986112888
-264.137409490552
-264.137409490552
-264.140797232104
-264.142509943908
-264.159886373576
-264.164933362059
-264.164933362059
-264.164933362059
-264.165237343784
-264.169078789336
-264.169078789336
-264.182328748426
-264.190036744163
-264.190449633804
-264.191929146509
-264.200498380881
-264.201593081773
-264.207065880271
-264.213124554607
-264.217147223823
-264.217147223823
-264.217365702692
-264.223561539649
-264.224483533434
-264.226012142385
-264.232418147363
-264.239934728402
-264.241953115005
-264.241953115005
-264.24218852145
-264.24218852145
-264.24218852145
-264.243471376134
-264.243471376134
-264.244563577931
-264.24479330456
-264.251364987583
-264.251364987583
-264.258907908732
-264.258907908732
-264.264067287049
-264.266780175357
-264.266780175357
-264.271237427247
-264.271237427247
-264.273277006763
-264.273277006763
-264.273277006763
-264.273277006763
-264.276219078816
-264.277916757846
-264.280689541987
-264.280689541987
-264.281729828591
-264.28999382593
-264.28999382593
-264.291063015692
-264.291063015692
-264.292223152711
-264.292223152711
-264.293809153238
-264.298848740906
-264.304975198654
-264.304975198654
-264.312151572019
-264.312151572019
-264.320098268106
-264.323663513095
-264.323663513095
-264.323663513095
-264.32423966771
-264.32423966771
-264.327473424125
-264.330998301147
-264.332540866754
-264.33311265033
-264.33311265033
-264.33311265033
-264.335704187309
-264.336177155933
-264.337466611267
-264.33910789502
-264.341698307555
-264.350226751253
-264.350226751253
-264.350226751253
-264.352075039133
-264.352075039133
-264.354519728803
-264.354519728803
-264.354519728803
-264.354519728803
-264.358767649198
-264.358767649198
-264.360386841038
-264.360386841038
-264.360386841038
-264.368148024611
-264.368148024611
-264.368148024611
-264.368683798775
-264.369643792662
-264.369643792662
-264.369801717022
-264.370344719713
-264.370441823856
-264.37198345671
-264.37220095799
-264.374699872337
-264.381034701992
-264.381034701992
-264.381034701992
-264.384702985763
-264.385418775283
-264.389420732863
-264.389420732863
-264.389420732863
-264.3970860945
-264.397701559621
-264.397936533879
-264.397936533879
-264.397936533879
-264.397936533879
-264.399765615729
-264.399765615729
-264.406257378895
-264.406257378895
-264.413535340919
-264.41567857908
-264.41567857908
-264.41567857908
-264.41567857908
-264.419294410979
-264.424273432456
-264.428752748974
-264.442498590508
-264.442498590508
-264.442498590508
-264.442498590508
-264.443381568767
-264.443381568767
-264.448122521498
-264.45364960749
-264.45364960749
-264.45364960749
-264.45364960749
-264.454587000577
-264.466216592456
-264.470886582236
-264.476137038737
-264.476137038737
-264.476137038737
-264.480585172111
-264.48538846421
-264.486193700325
-264.489068592684
-264.494380984207
-264.494380984207
-264.496570743809
-264.497246381653
-264.50208407468
-264.50311832538
-264.503165881962
-264.503165881962
-264.503375187729
-264.503375187729
-264.503503162088
-264.503503162088
-264.503503162088
-264.504333661368
-264.504333661368
-264.504333661368
-264.505327601887
-264.513525512894
-264.514353062857
-264.51562122854
-264.521788137389
-264.523136937722
-264.523136937722
-264.523136937722
-264.523153172479
-264.523153172479
-264.526057574455
-264.526429253196
-264.526429253196
-264.530434026663
-264.530721496237
-264.530721496237
-264.530721496237
-264.530721496237
-264.530721496237
-264.535185239717
-264.543899512539
-264.546058950428
-264.546058950428
-264.548587984526
-264.553865861276
-264.554486583225
-264.554486583225
-264.55493647905
-264.557431738761
-264.557431738761
-264.559662996837
-264.563554076683
-264.565170232273
-264.574054602156
-264.574054602156
-264.574054602156
-264.574054602156
-264.574486480863
-264.579213074154
-264.579213074154
-264.587533315078
-264.593420795569
-264.59722583265
-264.600469538534
-264.600469538534
-264.601994387578
-264.602288971779
-264.610679532679
-264.611315985469
-264.612628022339
-264.614279873161
-264.617300656872
-264.622632405187
-264.624320767292
-264.62656206601
-264.62656206601
-264.632628444386
-264.632628444386
-264.635727421336
-264.641052644086
-264.641052644086
-264.641052644086
-264.641052644086
-264.642741456515
-264.642741456515
-264.642741456515
-264.645463000437
-264.645463000437
-264.647078027232
-264.647078027232
-264.647263840444
-264.647263840444
-264.648560527111
-264.656342608886
-264.657476404102
-264.657476404102
-264.659377577858
-264.659771164721
-264.664585270889
-264.664585270889
-264.665531681962
-264.666852676597
-264.669260487643
-264.677281437546
-264.677281437546
-264.677281437546
-264.67728149229
-264.679633201033
-264.680004298581
-264.686439702382
-264.693165425399
-264.695492003578
-264.706287888578
-264.708790910803
-264.71364155807
-264.71364155807
-264.716015533493
-264.722919104985
-264.734455027524
-264.734455027524
-264.739992977815
-264.742256709075
-264.759909378993
-264.762526940683
-264.764228374219
-264.768491662861
-264.771651955733
-264.778105025526
-264.784439465669
-264.786141825253
-264.787608339557
-264.792580376615
-264.793049020323
-264.794796932893
-264.802674966163
-264.80489537125
-264.806908744026
-264.806908744026
-264.806969949624
-264.807098699625
-264.813413143149
-264.816293489077
-264.832595630388
-264.835349319879
-264.849370880963
-264.850817209636
-264.86107540755
-264.866173992834
-264.867518062125
-264.86870603753
-264.875903723859
-264.88067589804
-264.886146634305
-264.897494313157
-264.911465451507
-264.914608077294
-264.918798864779
-264.927132552041
-264.94289164994
-264.951584839901
-264.968685149142
-264.976095832484
-264.985680557664
-264.995289459127
-265.003081400669
-265.028838737644
-265.038895252705
-265.050899157805
-265.070384849951
-265.084211064
-265.102851050106
-265.121112805631
-265.143330759604
-265.162516251967
-265.188750101351
-265.207468866812
-265.224255165592
-265.249991900164
-265.269992884183
-265.288975787132
-265.310023379834
-265.325655775243
-265.344278514697
-265.362377910923
-265.384692499046
-265.401184512942
-265.424452609942
-265.443580422855
-265.459495031974
-265.496469956322
-265.507155656425
-265.529246239575
-265.541452917211
-265.555922017967
-265.574712882072
-265.590907863339
-265.605072716914
-265.623975760732
-265.638873789518
-265.654095300938
-265.667873857669
-265.684006662252
-265.697670765635
-265.708714589975
-265.718507087825
-265.729891177389
-265.74018904551
-265.748798829828
-265.760856505544
-265.769272824352
-265.778295202655
-265.784349684552
-265.79327685844
-265.800824917225
-265.806716866715
-265.812895383347
-265.819787358711
-265.825286533429
-265.83097682164
-265.836156299473
-265.840708899148
-265.845399968446
-265.849437523964
-265.852839956186
-265.856307023078
-265.859804608391
-265.863332432298
-265.865623064012
-265.868125926599
-265.870711047499
-265.872983195836
-265.875262477439
-265.876930030315
-265.878652184015
-265.88039704851
-265.881824185991
-265.88317366118
-265.88448656879
-265.885632300354
-265.886695490083
-265.887763876386
-265.888693163011
-265.889515707166
-265.890337186728
-265.891163079582
-265.891937480211
-265.892515298916
-265.893096555909
-265.893695435192
-265.894254685469
-265.89473721897
-265.895130685131
-265.895515415012
-265.895851328026
-265.896209687963
-265.896538042489
-265.896809843251
-265.897063069199
-265.897325403947
-265.897524017377
-265.897720364274
-265.897896854212
-265.898057780404
-265.898195988524
-265.898330174808
-265.898461439871
-265.898563770006
-265.898679000521
-265.898780961154
-265.898867988896
-265.89895323456
-265.899031859921
-265.899095932422
-265.899162189312
-265.899210911663
-265.899269386072
-265.899316312398
-265.899362366859
-265.899405906156
-265.899443007257
-265.899474911355
-265.899505835023
-265.899534213739
-265.899560086339
-265.899584055407
-265.899604956972
-265.899627297974
-265.89964600034
-265.89966463572
-265.899680369428
-265.899692925324
-265.899704627696
-265.899716108961
-265.899727824872
-265.899737453619
-265.899745608017
-265.899752827632
-265.899760035653
-265.899766764483
-265.89977312981
-265.899779056089
-265.899783739759
-265.899788478607
-265.899792635904
-265.899796293993
-265.899799375063
-265.89980266829
-265.899805635787
-265.899808514644
-265.899811100525
-265.899813442436
-265.899815338961
-265.899817334184
-265.899819225563
-265.899820813109
-265.899822221492
-265.899823604324
-265.899824797949
-265.899825983761
-265.899826948151
-265.8998279382
-265.899828861878
-265.899829630176
-265.899830338433
-265.899830985531
-265.899831605221
-265.899832181956
-265.899832664682
-265.899833147132
-265.899833593097
-265.899834008849
-265.89983437143
-265.899834727243
-265.89983504156
-265.89983531452
-265.899835579268
-265.899835813197
-265.899836024124
-265.899836239051
-265.899836412865
-265.899836578916
-265.899836730177
-265.899836870863
-265.899836993214
-265.899837108525
-265.899837215028
-265.89983731606
-265.899837412246
-265.899837490897
-265.899837570051
-265.89983763018
-265.89983769606
-265.899837757666
-265.899837812136
-265.899837863537
-265.899837907279
-265.899837944731
-265.899837984559
-265.89983801822
-265.899838051156
-265.899838080296
-265.899838109374
-265.899838132772
-265.899838154877
-265.899838174223
-265.899838194388
-265.899838215015
-265.899838232214
-265.899838248643
-265.89983826522
-265.899838275748
-265.89983828805
-265.899838299441
-265.899838309711
-265.899838318687
-265.899838326755
-265.899838333562
-265.899838341124
-265.899838347993
-265.899838353913
-265.899838360409
-265.899838366679
-265.899838371906
-265.89983837727
-265.899838381572
-265.899838385189
-265.899838388692
-265.899838391965
-265.899838395718
-265.89983839881
-265.89983840172
-265.899838404277
-265.899838407061
-265.899838409406
-265.899838411611
-265.899838413739
-265.89983841559
-265.899838417422
-265.899838418979
-265.899838420521
-265.899838422108
-265.899838423496
-265.899838424543
-265.899838425856
-265.899838427143
-265.899838428269
-265.899838429395
-265.899838430334
-265.899838431272
-265.899838432061
-265.899838432759
-265.899838433488
-265.899838434113
-265.899838434681
-265.899838435349
-265.899838435869
-265.899838436366
-265.89983843686
-265.899838437313
-265.899838437787
-265.899838438164
-265.89983843852
-265.899838438883
-265.899838439286
-265.899838439638
-265.899838439919
-265.899838440246
-265.899838440598
-265.899838440882
-265.899838441151
-265.899838441352
-265.899838441565
-265.899838441813
-265.899838441998
-265.89983844221
-265.899838442376
-265.89983844255
-265.899838442704
-265.899838442852
-265.899838442988
-265.899838443131
-265.899838443295
-265.899838443429
-265.899838443561
-265.899838443673
-265.899838443772
-265.899838443879
-265.89983844398
-265.89983844406
-265.899838444144
-265.899838444229
-265.899838444293
-265.899838444373
-265.899838444439
-265.899838444502
-265.89983844456
-265.899838444618
-265.899838444676
-265.899838444732
-265.899838444788
-265.899838444839
-265.899838444885
-265.899838444933
-265.89983844497
-265.899838445011
-265.899838445054
-265.899838445095
-265.899838445126
-265.899838445157
-265.899838445189
-265.899838445218
-265.899838445247
-265.899838445271
-265.899838445297
-265.899838445317
-265.899838445341
-265.899838445357
-265.899838445375
-265.899838445395
-265.899838445416
-265.899838445432
-265.89983844545
-265.899838445469
-265.899838445482
-265.899838445497
-265.899838445509
-265.899838445525
-265.899838445538
-265.899838445548
-265.899838445559
-265.899838445569
-265.89983844558
-265.89983844559
-265.899838445597
-265.899838445605
-265.899838445613
-265.89983844562
-265.899838445628
-265.899838445635
-265.899838445642
-265.89983844565
-265.899838445657
-265.899838445662
-265.899838445667
-265.899838445672
-265.899838445676
-265.89983844568
-265.899838445684
-265.899838445688
-265.899838445692
-265.899838445696
-265.899838445699
-265.899838445702
-265.899838445705
-265.899838445709
-265.899838445711
-265.899838445714
-265.899838445717
-265.89983844572
-265.899838445722
-265.899838445725
-265.899838445727
-265.899838445729
-265.899838445731
-265.899838445733
-265.899838445735
-265.899838445737
-265.899838445738
-265.89983844574
-265.899838445741
-265.899838445743
-265.899838445744
-265.899838445745
-265.899838445746
-265.899838445748
-265.899838445749
-265.89983844575
-265.89983844575
-265.899838445751
-265.899838445752
-265.899838445753
-265.899838445754
-265.899838445754
-265.899838445755
-265.899838445756
-265.899838445757
-265.899838445757
-265.899838445758
-265.899838445759
-265.899838445759
-265.89983844576
-265.89983844576
-265.899838445761
-265.899838445761
-265.899838445762
-265.899838445762
-265.899838445763
-265.899838445763
-265.899838445763
-265.899838445764
-265.899838445764
-265.899838445764
-265.899838445765
-265.899838445765
-265.899838445765
-265.899838445765
-265.899838445766
-265.899838445766
-265.899838445766
-265.899838445766
-265.899838445766
-265.899838445767
-265.899838445767
-265.899838445767
-265.899838445767
-265.899838445767
-265.899838445767
-265.899838445768
-265.899838445768
-265.899838445768
-265.899838445768
-265.899838445768
-265.899838445768
-265.899838445768
-265.899838445768
-265.899838445768
-265.899838445769
-265.899838445769
-265.899838445769
-265.899838445769
-265.899838445769
-265.899838445769
-265.899838445769
-265.899838445769
-265.899838445769
-265.899838445769
-265.899838445769
-265.899838445769
-265.899838445769
-265.899838445769
-265.899838445769
-265.899838445769
-265.899838445769
-265.899838445769
-265.899838445769
-265.899838445769
-265.899838445769
-265.899838445769
-265.899838445769
-265.899838445769
-265.899838445769
-265.899838445769
-265.899838445769
-265.899838445769
-265.899838445769
-265.899838445769
-265.899838445769
-265.899838445769
-265.89983844577
-265.89983844577
-265.89983844577
-265.89983844577
-265.89983844577
-265.89983844577
-265.89983844577
-265.89983844577
-265.89983844577
-265.89983844577
-265.89983844577
-265.89983844577
-265.89983844577
-265.89983844577
-265.89983844577
-265.89983844577
-265.89983844577
-265.89983844577
-265.89983844577
-265.89983844577
-265.89983844577
-265.89983844577
-265.89983844577
-265.89983844577
-265.89983844577
-265.89983844577
-265.89983844577
-265.89983844577
-265.89983844577
-265.89983844577
-265.89983844577
-265.89983844577
-265.89983844577
-265.89983844577
-265.89983844577
-265.89983844577
-265.89983844577
-265.89983844577
-265.89983844577
-265.89983844577
-265.89983844577
-265.89983844577
-265.89983844577
-265.89983844577
-265.89983844577
-265.89983844577
-265.89983844577
-265.89983844577
-265.89983844577
-265.89983844577
-265.89983844577
-265.89983844577
-265.89983844577
-265.89983844577
-265.89983844577
-265.89983844577
-265.89983844577
-265.89983844577
-265.89983844577
-265.89983844577
-265.89983844577
-265.89983844577
-265.89983844577
-265.89983844577
-265.89983844577
-265.89983844577
-265.89983844577
-265.89983844577
-265.89983844577
-265.89983844577
-265.89983844577
-265.89983844577
-265.89983844577
-265.89983844577
-265.89983844577
-265.89983844577
-265.89983844577
-265.89983844577
-265.89983844577
-265.89983844577
-265.89983844577
-265.89983844577
-265.89983844577
-265.89983844577
-265.89983844577
-265.89983844577
-265.89983844577
-265.89983844577
-265.89983844577
-265.89983844577
-265.89983844577
-265.89983844577
-265.89983844577
-265.89983844577
-265.89983844577
-265.89983844577
-265.89983844577
-265.89983844577
-265.89983844577
-265.89983844577
-265.89983844577
-265.89983844577
-265.89983844577
-265.89983844577
-265.89983844577
-265.89983844577
-265.89983844577
-265.89983844577
-265.89983844577
-265.89983844577
-265.89983844577
-265.89983844577
-265.89983844577
-265.89983844577
-265.89983844577
-265.89983844577
-265.89983844577
-265.89983844577
-265.89983844577
-265.89983844577
-265.89983844577
-265.89983844577
-265.89983844577
-265.89983844577
-265.89983844577
-265.89983844577
-265.89983844577
-265.89983844577
-265.89983844577
-265.89983844577
-265.89983844577
-265.89983844577
-265.89983844577
-265.89983844577
-265.89983844577
-265.89983844577
-265.89983844577
-265.89983844577
-265.89983844577
-265.89983844577
-265.89983844577
-265.89983844577
-265.89983844577
-265.89983844577
-265.89983844577
-265.89983844577
-265.89983844577
-265.89983844577
-265.89983844577
-265.89983844577
-265.89983844577
-265.89983844577
-265.89983844577
-265.89983844577
-265.89983844577
-265.89983844577
-265.89983844577
-265.89983844577
-265.89983844577
-265.89983844577
-265.89983844577
-265.89983844577
-265.89983844577
-265.89983844577
-265.89983844577
-265.89983844577
-265.89983844577
-265.89983844577
-265.89983844577
-265.89983844577
-265.89983844577
-265.89983844577
-265.89983844577
-265.89983844577
-265.89983844577
-265.89983844577
-265.89983844577
-265.89983844577
-265.89983844577
-265.89983844577
-265.89983844577
-265.89983844577
-265.89983844577
-265.89983844577
-265.89983844577
-265.89983844577
-265.89983844577
-265.89983844577
-265.89983844577
-265.89983844577
-265.89983844577
-265.89983844577
-265.89983844577
-265.89983844577
-265.89983844577
-265.89983844577
-265.89983844577
-265.89983844577
-265.89983844577
-265.89983844577
-265.89983844577
-265.89983844577
-265.89983844577
-265.89983844577
-265.89983844577
-265.89983844577
-265.89983844577
-265.89983844577
-265.89983844577
-265.89983844577
-265.89983844577
-265.89983844577
-265.89983844577
-265.89983844577
-265.89983844577
-265.89983844577
-265.89983844577
-265.89983844577
-265.89983844577
-265.89983844577
-265.89983844577
-265.89983844577
-265.89983844577
-265.89983844577
-265.89983844577
-265.89983844577
-265.89983844577
-265.89983844577
-265.89983844577
-265.89983844577
-265.89983844577
-265.89983844577
-265.89983844577
-265.89983844577
-265.89983844577
-265.89983844577
-265.89983844577
-265.89983844577
-265.89983844577
-265.89983844577
-265.89983844577
-265.89983844577
-265.89983844577
-265.89983844577
-265.89983844577
-265.89983844577
-265.89983844577
-265.89983844577
-265.89983844577
-265.89983844577
-265.89983844577
-265.89983844577
-265.89983844577
-265.89983844577
-265.89983844577
-265.89983844577
-265.89983844577
-265.89983844577
-265.89983844577
-265.89983844577
-265.89983844577
-265.89983844577
-265.89983844577
-265.89983844577
-265.89983844577
-265.89983844577
-265.89983844577
-265.89983844577
-265.89983844577
-265.89983844577
-265.89983844577
-265.89983844577
-265.89983844577
-265.89983844577
-265.89983844577
-265.89983844577
-265.89983844577
-265.89983844577
-265.89983844577
-265.89983844577
-265.89983844577
-265.89983844577
-265.89983844577
-265.89983844577
-265.89983844577
-265.89983844577
-265.89983844577
-265.89983844577
-265.89983844577
-265.89983844577
-265.89983844577
-265.89983844577
-265.89983844577
-265.89983844577
-265.89983844577

