6.06861870839407
5.39057903501052
4.1704741946229
3.04064858461829
2.03482125476379
1.25668872575696
0.892343090997605
0.811023107830893
0.787728241750392
0.766173696292094
0.754054990762274
0.744435106634077
0.737838888183143
0.73411927799295
0.728762239582238
0.726732745869484
0.724743961564454
0.723922288656908
0.723427360145276
0.723167248528426
0.723010381318801
0.722960903644132
0.722905317831134
0.722894002055118
0.722885040628919
0.722874840365635
0.722873634571855
0.722872535284548
0.722872138988615
0.722871906222371
0.722871774408181
0.722871644608849
0.722871625419584
0.722871613755758
0.72287160573006
0.722871596412067
0.722871594504427
0.722871593613781
0.722871593246574
0.72287159312726
0.722871592926766
0.72287159280812
0.722871592789613
0.722871592778395
0.722871592765734
0.722871592759744
0.722871592758217
0.722871592757526
0.72287159275703
0.722871592756726
0.722871592756652
0.722871592756566
0.722871592756277
0.722871592756268
0.72287159275626
0.722871592756255
0.722871592756255
0.722871592756254
0.722871592756224
0.722871592756224
0.722871592756224
0.722871592756224
0.722871592756224
0.722871592756224
0.722871592756224
0.722871592756224
0.722871592756224
0.722871592756224
0.722871592756224
0.722871592756224
0.722871592756224
0.722871592756224
0.722871592756224
0.722871592756224
0.722871592756224
0.722871592756224
0.722871592756224
0.722871592756224
0.722871592756224
0.722871592756224
0.722871592756224
0.722871592756224
0.722871592756224
0.722871592756224
0.722871592756224
0.722871592756224
0.722871592756224
0.722871592756224
0.722871592756224
0.722871592756224
0.722871592756224
0.722871592756224
0.722871592756224
0.722871592756224
0.722871592756224
0.722871592756224
0.722871592756224
0.722871592756224
0.722871592756224
0.722871592756224
0.722871592756224
0.722871592756224
0.722871592756224
0.722871592756224
0.722871592756224
0.722871592756224
0.722871592756224
0.722871592756224
0.722871592756224
0.722871592756224
0.722871592756224
0.722871592756224
0.722871592756224
0.722871592756224
0.722871592756224
0.722871592756224
0.722871592756224
0.722871592756224
0.722871592756224
0.722871592756224
0.722871592756224
0.722871592756224
0.722871592756224
0.722871592756224
0.722871592756224
0.722871592756224
0.722871592756224
0.722871592756224
0.722871592756224
0.722871592756224
0.722871592756224
0.722871592756224
0.722871592756224
0.722871592756224
0.722871592756224
0.722871592756224
0.722871592756224
0.722871592756224
0.722871592756224
0.722871592756224
0.722871592756224
0.722871592756224
0.722871592756224
0.722871592756224
0.722871592756224
0.722871592756224
0.722871592756224
0.722871592756224
0.722871592756224
0.722871592756224
0.722871592756224
0.722871592756224
0.722871592756224
0.722871592756224
0.722871592756224
0.722871592756224
0.722871592756224
0.722871592756224
0.722871592756224
0.722871592756224
0.722871592756224
0.722871592756224
0.722871592756224
0.722871592756224
0.722871592756224
0.722871592756224
0.722871592756224
0.722871592756224
0.722871592756224
0.722871592756224
0.722871592756224
0.722871592756224
0.722871592756224
0.722871592756224
0.722871592756224
0.722871592756224
0.722871592756224
0.722871592756224
0.722871592756224
0.722871592756224
0.722871592756224
0.722871592756224
0.722871592756224
0.722871592756224
0.722871592756224
0.722871592756224
0.722871592756224
0.722871592756224
0.722871592756224
0.722871592756224
0.722871592756224
0.722871592756224
0.722871592756224
0.722871592756224
0.722871592756224
0.722871592756224
0.722871592756224
0.722871592756224
0.722871592756224
0.722871592756224
0.722871592756224
0.722871592756224
0.722871592756224
0.722871592756224
0.722871592756224
0.722871592756224
0.722871592756224
0.722871592756224
0.722871592756224
0.722871592756224
0.722871592756224
0.722871592756224
0.722871592756224
0.722871592756224
0.722871592756224
0.722871592756224
0.722871592756224
0.722871592756224
0.722871592756224
0.722871592756224
0.722871592756224
0.722871592756224
0.722871592756224
0.722871592756224
0.722871592756224
0.722871592756224
0.722871592756224
0.722871592756224
0.722871592756224
0.722871592756224
0.722871592756224
0.722871592756224
0.722871592756224
0.722871592756224
0.722871592756224
0.722871592756224
0.722871592756224
0.722871592756224
0.722871592756224
0.722871592756224
0.722871592756224
0.722871592756224
0.722871592756224
0.722871592756224
0.722871592756224
0.722871592756224
0.722871592756224
0.722871592756224
0.722871592756224
0.722871592756224
0.722871592756224
0.722871592756224
0.722871592756224
0.722871592756224
0.722871592756224
0.722871592756224
0.722871592756224
0.722871592756224
0.722871592756224
0.722871592756224
0.722871592756224
0.722871592756224
0.722871592756224
0.722871592756224
0.722871592756224
0.722871592756224
0.722871592756224
0.722871592756224
0.722871592756224
0.722871592756224
0.722871592756224
0.722871592756224
0.722871592756224
0.722871592756224
0.722871592756224
0.722871592756224
0.722871592756224
0.722871592756224
0.722871592756224
0.722871592756224
0.722871592756224
0.722871592756224
0.722871592756224
0.722871592756224
0.722871592756224
0.722871592756224
0.722871592756224
0.722871592756224
0.722871592756224
0.722871592756224
0.722871592756224
0.722871592756224
0.722871592756224
0.722871592756224
0.722871592756224
0.722871592756224
0.722871592756224
0.722871592756224
0.722871592756224
0.722871592756224
0.722871592756224
0.722871592756224
0.722871592756224
0.722871592756224
0.722871592756224
0.722871592756224
0.722871592756224
0.722871592756224
0.722871592756224
0.722871592756224
0.722871592756224
0.722871592756224
0.722871592756224
0.722871592756224
0.722871592756224
0.722871592756224
0.722871592756224
0.722871592756224
0.722871592756224
0.722871592756224
0.722871592756224
0.722871592756224
0.722871592756224
0.722871592756224
0.722871592756224
0.722871592756224
0.722871592756224
0.722871592756224
0.722871592756224
0.722871592756224
0.722871592756224
0.722871592756224
0.722871592756224
0.722871592756224
0.722871592756224
0.722871592756224
0.722871592756224
0.722871592756224
0.722871592756224
0.722871592756224
0.722871592756224
0.722871592756224
0.722871592756224
0.722871592756224
0.722871592756224
0.722871592756224
0.722871592756224
0.722871592756224
0.722871592756224
0.722871592756224
0.722871592756224
0.722871592756224
0.722871592756224
0.722871592756224
0.722871592756224
0.722871592756224
0.722871592756224
0.722871592756224
0.722871592756224
0.722871592756224
0.722871592756224
0.722871592756224
0.722871592756224
0.722871592756224
0.722871592756224
0.722871592756224
0.722871592756224
0.722871592756224
0.722871592756224
0.722871592756224
0.722871592756224
0.722871592756224
0.722871592756224
0.722871592756224
0.722871592756224
0.722871592756224
0.722871592756224
0.722871592756224
0.722871592756224
0.722871592756224
0.722871592756224
0.722871592756224
0.722871592756224
0.722871592756224
0.722871592756224
0.722871592756224
0.722871592756224
0.722871592756224
0.722871592756224
0.722871592756224
0.722871592756224
0.722871592756224
0.722871592756224
0.722871592756224
0.722871592756224
0.722871592756224
0.722871592756224
0.722871592756224
0.722871592756224
0.722871592756224
0.722871592756224
0.722871592756224
0.722871592756224
0.722871592756224
0.722871592756224
0.722871592756224
0.722871592756224
0.722871592756224
0.722871592756224
0.722871592756224
0.722871592756224
0.722871592756224
0.722871592756224
0.722871592756224
0.722871592756224
0.722871592756224
0.722871592756224
0.722871592756224
0.722871592756224
0.722871592756224
0.722871592756224
0.722871592756224
0.722871592756224
0.722871592756224
0.722871592756224
0.722871592756224
0.722871592756224
0.722871592756224
0.722871592756224
0.722871592756224
0.722871592756224
0.722871592756224
0.722871592756224
0.722871592756224
0.722871592756224
0.722871592756224
0.722871592756224
0.722871592756224
0.722871592756224
0.722871592756224
0.722871592756224
0.722871592756224
0.722871592756224
0.722871592756224
0.722871592756224
0.722871592756224
0.722871592756224
0.722871592756224
0.722871592756224
0.722871592756224
0.722871592756224
0.722871592756224
0.722871592756224
0.722871592756224
0.722871592756224
0.722871592756224
0.722871592756224
0.722871592756224
0.722871592756224
0.722871592756224
0.722871592756224
0.722871592756224
0.722871592756224
0.722871592756224
0.722871592756224
0.722871592756224
0.722871592756224
0.722871592756224
0.722871592756224
0.722871592756224
0.722871592756224
0.722871592756224
0.722871592756224
0.722871592756224
0.722871592756224
0.722871592756224
0.722871592756224
0.722871592756224
0.722871592756224
0.722871592756224
0.722871592756224
0.722871592756224
0.722871592756224
0.722871592756224
0.722871592756224
0.722871592756224
0.722871592756224
0.722871592756224
0.722871592756224
0.722871592756224
0.722871592756224
0.722871592756224
0.722871592756224
0.722871592756224
0.722871592756224
0.722871592756224
0.722871592756224
0.722871592756224
0.722871592756224
0.722871592756224

