5.21542306081071
1.29115760190106
0.824222754737385
0.824222754737385
0.773827868786864
0.773827868786864
0.753730973140318
0.741093546366307
0.733944136116998
0.733944136116998
0.701716092367017
0.682828696258498
0.647537562166679
0.530270902642169
0.506123333175528
0.506123333175528
0.487098046411948
0.446827737208214
0.446827737208214
0.43872875016955
0.428449403393702
0.40352703881803
0.389798985454572
0.361097404518809
0.352738461858679
0.326479532087257
0.312257791297972
0.282051284174859
0.282051284174859
0.265680287177282
0.220723920254022
0.220723920254022
0.220723920254022
0.214413323087792
0.214413323087792
0.174028434809877
0.174028434809877
0.151772589473852
0.151772589473852
0.151540447887765
0.126888465696446
0.125203159591672
0.125203159591672
0.113173250522757
0.104633451095295
0.104633451095295
0.0941357436590011
0.0941357436590011
0.0924597657949616
0.0924597657949616
0.0924597657949616
0.0795782086074954
0.064446661971461
0.0612816718750365
0.0612816718750365
0.0612816718750365
0.0612816718750365
0.0563663226228248
0.0538695248681865
0.0538695248681865
0.0507865566551212
0.045840553890444
0.045840553890444
0.0413617769992828
0.040260927276769
0.040260927276769
0.0381499955101417
0.0332369778934804
0.0332369778934804
0.0332369778934804
0.0332369778934804
0.0332369778934804
0.0332369778934804
0.0311958667585381
0.0311958667585381
0.0291637891149772
0.0274563730759708
0.0210692312446397
0.0207885782123003
0.0207885782123003
0.0207885782123003
0.0181579061715285
0.0126520431145898
0.0126520431145898
0.0126520431145898
0.0126520431145898
0.0126520431145898
0.0126520431145898
0.0126520431145898
0.0126520431145898
0.0126520431145898
0.0126520431145898
0.0126520431145898
0.0126520431145898
0.0126520431145898
0.0126520431145898
0.0124803868815918
0.0124803868815918
0.0124803868815918
0.0124803868815918
0.0124803868815918
0.0124803868815918
0.0122429962703543
0.0122429962703543
0.0122429962703543
0.0122429962703543
0.0122408667813381
0.0122408667813381
0.0122408667813381
0.0122408667813381
0.0122408667813381
0.0112017830106405
0.00967113599767128
0.00967113599767128
0.00967113599767128
0.00967113599767128
0.00944022951101545
0.00815295988384843
0.00815295988384843
0.00815295988384843
0.00815295988384843
0.00815295988384843
0.00815295988384843
0.00815295988384843
0.00756254743452705
0.00756254743452705
0.00473413834017578
0.00473413834017578
0.00473413834017578
0.00473413834017578
0.00473413834017578
0.00473413834017578
0.00473413834017578
0.00473413834017578
0.00473413834017578
0.00473413834017578
0.00473413834017578
0.00473413834017578
0.00473413834017578
0.00473413834017578
0.00473413834017578
0.00473413834017578
0.00473413834017578
0.00473413834017578
0.00473413834017578
0.00473413834017578
0.00473413834017578
0.00473413834017578
0.00473413834017578
0.00473413834017578
0.00473413834017578
0.00473413834017578
0.00473413834017578
0.00473413834017578
0.00473413834017578
0.00277357716074982
0.00275826725733235
0.00275826725733235
0.00275826725733235
0.00275826725733235
0.00275826725733235
0.00275826725733235
0.00275826725733235
0.00275826725733235
0.00275826725733235
0.00275826725733235
0.00275826725733235
0.00275826725733235
0.00275826725733235
0.00275826725733235
0.00275826725733235
0.00271439563122574
0.00271439563122574
0.00271439563122574
0.00271439563122574
0.00271439563122574
0.00271439563122574
0.00271439563122574
0.00271439563122574
0.00271439563122574
0.00271439563122574
0.00271439563122574
0.00271439563122574
0.00271439563122574
0.00271439563122574
0.00271439563122574
0.00217067307597981
0.00217067307597981
0.00217067307597981
0.00217067307597981
0.00192632304014738
0.00192632304014738
0.00192632304014738
0.00192632304014738
0.00192632304014738
0.00192632304014738
0.00192632304014738
0.00192632304014738
0.00192632304014738
0.00192632304014738
0.00192632304014738
0.00192632304014738
0.00192632304014738
0.00192632304014738
0.00192632304014738
0.00192632304014738
0.00177231382762912
0.00177231382762912
0.00177231382762912
0.00177231382762912
0.00177231382762912
0.00177231382762912
0.00177231382762912
0.00177231382762912
0.00177231382762912
0.00177231382762912
0.00177231382762912
0.00177231382762912
0.00177231382762912
0.00177231382762912
0.00177231382762912
0.00177231382762912
0.00177231382762912
0.00177231382762912
0.00140813171051305
0.00140813171051305
0.00140813171051305
0.00140813171051305
0.00136269119036186
0.00136269119036186
0.00136269119036186
0.00136269119036186
0.00136269119036186
0.00136269119036186
0.00115495462841492
0.00115495462841492
0.000913782549160387
0.000913782549160387
0.000913782549160387
0.000892372287003455
0.000892372287003455
0.000892372287003455
0.000892372287003455
0.000892372287003455
0.000892372287003455
0.000892372287003455
0.000892372287003455
0.000892372287003455
0.000892372287003455
0.000892372287003455
0.000892372287003455
0.000892372287003455
0.000892372287003455
0.000892372287003455
0.000892372287003455
0.000892372287003455
0.000892372287003455
0.000892372287003455
0.000892372287003455
0.000892372287003455
0.000892372287003455
0.000892372287003455
0.000892372287003455
0.000892372287003455
0.000886612194857829
0.000886612194857829
0.000886612194857829
0.000777657060994157
0.000777657060994157
0.000777657060994157
0.000777657060994157
0.000777657060994157
0.000777657060994157
0.000777657060994157
0.000777657060994157
0.000777657060994157
0.000777657060994157
0.000777657060994157
0.000777657060994157
0.000777657060994157
0.000581011862951876
0.000581011862951876
0.000581011862951876
0.000581011862951876
0.000581011862951876
0.000581011862951876
0.000581011862951876
0.000581011862951876
0.000581011862951876
0.000581011862951876
0.000581011862951876
0.000534173771220426
0.000534173771220426
0.000534173771220426
0.000534173771220426
0.000534173771220426
0.000534173771220426
0.000534173771220426
0.000534173771220426
0.000534173771220426
0.000534173771220426
0.000534173771220426
0.000534173771220426
0.000534173771220426
0.000534173771220426
0.000511866870533454
0.000511866870533454
0.000469267606565043
0.000469267606565043
0.000469267606565043
0.000469267606565043
0.000469267606565043
0.000469267606565043
0.0004296634619431
0.0004296634619431
0.0004296634619431
0.0004296634619431
0.0004296634619431
0.0004296634619431
0.0004296634619431
0.0004296634619431
0.0004296634619431
0.0004296634619431
0.0004296634619431
0.0004296634619431
0.0004296634619431
0.0004296634619431
0.0004296634619431
0.000407866806172381
0.000407866806172381
0.000407866806172381
0.000407866806172381
0.000407866806172381
0.000407866806172381
0.000407866806172381
0.000407866806172381
0.000355806308114052
0.000355806308114052
0.000355806308114052
0.000255893532007192
0.000255893532007192
0.000255893532007192
0.000255893532007192
0.000255893532007192
0.000255893532007192
0.000255893532007192
0.000255893532007192
0.000255893532007192
0.000214955260017839
0.000214955260017839
0.000214955260017839
0.000214955260017839
0.000214955260017839
0.000214955260017839
0.000214955260017839
0.000214955260017839
0.000214955260017839
0.000214955260017839
0.000214955260017839
0.000214955260017839
0.000190850595607637
0.000190850595607637
0.000190850595607637
0.000190850595607637
0.000190850595607637
0.000190850595607637
0.000190850595607637
0.000190850595607637
0.000190850595607637
0.000190850595607637
0.000190850595607637
0.000190850595607637
0.000190850595607637
0.000190850595607637
0.000190850595607637
0.000190850595607637
0.000190850595607637
0.000190850595607637
0.000190850595607637
0.000190850595607637
0.000190850595607637
0.000190850595607637
0.000190850595607637
0.000189971522929094
0.000189971522929094
0.000189971522929094
0.000189971522929094
0.000189971522929094
0.000181452121574091
0.000181452121574091
0.000181452121574091
0.000181452121574091
0.000181452121574091
0.000181452121574091
0.000181452121574091
0.000181452121574091
0.000181452121574091
0.000181452121574091
0.000181452121574091
0.000181452121574091
0.000181452121574091
0.000134518965232401
0.000134518965232401
0.000134518965232401
0.000134518965232401
0.000134518965232401
0.000134518965232401
0.000134518965232401
0.000134518965232401
0.000134518965232401
0.000134518965232401
0.000134518965232401
0.000134518965232401
0.000134518965232401
0.000134518965232401
0.000134518965232401
0.000134518965232401
0.000134518965232401
0.000134518965232401
0.000134518965232401
0.000134518965232401
0.000134518965232401
0.000134518965232401
0.000134518965232401
0.000134518965232401
0.000134518965232401
0.000134518965232401
0.000134518965232401
0.000134518965232401
0.000134518965232401
0.000134518965232401
0.000134518965232401
0.000134518965232401
0.000134518965232401
0.000134518965232401
0.000134518965232401
0.000134518965232401
0.000134518965232401
0.000134518965232401
0.0001227192871856
0.0001227192871856
0.0001227192871856
0.0001227192871856
0.0001227192871856
0.0001227192871856
0.0001227192871856
0.0001227192871856
0.0001227192871856
0.0001227192871856
0.000121256589938759
0.000121256589938759
0.000121256589938759
0.000121256589938759
0.000121256589938759
0.000121256589938759
0.000121256589938759
0.000121256589938759
0.000121256589938759
0.000121256589938759
0.000121256589938759
0.000114140035359738
0.000114140035359738
0.000114140035359738
0.000114140035359738
0.000114140035359738
0.000114140035359738
0.000114140035359738
0.000114140035359738
0.000114140035359738
0.000114140035359738
0.000114140035359738
0.000114140035359738
0.000114140035359738
0.000114140035359738
0.000114140035359738
0.000114140035359738
0.000114140035359738
0.000112086184936181
0.000112086184936181
0.000112086184936181
0.000112086184936181
0.000112086184936181
0.000112086184936181
0.000112086184936181
0.000112086184936181
0.000112086184936181
0.000112086184936181
0.000109749464660488
0.000109749464660488
0.000109749464660488
0.000109749464660488
0.000103214981454605
0.000103214981454605
0.000103214981454605
0.000102034449540762
0.000102034449540762
0.000102034449540762
0.000102034449540762
0.000102034449540762
0.000102034449540762

