6.74818336735958
2.20830181169225
1.13733201824451
0.837541660153427
0.817772047474602
0.682569123636271
0.682569123636271
0.682569123636271
0.621648491018331
0.621648491018331
0.584274265931755
0.575963501614534
0.575252694476905
0.516882634834717
0.516882634834717
0.507787616747418
0.505352739845469
0.300398746237613
0.300398746237613
0.300398746237613
0.292583962874508
0.292583962874508
0.292583962874508
0.253613302872867
0.253613302872867
0.253613302872867
0.214855158932786
0.214855158932786
0.214855158932786
0.19081763335641
0.18454401165297
0.18454401165297
0.160085521763532
0.160085521763532
0.149353029328225
0.149353029328225
0.149353029328225
0.149353029328225
0.123783995821692
0.0856052332586388
0.0856052332586388
0.0856052332586388
0.0856052332586388
0.0856052332586388
0.070297113989005
0.070297113989005
0.070297113989005
0.0671211354154125
0.0671211354154125
0.0671211354154125
0.0636396514526858
0.0596366928283246
0.0551772497290583
0.0551772497290583
0.0551772497290583
0.0551772497290583
0.0551772497290583
0.0551772497290583
0.0551772497290583
0.0481707364767118
0.0481707364767118
0.0481707364767118
0.0481707364767118
0.044047208328382
0.0396690941592941
0.0396690941592941
0.035265482943444
0.0339301766339266
0.0339301766339266
0.0339301766339266
0.0291266080985528
0.0291266080985528
0.0214166875665015
0.0206825574294527
0.0206825574294527
0.0206825574294527
0.0206825574294527
0.0206825574294527
0.0206825574294527
0.020275375589349
0.020275375589349
0.020275375589349
0.0186010941055282
0.0171767048043212
0.0164906570503915
0.0164906570503915
0.0164906570503915
0.0164906570503915
0.0164906570503915
0.0164906570503915
0.0164906570503915
0.0147996912586069
0.0147996912586069
0.0147996912586069
0.0146512053556066
0.0146512053556066
0.0146512053556066
0.0146512053556066
0.0146512053556066
0.0146512053556066
0.0146512053556066
0.0146512053556066
0.0146512053556066
0.0134482639827396
0.0134482639827396
0.0114200359533945
0.0114200359533945
0.00981810837659793
0.00981810837659793
0.00981810837659793
0.00981810837659793
0.00981810837659793
0.00981810837659793
0.00705252606214738
0.00705252606214738
0.00705252606214738
0.00705252606214738
0.00705252606214738
0.00705252606214738
0.00705252606214738
0.00705252606214738
0.00705252606214738
0.00705252606214738
0.00705252606214738
0.00705252606214738
0.00705252606214738
0.00705252606214738
0.00705252606214738
0.00705252606214738
0.00705252606214738
0.00653486334374126
0.00653486334374126
0.00653486334374126
0.00565919808337679
0.00565919808337679
0.00565919808337679
0.00565919808337679
0.00565919808337679
0.00565919808337679
0.00565919808337679
0.00471846728958476
0.00471846728958476
0.00471846728958476
0.00471846728958476
0.00471846728958476
0.00471846728958476
0.00471846728958476
0.00471846728958476
0.00471846728958476
0.00471591871380469
0.00471591871380469
0.00468582712400257
0.00468582712400257
0.004095003163449
0.004095003163449
0.004095003163449
0.004095003163449
0.004095003163449
0.004095003163449
0.004095003163449
0.00388945502117108
0.00388945502117108
0.00388945502117108
0.00388945502117108
0.00388945502117108
0.00388945502117108
0.00380332179194106
0.00364617765898259
0.00364617765898259
0.00364617765898259
0.00364617765898259
0.00363771595436286
0.00363771595436286
0.00363771595436286
0.00358250233078407
0.00358250233078407
0.00358250233078407
0.0035693904162485
0.0035693904162485
0.0035693904162485
0.0035693904162485
0.0035693904162485
0.0035693904162485
0.00331769555264209
0.00331769555264209
0.00331769555264209
0.00331769555264209
0.00331769555264209
0.00331769555264209
0.0019837127391914
0.0019837127391914
0.0019837127391914
0.0019837127391914
0.0019837127391914
0.0019837127391914
0.0019837127391914
0.0019837127391914
0.0019837127391914
0.00187148749924691
0.00187148749924691
0.00187148749924691
0.00187148749924691
0.00174494739806033
0.00174494739806033
0.00174494739806033
0.00174494739806033
0.00174494739806033
0.00174494739806033
0.00174494739806033
0.00174494739806033
0.00174494739806033
0.0015291507480706
0.0015291507480706
0.0015291507480706
0.0015291507480706
0.0015291507480706
0.0015291507480706
0.0015291507480706
0.0015291507480706
0.0015291507480706
0.0015291507480706
0.00120756564759626
0.00120756564759626
0.00120756564759626
0.00120756564759626
0.00120756564759626
0.00120756564759626
0.00120756564759626
0.00120756564759626
0.00120756564759626
0.00120756564759626
0.00120756564759626
0.00120756564759626
0.00120756564759626
0.00120756564759626
0.00120756564759626
0.00120756564759626
0.00120756564759626
0.00120756564759626
0.00120756564759626
0.00120756564759626
0.00120756564759626
0.00111172851276266
0.00111172851276266
0.00111172851276266
0.00111172851276266
0.00111172851276266
0.00111172851276266
0.00111172851276266
0.00111172851276266
0.00111172851276266
0.00111172851276266
0.00111172851276266
0.00111172851276266
0.000976757510201173
0.000976757510201173
0.000976757510201173
0.000976757510201173
0.000976757510201173
0.000976757510201173
0.000976757510201173
0.000976757510201173
0.000932735509219539
0.000932735509219539
0.000932735509219539
0.000932735509219539
0.000932735509219539
0.000932735509219539
0.000932735509219539
0.000932735509219539
0.000932735509219539
0.000932735509219539
0.000932735509219539
0.000856548077360162
0.000834611584690812
0.000834611584690812
0.000834611584690812
0.000834611584690812
0.000546637321354838
0.000546637321354838
0.000474182982218914
0.000474182982218914
0.000474182982218914
0.000474182982218914
0.000474182982218914
0.000474182982218914
0.000474182982218914
0.000474182982218914
0.000474182982218914
0.000474182982218914
0.000474182982218914
0.000474182982218914
0.000474182982218914
0.000474182982218914
0.000474182982218914
0.000474182982218914
0.000474182982218914
0.000474182982218914
0.000474182982218914
0.000474182982218914
0.000474182982218914
0.000474182982218914
0.000474182982218914
0.000474182982218914
0.000474182982218914
0.000474182982218914
0.000474182982218914
0.000474182982218914
0.000442253919046696
0.000442253919046696
0.000442253919046696
0.000442253919046696
0.000442253919046696
0.000442253919046696
0.000442253919046696
0.000442253919046696
0.000442253919046696
0.000442253919046696
0.000442253919046696
0.000442253919046696
0.000442253919046696
0.000442253919046696
0.000442253919046696
0.00044089617599829
0.00044089617599829
0.00044089617599829
0.00044089617599829
0.000431343658058845
0.000431343658058845
0.000431343658058845
0.00041711964793932
0.000386672374489846
0.000386672374489846
0.000386672374489846
0.000386672374489846
0.000386672374489846
0.000386672374489846
0.000258234864687688
0.000258234864687688
0.000258234864687688
0.000258234864687688
0.000258234864687688
0.000258234864687688
0.000258234864687688
0.000258234864687688
0.000258234864687688
0.000258234864687688
0.000258234864687688
0.000258234864687688
0.000258234864687688
0.000258234864687688
0.000258234864687688
0.000258234864687688
0.000258234864687688
0.000258234864687688
0.000258234864687688
0.000258234864687688
0.000258234864687688
0.000258234864687688
0.000258234864687688
0.000258234864687688
0.000258234864687688
0.000258234864687688
0.000258234864687688
0.000258234864687688
0.000258234864687688
0.000258234864687688
0.000258234864687688
0.000248850970514553
0.000248850970514553
0.000248850970514553
0.000248850970514553
0.000248850970514553
0.000248850970514553
0.000248850970514553
0.000229215334218249
0.000229215334218249
0.000229215334218249
0.000229215334218249
0.000229215334218249
0.000229215334218249
0.000229215334218249
0.000229215334218249
0.000229215334218249
0.000229215334218249
0.000229215334218249
0.000229215334218249
0.000229215334218249
0.000229215334218249
0.000229215334218249
0.000213609390247023
0.000213609390247023
0.000213609390247023
0.000213609390247023
0.000213609390247023
0.000178488695424343
0.000178488695424343
0.000178488695424343
0.000178488695424343
0.000178488695424343
0.000178488695424343
0.000178488695424343
0.000178488695424343
0.000178488695424343
0.000178488695424343
0.000178488695424343
0.000178488695424343
0.000178488695424343
0.000178488695424343
0.000178488695424343
0.000178488695424343
0.000178488695424343
0.000178488695424343
0.000178488695424343
0.000178488695424343
0.000178488695424343
0.000178488695424343
0.000169988180839914
0.000169988180839914
0.000169988180839914
0.000169988180839914
0.000169329158311284
0.000149424609058969
0.000149424609058969
0.000149424609058969
0.000149424609058969
0.000149424609058969
0.000149424609058969
0.000149424609058969
0.000149424609058969
0.000149424609058969
0.000149424609058969
0.000149424609058969
0.000149424609058969
0.000149424609058969
0.000149424609058969
0.000149424609058969
0.000149424609058969
0.000149424609058969
0.000149424609058969
0.000149424609058969
0.000149424609058969
0.000149424609058969
0.000149424609058969
0.000149424609058969
0.000149424609058969
0.000149424609058969
0.000149424609058969
0.00014460950937483
0.00014460950937483
0.00014460950937483
0.00014460950937483
0.00014460950937483
0.00014460950937483
0.000123211588473094
0.000123211588473094
0.000123211588473094
0.000118215019967089
0.000118215019967089
0.000118215019967089
0.000118215019967089
0.000118215019967089
0.000118215019967089
0.000118215019967089
0.000118215019967089
0.000118215019967089
0.000118215019967089
0.000118215019967089
0.000118215019967089
0.000118215019967089
0.000118215019967089
0.000118215019967089
0.000118215019967089
0.000118215019967089
0.000118215019967089
0.000118215019967089
0.000118215019967089
0.000118215019967089
0.000118215019967089
0.000118215019967089
0.000118215019967089
0.000118215019967089
0.000118215019967089
0.000115468770380978
0.000115468770380978
0.00010643233424551
0.00010643233424551
0.00010643233424551
0.00010643233424551
0.00010643233424551
0.00010643233424551
0.00010643233424551
0.00010643233424551
0.00010643233424551
0.00010643233424551
0.00010643233424551
0.00010643233424551
0.00010643233424551
0.000106000509718556
0.000106000509718556

