0.100664851461111
0.0683061842799391
0.0262937810285067
0.0262937810285067
0.0262937810285067
0.0221803424650004
0.0189087361064311
0.0189087361064311
0.0189087361064311
0.0189087361064311
0.0189087361064311
0.0189087361064311
0.0107271415445516
0.0107271415445516
0.0107271415445516
0.00446480377005953
0.00446480377005953
0.0013244884606558
0.0013244884606558
0.000610856437946228
0.000610856437946228
0.000610856437946228
0.000610856437946228
0.000610856437946228
0.000610856437946228
0.000523762133572414
0.000523762133572414
0.000523762133572414
0.000523762133572414
0.000523762133572414
0.000523762133572414
0.000523762133572414
0.000523762133572414
0.000523762133572414
0.000523762133572414
4.08012470982655E-05
4.08012470982655E-05
4.08012470982655E-05
4.08012470982655E-05
4.08012470982655E-05
4.08012470982655E-05
4.08012470982655E-05
4.08012470982655E-05
4.08012470982655E-05
4.08012470982655E-05
4.08012470982655E-05
4.08012470982655E-05
4.08012470982655E-05
4.08012470982655E-05
4.08012470982655E-05
4.08012470982655E-05
4.08012470982655E-05
8.6262530866188E-06
8.6262530866188E-06
8.6262530866188E-06
8.6262530866188E-06
8.6262530866188E-06
8.6262530866188E-06
8.6262530866188E-06
8.6262530866188E-06
8.6262530866188E-06
8.6262530866188E-06
8.6262530866188E-06
8.6262530866188E-06
8.6262530866188E-06
8.6262530866188E-06
8.6262530866188E-06
8.6262530866188E-06
8.6262530866188E-06
8.6262530866188E-06
8.6262530866188E-06
8.6262530866188E-06
8.6262530866188E-06
8.6262530866188E-06
8.6262530866188E-06
8.6262530866188E-06
8.6262530866188E-06
8.6262530866188E-06
8.6262530866188E-06
8.6262530866188E-06
8.6262530866188E-06
8.6262530866188E-06
8.6262530866188E-06
8.6262530866188E-06
8.6262530866188E-06
6.31966380393312E-06
6.31966380393312E-06
6.31966380393312E-06
6.31966380393312E-06
6.31966380393312E-06
6.31966380393312E-06
5.06761280072432E-06
5.06761280072432E-06
5.06761280072432E-06
5.06761280072432E-06
5.06761280072432E-06
5.06761280072432E-06
5.06761280072432E-06
3.74790467938535E-06
3.74790467938535E-06
3.74790467938535E-06
3.74790467938535E-06
3.74790467938535E-06
3.74790467938535E-06
3.74790467938535E-06
3.74790467938535E-06
1.34864431799997E-06
1.34864431799997E-06
1.34864431799997E-06
1.34864431799997E-06
1.34864431799997E-06
1.34864431799997E-06
1.34864431799997E-06
1.34864431799997E-06
1.34864431799997E-06
1.34864431799997E-06
1.34864431799997E-06
1.34864431799997E-06
1.34864431799997E-06
1.34864431799997E-06
1.34864431799997E-06
1.34864431799997E-06
1.34864431799997E-06
1.34864431799997E-06
1.34864431799997E-06
1.34864431799997E-06
1.34864431799997E-06
1.34864431799997E-06
1.34864431799997E-06
1.34864431799997E-06
1.34864431799997E-06
1.34864431799997E-06
7.29008135968989E-07
7.29008135968989E-07
7.29008135968989E-07
7.29008135968989E-07
7.29008135968989E-07
7.29008135968989E-07
7.29008135968989E-07
7.29008135968989E-07
7.29008135968989E-07
7.29008135968989E-07
7.29008135968989E-07
7.29008135968989E-07
7.29008135968989E-07
4.53417875689865E-07
4.53417875689865E-07
4.53417875689865E-07
4.53417875689865E-07
4.53417875689865E-07
4.53417875689865E-07
4.53417875689865E-07
4.53417875689865E-07
4.53417875689865E-07
4.53417875689865E-07
4.53417875689865E-07
4.53417875689865E-07
4.53417875689865E-07
4.53417875689865E-07
4.53417875689865E-07
4.53417875689865E-07
4.53417875689865E-07
4.53417875689865E-07
4.53417875689865E-07
4.53417875689865E-07
4.53417875689865E-07
4.53417875689865E-07
4.53417875689865E-07
4.53417875689865E-07
4.53417875689865E-07
4.53417875689865E-07
4.53417875689865E-07
4.53417875689865E-07
4.53417875689865E-07
4.53417875689865E-07
4.53417875689865E-07
4.53417875689865E-07
4.53417875689865E-07
4.53417875689865E-07
4.53417875689865E-07
4.53417875689865E-07
4.53417875689865E-07
4.53417875689865E-07
4.53417875689865E-07
4.53417875689865E-07
4.53417875689865E-07
4.53417875689865E-07
4.53417875689865E-07
4.53417875689865E-07
4.53417875689865E-07
4.53417875689865E-07
4.53417875689865E-07
4.53417875689865E-07
4.53417875689865E-07
3.04783686400079E-07
3.04783686400079E-07
3.04783686400079E-07
3.04783686400079E-07
3.04783686400079E-07
3.04783686400079E-07
3.04783686400079E-07
3.04783686400079E-07
3.04783686400079E-07
3.04783686400079E-07
3.04783686400079E-07
3.04783686400079E-07
3.04783686400079E-07
9.43733293734539E-08
9.43733293734539E-08
9.43733293734539E-08
9.43733293734539E-08
9.43733293734539E-08
9.43733293734539E-08
9.43733293734539E-08
9.43733293734539E-08
9.43733293734539E-08
9.43733293734539E-08
9.43733293734539E-08
9.43733293734539E-08
9.43733293734539E-08
9.43733293734539E-08
9.43733293734539E-08
9.43733293734539E-08
9.43733293734539E-08
9.43733293734539E-08
9.43733293734539E-08
9.43733293734539E-08
9.43733293734539E-08
9.43733293734539E-08
9.43733293734539E-08
9.43733293734539E-08
9.43733293734539E-08
9.43733293734539E-08
9.43733293734539E-08
9.43733293734539E-08
9.43733293734539E-08
9.43733293734539E-08
9.43733293734539E-08
9.43733293734539E-08
9.43733293734539E-08
9.43733293734539E-08
9.43733293734539E-08
9.43733293734539E-08
9.43733293734539E-08
9.43733293734539E-08
9.43733293734539E-08
9.43733293734539E-08
9.43733293734539E-08
9.43733293734539E-08
9.43733293734539E-08
9.43733293734539E-08
9.43733293734539E-08
9.43733293734539E-08
9.43733293734539E-08
9.43733293734539E-08
9.43733293734539E-08
9.43733293734539E-08
9.43733293734539E-08
9.43733293734539E-08
9.43733293734539E-08
9.43733293734539E-08
9.43733293734539E-08
9.43733293734539E-08
9.43733293734539E-08
9.43733293734539E-08
9.43733293734539E-08
9.43733293734539E-08
9.43733293734539E-08
9.43733293734539E-08
9.43733293734539E-08
9.43733293734539E-08
9.43733293734539E-08
9.43733293734539E-08
3.29385102526558E-08
3.29385102526558E-08
3.29385102526558E-08
3.29385102526558E-08
3.29385102526558E-08
3.29385102526558E-08
3.29385102526558E-08
3.29385102526558E-08
3.29385102526558E-08
3.29385102526558E-08
3.29385102526558E-08
3.29385102526558E-08
3.29385102526558E-08
3.29385102526558E-08
3.29385102526558E-08
3.29385102526558E-08
3.29385102526558E-08
3.29385102526558E-08
3.29385102526558E-08
3.29385102526558E-08
3.29385102526558E-08
3.29385102526558E-08
3.29385102526558E-08
3.29385102526558E-08
3.29385102526558E-08
3.29385102526558E-08
3.29385102526558E-08
3.29385102526558E-08
3.29385102526558E-08
3.29385102526558E-08
3.29385102526558E-08
3.29385102526558E-08
3.29385102526558E-08
3.29385102526558E-08
3.29385102526558E-08
3.29385102526558E-08
3.29385102526558E-08
3.29385102526558E-08
3.29385102526558E-08
3.29385102526558E-08
3.29385102526558E-08
3.29385102526558E-08
3.29385102526558E-08
3.29385102526558E-08
3.29385102526558E-08
3.29385102526558E-08
3.29385102526558E-08
3.29385102526558E-08
3.29385102526558E-08
3.29385102526558E-08
3.29385102526558E-08
3.29385102526558E-08
3.29385102526558E-08
3.29385102526558E-08
3.29385102526558E-08
3.29385102526558E-08
3.29385102526558E-08
3.29385102526558E-08
3.29385102526558E-08
3.29385102526558E-08
3.29385102526558E-08
3.29385102526558E-08
3.29385102526558E-08
3.29385102526558E-08
1.75086516396306E-08
1.75086516396306E-08
1.75086516396306E-08
1.3122439246338E-08
1.3122439246338E-08
1.3122439246338E-08
1.3122439246338E-08
1.3122439246338E-08
1.3122439246338E-08
1.3122439246338E-08
1.3122439246338E-08
1.3122439246338E-08
1.3122439246338E-08
1.3122439246338E-08
1.3122439246338E-08
1.3122439246338E-08
1.3122439246338E-08
1.3122439246338E-08
1.3122439246338E-08
1.3122439246338E-08
1.3122439246338E-08
1.3122439246338E-08
1.3122439246338E-08
1.3122439246338E-08
1.3122439246338E-08
1.3122439246338E-08
1.3122439246338E-08
1.3122439246338E-08
1.3122439246338E-08
1.3122439246338E-08
1.3122439246338E-08
1.3122439246338E-08
1.3122439246338E-08
1.3122439246338E-08
1.3122439246338E-08
1.3122439246338E-08
1.3122439246338E-08
1.3122439246338E-08
1.3122439246338E-08
1.3122439246338E-08
1.3122439246338E-08
1.3122439246338E-08
1.3122439246338E-08
1.3122439246338E-08
1.3122439246338E-08
1.3122439246338E-08
1.3122439246338E-08
1.3122439246338E-08
1.3122439246338E-08
1.3122439246338E-08
1.3122439246338E-08
1.3122439246338E-08
1.3122439246338E-08
1.3122439246338E-08
1.3122439246338E-08
1.3122439246338E-08
1.3122439246338E-08
1.3122439246338E-08
1.3122439246338E-08
1.3122439246338E-08
1.3122439246338E-08
1.3122439246338E-08
1.3122439246338E-08
1.3122439246338E-08
1.3122439246338E-08
1.3122439246338E-08
1.3122439246338E-08
1.3122439246338E-08
1.3122439246338E-08
1.3122439246338E-08
1.18058407494459E-08
1.18058407494459E-08
1.18058407494459E-08
1.18058407494459E-08
1.18058407494459E-08
1.18058407494459E-08
1.18058407494459E-08
1.18058407494459E-08
5.42377753820489E-09
4.19200529844233E-09
4.19200529844233E-09
4.19200529844233E-09
4.19200529844233E-09
4.19200529844233E-09
4.19200529844233E-09
4.19200529844233E-09
4.19200529844233E-09
4.19200529844233E-09
4.19200529844233E-09
4.19200529844233E-09
4.19200529844233E-09
4.19200529844233E-09
4.19200529844233E-09
4.19200529844233E-09
4.19200529844233E-09
4.19200529844233E-09
4.19200529844233E-09
4.19200529844233E-09
4.19200529844233E-09
4.19200529844233E-09
4.19200529844233E-09
4.19200529844233E-09
4.19200529844233E-09
4.19200529844233E-09
4.19200529844233E-09
4.04360822603422E-09
4.04360822603422E-09
4.04360822603422E-09
4.04360822603422E-09
4.04360822603422E-09
4.04360822603422E-09
4.04360822603422E-09
4.04360822603422E-09
4.04360822603422E-09
4.04360822603422E-09
4.04360822603422E-09
4.04360822603422E-09
4.04360822603422E-09
4.04360822603422E-09
4.04360822603422E-09
4.04360822603422E-09
2.84936740868602E-09
2.84936740868602E-09
2.84936740868602E-09
2.84936740868602E-09
2.84936740868602E-09
2.84936740868602E-09
2.84936740868602E-09
2.84936740868602E-09
2.84936740868602E-09
2.84936740868602E-09
2.84936740868602E-09
2.84936740868602E-09
2.84936740868602E-09
2.84936740868602E-09
2.84936740868602E-09
2.84936740868602E-09
2.84936740868602E-09
2.84936740868602E-09
2.84936740868602E-09
2.84936740868602E-09
2.84936740868602E-09
2.84936740868602E-09
2.84936740868602E-09
2.84936740868602E-09
2.84936740868602E-09
2.84936740868602E-09
2.84936740868602E-09
2.84936740868602E-09
2.84936740868602E-09
2.84936740868602E-09
2.84936740868602E-09
2.84936740868602E-09
2.84936740868602E-09
2.84936740868602E-09
2.84936740868602E-09
2.84936740868602E-09
2.84936740868602E-09
2.84936740868602E-09
2.84936740868602E-09
2.84936740868602E-09
2.84936740868602E-09
2.84936740868602E-09

