0.00913680568644326
0.00913680568644326
0.00913680568644326
0.00913680568644326
0.00913680568644326
0.00622419838975241
0.00622324376097949
0.00622324376097949
0.00622324376097949
0.00622324376097949
0.00208386801561411
0.00208386801561411
0.00208386801561411
0.00208386801561411
0.00118576043522356
0.00118576043522356
0.00118576043522356
0.00041366448886182
0.00041366448886182
0.00041366448886182
0.00041366448886182
0.00041366448886182
0.00041366448886182
0.00041366448886182
0.00041366448886182
0.00041366448886182
0.000182195156741172
0.000182195156741172
0.000182195156741172
0.000182195156741172
0.000182195156741172
0.000182195156741172
0.000182195156741172
8.53577522600957E-05
8.53577522600957E-05
8.53577522600957E-05
8.53577522600957E-05
8.53577522600957E-05
8.53577522600957E-05
8.53577522600957E-05
8.53577522600957E-05
8.53577522600957E-05
7.00353487012584E-05
7.00353487012584E-05
7.00353487012584E-05
7.00353487012584E-05
7.00353487012584E-05
7.00353487012584E-05
7.00353487012584E-05
7.00353487012584E-05
7.00353487012584E-05
7.00353487012584E-05
5.76792862251319E-05
5.76792862251319E-05
5.76792862251319E-05
3.23761022834046E-05
3.23761022834046E-05
3.23761022834046E-05
2.9615390507165E-05
2.9615390507165E-05
2.61301754295729E-05
2.61301754295729E-05
2.61301754295729E-05
1.08323295777701E-05
1.08323295777701E-05
1.08323295777701E-05
1.08323295777701E-05
1.08323295777701E-05
1.08323295777701E-05
1.08323295777701E-05
1.08323295777701E-05
1.08323295777701E-05
1.08323295777701E-05
8.30214824609765E-06
8.30214824609765E-06
8.30214824609765E-06
8.30214824609765E-06
8.30214824609765E-06
8.30214824609765E-06
8.30214824609765E-06
8.30214824609765E-06
7.0553222668579E-06
7.0553222668579E-06
7.0553222668579E-06
7.0553222668579E-06
7.0553222668579E-06
7.0553222668579E-06
7.0553222668579E-06
7.0553222668579E-06
7.0553222668579E-06
7.0553222668579E-06
7.0553222668579E-06
7.0553222668579E-06
7.0553222668579E-06
7.0553222668579E-06
7.0553222668579E-06
7.0553222668579E-06
7.0553222668579E-06
7.0553222668579E-06
5.33456696028001E-06
3.42662308788766E-06
3.42662308788766E-06
3.42662308788766E-06
3.42662308788766E-06
3.42662308788766E-06
3.42662308788766E-06
3.42662308788766E-06
3.42662308788766E-06
3.42662308788766E-06
3.42662308788766E-06
3.42662308788766E-06
3.42662308788766E-06
1.41463175001855E-06
1.41463175001855E-06
1.41463175001855E-06
1.41463175001855E-06
1.41463175001855E-06
1.41463175001855E-06
1.41463175001855E-06
1.41463175001855E-06
1.41463175001855E-06
1.41463175001855E-06
1.41463175001855E-06
1.41463175001855E-06
1.41463175001855E-06
1.41463175001855E-06
1.41463175001855E-06
1.41463175001855E-06
1.41463175001855E-06
1.41463175001855E-06
1.41463175001855E-06
1.41463175001855E-06
1.41463175001855E-06
1.41463175001855E-06
1.41463175001855E-06
1.41463175001855E-06
1.41463175001855E-06
1.41463175001855E-06
1.41463175001855E-06
1.41463175001855E-06
1.41463175001855E-06
1.41463175001855E-06
1.41463175001855E-06
1.41463175001855E-06
1.41463175001855E-06
1.41463175001855E-06
1.41463175001855E-06
1.41463175001855E-06
1.41463175001855E-06
1.41463175001855E-06
1.41463175001855E-06
1.41463175001855E-06
1.41463175001855E-06
1.41463175001855E-06
1.41463175001855E-06
1.41463175001855E-06
1.41463175001855E-06
1.41463175001855E-06
1.3814504533638E-06
1.3814504533638E-06
1.3814504533638E-06
1.3814504533638E-06
1.3814504533638E-06
1.3814504533638E-06
1.3814504533638E-06
1.3814504533638E-06
1.3814504533638E-06
1.3814504533638E-06
1.3814504533638E-06
1.07414554628704E-06
1.07414554628704E-06
1.07414554628704E-06
1.07414554628704E-06
1.07414554628704E-06
1.07414554628704E-06
1.07414554628704E-06
1.07414554628704E-06
1.07414554628704E-06
1.07414554628704E-06
3.98143295499143E-07
3.98143295499143E-07
3.98143295499143E-07
3.98143295499143E-07
3.98143295499143E-07
3.98143295499143E-07
3.98143295499143E-07
3.98143295499143E-07
3.98143295499143E-07
3.98143295499143E-07
3.98143295499143E-07
3.98143295499143E-07
3.98143295499143E-07
3.98143295499143E-07
3.98143295499143E-07
3.98143295499143E-07
3.98143295499143E-07
3.98143295499143E-07
3.98143295499143E-07
3.98143295499143E-07
3.98143295499143E-07
3.98143295499143E-07
3.98143295499143E-07
3.98143295499143E-07
3.98143295499143E-07
3.98143295499143E-07
3.98143295499143E-07
3.98143295499143E-07
3.98143295499143E-07
3.98143295499143E-07
3.98143295499143E-07
3.98143295499143E-07
3.98143295499143E-07
3.98143295499143E-07
3.98143295499143E-07
3.98143295499143E-07
3.98143295499143E-07
3.98143295499143E-07
3.98143295499143E-07
3.98143295499143E-07
3.98143295499143E-07
3.98143295499143E-07
3.98143295499143E-07
3.98143295499143E-07
3.98143295499143E-07
3.98143295499143E-07
3.98143295499143E-07
3.98143295499143E-07
3.98143295499143E-07
3.98143295499143E-07
2.66581543839628E-07
2.66581543839628E-07
2.34119377606756E-07
2.34119377606756E-07
2.34119377606756E-07
2.34119377606756E-07
2.34119377606756E-07
2.34119377606756E-07
2.34119377606756E-07
2.34119377606756E-07
2.34119377606756E-07
2.34119377606756E-07
2.34119377606756E-07
2.34119377606756E-07
2.34119377606756E-07
2.34119377606756E-07
2.34119377606756E-07
2.34119377606756E-07
2.19515026433914E-07
2.19515026433914E-07
2.19515026433914E-07
2.19515026433914E-07
2.19515026433914E-07
2.19515026433914E-07
1.90164441193907E-07
1.90164441193907E-07
1.90164441193907E-07
1.90164441193907E-07
1.90164441193907E-07
1.90164441193907E-07
1.90164441193907E-07
1.90164441193907E-07
1.90164441193907E-07
1.90164441193907E-07
1.90164441193907E-07
1.90164441193907E-07
8.38038070050118E-08
8.38038070050118E-08
8.38038070050118E-08
8.38038070050118E-08
8.38038070050118E-08
8.38038070050118E-08
8.38038070050118E-08
8.38038070050118E-08
8.38038070050118E-08
8.38038070050118E-08
8.38038070050118E-08
8.38038070050118E-08
8.38038070050118E-08
8.38038070050118E-08
8.38038070050118E-08
8.38038070050118E-08
8.38038070050118E-08
8.38038070050118E-08
8.38038070050118E-08
8.38038070050118E-08
8.38038070050118E-08
8.38038070050118E-08
8.38038070050118E-08
8.38038070050118E-08
8.38038070050118E-08
8.38038070050118E-08
8.38038070050118E-08
8.38038070050118E-08
8.38038070050118E-08
8.38038070050118E-08
8.38038070050118E-08
8.38038070050118E-08
8.38038070050118E-08
8.38038070050118E-08
8.38038070050118E-08
8.38038070050118E-08
8.38038070050118E-08
8.38038070050118E-08
8.38038070050118E-08
8.38038070050118E-08
8.38038070050118E-08
8.38038070050118E-08
8.38038070050118E-08
8.38038070050118E-08
8.38038070050118E-08
8.38038070050118E-08
8.38038070050118E-08
6.08323273421085E-08
6.08323273421085E-08
6.08323273421085E-08
6.08323273421085E-08
3.0370958692405E-08
3.0370958692405E-08
3.0370958692405E-08
3.0370958692405E-08
3.0370958692405E-08
3.0370958692405E-08
3.0370958692405E-08
3.0370958692405E-08
3.0370958692405E-08
3.0370958692405E-08
3.0370958692405E-08
3.0370958692405E-08
3.0370958692405E-08
3.0370958692405E-08
3.0370958692405E-08
3.0370958692405E-08
3.0370958692405E-08
3.0370958692405E-08
3.0370958692405E-08
3.0370958692405E-08
3.0370958692405E-08
3.0370958692405E-08
3.0370958692405E-08
3.0370958692405E-08
3.0370958692405E-08
3.0370958692405E-08
3.0370958692405E-08
3.0370958692405E-08
3.0370958692405E-08
3.0370958692405E-08
3.0370958692405E-08
3.0370958692405E-08
3.0370958692405E-08
3.0370958692405E-08
3.0370958692405E-08
3.0370958692405E-08
3.0370958692405E-08
3.0370958692405E-08
3.0370958692405E-08
3.0370958692405E-08
3.0370958692405E-08
3.0370958692405E-08
3.0370958692405E-08
3.0370958692405E-08
3.0370958692405E-08
3.0370958692405E-08
3.0370958692405E-08
3.0370958692405E-08
3.0370958692405E-08
3.0370958692405E-08
8.48820147503204E-09
8.48820147503204E-09
8.48820147503204E-09
8.48820147503204E-09
8.48820147503204E-09
8.48820147503204E-09
8.48820147503204E-09
8.48820147503204E-09
8.48820147503204E-09
8.48820147503204E-09
8.48820147503204E-09
8.48820147503204E-09
8.48820147503204E-09
8.48820147503204E-09
8.48820147503204E-09
8.48820147503204E-09
8.48820147503204E-09
8.48820147503204E-09
8.48820147503204E-09
8.48820147503204E-09
8.48820147503204E-09
8.48820147503204E-09
8.48820147503204E-09
8.48820147503204E-09
8.48820147503204E-09
8.48820147503204E-09
8.48820147503204E-09
8.48820147503204E-09
8.48820147503204E-09
8.48820147503204E-09
8.48820147503204E-09
8.48820147503204E-09
8.48820147503204E-09
8.48820147503204E-09
8.48820147503204E-09
8.48820147503204E-09
8.48820147503204E-09
8.48820147503204E-09
8.48820147503204E-09
8.48820147503204E-09
8.48820147503204E-09
8.48820147503204E-09
8.48820147503204E-09
8.48820147503204E-09
8.48820147503204E-09
8.48820147503204E-09
8.48820147503204E-09
8.48820147503204E-09
8.48820147503204E-09
8.48820147503204E-09
8.48820147503204E-09
8.48820147503204E-09
8.48820147503204E-09
8.48820147503204E-09
8.48820147503204E-09
8.48820147503204E-09
8.48820147503204E-09
8.48820147503204E-09
8.48820147503204E-09
8.48820147503204E-09
8.48820147503204E-09
8.48820147503204E-09
8.48820147503204E-09
8.48820147503204E-09
8.48820147503204E-09
8.48820147503204E-09
8.48820147503204E-09
8.48820147503204E-09
8.48820147503204E-09
8.48820147503204E-09
8.48820147503204E-09
8.48820147503204E-09
8.48820147503204E-09
8.48820147503204E-09
8.48820147503204E-09
8.48820147503204E-09
8.48820147503204E-09
8.48820147503204E-09
8.48820147503204E-09
8.48820147503204E-09
8.48820147503204E-09
8.48820147503204E-09
8.48820147503204E-09
8.48820147503204E-09
8.48820147503204E-09
8.48820147503204E-09
8.48820147503204E-09
8.48820147503204E-09
8.48820147503204E-09
8.48820147503204E-09
8.48820147503204E-09
8.48820147503204E-09
8.48820147503204E-09
8.48820147503204E-09
8.48820147503204E-09
5.06398301070021E-09
5.06398301070021E-09
5.06398301070021E-09
5.06398301070021E-09
5.06398301070021E-09
5.06398301070021E-09
5.06398301070021E-09
5.06398301070021E-09
5.06398301070021E-09
5.06398301070021E-09
5.06398301070021E-09
5.06398301070021E-09
5.06398301070021E-09
5.06398301070021E-09
5.06398301070021E-09
5.06398301070021E-09
5.06398301070021E-09
5.06398301070021E-09
5.06398301070021E-09
5.06398301070021E-09
5.06398301070021E-09
5.06398301070021E-09
5.06398301070021E-09
5.06398301070021E-09
5.06398301070021E-09
5.06398301070021E-09
5.06398301070021E-09
5.06398301070021E-09
2.18745604962933E-09
2.18745604962933E-09
2.18745604962933E-09
2.18745604962933E-09
2.18745604962933E-09
2.18745604962933E-09
2.18745604962933E-09
2.18745604962933E-09
2.18745604962933E-09
2.18745604962933E-09
2.18745604962933E-09

