0.204918128821838
0.126245652470739
0.0758773564290284
0.0141660991420615
0.0141660991420615
0.0108047256155348
0.00680238522401833
0.00499930993068196
0.00189510648099595
0.00189510648099595
0.00189510648099595
0.00189510648099595
0.000868070312268071
0.000868070312268071
0.000638052339840323
0.000638052339840323
0.000638052339840323
0.000638052339840323
0.000461988582858258
0.000461988582858258
0.000461988582858258
0.000461988582858258
0.000461988582858258
0.000461988582858258
0.000336297146321968
0.000336297146321968
0.000336297146321968
0.000336297146321968
0.000153562144588448
0.000153562144588448
0.000153562144588448
0.000153562144588448
0.000153562144588448
0.000153064440611139
0.000153064440611139
0.000153064440611139
4.11734812037212E-05
4.11734812037212E-05
4.11734812037212E-05
4.11734812037212E-05
4.11734812037212E-05
4.11734812037212E-05
4.11734812037212E-05
4.11734812037212E-05
4.11734812037212E-05
4.11734812037212E-05
4.11734812037212E-05
4.11734812037212E-05
4.11734812037212E-05
4.11734812037212E-05
4.11734812037212E-05
4.11734812037212E-05
4.11734812037212E-05
4.11734812037212E-05
4.11734812037212E-05
4.11734812037212E-05
4.11734812037212E-05
4.11734812037212E-05
4.11734812037212E-05
4.11734812037212E-05
4.11734812037212E-05
4.11734812037212E-05
4.11734812037212E-05
4.11734812037212E-05
4.11734812037212E-05
4.11734812037212E-05
4.11734812037212E-05
4.11734812037212E-05
4.11734812037212E-05
4.11734812037212E-05
4.11734812037212E-05
4.11734812037212E-05
4.11734812037212E-05
4.11734812037212E-05
4.11734812037212E-05
4.11734812037212E-05
4.11734812037212E-05
3.47066321657319E-05
3.47066321657319E-05
3.47066321657319E-05
3.47066321657319E-05
3.45507582280857E-05
3.45507582280857E-05
3.45507582280857E-05
3.45507582280857E-05
1.03488808997909E-05
1.03488808997909E-05
1.03488808997909E-05
1.03488808997909E-05
1.03488808997909E-05
1.03488808997909E-05
1.03488808997909E-05
1.03488808997909E-05
1.03488808997909E-05
1.03488808997909E-05
1.03488808997909E-05
1.03488808997909E-05
1.03488808997909E-05
1.03488808997909E-05
1.03488808997909E-05
1.03488808997909E-05
1.03488808997909E-05
1.03488808997909E-05
1.03488808997909E-05
1.03488808997909E-05
1.03488808997909E-05
1.03488808997909E-05
1.03488808997909E-05
1.03488808997909E-05
1.03488808997909E-05
1.03488808997909E-05
1.03488808997909E-05
1.03488808997909E-05
1.03488808997909E-05
1.03488808997909E-05
1.03488808997909E-05
1.03488808997909E-05
7.79425142274914E-06
7.79425142274914E-06
7.79425142274914E-06
7.79425142274914E-06
7.79425142274914E-06
7.79425142274914E-06
7.79425142274914E-06
7.79425142274914E-06
7.79425142274914E-06
7.79425142274914E-06
7.79425142274914E-06
7.79425142274914E-06
7.79425142274914E-06
7.79425142274914E-06
7.79425142274914E-06
7.79425142274914E-06
7.79425142274914E-06
7.79425142274914E-06
7.79425142274914E-06
7.79425142274914E-06
7.79425142274914E-06
7.79425142274914E-06
7.79425142274914E-06
7.79425142274914E-06
7.79425142274914E-06
7.79425142274914E-06
7.79425142274914E-06
7.79425142274914E-06
7.79425142274914E-06
7.79425142274914E-06
7.79425142274914E-06
7.79425142274914E-06
7.79425142274914E-06
7.79425142274914E-06
7.79425142274914E-06
6.76834142618321E-06
6.76834142618321E-06
6.76834142618321E-06
6.76834142618321E-06
6.76834142618321E-06
6.76834142618321E-06
6.76834142618321E-06
3.93511325683105E-06
3.93511325683105E-06
3.93511325683105E-06
3.93511325683105E-06
3.93511325683105E-06
3.93511325683105E-06
3.93511325683105E-06
3.93511325683105E-06
3.93511325683105E-06
1.11220692100567E-07
1.11220692100567E-07
1.11220692100567E-07
1.11220692100567E-07
1.11220692100567E-07
1.11220692100567E-07
1.11220692100567E-07
1.11220692100567E-07
1.11220692100567E-07
1.11220692100567E-07
1.11220692100567E-07
1.11220692100567E-07
1.11220692100567E-07
1.11220692100567E-07
1.11220692100567E-07
1.11220692100567E-07
1.11220692100567E-07
1.11220692100567E-07
1.11220692100567E-07
1.11220692100567E-07
1.11220692100567E-07
1.11220692100567E-07
1.11220692100567E-07
1.11220692100567E-07
1.11220692100567E-07
1.11220692100567E-07
1.11220692100567E-07
1.11220692100567E-07
1.11220692100567E-07
1.11220692100567E-07
1.11220692100567E-07
1.11220692100567E-07
1.11220692100567E-07
1.11220692100567E-07
1.11220692100567E-07
1.11220692100567E-07
1.11220692100567E-07
1.11220692100567E-07
1.11220692100567E-07
1.11220692100567E-07
1.11220692100567E-07
1.11220692100567E-07
1.11220692100567E-07
1.11220692100567E-07
1.11220692100567E-07
1.11220692100567E-07
1.11220692100567E-07
1.11220692100567E-07
1.11220692100567E-07
1.11220692100567E-07
1.11220692100567E-07
1.11220692100567E-07
1.11220692100567E-07
1.11220692100567E-07
1.11220692100567E-07
1.11220692100567E-07
1.11220692100567E-07
1.11220692100567E-07
1.11220692100567E-07
1.11220692100567E-07
1.11220692100567E-07
1.11220692100567E-07
1.11220692100567E-07
1.11220692100567E-07
1.11220692100567E-07
1.11220692100567E-07
1.11220692100567E-07
1.11220692100567E-07
1.11220692100567E-07
1.11220692100567E-07
1.11220692100567E-07
1.11220692100567E-07
1.11220692100567E-07
1.11220692100567E-07
1.11220692100567E-07
1.11220692100567E-07
1.11220692100567E-07
1.11220692100567E-07
1.11220692100567E-07
1.11220692100567E-07
1.11220692100567E-07
1.11220692100567E-07
1.11220692100567E-07
1.11220692100567E-07
1.11220692100567E-07
1.11220692100567E-07
1.11220692100567E-07
1.11220692100567E-07
1.11220692100567E-07
1.11220692100567E-07
1.11220692100567E-07
1.11220692100567E-07
1.11220692100567E-07
1.11220692100567E-07
1.11220692100567E-07
1.11220692100567E-07
1.11220692100567E-07
1.11220692100567E-07
1.11220692100567E-07
1.11220692100567E-07
1.11220692100567E-07
1.11220692100567E-07
1.11220692100567E-07
1.11220692100567E-07
1.11220692100567E-07
1.11220692100567E-07
1.11220692100567E-07
1.11220692100567E-07
1.11220692100567E-07
1.11220692100567E-07
1.11220692100567E-07
1.11220692100567E-07
1.11220692100567E-07
1.11220692100567E-07
1.11220692100567E-07
1.11220692100567E-07
1.11220692100567E-07
1.11220692100567E-07
1.11220692100567E-07
1.11220692100567E-07
1.11220692100567E-07
1.11220692100567E-07
1.11220692100567E-07
1.11220692100567E-07
1.11220692100567E-07
1.11220692100567E-07
1.11220692100567E-07
1.11220692100567E-07
1.11220692100567E-07
1.11220692100567E-07
1.11220692100567E-07
1.11220692100567E-07
1.11220692100567E-07
1.11220692100567E-07
1.11220692100567E-07
1.11220692100567E-07
1.11220692100567E-07
1.11220692100567E-07
1.11220692100567E-07
1.11220692100567E-07
1.11220692100567E-07
1.11220692100567E-07
1.11220692100567E-07
1.11220692100567E-07
1.11220692100567E-07
1.11220692100567E-07
1.11220692100567E-07
1.11220692100567E-07
1.11220692100567E-07
1.11220692100567E-07
1.11220692100567E-07
1.11220692100567E-07
1.11220692100567E-07
1.11220692100567E-07
1.11220692100567E-07
1.11220692100567E-07
1.11220692100567E-07
1.11220692100567E-07
1.11220692100567E-07
1.11220692100567E-07
1.11220692100567E-07
1.11220692100567E-07
1.11220692100567E-07
1.11220692100567E-07
1.11220692100567E-07
1.11220692100567E-07
1.11220692100567E-07
1.11220692100567E-07
1.11220692100567E-07
1.11220692100567E-07
1.11220692100567E-07
1.11220692100567E-07
1.11220692100567E-07
1.11220692100567E-07
1.11220692100567E-07
1.11220692100567E-07
1.11220692100567E-07
1.11220692100567E-07
1.11220692100567E-07
1.11220692100567E-07
1.11220692100567E-07
1.11220692100567E-07
1.11220692100567E-07
1.11220692100567E-07
1.11220692100567E-07
1.11220692100567E-07
1.11220692100567E-07
1.11220692100567E-07
1.11220692100567E-07
1.11220692100567E-07
1.11220692100567E-07
1.11220692100567E-07
1.11220692100567E-07
1.11220692100567E-07
1.11220692100567E-07
1.11220692100567E-07
1.11220692100567E-07
1.11220692100567E-07
1.11220692100567E-07
1.11220692100567E-07
1.11220692100567E-07
1.11220692100567E-07
1.11220692100567E-07
1.11220692100567E-07
1.11220692100567E-07
1.11220692100567E-07
1.11220692100567E-07
1.11220692100567E-07
1.11220692100567E-07
1.11220692100567E-07
7.30421935990488E-08
7.30421935990488E-08
7.30421935990488E-08
7.30421935990488E-08
7.30421935990488E-08
7.30421935990488E-08
7.30421935990488E-08
7.30421935990488E-08
7.30421935990488E-08
7.30421935990488E-08
7.30421935990488E-08
7.30421935990488E-08
7.30421935990488E-08
7.30421935990488E-08
7.30421935990488E-08
7.30421935990488E-08
7.30421935990488E-08
7.30421935990488E-08
7.30421935990488E-08
7.30421935990488E-08
7.30421935990488E-08
7.30421935990488E-08
7.30421935990488E-08
7.30421935990488E-08
7.30421935990488E-08
7.30421935990488E-08
7.30421935990488E-08
7.30421935990488E-08
7.30421935990488E-08
7.30421935990488E-08
7.30421935990488E-08
7.30421935990488E-08
7.30421935990488E-08
7.30421935990488E-08
7.30421935990488E-08
7.30421935990488E-08
7.30421935990488E-08
7.30421935990488E-08
7.30421935990488E-08
7.30421935990488E-08
7.30421935990488E-08
7.30421935990488E-08
7.30421935990488E-08
7.30421935990488E-08
7.30421935990488E-08
7.30421935990488E-08
7.30421935990488E-08
7.30421935990488E-08
7.30421935990488E-08
7.30421935990488E-08
7.30421935990488E-08
7.30421935990488E-08
7.30421935990488E-08
7.30421935990488E-08
7.30421935990488E-08
7.30421935990488E-08
7.30421935990488E-08
7.30421935990488E-08
7.30421935990488E-08
7.30421935990488E-08
7.30421935990488E-08
6.27158966981511E-08
6.27158966981511E-08
6.27158966981511E-08
6.27158966981511E-08
6.27158966981511E-08
6.27158966981511E-08
6.27158966981511E-08
6.27158966981511E-08
6.27158966981511E-08
6.27158966981511E-08
6.27158966981511E-08
6.27158966981511E-08
6.27158966981511E-08
6.27158966981511E-08
6.27158966981511E-08
6.27158966981511E-08
6.27158966981511E-08
6.27158966981511E-08
6.27158966981511E-08
6.27158966981511E-08
6.27158966981511E-08
6.27158966981511E-08
6.27158966981511E-08
6.27158966981511E-08
6.27158966981511E-08
6.27158966981511E-08
6.27158966981511E-08
6.27158966981511E-08
6.27158966981511E-08
6.27158966981511E-08
6.27158966981511E-08
6.27158966981511E-08
6.27158966981511E-08
6.27158966981511E-08
6.27158966981511E-08
6.27158966981511E-08
6.27158966981511E-08
6.27158966981511E-08
6.27158966981511E-08
6.27158966981511E-08
6.27158966981511E-08
6.27158966981511E-08
6.27158966981511E-08
6.27158966981511E-08
6.27158966981511E-08
6.27158966981511E-08
6.27158966981511E-08
6.27158966981511E-08
6.27158966981511E-08
6.27158966981511E-08
6.27158966981511E-08
6.27158966981511E-08
6.27158966981511E-08
6.27158966981511E-08
6.27158966981511E-08
6.27158966981511E-08
6.27158966981511E-08
6.27158966981511E-08
6.27158966981511E-08
6.27158966981511E-08
6.27158966981511E-08

