0.0868100643512505
0.0868100643512505
0.0868100643512505
0.0268781412619375
0.0178058096689276
0.0178058096689276
0.0109028686141174
0.00785282905771802
0.00528732991794342
0.00436541896557449
0.00426235761778944
0.00266359990290916
0.00217978981672783
0.00182333384717507
0.00182333384717507
0.00182333384717507
0.000706429534517952
0.000706429534517952
0.000706429534517952
0.000706429534517952
0.000383852827363224
0.000383852827363224
0.000383852827363224
0.000383852827363224
0.000383852827363224
0.000383852827363224
0.000383852827363224
0.000368482603459085
0.000368482603459085
0.000368482603459085
0.000368482603459085
0.000238324103808404
0.000238324103808404
0.000238324103808404
0.000238324103808404
0.000238324103808404
5.74596629576291E-05
5.74596629576291E-05
5.74596629576291E-05
5.74596629576291E-05
5.74596629576291E-05
5.74596629576291E-05
5.74596629576291E-05
5.74596629576291E-05
5.74596629576291E-05
5.74596629576291E-05
5.74596629576291E-05
5.74596629576291E-05
5.74596629576291E-05
5.74596629576291E-05
5.74596629576291E-05
5.74596629576291E-05
5.74596629576291E-05
5.74596629576291E-05
5.74596629576291E-05
5.74596629576291E-05
5.74596629576291E-05
5.74596629576291E-05
5.74596629576291E-05
2.75932690027847E-05
2.75932690027847E-05
2.75932690027847E-05
2.75932690027847E-05
2.75932690027847E-05
2.75932690027847E-05
2.75932690027847E-05
2.75932690027847E-05
2.75932690027847E-05
2.75932690027847E-05
2.75932690027847E-05
2.75932690027847E-05
2.75932690027847E-05
2.75932690027847E-05
2.75932690027847E-05
2.75932690027847E-05
2.75932690027847E-05
2.75932690027847E-05
2.75932690027847E-05
2.75932690027847E-05
2.75932690027847E-05
2.75932690027847E-05
2.75932690027847E-05
2.75932690027847E-05
2.75932690027847E-05
2.75932690027847E-05
2.75932690027847E-05
2.75932690027847E-05
2.75932690027847E-05
1.34629326677127E-05
4.4085192024701E-06
4.4085192024701E-06
4.4085192024701E-06
4.4085192024701E-06
4.4085192024701E-06
4.4085192024701E-06
4.4085192024701E-06
4.4085192024701E-06
4.4085192024701E-06
4.4085192024701E-06
4.4085192024701E-06
4.4085192024701E-06
4.4085192024701E-06
4.4085192024701E-06
4.4085192024701E-06
4.4085192024701E-06
4.4085192024701E-06
4.4085192024701E-06
4.4085192024701E-06
4.4085192024701E-06
4.4085192024701E-06
4.4085192024701E-06
4.4085192024701E-06
4.4085192024701E-06
4.4085192024701E-06
4.4085192024701E-06
4.4085192024701E-06
4.4085192024701E-06
4.4085192024701E-06
4.4085192024701E-06
4.4085192024701E-06
4.4085192024701E-06
4.4085192024701E-06
4.4085192024701E-06
4.4085192024701E-06
4.4085192024701E-06
4.4085192024701E-06
4.4085192024701E-06
4.4085192024701E-06
4.4085192024701E-06
4.4085192024701E-06
4.4085192024701E-06
4.4085192024701E-06
4.4085192024701E-06
4.4085192024701E-06
4.4085192024701E-06
4.4085192024701E-06
4.4085192024701E-06
4.4085192024701E-06
4.4085192024701E-06
4.4085192024701E-06
4.4085192024701E-06
4.4085192024701E-06
4.4085192024701E-06
4.4085192024701E-06
4.4085192024701E-06
4.4085192024701E-06
4.4085192024701E-06
4.4085192024701E-06
4.4085192024701E-06
4.4085192024701E-06
4.4085192024701E-06
4.4085192024701E-06
4.4085192024701E-06
4.4085192024701E-06
4.4085192024701E-06
4.4085192024701E-06
4.4085192024701E-06
4.4085192024701E-06
4.4085192024701E-06
4.4085192024701E-06
4.4085192024701E-06
4.4085192024701E-06
4.4085192024701E-06
4.4085192024701E-06
4.4085192024701E-06
4.4085192024701E-06
4.4085192024701E-06
4.4085192024701E-06
4.4085192024701E-06
3.35960269681745E-06
3.35960269681745E-06
3.35960269681745E-06
3.35960269681745E-06
3.35960269681745E-06
3.35960269681745E-06
3.35960269681745E-06
3.35960269681745E-06
3.35960269681745E-06
3.35960269681745E-06
3.35960269681745E-06
3.35960269681745E-06
3.35960269681745E-06
3.35960269681745E-06
3.35960269681745E-06
3.35960269681745E-06
3.35960269681745E-06
3.35960269681745E-06
3.35960269681745E-06
3.35960269681745E-06
3.35960269681745E-06
3.35960269681745E-06
3.35960269681745E-06
3.35960269681745E-06
3.35960269681745E-06
3.35960269681745E-06
3.35960269681745E-06
3.35960269681745E-06
2.86274453561303E-06
2.86274453561303E-06
2.86274453561303E-06
2.86274453561303E-06
2.86274453561303E-06
2.86274453561303E-06
2.86274453561303E-06
2.86274453561303E-06
2.86274453561303E-06
2.86274453561303E-06
2.86274453561303E-06
2.86274453561303E-06
2.86274453561303E-06
2.86274453561303E-06
2.86274453561303E-06
2.86274453561303E-06
2.86274453561303E-06
2.86274453561303E-06
2.86274453561303E-06
2.86274453561303E-06
2.86274453561303E-06
2.86274453561303E-06
2.86274453561303E-06
2.86274453561303E-06
2.86274453561303E-06
2.86274453561303E-06
2.86274453561303E-06
2.86274453561303E-06
2.86274453561303E-06
2.86274453561303E-06
2.86274453561303E-06
2.86274453561303E-06
2.86274453561303E-06
2.86274453561303E-06
2.86274453561303E-06
2.86274453561303E-06
2.86274453561303E-06
2.86274453561303E-06
2.86274453561303E-06
2.86274453561303E-06
2.86274453561303E-06
1.86570838249522E-06
1.86570838249522E-06
1.6509162448497E-06
1.6509162448497E-06
1.6509162448497E-06
1.6509162448497E-06
1.6509162448497E-06
1.6509162448497E-06
1.6509162448497E-06
1.6509162448497E-06
1.25518485492859E-06
1.25518485492859E-06
1.25518485492859E-06
1.25518485492859E-06
1.25518485492859E-06
1.25518485492859E-06
1.25518485492859E-06
1.25518485492859E-06
1.25518485492859E-06
1.25518485492859E-06
1.25518485492859E-06
1.25518485492859E-06
1.25518485492859E-06
1.25518485492859E-06
1.25518485492859E-06
1.25518485492859E-06
1.25518485492859E-06
1.25518485492859E-06
1.25518485492859E-06
1.25518485492859E-06
1.25518485492859E-06
1.25518485492859E-06
1.25518485492859E-06
1.25518485492859E-06
1.25518485492859E-06
1.25518485492859E-06
1.25518485492859E-06
1.25518485492859E-06
1.25518485492859E-06
1.25518485492859E-06
1.25518485492859E-06
1.25518485492859E-06
1.25518485492859E-06
1.25518485492859E-06
3.61997863435048E-07
3.61997863435048E-07
3.61997863435048E-07
3.61997863435048E-07
3.61997863435048E-07
3.61997863435048E-07
3.61997863435048E-07
3.61997863435048E-07
3.61997863435048E-07
3.61997863435048E-07
3.61997863435048E-07
3.61997863435048E-07
3.61997863435048E-07
3.61997863435048E-07
3.61997863435048E-07
3.61997863435048E-07
3.61997863435048E-07
3.61997863435048E-07
3.61997863435048E-07
3.61997863435048E-07
3.61997863435048E-07
3.61997863435048E-07
3.61997863435048E-07
3.61997863435048E-07
3.61997863435048E-07
3.61997863435048E-07
3.61997863435048E-07
3.61997863435048E-07
3.61997863435048E-07
3.61997863435048E-07
3.61997863435048E-07
3.61997863435048E-07
3.61997863435048E-07
3.61997863435048E-07
3.61997863435048E-07
3.61997863435048E-07
3.61997863435048E-07
3.61997863435048E-07
3.61997863435048E-07
3.61997863435048E-07
3.61997863435048E-07
3.61997863435048E-07
3.61997863435048E-07
3.61997863435048E-07
3.61997863435048E-07
3.61997863435048E-07
3.61997863435048E-07
3.61997863435048E-07
3.61997863435048E-07
3.61997863435048E-07
3.61997863435048E-07
3.61997863435048E-07
3.61997863435048E-07
3.61997863435048E-07
3.61997863435048E-07
3.61997863435048E-07
3.61997863435048E-07
3.61997863435048E-07
1.10377672474238E-07
1.10377672474238E-07
1.10377672474238E-07
1.10377672474238E-07
1.10377672474238E-07
1.10377672474238E-07
1.10377672474238E-07
1.10377672474238E-07
1.10377672474238E-07
1.10377672474238E-07
1.10377672474238E-07
1.10377672474238E-07
1.10377672474238E-07
1.10377672474238E-07
1.10377672474238E-07
1.10377672474238E-07
1.10377672474238E-07
1.10377672474238E-07
1.10377672474238E-07
1.10377672474238E-07
1.10377672474238E-07
1.10377672474238E-07
1.10377672474238E-07
1.10377672474238E-07
1.10377672474238E-07
1.10377672474238E-07
1.10377672474238E-07
1.10377672474238E-07
1.10377672474238E-07
1.10377672474238E-07
1.10377672474238E-07
1.10377672474238E-07
1.10377672474238E-07
1.10377672474238E-07
1.10377672474238E-07
1.10377672474238E-07
1.10377672474238E-07
1.10377672474238E-07
1.10377672474238E-07
1.10377672474238E-07
1.10377672474238E-07
1.10377672474238E-07
1.10377672474238E-07
1.10377672474238E-07
1.10377672474238E-07
1.10377672474238E-07
1.10377672474238E-07
1.10377672474238E-07
1.10377672474238E-07
1.10377672474238E-07
1.10377672474238E-07
1.10377672474238E-07
1.10377672474238E-07
1.10377672474238E-07
1.10377672474238E-07
1.10377672474238E-07
1.10377672474238E-07
1.10377672474238E-07
1.10377672474238E-07
1.10377672474238E-07
1.10377672474238E-07
1.10377672474238E-07
1.10377672474238E-07
1.10377672474238E-07
1.10377672474238E-07
1.10377672474238E-07
1.10377672474238E-07
1.10377672474238E-07
1.10377672474238E-07
1.10377672474238E-07
1.10377672474238E-07
1.10377672474238E-07
1.10377672474238E-07
1.10377672474238E-07
1.10377672474238E-07
1.10377672474238E-07
1.10377672474238E-07
1.10377672474238E-07
1.10377672474238E-07
1.10377672474238E-07
1.10377672474238E-07
1.10377672474238E-07
1.10377672474238E-07
1.10377672474238E-07
1.10377672474238E-07
1.10377672474238E-07
1.10377672474238E-07
1.10377672474238E-07
1.10377672474238E-07
1.10377672474238E-07
1.10377672474238E-07
1.10377672474238E-07
1.10377672474238E-07
1.10377672474238E-07
1.10377672474238E-07
1.10377672474238E-07
1.10377672474238E-07
1.10377672474238E-07
1.10377672474238E-07
1.10377672474238E-07
1.10377672474238E-07
1.10377672474238E-07
7.90991364768567E-08
7.90991364768567E-08
7.90991364768567E-08
7.90991364768567E-08
7.90991364768567E-08
7.90991364768567E-08
7.90991364768567E-08
7.90991364768567E-08
7.90991364768567E-08
7.90991364768567E-08
7.90991364768567E-08
7.90991364768567E-08
7.90991364768567E-08
7.90991364768567E-08
7.90991364768567E-08
7.90991364768567E-08
7.90991364768567E-08
7.90991364768567E-08
7.90991364768567E-08
7.90991364768567E-08
7.90991364768567E-08
7.90991364768567E-08
7.90991364768567E-08
7.90991364768567E-08
7.90991364768567E-08
7.90991364768567E-08
7.90991364768567E-08
7.90991364768567E-08
7.90991364768567E-08
7.90991364768567E-08
7.90991364768567E-08
7.90991364768567E-08
7.90991364768567E-08
7.90991364768567E-08
6.09105007542965E-08
6.09105007542965E-08
6.09105007542965E-08
1.82337739906835E-08
1.82337739906835E-08
1.82337739906835E-08
1.82337739906835E-08
1.82337739906835E-08
1.82337739906835E-08
1.82337739906835E-08
1.82337739906835E-08
1.82337739906835E-08
1.82337739906835E-08
1.82337739906835E-08
1.82337739906835E-08
1.82337739906835E-08
1.82337739906835E-08
1.82337739906835E-08
1.82337739906835E-08
1.82337739906835E-08
1.76994276873677E-08
1.76994276873677E-08
1.76994276873677E-08
1.76994276873677E-08

