0.0712684661548239
0.0712684661548239
0.0712684661548239
0.0514905831704844
0.0514638354478296
0.0331736883836401
0.0117684271592614
0.00687274873403457
0.00560570638148635
0.00560570638148635
0.00439264764399398
0.00266049933391563
0.00158422245955169
0.00158422245955169
0.00158422245955169
0.000878942125648713
0.000856102941290186
0.000856102941290186
0.000856102941290186
0.000856102941290186
0.000856102941290186
0.000463425099920173
0.000463425099920173
0.000463425099920173
0.000463425099920173
0.000447234131350924
0.000447234131350924
0.000447234131350924
0.000447234131350924
0.000393858242845418
0.000393858242845418
0.000393858242845418
0.000393858242845418
0.000393858242845418
0.000393858242845418
0.000393858242845418
0.000112897432010255
0.000112897432010255
0.000112897432010255
0.000112897432010255
0.000112897432010255
0.000112897432010255
0.000112897432010255
0.000112897432010255
0.000112897432010255
8.05619527133178E-05
8.05619527133178E-05
8.05619527133178E-05
8.05619527133178E-05
8.05619527133178E-05
8.05619527133178E-05
8.05619527133178E-05
8.05619527133178E-05
8.05619527133178E-05
8.05619527133178E-05
8.05619527133178E-05
8.05619527133178E-05
5.85441849405063E-05
5.85441849405063E-05
5.85441849405063E-05
5.85441849405063E-05
5.85441849405063E-05
5.85441849405063E-05
5.85441849405063E-05
5.85441849405063E-05
5.35123280919446E-05
5.35123280919446E-05
5.35123280919446E-05
5.35123280919446E-05
5.35123280919446E-05
5.35123280919446E-05
5.35123280919446E-05
5.35123280919446E-05
5.35123280919446E-05
5.35123280919446E-05
5.35123280919446E-05
5.35123280919446E-05
5.35123280919446E-05
5.35123280919446E-05
5.35123280919446E-05
5.35123280919446E-05
5.35123280919446E-05
5.35123280919446E-05
5.35123280919446E-05
5.35123280919446E-05
5.35123280919446E-05
5.35123280919446E-05
5.35123280919446E-05
5.35123280919446E-05
5.35123280919446E-05
5.35123280919446E-05
5.35123280919446E-05
5.35123280919446E-05
5.35123280919446E-05
5.35123280919446E-05
5.35123280919446E-05
5.35123280919446E-05
5.35123280919446E-05
5.30363867879899E-05
5.09295812078855E-05
5.09295812078855E-05
5.09295812078855E-05
5.09295812078855E-05
5.09295812078855E-05
5.09295812078855E-05
5.09295812078855E-05
5.09295812078855E-05
5.09295812078855E-05
5.09295812078855E-05
5.09295812078855E-05
2.34469591240422E-05
2.34469591240422E-05
2.34469591240422E-05
2.34469591240422E-05
2.34469591240422E-05
2.34469591240422E-05
2.34469591240422E-05
2.34469591240422E-05
2.34469591240422E-05
2.34469591240422E-05
2.34469591240422E-05
2.34469591240422E-05
2.34469591240422E-05
2.34469591240422E-05
2.34469591240422E-05
1.58699682421999E-05
1.58699682421999E-05
1.58699682421999E-05
9.99526852344876E-06
9.99526852344876E-06
9.99526852344876E-06
9.99526852344876E-06
9.99526852344876E-06
9.99526852344876E-06
9.99526852344876E-06
9.99526852344876E-06
9.99526852344876E-06
9.99526852344876E-06
9.99526852344876E-06
9.99526852344876E-06
9.99526852344876E-06
9.99526852344876E-06
9.99526852344876E-06
9.99526852344876E-06
9.99526852344876E-06
9.99526852344876E-06
9.99526852344876E-06
9.99526852344876E-06
9.99526852344876E-06
9.99526852344876E-06
9.99526852344876E-06
9.99526852344876E-06
9.99526852344876E-06
9.99526852344876E-06
9.99526852344876E-06
9.99526852344876E-06
9.99526852344876E-06
9.99526852344876E-06
9.99526852344876E-06
9.17798727247642E-06
9.17798727247642E-06
9.17798727247642E-06
9.17798727247642E-06
9.17798727247642E-06
9.17798727247642E-06
9.17798727247642E-06
9.17798727247642E-06
9.17798727247642E-06
9.17798727247642E-06
9.17798727247642E-06
9.17798727247642E-06
9.17798727247642E-06
9.17798727247642E-06
9.17798727247642E-06
9.17798727247642E-06
9.17798727247642E-06
9.17798727247642E-06
5.66656952619669E-06
5.66656952619669E-06
5.66656952619669E-06
4.35997305243095E-06
4.35997305243095E-06
4.35997305243095E-06
4.35997305243095E-06
4.35997305243095E-06
4.35997305243095E-06
4.35997305243095E-06
4.35997305243095E-06
4.35997305243095E-06
4.35997305243095E-06
4.35997305243095E-06
4.35997305243095E-06
4.35997305243095E-06
4.35997305243095E-06
4.35997305243095E-06
4.35997305243095E-06
4.35997305243095E-06
4.35997305243095E-06
3.34399328137842E-06
3.34399328137842E-06
3.34399328137842E-06
3.34399328137842E-06
3.34399328137842E-06
3.34399328137842E-06
3.34399328137842E-06
3.34399328137842E-06
3.34399328137842E-06
3.34399328137842E-06
3.34399328137842E-06
3.34399328137842E-06
3.34399328137842E-06
3.34399328137842E-06
3.34399328137842E-06
3.34399328137842E-06
3.34399328137842E-06
3.34399328137842E-06
3.34399328137842E-06
2.33826876529578E-06
2.33826876529578E-06
2.33826876529578E-06
2.33826876529578E-06
2.33826876529578E-06
2.33826876529578E-06
2.33826876529578E-06
2.272643134512E-06
2.272643134512E-06
2.272643134512E-06
2.272643134512E-06
2.272643134512E-06
2.272643134512E-06
2.272643134512E-06
2.272643134512E-06
2.272643134512E-06
2.272643134512E-06
2.272643134512E-06
2.272643134512E-06
1.40211041847055E-06
1.40211041847055E-06
1.40211041847055E-06
1.40211041847055E-06
1.40211041847055E-06
1.40211041847055E-06
1.40211041847055E-06
1.40211041847055E-06
1.40211041847055E-06
1.40211041847055E-06
1.40211041847055E-06
1.40211041847055E-06
1.40211041847055E-06
1.40211041847055E-06
1.40211041847055E-06
1.40211041847055E-06
1.40211041847055E-06
1.40211041847055E-06
1.40211041847055E-06
1.40211041847055E-06
1.40211041847055E-06
1.40211041847055E-06
1.40211041847055E-06
1.40211041847055E-06
1.40211041847055E-06
1.40211041847055E-06
1.40211041847055E-06
1.40211041847055E-06
1.40211041847055E-06
1.40211041847055E-06
2.75914362215385E-07
2.75914362215385E-07
2.75914362215385E-07
2.75914362215385E-07
2.75914362215385E-07
2.75914362215385E-07
2.75914362215385E-07
2.75914362215385E-07
2.75914362215385E-07
2.75914362215385E-07
2.75914362215385E-07
2.75914362215385E-07
2.75914362215385E-07
2.75914362215385E-07
2.75914362215385E-07
2.75914362215385E-07
2.75914362215385E-07
2.75914362215385E-07
2.75914362215385E-07
2.75914362215385E-07
2.75914362215385E-07
2.75914362215385E-07
2.75914362215385E-07
2.75914362215385E-07
2.75914362215385E-07
2.75914362215385E-07
2.75914362215385E-07
2.75914362215385E-07
2.75914362215385E-07
1.48486460245512E-07
1.48486460245512E-07
1.48486460245512E-07
1.48486460245512E-07
1.48486460245512E-07
1.48486460245512E-07
1.48486460245512E-07
1.48486460245512E-07
1.48486460245512E-07
1.48486460245512E-07
1.48486460245512E-07
1.48486460245512E-07
1.48486460245512E-07
1.48486460245512E-07
1.48486460245512E-07
1.48486460245512E-07
1.48486460245512E-07
1.48486460245512E-07
1.48486460245512E-07
1.48486460245512E-07
1.48486460245512E-07
1.48486460245512E-07
1.48486460245512E-07
1.48486460245512E-07
1.48486460245512E-07
1.48486460245512E-07
1.48486460245512E-07
1.48486460245512E-07
1.48486460245512E-07
1.48486460245512E-07
1.48486460245512E-07
1.48486460245512E-07
1.48486460245512E-07
1.48486460245512E-07
1.48486460245512E-07
1.48486460245512E-07
1.48486460245512E-07
1.48486460245512E-07
1.48486460245512E-07
1.48486460245512E-07
1.48486460245512E-07
1.48486460245512E-07
1.48486460245512E-07
1.48486460245512E-07
1.48486460245512E-07
1.48486460245512E-07
1.48486460245512E-07
1.48486460245512E-07
1.48486460245512E-07
1.48486460245512E-07
1.48486460245512E-07
1.48486460245512E-07
1.48486460245512E-07
1.48486460245512E-07
1.48486460245512E-07
1.48486460245512E-07
1.48486460245512E-07
1.48486460245512E-07
1.48486460245512E-07
1.48486460245512E-07
1.48486460245512E-07
1.48486460245512E-07
1.48486460245512E-07
1.48486460245512E-07
1.48486460245512E-07
1.48486460245512E-07
1.48486460245512E-07
1.48486460245512E-07
1.32078356866044E-07
1.32078356866044E-07
1.32078356866044E-07
1.32078356866044E-07
1.32078356866044E-07
1.32078356866044E-07
1.32078356866044E-07
1.32078356866044E-07
1.32078356866044E-07
1.32078356866044E-07
1.32078356866044E-07
1.32078356866044E-07
1.32078356866044E-07
1.32078356866044E-07
1.32078356866044E-07
1.32078356866044E-07
3.78396293292116E-08
3.78396293292116E-08
3.78396293292116E-08
3.78396293292116E-08
3.78396293292116E-08
3.78396293292116E-08
3.78396293292116E-08
3.78396293292116E-08
3.78396293292116E-08
3.47271598213905E-08
3.47271598213905E-08
3.47271598213905E-08
3.47271598213905E-08
3.47271598213905E-08
3.47271598213905E-08
3.47271598213905E-08
3.47271598213905E-08
3.47271598213905E-08
3.47271598213905E-08
3.47271598213905E-08
3.47271598213905E-08
3.47271598213905E-08
3.47271598213905E-08
3.47271598213905E-08
3.47271598213905E-08
3.47271598213905E-08
3.47271598213905E-08
3.47271598213905E-08
3.47271598213905E-08
3.47271598213905E-08
3.47271598213905E-08
3.47271598213905E-08
3.47271598213905E-08
3.47271598213905E-08
3.47271598213905E-08
3.47271598213905E-08
3.47271598213905E-08
3.47271598213905E-08
3.47271598213905E-08
3.47271598213905E-08
3.47271598213905E-08
3.47271598213905E-08
3.47271598213905E-08
3.47271598213905E-08
3.47271598213905E-08
3.47271598213905E-08
3.47271598213905E-08
3.47271598213905E-08
3.47271598213905E-08
3.47271598213905E-08
3.47271598213905E-08
3.47271598213905E-08
3.47271598213905E-08
3.47271598213905E-08
3.47271598213905E-08
3.47271598213905E-08
3.47271598213905E-08
3.47271598213905E-08
3.47271598213905E-08
3.47271598213905E-08
3.47271598213905E-08
3.47271598213905E-08
3.47271598213905E-08
3.47271598213905E-08
3.47271598213905E-08
3.47271598213905E-08
3.47271598213905E-08
3.47271598213905E-08
3.47271598213905E-08
3.47271598213905E-08
3.47271598213905E-08
3.47271598213905E-08
3.47271598213905E-08
3.47271598213905E-08
3.47271598213905E-08
3.47271598213905E-08
3.47271598213905E-08
3.47271598213905E-08
3.47271598213905E-08
3.47271598213905E-08
3.47271598213905E-08
2.35784378289222E-08
2.35784378289222E-08
2.35784378289222E-08
2.35784378289222E-08
2.35784378289222E-08
2.35784378289222E-08
2.35784378289222E-08
2.35784378289222E-08
2.35784378289222E-08
2.35784378289222E-08
2.35784378289222E-08
2.35784378289222E-08
2.35784378289222E-08
2.35784378289222E-08
2.35784378289222E-08
2.35784378289222E-08
2.35784378289222E-08
2.35784378289222E-08
2.35784378289222E-08
2.35784378289222E-08
2.35784378289222E-08
2.35784378289222E-08
2.35784378289222E-08
2.35784378289222E-08
2.35784378289222E-08
2.35784378289222E-08
2.35784378289222E-08
2.35784378289222E-08
2.35784378289222E-08
2.35784378289222E-08
2.35784378289222E-08
2.35784378289222E-08
2.35784378289222E-08
2.35784378289222E-08
2.35784378289222E-08
2.35784378289222E-08
2.35784378289222E-08
2.35784378289222E-08
2.35784378289222E-08
2.35784378289222E-08

