0.456007356756488
0.456007356756488
0.434880780893586
0.354120910806167
0.348526530893936
0.331946395865469
0.175364579065625
0.175364579065625
0.161464445580376
0.102343029332398
0.102343029332398
0.102343029332398
0.0625643711894501
0.0625643711894501
0.0529596673741961
0.0522289751370876
0.0417254437200835
0.0250952828605185
0.0242447578161145
0.0240645878719957
0.023621870611119
0.0221138532194748
0.0218656345777026
0.00640576775217401
0.00640576775217401
0.00640576775217401
0.00640576775217401
0.00640576775217401
0.00640576775217401
0.00640576775217401
0.00640576775217401
0.00640576775217401
0.00244948305707864
0.00244948305707864
0.00244948305707864
0.00244948305707864
0.00244948305707864
0.00244948305707864
0.00244948305707864
0.00244948305707864
0.00244948305707864
0.00244948305707864
0.00244948305707864
0.00244948305707864
0.00244948305707864
0.00244948305707864
0.00244948305707864
0.00244948305707864
0.00244948305707864
0.00244948305707864
0.00244948305707864
0.00244948305707864
0.00244948305707864
0.00244948305707864
0.00244948305707864
0.00244948305707864
0.00244948305707864
0.00244948305707864
0.00244948305707864
0.00244948305707864
0.00244948305707864
0.00244948305707864
0.00244948305707864
0.00244948305707864
0.00244948305707864
0.00244948305707864
0.00244948305707864
0.00244948305707864
0.00244948305707864
0.00244948305707864
0.00244948305707864
0.00244948305707864
0.00229517564325918
0.00229517564325918
0.00229517564325918
0.00229517564325918
0.00229517564325918
0.00229517564325918
0.00183021021296212
0.00183021021296212
0.00136290013470007
0.00136290013470007
0.00136290013470007
0.00136290013470007
0.00136290013470007
0.00136290013470007
0.00136290013470007
0.00136290013470007
0.00136290013470007
0.00136290013470007
0.00136290013470007
0.00136290013470007
0.00136290013470007
0.00136290013470007
0.00136290013470007
0.00136290013470007
0.00136290013470007
0.00136290013470007
0.000730937687940023
0.000730937687940023
0.000730937687940023
0.000730937687940023
0.000730937687940023
0.000730937687940023
0.000730937687940023
0.000730937687940023
0.000730937687940023
0.000730937687940023
0.000730937687940023
0.000730937687940023
0.000730937687940023
0.000730937687940023
0.000730937687940023
0.000730937687940023
0.000730937687940023
0.000730937687940023
0.000730937687940023
0.000730937687940023
0.000730937687940023
0.000730937687940023
0.000730937687940023
0.000730937687940023
0.000730937687940023
0.000730937687940023
0.000730937687940023
0.000730937687940023
0.000730937687940023
0.000730937687940023
0.000730937687940023
0.000730937687940023
0.000730937687940023
0.000730937687940023
0.000730937687940023
0.000730937687940023
0.000730937687940023
0.000730937687940023
0.000730937687940023
0.000730937687940023
0.000730937687940023
0.000730937687940023
0.000730937687940023
0.000730937687940023
0.000730937687940023
0.000730937687940023
0.000730937687940023
0.000576360263779331
0.000576360263779331
0.000576360263779331
0.000576360263779331
0.000576360263779331
0.000576360263779331
0.000576360263779331
0.000576360263779331
0.000576360263779331
0.000576360263779331
0.000576360263779331
0.000576360263779331
0.000576360263779331
0.000576360263779331
0.000576360263779331
0.000576360263779331
0.000576360263779331
0.000576360263779331
0.000576360263779331
0.000576360263779331
0.000576360263779331
0.000576360263779331
0.000576360263779331
0.000576360263779331
0.000576360263779331
0.000576360263779331
0.000576360263779331
0.000576360263779331
0.000576360263779331
0.000576360263779331
0.000576360263779331
0.000576360263779331
0.000576360263779331
0.000576360263779331
0.000576360263779331
0.000576360263779331
0.000576360263779331
0.000576360263779331
0.000576360263779331
0.000321523931096111
0.000321523931096111
0.000321523931096111
0.000321523931096111
0.000321523931096111
0.000321523931096111
0.000321523931096111
0.000321523931096111
0.000321523931096111
0.000321523931096111
0.000321523931096111
0.000321523931096111
0.000321523931096111
0.000321523931096111
0.000321523931096111
0.000321523931096111
0.000321523931096111
0.000321523931096111
0.000321523931096111
0.000321523931096111
0.000321523931096111
0.000321523931096111
0.000321523931096111
0.000321523931096111
0.000321523931096111
0.000321523931096111
0.000321523931096111
0.000321523931096111
0.000321523931096111
0.000321523931096111
0.000321523931096111
0.000321523931096111
0.000321523931096111
0.000321523931096111
0.000321523931096111
0.000321523931096111
0.000321523931096111
0.000321523931096111
0.000321523931096111
0.000321523931096111
0.000321523931096111
0.000321523931096111
0.000321523931096111
0.000321523931096111
0.000321523931096111
0.000321523931096111
0.000321523931096111
0.000321523931096111
0.000321523931096111
0.000321523931096111
0.000321523931096111
0.000321523931096111
0.000321523931096111
0.000321523931096111
0.000321523931096111
0.000321523931096111
0.000321523931096111
0.000321523931096111
0.000321523931096111
0.000321523931096111
0.000321523931096111
0.000321523931096111
0.000247927083593595
0.000247927083593595
0.000247927083593595
0.000247927083593595
0.000247927083593595
0.000247927083593595
0.000247927083593595
0.000247927083593595
0.000247927083593595
0.000247927083593595
0.000247927083593595
0.000247927083593595
0.000247927083593595
0.000232515783593639
0.000232515783593639
0.000232515783593639
0.000180573189240524
0.000180573189240524
0.000180573189240524
0.000180573189240524
0.000180573189240524
0.000180573189240524
0.000180573189240524
0.000180573189240524
0.000180573189240524
0.000180573189240524
0.000180573189240524
0.000180573189240524
0.000180573189240524
0.000180573189240524
0.000180573189240524
0.000180573189240524
0.000180573189240524
0.000180573189240524
0.000180573189240524
0.000180573189240524
0.000180573189240524
0.000180573189240524
0.000180573189240524
0.000180573189240524
0.000180573189240524
0.000129700414446907
0.000129700414446907
0.000129700414446907
0.000129700414446907
0.000129700414446907
0.000129700414446907
0.000129700414446907
0.000129700414446907
0.000129700414446907
0.000129700414446907
0.000129700414446907
0.000129700414446907
0.000129700414446907
0.000129700414446907
0.000129700414446907
0.000129700414446907
0.000129700414446907
0.000129700414446907
0.000129700414446907
0.000129700414446907
0.000129700414446907
0.000129700414446907
0.000129700414446907
0.000129700414446907
8.36198600916381E-05
8.36198600916381E-05
8.36198600916381E-05
8.36198600916381E-05
8.36198600916381E-05
8.36198600916381E-05
8.36198600916381E-05
8.36198600916381E-05
8.36198600916381E-05
8.36198600916381E-05
8.36198600916381E-05
8.36198600916381E-05
8.36198600916381E-05
8.36198600916381E-05
8.36198600916381E-05
8.36198600916381E-05
8.36198600916381E-05
8.36198600916381E-05
8.36198600916381E-05
8.36198600916381E-05
8.36198600916381E-05
8.36198600916381E-05
8.36198600916381E-05
8.36198600916381E-05
8.36198600916381E-05
8.36198600916381E-05
8.36198600916381E-05
8.36198600916381E-05
8.36198600916381E-05
8.36198600916381E-05
8.36198600916381E-05
8.36198600916381E-05
4.30629561970528E-05
4.30629561970528E-05
4.30629561970528E-05
4.30629561970528E-05
4.30629561970528E-05
4.30629561970528E-05
4.30629561970528E-05
4.30629561970528E-05
4.30629561970528E-05
4.30629561970528E-05
4.30629561970528E-05
4.30629561970528E-05
4.30629561970528E-05
4.30629561970528E-05
4.30629561970528E-05
4.30629561970528E-05
4.30629561970528E-05
4.30629561970528E-05
4.30629561970528E-05
4.30629561970528E-05
4.30629561970528E-05
2.33657538771021E-05
2.33657538771021E-05
2.33657538771021E-05
2.33657538771021E-05
2.33657538771021E-05
2.33657538771021E-05
2.33657538771021E-05
2.33657538771021E-05
2.33657538771021E-05
2.33657538771021E-05
2.33657538771021E-05
2.33657538771021E-05
2.33657538771021E-05
2.33657538771021E-05
2.33657538771021E-05
2.33657538771021E-05
2.33657538771021E-05
2.33657538771021E-05
2.33657538771021E-05
2.33657538771021E-05
2.33657538771021E-05
2.33657538771021E-05
2.33657538771021E-05
2.33657538771021E-05
2.33657538771021E-05
2.33657538771021E-05
2.33657538771021E-05
2.33657538771021E-05
2.33657538771021E-05
2.33657538771021E-05
2.33657538771021E-05
2.33657538771021E-05
2.33657538771021E-05
2.33657538771021E-05
2.33657538771021E-05
2.33657538771021E-05
2.33657538771021E-05
2.33657538771021E-05
2.33657538771021E-05
2.33657538771021E-05
2.33657538771021E-05
2.33657538771021E-05
2.33657538771021E-05
2.33657538771021E-05
2.33657538771021E-05
2.33657538771021E-05
2.33657538771021E-05
2.33657538771021E-05
2.33657538771021E-05
2.33657538771021E-05
2.33657538771021E-05
2.33657538771021E-05
2.33657538771021E-05
2.33657538771021E-05
2.33657538771021E-05
2.33657538771021E-05
2.33657538771021E-05
2.33657538771021E-05
2.33657538771021E-05
2.33657538771021E-05
2.33657538771021E-05
2.33657538771021E-05
2.33657538771021E-05
2.33657538771021E-05
2.33657538771021E-05
2.33657538771021E-05
2.33657538771021E-05
2.33657538771021E-05
2.33657538771021E-05
2.33657538771021E-05
2.33657538771021E-05
2.33657538771021E-05
2.33657538771021E-05
2.33657538771021E-05
2.33657538771021E-05
2.33657538771021E-05
2.33657538771021E-05
2.33657538771021E-05
2.33657538771021E-05
2.33657538771021E-05
2.33657538771021E-05
2.33657538771021E-05
2.33657538771021E-05
2.33657538771021E-05
2.33657538771021E-05
2.33657538771021E-05
2.33657538771021E-05
2.33657538771021E-05
2.33657538771021E-05
2.33657538771021E-05
2.33657538771021E-05
2.33657538771021E-05
2.33657538771021E-05
2.33657538771021E-05
2.33657538771021E-05
2.33657538771021E-05
2.33657538771021E-05
2.33657538771021E-05
2.33657538771021E-05
2.33657538771021E-05
2.33657538771021E-05
2.33657538771021E-05
2.33657538771021E-05
2.33657538771021E-05
2.33657538771021E-05
2.33657538771021E-05
2.33657538771021E-05
2.33657538771021E-05
2.33657538771021E-05
2.33657538771021E-05
2.33657538771021E-05
2.33657538771021E-05
2.33657538771021E-05
2.33657538771021E-05
2.33657538771021E-05
2.33657538771021E-05
2.33657538771021E-05
2.33657538771021E-05
2.33657538771021E-05
2.33657538771021E-05
2.33657538771021E-05
2.33657538771021E-05
2.33657538771021E-05
2.33657538771021E-05
2.33657538771021E-05
2.33657538771021E-05
2.33657538771021E-05
2.33657538771021E-05
2.33657538771021E-05
2.33657538771021E-05
2.33657538771021E-05
2.33657538771021E-05
2.33657538771021E-05
2.33657538771021E-05
2.33657538771021E-05
2.33657538771021E-05

