0.0896893713526024
0.0453801509265253
0.0190562252422524
0.0190562252422524
0.0190562252422524
0.0190562252422524
0.0190562252422524
0.00764631117946324
0.00764631117946324
0.00764631117946324
0.00764631117946324
0.00764631117946324
0.00764631117946324
0.00764631117946324
0.00764631117946324
0.00764631117946324
0.00764631117946324
0.00764631117946324
0.00764631117946324
0.00764631117946324
0.00764631117946324
0.00764631117946324
0.00764631117946324
0.00764631117946324
0.00764631117946324
0.00764631117946324
0.00764631117946324
0.00764631117946324
0.00764631117946324
0.00764631117946324
0.00764631117946324
0.00764631117946324
0.00764631117946324
0.00764631117946324
0.00764631117946324
0.00764631117946324
0.00764631117946324
0.00764631117946324
0.00764631117946324
0.00764631117946324
0.00764631117946324
0.00764631117946324
0.00764631117946324
0.00764631117946324
0.00764631117946324
0.00764631117946324
0.00764631117946324
0.00764631117946324
0.00764631117946324
0.00764631117946324
0.00764631117946324
0.00764631117946324
0.00673120910927938
0.00606996164070661
0.00606996164070661
0.00606996164070661
0.00606996164070661
0.00606996164070661
0.00606996164070661
0.00606996164070661
0.00606996164070661
0.00606996164070661
0.00606996164070661
0.00606996164070661
0.00606996164070661
0.00606996164070661
0.00606996164070661
0.00606996164070661
0.00606996164070661
0.00606996164070661
0.00606996164070661
0.00606996164070661
0.00606996164070661
0.00606996164070661
0.00606996164070661
0.00606996164070661
0.00606996164070661
0.00606996164070661
0.00606996164070661
0.00370846605441022
0.00370846605441022
0.00370846605441022
0.00370846605441022
0.00370846605441022
0.00370846605441022
0.00370846605441022
0.00370846605441022
0.00370846605441022
0.00370846605441022
0.00370846605441022
0.00370846605441022
0.00370846605441022
0.00370846605441022
0.00370846605441022
0.00370846605441022
0.00359894342744338
0.00359894342744338
0.00359894342744338
0.00359894342744338
0.00359894342744338
0.00359894342744338
0.00359894342744338
0.00359894342744338
0.00170857830762261
0.00170857830762261
0.00170857830762261
0.00170857830762261
0.00170857830762261
0.00170857830762261
0.00170857830762261
0.00170857830762261
0.00170857830762261
0.00170857830762261
0.00170857830762261
0.00170857830762261
0.00170857830762261
0.00170857830762261
0.00170857830762261
0.00170857830762261
0.00170857830762261
0.00170857830762261
0.00170857830762261
0.00170857830762261
0.00170857830762261
0.00170857830762261
0.00170857830762261
0.00170857830762261
0.00170857830762261
0.00170857830762261
0.00170857830762261
0.00170857830762261
0.00170857830762261
0.00170857830762261
0.00170857830762261
0.00170857830762261
0.00170857830762261
0.00170857830762261
0.00170857830762261
0.00170857830762261
0.00170857830762261
0.000911243852784849
0.000911243852784849
0.000911243852784849
0.000911243852784849
0.000911243852784849
0.000911243852784849
0.000911243852784849
0.000911243852784849
0.000911243852784849
0.000911243852784849
0.000911243852784849
0.000911243852784849
0.000911243852784849
0.000911243852784849
0.000911243852784849
0.000911243852784849
0.000911243852784849
0.000911243852784849
0.000911243852784849
0.000911243852784849
0.000911243852784849
0.000911243852784849
0.000911243852784849
0.000911243852784849
0.000911243852784849
0.000911243852784849
0.000911243852784849
0.000911243852784849
0.000911243852784849
0.000911243852784849
0.000911243852784849
0.000911243852784849
0.000911243852784849
0.000911243852784849
0.000911243852784849
0.000911243852784849
0.000911243852784849
0.000911243852784849
0.000911243852784849
0.000911243852784849
0.000911243852784849
0.000911243852784849
0.000911243852784849
0.000911243852784849
0.000911243852784849
0.000911243852784849
0.000911243852784849
0.000911243852784849
0.000911243852784849
0.000911243852784849
0.000911243852784849
0.000911243852784849
0.000911243852784849
0.000911243852784849
0.000911243852784849
0.000911243852784849
0.000911243852784849
0.000911243852784849
0.000911243852784849
0.000911243852784849
0.000911243852784849
0.000911243852784849
0.000911243852784849
0.000911243852784849
0.000911243852784849
0.000911243852784849
0.000911243852784849
0.000911243852784849
0.000911243852784849
0.000911243852784849
0.000911243852784849
0.000911243852784849
0.000911243852784849
0.000911243852784849
0.000911243852784849
0.000911243852784849
0.000911243852784849
0.000911243852784849
0.000911243852784849
0.000911243852784849
0.000911243852784849
0.000911243852784849
0.000911243852784849
0.000911243852784849
0.000911243852784849
0.000911243852784849
0.000911243852784849
0.000911243852784849
0.000911243852784849
0.000911243852784849
0.000911243852784849
0.000911243852784849
0.000911243852784849
0.000911243852784849
0.000911243852784849
0.000911243852784849
0.000911243852784849
0.000911243852784849
0.000911243852784849
0.000911243852784849
0.000911243852784849
0.000911243852784849
0.000911243852784849
0.000911243852784849
0.000911243852784849
0.000911243852784849
0.000911243852784849
0.000911243852784849
0.000911243852784849
0.000911243852784849
0.000911243852784849
0.000911243852784849
0.000911243852784849
0.000911243852784849
0.000911243852784849
0.000911243852784849
0.000911243852784849
0.000911243852784849
0.000911243852784849
0.000911243852784849
0.000911243852784849
0.000911243852784849
0.000911243852784849
0.000911243852784849
0.000911243852784849
0.000911243852784849
0.000911243852784849
0.000911243852784849
0.000863516051971436
0.000863516051971436
0.000863516051971436
0.000863516051971436
0.000863516051971436
0.000863516051971436
0.000863516051971436
0.000863516051971436
0.000863516051971436
0.000863516051971436
0.000863516051971436
0.000863516051971436
0.000863516051971436
0.000863516051971436
0.000863516051971436
0.000863516051971436
0.000863516051971436
0.000863516051971436
0.000863516051971436
0.000863516051971436
0.000863516051971436
0.000863516051971436
0.000863516051971436
0.000863516051971436
0.000863516051971436
0.000863516051971436
0.000863516051971436
0.000863516051971436
0.000863516051971436
0.000863516051971436
0.000863516051971436
0.000863516051971436
0.000863516051971436
0.000863516051971436
0.000863516051971436
0.000863516051971436
0.000863516051971436
0.000863516051971436
0.000863516051971436
0.000863516051971436
0.000863516051971436
0.000863516051971436
0.000863516051971436
0.000863516051971436
0.000863516051971436
0.000863516051971436
0.000863516051971436
0.000863516051971436
0.000863516051971436
0.000863516051971436
0.000863516051971436
0.000863516051971436
0.000863516051971436
0.000863516051971436
0.000863516051971436
0.000863516051971436
0.000863516051971436
0.000863516051971436
0.000863516051971436
0.000863516051971436
0.000863516051971436
0.000863516051971436
0.000863516051971436
0.000863516051971436
0.000863516051971436
0.000863516051971436
0.000863516051971436
0.000860647746916521
0.000860647746916521
0.000860647746916521
0.000860647746916521
0.000860647746916521
0.000860647746916521
0.000860647746916521
0.000860647746916521
0.000860647746916521
0.000860647746916521
0.000860647746916521
0.000860647746916521
0.000860647746916521
0.000860647746916521
0.000860647746916521
0.000860647746916521
0.000860647746916521
0.000860647746916521
0.000860647746916521
0.000860647746916521
0.000860647746916521
0.000860647746916521
0.000860647746916521
0.000860647746916521
0.000860647746916521
0.000860647746916521
0.000860647746916521
0.000860647746916521
0.000860647746916521
0.000860647746916521
0.000860647746916521
0.000860647746916521
0.000860647746916521
0.000860647746916521
0.000860647746916521
0.000860647746916521
0.000860647746916521
0.000860647746916521
0.000860647746916521
0.000860647746916521
0.000860647746916521
0.000860647746916521
0.000860647746916521
0.000860647746916521
0.000860647746916521
0.000860647746916521
0.000860647746916521
0.000860647746916521
0.000860647746916521
0.000860647746916521
0.000860647746916521
0.000860647746916521
0.000860647746916521
0.000860647746916521
0.000860647746916521
0.000860647746916521
0.000860647746916521
0.000860647746916521
0.000860647746916521
0.000860647746916521
0.000860647746916521
0.000860647746916521
0.000860647746916521
0.000860647746916521
0.000860647746916521
0.000860647746916521
0.000860647746916521
0.000860647746916521
0.000860647746916521
0.000860647746916521
0.000860647746916521
0.000860647746916521
0.000860647746916521
0.000860647746916521
0.000860647746916521
0.000860647746916521
0.000860647746916521
0.000860647746916521
0.000860647746916521
0.000860647746916521
0.000860647746916521
0.000860647746916521
0.000860647746916521
0.000860647746916521
0.000860647746916521
0.000860647746916521
0.000860647746916521
0.000860647746916521
0.000860647746916521
0.000860647746916521
0.000860647746916521
0.000860647746916521
0.000860647746916521
0.000860647746916521
0.000860647746916521
0.000860647746916521
0.000807088909187681
0.000807088909187681
0.000807088909187681
0.000807088909187681
0.000807088909187681
0.000807088909187681
0.000807088909187681
0.000807088909187681
0.000807088909187681
0.000807088909187681
0.000807088909187681
0.000807088909187681
0.000807088909187681
0.000807088909187681
0.000807088909187681
0.000807088909187681
0.000807088909187681
0.000807088909187681
0.000807088909187681
0.000807088909187681
0.000807088909187681
0.000807088909187681
0.000807088909187681
0.000807088909187681
0.000807088909187681
0.000807088909187681
0.000807088909187681
0.000807088909187681
0.000807088909187681
0.000807088909187681
0.000807088909187681
0.000807088909187681
0.000807088909187681
0.000807088909187681
0.000807088909187681
0.000807088909187681
0.000807088909187681
0.000807088909187681
0.000807088909187681
0.000807088909187681
0.000807088909187681
0.000807088909187681
0.000807088909187681
0.000807088909187681
0.000807088909187681
0.000807088909187681
0.000807088909187681
0.000807088909187681
0.000807088909187681
0.000807088909187681
0.000807088909187681
0.000807088909187681
0.000807088909187681
0.000807088909187681
0.000807088909187681
0.000807088909187681
0.000807088909187681
0.000807088909187681
0.000807088909187681
0.000807088909187681
0.000807088909187681
0.000807088909187681
0.000807088909187681
0.000807088909187681
0.000807088909187681
0.000807088909187681
0.000807088909187681
0.000807088909187681
0.000807088909187681

