0.0628867280166675
0.0628867280166675
0.0628867280166675
0.0384351919703456
0.0384351919703456
0.011806435008445
0.011806435008445
0.011806435008445
0.00712816358445945
0.00712816358445945
0.00712816358445945
0.00712816358445945
0.00712816358445945
0.00712816358445945
0.00712816358445945
0.00712816358445945
0.00712816358445945
0.00712816358445945
0.00712816358445945
0.00712816358445945
0.00712816358445945
0.00712816358445945
0.00712816358445945
0.00712816358445945
0.00712816358445945
0.00712816358445945
0.00712816358445945
0.00712816358445945
0.00712816358445945
0.00712816358445945
0.00712816358445945
0.00712816358445945
0.00712816358445945
0.00712816358445945
0.00712816358445945
0.00712816358445945
0.00528378549786057
0.00528378549786057
0.00528378549786057
0.00528378549786057
0.00528378549786057
0.00528378549786057
0.00528378549786057
0.00528378549786057
0.00528378549786057
0.00528378549786057
0.00528378549786057
0.00528378549786057
0.00528378549786057
0.00528378549786057
0.00528378549786057
0.00528378549786057
0.00528378549786057
0.00528378549786057
0.00528378549786057
0.00528378549786057
0.00528378549786057
0.00528378549786057
0.00528378549786057
0.00528378549786057
0.00528378549786057
0.00528378549786057
0.00528378549786057
0.00528378549786057
0.00528378549786057
0.00528378549786057
0.00528378549786057
0.00528378549786057
0.00528378549786057
0.00528378549786057
0.00525682671136984
0.00525682671136984
0.00525682671136984
0.00525682671136984
0.00374689189111321
0.00374689189111321
0.00374689189111321
0.00374689189111321
0.00374689189111321
0.00374689189111321
0.00374689189111321
0.00525682671136984
0.00525682671136984
0.00525682671136984
0.00525682671136984
0.00525682671136984
0.00525682671136984
0.00525682671136984
0.00525682671136984
0.00525682671136984
0.00525682671136984
0.00525682671136984
0.00525682671136984
0.00525682671136984
0.00525682671136984
0.00525682671136984
0.00525682671136984
0.00525682671136984
0.00498657786673773
0.00498657786673773
0.00498657786673773
0.00498657786673773
0.00429686023999265
0.00228573814334998
0.00228573814334998
0.00228573814334998
0.00228573814334998
0.00228573814334998
0.00228573814334998
0.00228573814334998
0.00228573814334998
0.00228573814334998
0.00228573814334998
0.00228573814334998
0.000656152634447515
0.000656152634447515
0.000656152634447515
0.000656152634447515
0.000656152634447515
0.000656152634447515
0.000656152634447515
0.000656152634447515
0.000656152634447515
0.000656152634447515
0.000656152634447515
0.000656152634447515
0.000656152634447515
0.000656152634447515
0.000656152634447515
0.000656152634447515
0.000656152634447515
0.000656152634447515
0.000656152634447515
0.000656152634447515
0.000656152634447515
0.000212919712839654
0.000212919712839654
0.000212919712839654
0.000212919712839654
0.000212919712839654
0.000212919712839654
0.000212919712839654
0.000212919712839654
0.000212919712839654
0.000212919712839654
0.000212919712839654
0.000212919712839654
0.000212919712839654
0.000212919712839654
0.000212919712839654
0.000212919712839654
0.000212919712839654
0.000212919712839654
0.000212919712839654
0.000212919712839654
0.000212919712839654
0.000212919712839654
0.000212919712839654
0.000212919712839654
0.000212919712839654
0.000212919712839654
0.000212919712839654
0.000212919712839654
0.000212919712839654
0.000212919712839654
0.000212919712839654
0.000212919712839654
0.000212919712839654
0.000212919712839654
0.000212919712839654
0.000212919712839654
0.000212919712839654
0.000212919712839654
0.000212919712839654
0.000212919712839654
0.000212919712839654
0.000212919712839654
0.000212919712839654
0.000212919712839654
0.000212919712839654
0.000212919712839654
0.000212919712839654
0.000212919712839654
0.000212919712839654
0.000212919712839654
0.000212919712839654
0.000212919712839654
0.000212919712839654
0.000212919712839654
0.000212919712839654
0.000212919712839654
0.000212919712839654
0.000212919712839654
0.000212919712839654
0.000212919712839654
0.000212919712839654
0.000212919712839654
0.000212919712839654
0.000212919712839654
0.000212919712839654
0.000212919712839654
0.000212919712839654
0.000212919712839654
0.000212919712839654
0.000212919712839654
0.000212919712839654
0.000212919712839654
0.000212919712839654
0.000212919712839654
0.000212919712839654
0.000212919712839654
0.000212919712839654
0.000212919712839654
0.000212919712839654
0.000212919712839654
0.000212919712839654
0.000212919712839654
0.000212919712839654
0.000212919712839654
0.000212919712839654
0.000212919712839654
0.000212919712839654
0.000212919712839654
0.000212919712839654
0.000212919712839654
0.000212919712839654
0.000212919712839654
0.000212919712839654
0.000212919712839654
0.000212919712839654
0.000212919712839654
0.000212919712839654
0.000212919712839654
0.000212919712839654
0.000212919712839654
0.000212919712839654
0.000212919712839654
0.000212919712839654
0.000212919712839654
0.000212919712839654
0.000212919712839654
0.000212919712839654
0.000212919712839654
0.000212919712839654
0.000212919712839654
0.000212919712839654
0.000212919712839654
0.000212919712839654
0.000212919712839654
0.000212919712839654
0.000212919712839654
0.000212919712839654
0.000212919712839654
0.000212919712839654
0.000212919712839654
0.000212919712839654
0.000212919712839654
0.000212919712839654
0.000212919712839654
0.000212919712839654
0.000212919712839654
0.000212919712839654
0.000212919712839654
0.000212919712839654
0.000212919712839654
0.000212919712839654
0.000212919712839654
0.000212919712839654
0.000212919712839654
0.000212919712839654
0.000212919712839654
0.000212919712839654
0.000212919712839654
0.000212919712839654
0.000212919712839654
0.000212919712839654
0.000212919712839654
0.000212919712839654
0.000212919712839654
0.000212919712839654
0.000212919712839654
0.000212919712839654
0.000212919712839654
0.000212919712839654
0.000212919712839654
0.000212919712839654
0.000212919712839654
0.000212919712839654
0.000212919712839654
0.000212919712839654
0.000212919712839654
0.000212919712839654
0.000212919712839654
0.000212919712839654
0.000212919712839654
0.000212919712839654
0.000212919712839654
0.000212919712839654
0.000212919712839654
0.000212919712839654
0.000212919712839654
0.000212919712839654
0.000212919712839654
0.000212919712839654
0.000212919712839654
0.000212919712839654
0.000212919712839654
0.000212919712839654
0.000212919712839654
0.000212919712839654
0.000212919712839654
0.000212919712839654
0.000212919712839654
0.000212919712839654
0.000212919712839654
0.000212919712839654
0.000212919712839654
0.000212919712839654
0.000212919712839654
0.000212919712839654
0.000212919712839654
0.000212919712839654
0.000212919712839654
0.000212919712839654
0.000212919712839654
0.000212919712839654
0.000212919712839654
0.000212919712839654
0.000212919712839654
0.000212919712839654
0.000212919712839654
0.000212919712839654
0.000212919712839654
0.000212919712839654
0.000212919712839654
0.000212919712839654
0.000212919712839654
0.000212919712839654
0.000212919712839654
0.000212919712839654
0.000212919712839654
0.000212919712839654
0.000212919712839654
0.000212919712839654
0.000212919712839654
0.000212919712839654
0.000212919712839654
0.000212919712839654
0.000212919712839654
0.000212919712839654
0.000212919712839654
0.000212919712839654
0.000212919712839654
0.000212919712839654
0.000212919712839654
0.000212919712839654
0.000212919712839654
0.000212919712839654
0.000212919712839654
0.000212919712839654
0.000212919712839654
0.000212919712839654
0.000212919712839654
0.000212919712839654
0.000212919712839654
0.000212919712839654
0.000212919712839654
0.000212919712839654
0.000212919712839654
0.000212919712839654
0.000212919712839654
0.000212919712839654
0.000212919712839654
0.000212919712839654
0.000212919712839654
0.000212919712839654
0.000212919712839654
0.000212919712839654
0.000212919712839654
0.000212919712839654
0.000212919712839654
0.000212919712839654
0.000212919712839654
0.000212919712839654
0.000212919712839654
0.000212919712839654
0.000212919712839654
0.000212919712839654
0.000212919712839654
0.000212919712839654
0.000212919712839654
0.000212919712839654
0.000212919712839654
0.000212919712839654
0.000212919712839654
0.000212919712839654
0.000212919712839654
0.000212919712839654
0.000212919712839654
0.000212919712839654
0.000212919712839654
0.000212919712839654
0.000212919712839654
0.000212919712839654
0.000212919712839654
0.000212919712839654
0.000212919712839654
0.000212919712839654
0.000212919712839654
0.000212919712839654
0.000212919712839654
0.000212919712839654
0.000212919712839654
0.000212919712839654
0.000212919712839654
0.000212919712839654
0.000212919712839654
0.000212919712839654
0.000159624993893104
0.000159624993893104
0.000159624993893104
0.000159624993893104
0.000159624993893104
0.000159624993893104
0.000159624993893104
0.000159624993893104
0.000159624993893104
0.000159624993893104
0.000159624993893104
0.000159624993893104
0.000159624993893104
0.000159624993893104
0.000159624993893104
0.000159624993893104
0.000159624993893104
0.000159624993893104
0.000159624993893104
0.000159624993893104
0.000159624993893104
0.000159624993893104
0.000159624993893104
0.000159624993893104
0.000159624993893104
0.000159624993893104
0.000159624993893104
0.000159624993893104
0.000159624993893104
0.000159624993893104
0.000159624993893104
0.000159624993893104
0.000159624993893104
0.000159624993893104
0.000159624993893104
0.000159624993893104
0.000159624993893104
0.000159624993893104
0.000159624993893104
0.000159624993893104
0.000159624993893104
0.000159624993893104
0.000159624993893104
0.000159624993893104
0.000159624993893104
0.000159624993893104
0.000159624993893104
0.000159624993893104
0.000159624993893104
0.000159624993893104
0.000159624993893104
0.000159624993893104
0.000159624993893104
0.000159624993893104
0.000159624993893104
0.000159624993893104
0.000159624993893104
0.000159624993893104
0.000159624993893104
0.000159624993893104
0.000159624993893104
0.000159624993893104
0.000159624993893104
0.000159624993893104
0.000159624993893104
0.000159624993893104
0.000159624993893104
0.000159624993893104
0.000159624993893104
0.000159624993893104
0.000159624993893104
0.000159624993893104
0.000159624993893104
0.000159624993893104
0.000159624993893104
0.000159624993893104
0.000159624993893104
0.000159624993893104
0.000159624993893104
0.000159624993893104
0.000159624993893104
0.000159624993893104

