0.230937964148098
0.158247864375592
0.133763912446373
0.133763912446373
0.0312401094870475
0.0312401094870475
0.0312401094870475
0.0312401094870475
0.0312401094870475
0.0312401094870475
0.0312401094870475
0.0312401094870475
0.0312401094870475
0.0312401094870475
0.0312401094870475
0.0312401094870475
0.0099269689449446
0.0099269689449446
0.0099269689449446
0.0099269689449446
0.0099269689449446
0.0099269689449446
0.0099269689449446
0.0099269689449446
0.00427033181360437
0.00427033181360437
0.00427033181360437
0.00427033181360437
0.00427033181360437
0.00427033181360437
0.00427033181360437
0.00427033181360437
0.00427033181360437
0.00427033181360437
0.00427033181360437
0.00427033181360437
0.00427033181360437
0.00427033181360437
0.00427033181360437
0.00427033181360437
0.00427033181360437
0.00427033181360437
0.00427033181360437
0.00427033181360437
0.00427033181360437
0.00427033181360437
0.00427033181360437
0.00427033181360437
0.00427033181360437
0.00427033181360437
0.00427033181360437
0.00427033181360437
0.00427033181360437
0.00427033181360437
0.00427033181360437
0.00427033181360437
0.00427033181360437
0.00427033181360437
0.00427033181360437
0.00427033181360437
0.00427033181360437
0.00427033181360437
0.00427033181360437
0.00427033181360437
0.00427033181360437
0.00427033181360437
0.00427033181360437
0.00427033181360437
0.00427033181360437
0.00427033181360437
0.00427033181360437
0.00427033181360437
0.00427033181360437
0.00427033181360437
0.00427033181360437
0.00427033181360437
0.00427033181360437
0.00427033181360437
0.00427033181360437
0.00427033181360437
0.00427033181360437
0.00427033181360437
0.00264197316857573
0.00264197316857573
0.00264197316857573
0.00264197316857573
0.00264197316857573
0.00264197316857573
0.00264197316857573
0.00264197316857573
0.00264197316857573
0.00264197316857573
0.00264197316857573
0.00264197316857573
0.00195023703053032
0.00195023703053032
0.00195023703053032
0.00195023703053032
0.00195023703053032
0.0015824200626533
0.0015824200626533
0.0015824200626533
0.0015824200626533
0.0015824200626533
0.0015824200626533
0.0015824200626533
0.0015824200626533
0.0015824200626533
0.0015824200626533
0.0015824200626533
0.0015824200626533
0.0015824200626533
0.0015824200626533
0.0015824200626533
0.0015824200626533
0.0015824200626533
0.0015824200626533
0.0015824200626533
0.0015824200626533
0.0015824200626533
0.0015824200626533
0.0015824200626533
0.0015824200626533
0.0015824200626533
0.0015824200626533
0.0015824200626533
0.0015824200626533
0.0015824200626533
0.0015824200626533
0.0015824200626533
0.0015824200626533
0.0015824200626533
0.0015824200626533
0.0015824200626533
0.0015824200626533
0.0015824200626533
0.0015824200626533
0.0015824200626533
0.0015824200626533
0.0015824200626533
0.0015824200626533
0.0015824200626533
0.0015824200626533
0.0015824200626533
0.0015824200626533
0.0015824200626533
0.0015824200626533
0.0015824200626533
0.0015824200626533
0.0015824200626533
0.0015824200626533
0.0015824200626533
0.0015824200626533
0.0015824200626533
0.0015824200626533
0.0015824200626533
0.0015824200626533
0.0015824200626533
0.0015824200626533
0.0015824200626533
0.0015824200626533
0.0015824200626533
0.0015824200626533
0.0015824200626533
0.0015824200626533
0.0015824200626533
0.0015824200626533
0.0015824200626533
0.0015824200626533
0.0015824200626533
0.0015824200626533
0.0015824200626533
0.0015824200626533
0.0015824200626533
0.0015824200626533
0.0015824200626533
0.0015824200626533
0.00043683543014017
0.00043683543014017
0.00043683543014017
0.00043683543014017
0.00043683543014017
0.00043683543014017
0.00043683543014017
0.00043683543014017
0.00043683543014017
0.00043683543014017
0.00043683543014017
0.00043683543014017
0.00043683543014017
0.00043683543014017
0.00043683543014017
0.00043683543014017
0.00043683543014017
0.00043683543014017
0.00043683543014017
0.00043683543014017
0.00043683543014017
0.00043683543014017
0.00043683543014017
0.00043683543014017
0.00043683543014017
0.00043683543014017
0.00043683543014017
0.00043683543014017
0.00043683543014017
0.00043683543014017
0.00043683543014017
0.00043683543014017
0.00043683543014017
0.00043683543014017
0.00043683543014017
0.00043683543014017
0.00043683543014017
0.00043683543014017
0.00043683543014017
0.00043683543014017
0.00043683543014017
0.00043683543014017
0.00043683543014017
0.00043683543014017
0.00043683543014017
0.00043683543014017
0.00043683543014017
0.00043683543014017
0.00043683543014017
0.00043683543014017
0.00043683543014017
0.00043683543014017
0.00043683543014017
0.00043683543014017
0.00043683543014017
0.00025474010047899
0.00025474010047899
0.00025474010047899
0.00025474010047899
0.00025474010047899
0.00025474010047899
0.00025474010047899
0.000237074204231136
0.000237074204231136
0.000237074204231136
0.000237074204231136
0.000237074204231136
0.000237074204231136
0.000237074204231136
0.000237074204231136
0.000237074204231136
0.000237074204231136
0.000237074204231136
0.000237074204231136
0.000237074204231136
0.000237074204231136
0.000237074204231136
0.000237074204231136
0.000237074204231136
0.000237074204231136
0.000237074204231136
0.000237074204231136
0.000237074204231136
0.000237074204231136
0.000237074204231136
0.000237074204231136
0.000237074204231136
0.000237074204231136
0.000237074204231136
0.000237074204231136
0.000237074204231136
0.000237074204231136
0.000237074204231136
0.000237074204231136
0.000237074204231136
0.000237074204231136
0.000237074204231136
0.000237074204231136
0.000237074204231136
0.000237074204231136
0.000237074204231136
0.000237074204231136
0.000237074204231136
0.000237074204231136
0.000237074204231136
0.000237074204231136
0.000237074204231136
0.000237074204231136
0.000237074204231136
0.000237074204231136
0.000237074204231136
0.000237074204231136
0.000237074204231136
0.000237074204231136
0.000237074204231136
0.000237074204231136
0.000237074204231136
0.000237074204231136
0.000237074204231136
0.000237074204231136
0.000237074204231136
0.000237074204231136
0.000237074204231136
0.000237074204231136
0.000237074204231136
0.000237074204231136
0.000237074204231136
0.000237074204231136
0.000237074204231136
0.000237074204231136
0.000237074204231136
0.000237074204231136
0.000237074204231136
0.000237074204231136
0.000237074204231136
0.000237074204231136
0.000237074204231136
0.000237074204231136
0.000237074204231136
0.000237074204231136
0.000237074204231136
0.000237074204231136
0.000237074204231136
0.000237074204231136
0.000237074204231136
0.000237074204231136
0.000237074204231136
0.000237074204231136
0.000237074204231136
0.000237074204231136
0.000237074204231136
0.000237074204231136
0.000237074204231136
0.000237074204231136
0.000237074204231136
0.000237074204231136
0.000237074204231136
0.000237074204231136
0.000237074204231136
0.000237074204231136
0.000237074204231136
0.000237074204231136
0.000237074204231136
0.000237074204231136
0.000237074204231136
0.000237074204231136
0.000237074204231136
0.000237074204231136
0.000237074204231136
0.000237074204231136
0.000237074204231136
0.000237074204231136
0.000237074204231136
0.000237074204231136
0.000237074204231136
0.000237074204231136
0.000237074204231136
0.000237074204231136
0.000237074204231136
0.000237074204231136
0.000237074204231136
0.000237074204231136
0.000237074204231136
0.000237074204231136
0.000237074204231136
0.000237074204231136
0.000237074204231136
0.000237074204231136
0.000237074204231136
0.000237074204231136
0.000237074204231136
0.000237074204231136
0.000237074204231136
0.000237074204231136
0.000237074204231136
0.000237074204231136
0.000237074204231136
0.000237074204231136
0.000237074204231136
0.000237074204231136
0.000237074204231136
0.000237074204231136
0.000237074204231136
0.000237074204231136
0.000237074204231136
0.000237074204231136
0.000237074204231136
0.000237074204231136
0.000237074204231136
0.000237074204231136
0.000237074204231136
0.000237074204231136
0.000237074204231136
0.000237074204231136
0.000237074204231136
0.000237074204231136
0.000237074204231136
0.000237074204231136
0.000237074204231136
0.000237074204231136
0.000237074204231136
0.000237074204231136
0.000237074204231136
0.000237074204231136
0.000237074204231136
0.000237074204231136
0.000237074204231136
0.000237074204231136
0.000237074204231136
0.000237074204231136
0.000237074204231136
0.000237074204231136
0.000237074204231136
0.000237074204231136
0.000237074204231136
0.000237074204231136
0.000237074204231136
0.000237074204231136
0.000237074204231136
0.000237074204231136
0.000237074204231136
0.000237074204231136
0.000237074204231136
0.000237074204231136
0.000237074204231136
0.000237074204231136
0.000237074204231136
0.000237074204231136
0.000237074204231136
0.000237074204231136
0.000237074204231136
0.000237074204231136
0.000237074204231136
0.000237074204231136
0.000237074204231136
0.000237074204231136
0.000237074204231136
0.000237074204231136
0.000237074204231136
0.000237074204231136
0.000237074204231136
0.000237074204231136
0.000237074204231136
0.000237074204231136
0.000237074204231136
0.000237074204231136
0.000237074204231136
0.000237074204231136
0.000237074204231136
0.000237074204231136
0.000237074204231136
0.000237074204231136
0.000237074204231136
0.000237074204231136
0.000237074204231136
0.000237074204231136
0.000237074204231136
0.000237074204231136
0.000237074204231136
0.000237074204231136
0.000237074204231136
5.49733064048041E-05
5.49733064048041E-05
5.49733064048041E-05
5.49733064048041E-05
5.49733064048041E-05
5.49733064048041E-05
5.49733064048041E-05
5.49733064048041E-05
5.49733064048041E-05
5.49733064048041E-05
5.49733064048041E-05
5.49733064048041E-05
5.49733064048041E-05
5.49733064048041E-05
5.49733064048041E-05
5.49733064048041E-05
5.49733064048041E-05
5.49733064048041E-05
5.49733064048041E-05
5.49733064048041E-05
5.49733064048041E-05
5.49733064048041E-05
5.49733064048041E-05
5.49733064048041E-05
5.49733064048041E-05
5.49733064048041E-05
5.49733064048041E-05
5.49733064048041E-05
5.49733064048041E-05
5.49733064048041E-05
5.49733064048041E-05
5.49733064048041E-05
5.49733064048041E-05
5.49733064048041E-05
5.49733064048041E-05
5.49733064048041E-05
5.49733064048041E-05
5.49733064048041E-05
5.49733064048041E-05
5.49733064048041E-05
5.49733064048041E-05
5.49733064048041E-05

