0.0754821087251354
0.0754821087251354
0.0754821087251354
0.0378076768278415
0.0378076768278415
0.0378076768278415
0.0378076768278415
0.0378076768278415
0.0378076768278415
0.00995528808668572
0.00995528808668572
0.00995528808668572
0.00995528808668572
0.00995528808668572
0.00995528808668572
0.00995528808668572
0.00995528808668572
0.00995528808668572
0.00995528808668572
0.00995528808668572
0.00995528808668572
0.00920634505342866
0.00920634505342866
0.00920634505342866
0.00701281035817636
0.00701281035817636
0.00701281035817636
0.00701281035817636
0.00701281035817636
0.00701281035817636
0.00701281035817636
0.00701281035817636
0.00701281035817636
0.00701281035817636
0.00701281035817636
0.00701281035817636
0.00701281035817636
0.00701281035817636
0.00701281035817636
0.00701281035817636
0.00701281035817636
0.00701281035817636
0.00701281035817636
0.00701281035817636
0.00701281035817636
0.00701281035817636
0.00701281035817636
0.00701281035817636
0.00701281035817636
0.00701281035817636
0.00701281035817636
0.00701281035817636
0.00701281035817636
0.00701281035817636
0.00701281035817636
0.00701281035817636
0.00701281035817636
0.00701281035817636
0.00701281035817636
0.00701281035817636
0.00701281035817636
0.00701281035817636
0.00701281035817636
0.00701281035817636
0.00701281035817636
0.00701281035817636
0.00701281035817636
0.00701281035817636
0.00701281035817636
0.00701281035817636
0.00701281035817636
0.00701281035817636
0.00701281035817636
0.00701281035817636
0.00701281035817636
0.00701281035817636
0.00701281035817636
0.00701281035817636
0.00701281035817636
0.00701281035817636
0.00701281035817636
0.00701281035817636
0.00701281035817636
0.00701281035817636
0.00701281035817636
0.00701281035817636
0.00701281035817636
0.00701281035817636
0.00701281035817636
0.00701281035817636
0.00701281035817636
0.00701281035817636
0.00701281035817636
0.00701281035817636
0.00701281035817636
0.00701281035817636
0.00701281035817636
0.00701281035817636
0.00701281035817636
0.00701281035817636
0.00701281035817636
0.00701281035817636
0.00701281035817636
0.00701281035817636
0.00701281035817636
0.00701281035817636
0.00701281035817636
0.00701281035817636
0.00701281035817636
0.00701281035817636
0.00701281035817636
0.00701281035817636
0.00701281035817636
0.00701281035817636
0.00701281035817636
0.00701281035817636
0.00701281035817636
0.00701281035817636
0.00701281035817636
0.00701281035817636
0.00701281035817636
0.00701281035817636
0.00701281035817636
0.00701281035817636
0.00701281035817636
0.00701281035817636
0.00701281035817636
0.00701281035817636
0.00701281035817636
0.00701281035817636
0.00701281035817636
0.00701281035817636
0.00701281035817636
0.00701281035817636
0.00701281035817636
0.00701281035817636
0.00701281035817636
0.00701281035817636
0.00701281035817636
0.00701281035817636
0.00701281035817636
0.00701281035817636
0.00701281035817636
0.00701281035817636
0.00701281035817636
0.00701281035817636
0.00701281035817636
0.00701281035817636
0.00701281035817636
0.00701281035817636
0.00701281035817636
0.00701281035817636
0.00701281035817636
0.00701281035817636
0.00701281035817636
0.00701281035817636
0.00701281035817636
0.00701281035817636
0.00701281035817636
0.00701281035817636
0.00701281035817636
0.00701281035817636
0.00701281035817636
0.00593281581573613
0.00593281581573613
0.00290023824044605
0.00290023824044605
0.00290023824044605
0.00290023824044605
0.00290023824044605
0.00290023824044605
0.00290023824044605
0.00194301425645571
0.00194301425645571
0.00194301425645571
0.00194301425645571
0.00194301425645571
0.00194301425645571
0.00194301425645571
0.00194301425645571
0.00194301425645571
0.00194301425645571
0.00194301425645571
0.00194301425645571
0.00194301425645571
0.00194301425645571
0.00194301425645571
0.00194301425645571
0.00194301425645571
0.00194301425645571
0.00194301425645571
0.00194301425645571
0.00194301425645571
0.00194301425645571
0.00194301425645571
0.00194301425645571
0.00194301425645571
0.00194301425645571
0.00194301425645571
0.00194301425645571
0.00194301425645571
0.00194301425645571
0.00194301425645571
0.00194301425645571
0.00194301425645571
0.00194301425645571
0.00194301425645571
0.00194301425645571
0.00194301425645571
0.00194301425645571
0.00194301425645571
0.00194301425645571
0.00194301425645571
0.00194301425645571
0.00194301425645571
0.00194301425645571
0.00194301425645571
0.00194301425645571
0.00194301425645571
0.00194301425645571
0.00194301425645571
0.00194301425645571
0.00194301425645571
0.00194301425645571
0.00194301425645571
0.00194301425645571
0.00194301425645571
0.00194301425645571
0.00194301425645571
0.00194301425645571
0.00194301425645571
0.00194301425645571
0.00194301425645571
0.00194301425645571
0.00194301425645571
0.00194301425645571
0.00194301425645571
0.00194301425645571
0.00194301425645571
0.00194301425645571
0.00194301425645571
0.00194301425645571
0.00194301425645571
0.00194301425645571
0.00194301425645571
0.00194301425645571
0.00194301425645571
0.00194301425645571
0.00194301425645571
0.00194301425645571
0.00194301425645571
0.00194301425645571
0.00194301425645571
0.00194301425645571
0.00194301425645571
0.00194301425645571
0.00194301425645571
0.00194301425645571
0.00194301425645571
0.00194301425645571
0.00194301425645571
0.00194301425645571
0.00194301425645571
0.00194301425645571
0.00194301425645571
0.00194301425645571
0.00194301425645571
0.00194301425645571
0.00194301425645571
0.00194301425645571
0.00194301425645571
0.00194301425645571
0.00194301425645571
0.00194301425645571
0.00194301425645571
0.00194301425645571
0.00194301425645571
0.00194301425645571
0.00194301425645571
0.00194301425645571
0.00194301425645571
0.00194301425645571
0.00194301425645571
0.00194301425645571
0.00194301425645571
0.00194301425645571
0.00194301425645571
0.00194301425645571
0.00194301425645571
0.00194301425645571
0.00194301425645571
0.00194301425645571
0.00194301425645571
0.00194301425645571
0.00194301425645571
0.00194301425645571
0.00194301425645571
0.00194301425645571
0.00194301425645571
0.00194301425645571
0.00194301425645571
0.00194301425645571
0.00194301425645571
0.00194301425645571
0.00194301425645571
0.00194301425645571
0.00194301425645571
0.00194301425645571
0.00194301425645571
0.00194301425645571
0.00194301425645571
0.00194301425645571
0.00194301425645571
0.00194301425645571
0.00194301425645571
0.00194301425645571
0.00194301425645571
0.00194301425645571
0.00194301425645571
0.00194301425645571
0.00194301425645571
0.00194301425645571
0.00194301425645571
0.00194301425645571
0.00173407159310324
0.00173407159310324
0.00173407159310324
0.00173407159310324
0.00173407159310324
0.00173407159310324
0.00173407159310324
0.00173407159310324
0.00173407159310324
0.00173407159310324
0.00173407159310324
0.00173407159310324
0.00173407159310324
0.00173407159310324
0.00173407159310324
0.00173407159310324
0.00173407159310324
0.00173407159310324
0.00173407159310324
0.00173407159310324
0.00173407159310324
0.00173407159310324
0.00173407159310324
0.00173407159310324
0.00173407159310324
0.00173407159310324
0.00173407159310324
0.00173407159310324
0.00173407159310324
0.00173407159310324
0.00173407159310324
0.00173407159310324
0.00173407159310324
0.00173407159310324
0.00151573290433904
0.00151573290433904
0.00151573290433904
0.00151573290433904
0.00151573290433904
0.00151573290433904
0.00151573290433904
0.00151573290433904
0.00151573290433904
0.00151573290433904
0.00151573290433904
0.00151573290433904
0.00151573290433904
0.00151573290433904
0.00151573290433904
0.00145705424834619
0.00145705424834619
0.00145705424834619
0.00145705424834619
0.00145705424834619
0.00145705424834619
0.00145705424834619
0.00145705424834619
0.00145705424834619
0.00145705424834619
0.00145705424834619
0.00145705424834619
0.00145705424834619
0.00145705424834619
0.00145705424834619
0.00145705424834619
0.00145705424834619
0.00145705424834619
0.00145705424834619
0.00145705424834619
0.00145705424834619
0.00145705424834619
0.00145705424834619
0.00145705424834619
0.00145705424834619
0.00145705424834619
0.00145705424834619
0.00145705424834619
0.00145705424834619
0.00145705424834619
0.00145705424834619
0.00145705424834619
0.00145705424834619
0.00145705424834619
0.00145705424834619
0.00145705424834619
0.00145705424834619
0.00145705424834619
0.00145705424834619
0.00145705424834619
0.00145705424834619
0.00145705424834619
0.00145705424834619
0.00145705424834619
0.00145705424834619
0.00145705424834619
0.00145705424834619
0.00145705424834619
0.00145705424834619
0.00145705424834619
0.00145705424834619
0.00145705424834619
0.00145705424834619
0.00145705424834619
0.00145705424834619
0.00145705424834619
0.00145705424834619
0.00145705424834619
0.00145705424834619
0.00145705424834619
0.00145705424834619
0.00145705424834619
0.00144650710848326
0.00144650710848326
0.00144650710848326
0.00144650710848326
0.00144650710848326
0.00144650710848326
0.00144650710848326
0.00144650710848326
0.00124138287634623
0.00124138287634623
0.00124138287634623
0.00124138287634623
0.00124138287634623
0.00124138287634623
0.00124138287634623
0.00124138287634623
0.00124138287634623
0.00124138287634623
0.00124138287634623
0.00124138287634623
0.00124138287634623
0.00124138287634623
0.00124138287634623
0.00124138287634623
0.00124138287634623
0.00124138287634623
0.00124138287634623
0.00124138287634623
0.00124138287634623
0.00124138287634623
0.00124138287634623
0.00124138287634623
0.00124138287634623
0.00124138287634623
0.00124138287634623
0.00124138287634623
0.00124138287634623
0.00124138287634623
0.00124138287634623
0.00124138287634623
0.000622283011683655
0.000622283011683655
0.000622283011683655
0.000622283011683655
0.000622283011683655
0.000622283011683655
0.000622283011683655
0.000622283011683655
0.000622283011683655
0.000622283011683655
0.000622283011683655
0.000622283011683655
0.000622283011683655
0.000622283011683655
0.000622283011683655
0.000622283011683655
0.000622283011683655
0.000622283011683655
0.000622283011683655
0.000622283011683655
0.000622283011683655
0.000622283011683655
0.000622283011683655
0.000622283011683655
0.000622283011683655

