0.175303890657868
0.101380857040482
0.101380857040482
0.0135192506872579
0.0135192506872579
0.0135192506872579
0.0135192506872579
0.0135192506872579
0.0135192506872579
0.0135192506872579
0.0135192506872579
0.0135192506872579
0.0135192506872579
0.0135192506872579
0.0135192506872579
0.0135192506872579
0.0135192506872579
0.0135192506872579
0.0135192506872579
0.0135192506872579
0.0135192506872579
0.0135192506872579
0.0135192506872579
0.0135192506872579
0.0135192506872579
0.0135192506872579
0.0135192506872579
0.0135192506872579
0.0135192506872579
0.0135192506872579
0.00839571652924154
0.00839571652924154
0.00839571652924154
0.00839571652924154
0.00839571652924154
0.00839571652924154
0.00839571652924154
0.00839571652924154
0.00589060113392914
0.00589060113392914
0.00589060113392914
0.00589060113392914
0.00589060113392914
0.00589060113392914
0.00589060113392914
0.00589060113392914
0.00589060113392914
0.00589060113392914
0.00589060113392914
0.00589060113392914
0.00589060113392914
0.00577184179270029
0.00577184179270029
0.00577184179270029
0.00577184179270029
0.00577184179270029
0.00577184179270029
0.00577184179270029
0.00577184179270029
0.00577184179270029
0.00577184179270029
0.00577184179270029
0.00577184179270029
0.00577184179270029
0.00341858583731869
0.00341137479316478
0.00341137479316478
0.00341137479316478
0.00321808494892173
0.00321808494892173
0.00321808494892173
0.00321808494892173
0.00321808494892173
0.00321808494892173
0.00321808494892173
0.00321808494892173
0.00321808494892173
0.00321808494892173
0.00321808494892173
0.00321808494892173
0.00321808494892173
0.00321808494892173
0.00321808494892173
0.00321808494892173
0.00321808494892173
0.00321808494892173
0.00321808494892173
0.00321808494892173
0.00321808494892173
0.00321808494892173
0.00321808494892173
0.00321808494892173
0.00321808494892173
0.00321808494892173
0.00321808494892173
0.00321808494892173
0.00321808494892173
0.00321808494892173
0.00341137479316478
0.00341137479316478
0.00341137479316478
0.00341137479316478
0.00341137479316478
0.00341137479316478
0.00341137479316478
0.00341137479316478
0.00341137479316478
0.00341137479316478
0.00341137479316478
0.00341137479316478
0.00341137479316478
0.00341137479316478
0.00341137479316478
0.00341137479316478
0.00341858583731869
0.00341858583731869
0.00341858583731869
0.00341858583731869
0.00341858583731869
0.00341858583731869
0.00341858583731869
0.00341858583731869
0.00341858583731869
0.00341858583731869
0.00341858583731869
0.00341858583731869
0.00341858583731869
0.00341858583731869
0.00341858583731869
0.00341858583731869
0.00341858583731869
0.00341858583731869
0.00341858583731869
0.00341858583731869
0.00341858583731869
0.00341858583731869
0.00341858583731869
0.00341858583731869
0.00341858583731869
0.00341858583731869
0.00341858583731869
0.00341858583731869
0.00341858583731869
0.00341858583731869
0.00341858583731869
0.00341858583731869
0.00341858583731869
0.00341858583731869
0.00341858583731869
0.00341858583731869
0.00341858583731869
0.00341858583731869
0.00341858583731869
0.00341858583731869
0.00341858583731869
0.00341858583731869
0.00341858583731869
0.00341858583731869
0.00341858583731869
0.00341858583731869
0.00341858583731869
0.00341858583731869
0.00341858583731869
0.00341858583731869
0.00341858583731869
0.00341858583731869
0.00341858583731869
0.00341858583731869
0.00341858583731869
0.00341858583731869
0.00341858583731869
0.00341858583731869
0.00341858583731869
0.00341858583731869
0.00341858583731869
0.00341858583731869
0.00341858583731869
0.00341858583731869
0.00341858583731869
0.00341858583731869
0.00341858583731869
0.00341858583731869
0.00341858583731869
0.00341858583731869
0.00341858583731869
0.00341858583731869
0.00341858583731869
0.00341858583731869
0.00341858583731869
0.00341858583731869
0.00341858583731869
0.00341858583731869
0.00341858583731869
0.00341858583731869
0.00341858583731869
0.00341858583731869
0.00341858583731869
0.00341858583731869
0.00341858583731869
0.00341858583731869
0.00341858583731869
0.00341858583731869
0.00341858583731869
0.00341858583731869
0.00341858583731869
0.00341858583731869
0.00341858583731869
0.00341858583731869
0.00341858583731869
0.00341858583731869
0.00341858583731869
0.00341858583731869
0.00341858583731869
0.00341858583731869
0.00341858583731869
0.00341858583731869
0.00341858583731869
0.00341858583731869
0.00341858583731869
0.00341858583731869
0.00341858583731869
0.00341858583731869
0.00341858583731869
0.00341858583731869
0.00341858583731869
0.00341858583731869
0.00341858583731869
0.00341858583731869
0.00341858583731869
0.00275090357483943
0.00275090357483943
0.00275090357483943
0.00275090357483943
0.00275090357483943
0.00275090357483943
0.00275090357483943
0.00275090357483943
0.00275090357483943
0.00275090357483943
0.00275090357483943
0.00275090357483943
0.00275090357483943
0.00275090357483943
0.00275090357483943
0.00275090357483943
0.00275090357483943
0.00275090357483943
0.00275090357483943
0.00275090357483943
0.00275090357483943
0.00275090357483943
0.00275090357483943
0.00275090357483943
0.00275090357483943
0.00275090357483943
0.00275090357483943
0.00275090357483943
0.00275090357483943
0.00275090357483943
0.00275090357483943
0.00275090357483943
0.00275090357483943
0.00275090357483943
0.00275090357483943
0.00275090357483943
0.00275090357483943
0.00275090357483943
0.00275090357483943
0.00275090357483943
0.00275090357483943
0.00275090357483943
0.00275090357483943
0.00275090357483943
0.00275090357483943
0.00275090357483943
0.00275090357483943
0.00275090357483943
0.00275090357483943
0.00275090357483943
0.00275090357483943
0.00275090357483943
0.00275090357483943
0.00275090357483943
0.00275090357483943
0.00275090357483943
0.00275090357483943
0.00275090357483943
0.00275090357483943
0.00275090357483943
0.00275090357483943
0.00275090357483943
0.00275090357483943
0.00275090357483943
0.00275090357483943
0.00275090357483943
0.00275090357483943
0.00275090357483943
0.00275090357483943
0.00264290566818293
0.00264290566818293
0.00264290566818293
0.00264290566818293
0.00264290566818293
0.00264290566818293
0.00264290566818293
0.00264290566818293
0.00264290566818293
0.00264290566818293
0.00264290566818293
0.00264290566818293
0.00264290566818293
0.00264290566818293
0.00264290566818293
0.00264290566818293
0.00164478539154411
0.00164478539154411
0.00164478539154411
0.00164478539154411
0.00164478539154411
0.00164478539154411
0.00144778554388481
0.00144778554388481
0.00144778554388481
0.00144778554388481
0.00144778554388481
0.00144778554388481
0.00144778554388481
0.00144778554388481
0.00144778554388481
0.00144778554388481
0.00144778554388481
0.00144778554388481
0.00144778554388481
0.00144778554388481
0.00144778554388481
0.00144778554388481
0.00144778554388481
0.00144778554388481
0.00144778554388481
0.00144778554388481
0.00144778554388481
0.00144778554388481
0.00144778554388481
0.00144778554388481
0.00144778554388481
0.00144778554388481
0.00144778554388481
0.00144778554388481
0.00144778554388481
0.00144778554388481
0.00144778554388481
0.00144778554388481
0.00144778554388481
0.00144778554388481
0.00144778554388481
0.00144778554388481
0.00144778554388481
0.00144778554388481
0.00144778554388481
0.00144778554388481
0.00144778554388481
0.00144778554388481
0.00144778554388481
0.00144778554388481
0.00144778554388481
0.00144778554388481
0.00144778554388481
0.00144778554388481
0.00144778554388481
0.00144778554388481
0.00144778554388481
0.00144778554388481
0.00144778554388481
0.00144778554388481
0.00144778554388481
0.00144778554388481
0.00144778554388481
0.00144778554388481
0.00144778554388481
0.00144778554388481
0.00144778554388481
0.00144778554388481
0.00144778554388481
0.00144778554388481
0.00144778554388481
0.00144778554388481
0.00144778554388481
0.00144778554388481
0.00144778554388481
0.00144778554388481
0.00144778554388481
0.00144778554388481
0.00144778554388481
0.00144778554388481
0.000841538428303146
0.000841538428303146
0.000841538428303146
0.000841538428303146
0.000841538428303146
0.000841538428303146
0.000841538428303146
0.000841538428303146
0.000841538428303146
0.000841538428303146
0.000841538428303146
0.000841538428303146
0.000841538428303146
0.000841538428303146
0.000841538428303146
0.000841538428303146
0.000841538428303146
0.000841538428303146
0.000841538428303146
0.000841538428303146
0.000841538428303146
0.000841538428303146
0.000841538428303146
0.000841538428303146
0.000841538428303146
0.000841538428303146
0.000841538428303146
0.000841538428303146
0.000841538428303146
0.000841538428303146
0.000841538428303146
0.000841538428303146
0.000841538428303146
0.000841538428303146
0.000841538428303146
0.000841538428303146
0.000841538428303146
0.000841538428303146
0.000841538428303146
0.000841538428303146
0.000841538428303146
0.000841538428303146
0.000841538428303146
0.000841538428303146
0.000841538428303146
0.000841538428303146
0.000841538428303146
0.000841538428303146
0.000841538428303146
0.000841538428303146
0.000841538428303146
0.000841538428303146
0.000841538428303146
0.000841538428303146
0.000841538428303146
0.000841538428303146
0.000841538428303146
0.000841538428303146
0.000841538428303146
0.000841538428303146
0.000841538428303146
0.000841538428303146
0.000841538428303146
0.000841538428303146
0.000841538428303146
0.000841538428303146
0.000841538428303146
0.000841538428303146
0.000841538428303146
0.000841538428303146
0.000841538428303146
0.000841538428303146
0.000841538428303146
0.000841538428303146
0.000841538428303146
0.000841538428303146
0.000841538428303146
0.000841538428303146
0.000841538428303146
0.000841538428303146
0.000841538428303146
0.000841538428303146
0.000841538428303146
0.000841538428303146
0.000841538428303146
0.000841538428303146
0.000841538428303146
0.000841538428303146
0.000841538428303146
0.000841538428303146
0.000841538428303146
0.000841538428303146
0.000841538428303146
0.000841538428303146
0.000841538428303146
0.000841538428303146
0.000841538428303146
0.000841538428303146
0.000841538428303146
0.000841538428303146
0.000841538428303146
0.000841538428303146
0.000841538428303146
0.000841538428303146
0.000841538428303146
0.000841538428303146

