0.218031852851645
0.0654609310776854
0.0172087171375966
0.0172087171375966
0.0172087171375966
0.0172087171375966
0.0172087171375966
0.0172087171375966
0.0172087171375966
0.0172087171375966
0.0172087171375966
0.0172087171375966
0.00228161198496524
0.00228161198496524
0.00228161198496524
0.00228161198496524
0.000217134563058718
0.000217134563058718
0.000217134563058718
0.000217134563058718
0.000217134563058718
0.000217134563058718
0.000217134563058718
7.60431217576851E-05
7.60431217576851E-05
7.60431217576851E-05
2.08791108359252E-05
2.08791108359252E-05
2.08791108359252E-05
2.45875611304403E-06
2.45875611304403E-06
2.45875611304403E-06
2.45875611304403E-06
2.45875611304403E-06
2.45875611304403E-06
2.45875611304403E-06
2.45875611304403E-06
2.45875611304403E-06
2.45875611304403E-06
2.45875611304403E-06
2.45875611304403E-06
2.45875611304403E-06
2.45875611304403E-06
2.45875611304403E-06
2.45875611304403E-06
2.45875611304403E-06
2.45875611304403E-06
2.45875611304403E-06
2.45875611304403E-06
2.45875611304403E-06
2.45875611304403E-06
2.45875611304403E-06
2.45875611304403E-06
2.45875611304403E-06
2.45875611304403E-06
2.45875611304403E-06
2.45875611304403E-06
2.45875611304403E-06
2.45875611304403E-06
2.45875611304403E-06
2.45875611304403E-06
2.45875611304403E-06
2.45875611304403E-06
2.45875611304403E-06
2.45875611304403E-06
2.45875611304403E-06
2.45875611304403E-06
1.73170480977092E-06
1.73170480977092E-06
1.73170480977092E-06
1.73170480977092E-06
1.73170480977092E-06
1.73170480977092E-06
1.73170480977092E-06
1.73170480977092E-06
1.73170480977092E-06
1.73170480977092E-06
1.73170480977092E-06
1.73170480977092E-06
1.73170480977092E-06
1.73170480977092E-06
1.43459990553652E-08
1.43459990553652E-08
1.43459990553652E-08
1.43459990553652E-08
1.43459990553652E-08
1.43459990553652E-08
1.43459990553652E-08
1.43459990553652E-08
1.43459990553652E-08
1.43459990553652E-08
1.43459990553652E-08
1.43459990553652E-08
1.43459990553652E-08
1.43459990553652E-08
1.43459990553652E-08
1.43459990553652E-08
1.43459990553652E-08
1.43459990553652E-08
1.43459990553652E-08
1.43459990553652E-08
1.43459990553652E-08
1.43459990553652E-08
1.43459990553652E-08
1.43459990553652E-08
1.43459990553652E-08
1.43459990553652E-08
1.43459990553652E-08
1.43459990553652E-08
1.43459990553652E-08
1.43459990553652E-08
1.43459990553652E-08
1.43459990553652E-08
1.43459990553652E-08
1.43459990553652E-08
1.43459990553652E-08
1.43459990553652E-08
1.43459990553652E-08
1.43459990553652E-08
1.43459990553652E-08
1.43459990553652E-08
1.43459990553652E-08
1.43459990553652E-08
1.43459990553652E-08
1.43459990553652E-08
1.43459990553652E-08
1.43459990553652E-08
1.43459990553652E-08
1.43459990553652E-08
1.43459990553652E-08
1.43459990553652E-08
1.43459990553652E-08
1.43459990553652E-08
1.43459990553652E-08
1.43459990553652E-08
1.43459990553652E-08
1.43459990553652E-08
1.43459990553652E-08
1.43459990553652E-08
1.43459990553652E-08
1.43459990553652E-08
1.43459990553652E-08
1.43459990553652E-08
1.43459990553652E-08
1.43459990553652E-08
1.43459990553652E-08
1.43459990553652E-08
1.43459990553652E-08
1.43459990553652E-08
1.43459990553652E-08
1.43459990553652E-08
1.43459990553652E-08
1.43459990553652E-08
1.43459990553652E-08
1.43459990553652E-08
1.43459990553652E-08
1.74118008899882E-09
1.74118008899882E-09
1.74118008899882E-09
1.74118008899882E-09
1.74118008899882E-09
1.74118008899882E-09
1.74118008899882E-09
1.74118008899882E-09
1.74118008899882E-09
1.74118008899882E-09
1.74118008899882E-09
1.74118008899882E-09
1.74118008899882E-09
1.74118008899882E-09
1.74118008899882E-09
1.74118008899882E-09
1.74118008899882E-09
1.74118008899882E-09
1.74118008899882E-09
1.74118008899882E-09
1.74118008899882E-09
1.74118008899882E-09
1.74118008899882E-09
1.74118008899882E-09
1.74118008899882E-09
1.74118008899882E-09
1.74118008899882E-09
1.74118008899882E-09
1.74118008899882E-09
1.74118008899882E-09
1.74118008899882E-09
1.74118008899882E-09
1.74118008899882E-09
1.74118008899882E-09
1.74118008899882E-09
1.74118008899882E-09
1.74118008899882E-09
1.74118008899882E-09
1.74118008899882E-09
1.74118008899882E-09
1.74118008899882E-09
1.74118008899882E-09
1.74118008899882E-09
1.74118008899882E-09
1.74118008899882E-09
1.74118008899882E-09
1.74118008899882E-09
1.74118008899882E-09
1.74118008899882E-09
1.74118008899882E-09
1.74118008899882E-09
1.74118008899882E-09
1.74118008899882E-09
1.74118008899882E-09
1.74118008899882E-09
1.74118008899882E-09
1.74118008899882E-09
1.74118008899882E-09
1.74118008899882E-09
1.74118008899882E-09
1.74118008899882E-09
1.74118008899882E-09
1.74118008899882E-09
1.74118008899882E-09
1.74118008899882E-09
1.74118008899882E-09
1.74118008899882E-09
1.74118008899882E-09
1.74118008899882E-09
1.74118008899882E-09
1.74118008899882E-09
1.74118008899882E-09
1.74118008899882E-09
1.74118008899882E-09
1.74118008899882E-09
1.74118008899882E-09
1.74118008899882E-09
1.74118008899882E-09
1.74118008899882E-09
1.74118008899882E-09
1.74118008899882E-09
1.74118008899882E-09
1.74118008899882E-09
1.74118008899882E-09
1.74118008899882E-09
1.74118008899882E-09
1.74118008899882E-09
1.74118008899882E-09
1.74118008899882E-09
1.74118008899882E-09
1.74118008899882E-09
1.74118008899882E-09
1.74118008899882E-09
1.74118008899882E-09
1.74118008899882E-09
1.74118008899882E-09
1.74118008899882E-09
1.74118008899882E-09
1.74118008899882E-09
1.74118008899882E-09
1.74118008899882E-09
1.74118008899882E-09
1.74118008899882E-09
1.74118008899882E-09
1.74118008899882E-09
1.74118008899882E-09
1.74118008899882E-09
1.74118008899882E-09
1.74118008899882E-09
1.74118008899882E-09
1.74118008899882E-09
1.74118008899882E-09
1.74118008899882E-09
1.74118008899882E-09
1.74118008899882E-09
1.74118008899882E-09
1.74118008899882E-09
1.74118008899882E-09
1.74118008899882E-09
1.74118008899882E-09
1.74118008899882E-09
1.74118008899882E-09
1.74118008899882E-09
1.74118008899882E-09
1.74118008899882E-09
1.74118008899882E-09
1.74118008899882E-09
1.74118008899882E-09
1.74118008899882E-09
1.74118008899882E-09
1.74118008899882E-09
1.74118008899882E-09
1.74118008899882E-09
1.74118008899882E-09
1.74118008899882E-09
1.74118008899882E-09
1.74118008899882E-09
1.74118008899882E-09
1.74118008899882E-09
1.74118008899882E-09
1.74118008899882E-09
1.74118008899882E-09
1.74118008899882E-09
1.74118008899882E-09
1.74118008899882E-09
1.74118008899882E-09
1.74118008899882E-09
1.74118008899882E-09
1.74118008899882E-09
1.74118008899882E-09
1.74118008899882E-09
1.74118008899882E-09
1.74118008899882E-09
1.74118008899882E-09
1.74118008899882E-09
1.74118008899882E-09
1.74118008899882E-09
1.74118008899882E-09
1.74118008899882E-09
1.74118008899882E-09
1.74118008899882E-09
1.74118008899882E-09
1.74118008899882E-09
1.74118008899882E-09
1.74118008899882E-09
1.74118008899882E-09
1.74118008899882E-09
1.74118008899882E-09
1.74118008899882E-09
1.74118008899882E-09
1.74118008899882E-09
1.74118008899882E-09
1.74118008899882E-09
1.74118008899882E-09
1.74118008899882E-09
1.74118008899882E-09
1.74118008899882E-09
1.74118008899882E-09
1.74118008899882E-09
1.74118008899882E-09
1.74118008899882E-09
1.74118008899882E-09
1.74118008899882E-09
1.74118008899882E-09
1.74118008899882E-09
1.74118008899882E-09
1.74118008899882E-09
1.74118008899882E-09
1.74118008899882E-09
1.74118008899882E-09
1.74118008899882E-09
1.74118008899882E-09
1.74118008899882E-09
1.74118008899882E-09
1.74118008899882E-09
1.74118008899882E-09
1.74118008899882E-09
1.74118008899882E-09
1.74118008899882E-09
1.74118008899882E-09
1.74118008899882E-09
1.74118008899882E-09
1.74118008899882E-09
1.74118008899882E-09
1.74118008899882E-09
1.74118008899882E-09
1.74118008899882E-09
1.74118008899882E-09
1.74118008899882E-09
1.74118008899882E-09
1.74118008899882E-09
1.74118008899882E-09
1.74118008899882E-09
1.74118008899882E-09
1.74118008899882E-09
1.74118008899882E-09
1.74118008899882E-09
1.74118008899882E-09
1.74118008899882E-09
1.74118008899882E-09
1.74118008899882E-09
1.74118008899882E-09
1.74118008899882E-09
1.74118008899882E-09
1.74118008899882E-09
1.74118008899882E-09
1.74118008899882E-09
1.74118008899882E-09
1.74118008899882E-09
1.74118008899882E-09
1.74118008899882E-09
1.74118008899882E-09
1.74118008899882E-09
1.74118008899882E-09
1.74118008899882E-09
1.74118008899882E-09
1.74118008899882E-09
1.74118008899882E-09
1.74118008899882E-09
1.74118008899882E-09
1.74118008899882E-09
1.74118008899882E-09
1.74118008899882E-09
1.74118008899882E-09
1.74118008899882E-09
1.74118008899882E-09
1.74118008899882E-09
1.74118008899882E-09
1.74118008899882E-09
1.74118008899882E-09
1.74118008899882E-09
1.74118008899882E-09
1.74118008899882E-09
1.74118008899882E-09
1.74118008899882E-09
1.74118008899882E-09
1.74118008899882E-09
1.74118008899882E-09
1.74118008899882E-09
1.74118008899882E-09
8.55113591047285E-09
8.55113591047285E-09
8.55113591047285E-09
8.55113591047285E-09
8.55113591047285E-09
8.55113591047285E-09
8.55113591047285E-09
8.55113591047285E-09
8.55113591047285E-09
8.55113591047285E-09
8.55113591047285E-09
8.55113591047285E-09
8.55113591047285E-09
8.55113591047285E-09
8.55113591047285E-09
8.55113591047285E-09
8.55113591047285E-09
8.55113591047285E-09
8.55113591047285E-09
8.55113591047285E-09
8.55113591047285E-09
8.55113591047285E-09
8.55113591047285E-09
8.55113591047285E-09
8.55113591047285E-09
8.55113591047285E-09
8.55113591047285E-09
8.55113591047285E-09
8.55113591047285E-09
8.55113591047285E-09
8.55113591047285E-09
8.55113591047285E-09
8.55113591047285E-09
3.84831244648609E-09
3.84831244648609E-09
3.84831244648609E-09
3.84831244648609E-09
3.84831244648609E-09
3.84831244648609E-09
3.84831244648609E-09
3.84831244648609E-09
3.84831244648609E-09
3.84831244648609E-09
3.84831244648609E-09
3.84831244648609E-09
3.84831244648609E-09
3.84831244648609E-09
3.84831244648609E-09
3.84831244648609E-09
3.84831244648609E-09
3.84831244648609E-09
3.84831244648609E-09
3.84831244648609E-09
3.84831244648609E-09
3.84831244648609E-09
3.84831244648609E-09
3.84831244648609E-09
3.84831244648609E-09
3.84831244648609E-09
3.84831244648609E-09
3.84831244648609E-09
3.84831244648609E-09
3.84831244648609E-09
3.84831244648609E-09
3.84831244648609E-09
3.84831244648609E-09
3.84831244648609E-09
3.84831244648609E-09
3.84831244648609E-09
3.84831244648609E-09
3.84831244648609E-09
3.84831244648609E-09
3.84831244648609E-09
3.84831244648609E-09
3.84831244648609E-09
3.84831244648609E-09
3.84831244648609E-09
3.84831244648609E-09
3.84831244648609E-09
3.84831244648609E-09
1.2881253841357E-09
1.2881253841357E-09
1.2881253841357E-09
1.2881253841357E-09

