0.0668456740759132
0.0384498046888124
0.0234755733178936
0.0234755733178936
0.000164442784116647
0.000164442784116647
0.000164442784116647
0.000164442784116647
0.000164442784116647
0.000164442784116647
9.50654372612325E-05
9.50654372612325E-05
9.50654372612325E-05
9.50654372612325E-05
9.50654372612325E-05
9.50654372612325E-05
9.50654372612325E-05
9.50654372612325E-05
9.50654372612325E-05
5.40693991839536E-05
5.40693991839536E-05
3.02333166324331E-06
9.62904655121832E-07
9.62904655121832E-07
9.62904655121832E-07
9.62904655121832E-07
9.62904655121832E-07
9.62904655121832E-07
9.62904655121832E-07
9.62904655121832E-07
9.62904655121832E-07
9.56400711848993E-07
9.56400711848993E-07
9.56400711848993E-07
9.56400711848993E-07
9.56400711848993E-07
9.56400711848993E-07
9.56400711848993E-07
9.56400711848993E-07
9.56400711848993E-07
9.56400711848993E-07
9.56400711848993E-07
9.56400711848993E-07
9.56400711848993E-07
9.56400711848993E-07
9.56400711848993E-07
9.56400711848993E-07
9.56400711848993E-07
9.56400711848993E-07
9.56400711848993E-07
9.56400711848993E-07
9.56400711848993E-07
9.56400711848993E-07
9.56400711848993E-07
9.56400711848993E-07
9.56400711848993E-07
9.56400711848993E-07
9.56400711848993E-07
9.56400711848993E-07
9.56400711848993E-07
9.56400711848993E-07
9.56400711848993E-07
9.56400711848993E-07
9.56400711848993E-07
9.56400711848993E-07
9.56400711848993E-07
9.56400711848993E-07
9.56400711848993E-07
9.56400711848993E-07
9.56400711848993E-07
8.77594392378889E-07
8.77594392378889E-07
8.77594392378889E-07
8.77594392378889E-07
8.77594392378889E-07
8.77594392378889E-07
8.77594392378889E-07
8.77594392378889E-07
8.77594392378889E-07
8.77594392378889E-07
8.77594392378889E-07
8.77594392378889E-07
8.77594392378889E-07
8.77594392378889E-07
8.77594392378889E-07
8.77594392378889E-07
8.77594392378889E-07
8.77594392378889E-07
8.77594392378889E-07
8.77594392378889E-07
8.77594392378889E-07
8.77594392378889E-07
8.77594392378889E-07
8.77594392378889E-07
8.77594392378889E-07
8.77594392378889E-07
8.77594392378889E-07
8.77594392378889E-07
8.77594392378889E-07
8.77594392378889E-07
8.77594392378889E-07
8.77594392378889E-07
8.77594392378889E-07
8.77594392378889E-07
8.77594392378889E-07
8.77594392378889E-07
8.77594392378889E-07
8.77594392378889E-07
8.77594392378889E-07
8.77594392378889E-07
8.77594392378889E-07
8.77594392378889E-07
8.77594392378889E-07
8.77594392378889E-07
8.77594392378889E-07
8.77594392378889E-07
8.77594392378889E-07
8.77594392378889E-07
8.77594392378889E-07
8.77594392378889E-07
8.77594392378889E-07
8.77594392378889E-07
8.77594392378889E-07
8.77594392378889E-07
8.77594392378889E-07
8.77594392378889E-07
8.77594392378889E-07
8.77594392378889E-07
6.88916312885368E-09
6.88916312885368E-09
6.88916312885368E-09
6.88916312885368E-09
6.88916312885368E-09
6.88916312885368E-09
6.88916312885368E-09
6.88916312885368E-09
6.88916312885368E-09
6.88916312885368E-09
6.88916312885368E-09
6.88916312885368E-09
6.88916312885368E-09
6.88916312885368E-09
6.88916312885368E-09
6.88916312885368E-09
6.88916312885368E-09
6.88916312885368E-09
6.88916312885368E-09
6.88916312885368E-09
6.88916312885368E-09
6.88916312885368E-09
6.88916312885368E-09
6.88916312885368E-09
6.88916312885368E-09
6.88916312885368E-09
6.88916312885368E-09
6.88916312885368E-09
6.88916312885368E-09
6.88916312885368E-09
6.88916312885368E-09
6.88916312885368E-09
6.88916312885368E-09
6.88916312885368E-09
6.88916312885368E-09
6.88916312885368E-09
6.88916312885368E-09
6.88916312885368E-09
6.88916312885368E-09
6.88916312885368E-09
6.88916312885368E-09
6.88916312885368E-09
6.88916312885368E-09
6.88916312885368E-09
6.88916312885368E-09
6.88916312885368E-09
6.88916312885368E-09
6.88916312885368E-09
6.88916312885368E-09
6.88916312885368E-09
6.88916312885368E-09
6.88916312885368E-09
6.88916312885368E-09
6.88916312885368E-09
6.88916312885368E-09
6.88916312885368E-09
6.88916312885368E-09
6.88916312885368E-09
6.88916312885368E-09
6.88916312885368E-09
6.88916312885368E-09
6.88916312885368E-09
6.88916312885368E-09
6.88916312885368E-09
6.88916312885368E-09
6.88916312885368E-09
6.88916312885368E-09
6.88916312885368E-09
6.88916312885368E-09
6.88916312885368E-09
6.88916312885368E-09
6.88916312885368E-09
6.88916312885368E-09
6.88916312885368E-09
6.88916312885368E-09
6.88916312885368E-09
6.88916312885368E-09
6.88916312885368E-09
6.88916312885368E-09
6.88916312885368E-09
6.88916312885368E-09
6.88916312885368E-09
6.88916312885368E-09
6.88916312885368E-09
6.88916312885368E-09
6.88916312885368E-09
6.88916312885368E-09
6.88916312885368E-09
6.88916312885368E-09
6.88916312885368E-09
6.88916312885368E-09
6.88916312885368E-09
6.88916312885368E-09
6.88916312885368E-09
6.88916312885368E-09
6.88916312885368E-09
6.88916312885368E-09
6.88916312885368E-09
6.88916312885368E-09
6.88916312885368E-09
6.88916312885368E-09
6.88916312885368E-09
6.88916312885368E-09
6.88916312885368E-09
6.88916312885368E-09
6.88916312885368E-09
6.88916312885368E-09
6.88916312885368E-09
6.88916312885368E-09
6.88916312885368E-09
6.88916312885368E-09
6.88916312885368E-09
6.88916312885368E-09
6.88916312885368E-09
6.88916312885368E-09
6.88916312885368E-09
6.88916312885368E-09
6.88916312885368E-09
6.88916312885368E-09
6.88916312885368E-09
6.88916312885368E-09
6.88916312885368E-09
6.88916312885368E-09
6.88916312885368E-09
6.88916312885368E-09
6.88916312885368E-09
6.88916312885368E-09
6.88916312885368E-09
6.88916312885368E-09
6.88916312885368E-09
6.88916312885368E-09
6.88916312885368E-09
6.88916312885368E-09
6.88916312885368E-09
6.88916312885368E-09
6.88916312885368E-09
6.88916312885368E-09
6.88916312885368E-09
6.88916312885368E-09
6.88916312885368E-09
6.88916312885368E-09
6.88916312885368E-09
6.88916312885368E-09
6.88916312885368E-09
6.88916312885368E-09
6.88916312885368E-09
6.88916312885368E-09
6.88916312885368E-09
6.88916312885368E-09
6.88916312885368E-09
6.88916312885368E-09
6.88916312885368E-09
6.88916312885368E-09
6.88916312885368E-09
6.88916312885368E-09
6.88916312885368E-09
6.88916312885368E-09
6.88916312885368E-09
6.88916312885368E-09
6.88916312885368E-09
6.88916312885368E-09
6.88916312885368E-09
6.88916312885368E-09
6.88916312885368E-09
6.88916312885368E-09
6.88916312885368E-09
6.88916312885368E-09
6.88916312885368E-09
6.88916312885368E-09
6.88916312885368E-09
6.88916312885368E-09
6.88916312885368E-09
6.88916312885368E-09
6.88916312885368E-09
6.88916312885368E-09
6.88916312885368E-09
6.88916312885368E-09
6.88916312885368E-09
6.88916312885368E-09
6.88916312885368E-09
6.88916312885368E-09
6.88916312885368E-09
6.88916312885368E-09
6.88916312885368E-09
6.88916312885368E-09
6.88916312885368E-09
6.88916312885368E-09
6.88916312885368E-09
6.88916312885368E-09
6.88916312885368E-09
6.88916312885368E-09
6.88916312885368E-09
6.88916312885368E-09
6.88916312885368E-09
6.88916312885368E-09
6.88916312885368E-09
6.88916312885368E-09
6.88916312885368E-09
6.88916312885368E-09
6.88916312885368E-09
6.88916312885368E-09
6.88916312885368E-09
6.88916312885368E-09
6.88916312885368E-09
6.88916312885368E-09
6.88916312885368E-09
6.88916312885368E-09
6.88916312885368E-09
6.88916312885368E-09
6.88916312885368E-09
6.88916312885368E-09
6.88916312885368E-09
6.88916312885368E-09
6.88916312885368E-09
6.88916312885368E-09
6.88916312885368E-09
6.88916312885368E-09
6.88916312885368E-09
6.88916312885368E-09
6.88916312885368E-09
6.88916312885368E-09
6.88916312885368E-09
6.88916312885368E-09
6.88916312885368E-09
6.88916312885368E-09
6.88916312885368E-09
6.88916312885368E-09
6.88916312885368E-09
6.88916312885368E-09
6.88916312885368E-09
6.88916312885368E-09
6.88916312885368E-09
6.88916312885368E-09
6.88916312885368E-09
6.88916312885368E-09
6.88916312885368E-09
6.88916312885368E-09
6.88916312885368E-09
6.88916312885368E-09
6.88916312885368E-09
6.88916312885368E-09
6.88916312885368E-09
6.88916312885368E-09
6.88916312885368E-09
6.88916312885368E-09
6.88916312885368E-09
6.88916312885368E-09
6.88916312885368E-09
6.88916312885368E-09
6.88916312885368E-09
6.88916312885368E-09
6.88916312885368E-09
6.88916312885368E-09
6.88916312885368E-09
6.88916312885368E-09
6.88916312885368E-09
6.88916312885368E-09
6.88916312885368E-09
6.88916312885368E-09
6.88916312885368E-09
6.88916312885368E-09
6.88916312885368E-09
6.88916312885368E-09
6.88916312885368E-09
6.88916312885368E-09
6.88916312885368E-09
6.88916312885368E-09
6.88916312885368E-09
6.88916312885368E-09
6.88916312885368E-09
6.88916312885368E-09
6.88916312885368E-09
6.88916312885368E-09
6.88916312885368E-09
6.88916312885368E-09
6.88916312885368E-09
6.88916312885368E-09
6.88916312885368E-09
6.88916312885368E-09
6.88916312885368E-09
6.88916312885368E-09
6.88916312885368E-09
6.88916312885368E-09
6.88916312885368E-09
6.88916312885368E-09
6.88916312885368E-09
6.88916312885368E-09
6.88916312885368E-09
6.88916312885368E-09
6.88916312885368E-09
6.88916312885368E-09
6.88916312885368E-09
6.88916312885368E-09
6.88916312885368E-09
6.88916312885368E-09
6.88916312885368E-09
6.88916312885368E-09
6.88916312885368E-09
6.88916312885368E-09
6.88916312885368E-09
6.88916312885368E-09
6.88916312885368E-09
6.88916312885368E-09
6.88916312885368E-09
6.88916312885368E-09
6.88916312885368E-09
6.88916312885368E-09
6.88916312885368E-09
6.88916312885368E-09
6.88916312885368E-09
6.88916312885368E-09
6.88916312885368E-09
6.88916312885368E-09
6.88916312885368E-09
6.88916312885368E-09
6.88916312885368E-09
6.88916312885368E-09
6.88916312885368E-09
6.88916312885368E-09
6.88916312885368E-09
6.88916312885368E-09
6.88916312885368E-09
6.88916312885368E-09
6.88916312885368E-09
6.88916312885368E-09
6.88916312885368E-09
6.88916312885368E-09
6.88916312885368E-09
6.88916312885368E-09
6.88916312885368E-09
6.88916312885368E-09
6.88916312885368E-09
6.88916312885368E-09
6.88916312885368E-09
6.88916312885368E-09
6.88916312885368E-09
6.88916312885368E-09
6.88916312885368E-09
6.88916312885368E-09
6.88916312885368E-09
6.88916312885368E-09
6.88916312885368E-09
6.88916312885368E-09
6.88916312885368E-09
6.88916312885368E-09
6.88916312885368E-09
6.88916312885368E-09
6.88916312885368E-09
6.88916312885368E-09
6.88916312885368E-09
6.88916312885368E-09
6.88916312885368E-09
6.88916312885368E-09
6.88916312885368E-09
6.88916312885368E-09
6.88916312885368E-09
6.88916312885368E-09
6.88916312885368E-09
6.88916312885368E-09
6.88916312885368E-09
6.88916312885368E-09
6.88916312885368E-09
6.88916312885368E-09
6.88916312885368E-09
6.88916312885368E-09
6.88916312885368E-09
6.88916312885368E-09
6.88916312885368E-09
6.88916312885368E-09
6.88916312885368E-09
6.88916312885368E-09
6.88916312885368E-09

