0.101205387845307
0.0758325653831138
0.0758325653831138
0.0742845447278815
0.0742845447278815
0.0687509661835849
0.0312944660093895
0.0312944660093895
0.0312944660093895
0.00685771275438007
0.00685771275438007
0.00685771275438007
0.00685771275438007
0.00685771275438007
0.00395318347572848
0.00395318347572848
0.00395318347572848
0.00395318347572848
0.00395318347572848
0.00395318347572848
0.00395318347572848
0.00166333741327951
0.000468672659874936
0.000468672659874936
0.000468672659874936
2.61181549987555E-06
2.61181549987555E-06
2.61181549987555E-06
2.61181549987555E-06
2.61181549987555E-06
2.61181549987555E-06
2.61181549987555E-06
2.61181549987555E-06
2.61181549987555E-06
2.61181549987555E-06
2.61181549987555E-06
2.61181549987555E-06
2.61181549987555E-06
2.61181549987555E-06
2.61181549987555E-06
2.61181549987555E-06
2.61181549987555E-06
2.61181549987555E-06
2.61181549987555E-06
2.61181549987555E-06
2.61181549987555E-06
2.61181549987555E-06
2.61181549987555E-06
2.61181549987555E-06
2.61181549987555E-06
2.61181549987555E-06
8.20593689665472E-08
8.20593689665472E-08
8.20593689665472E-08
8.20593689665472E-08
8.20593689665472E-08
8.20593689665472E-08
8.20593689665472E-08
8.20593689665472E-08
8.20593689665472E-08
8.20593689665472E-08
8.20593689665472E-08
8.20593689665472E-08
8.20593689665472E-08
8.20593689665472E-08
8.20593689665472E-08
8.20593689665472E-08
8.20593689665472E-08
8.20593689665472E-08
8.20593689665472E-08
8.20593689665472E-08
8.20593689665472E-08
8.20593689665472E-08
8.20593689665472E-08
8.20593689665472E-08
8.20593689665472E-08
8.20593689665472E-08
8.20593689665472E-08
8.20593689665472E-08
8.20593689665472E-08
8.20593689665472E-08
8.20593689665472E-08
8.20593689665472E-08
8.20593689665472E-08
8.20593689665472E-08
8.20593689665472E-08
8.20593689665472E-08
8.20593689665472E-08
8.20593689665472E-08
8.20593689665472E-08
8.20593689665472E-08
8.20593689665472E-08
8.20593689665472E-08
8.20593689665472E-08
8.20593689665472E-08
8.20593689665472E-08
8.20593689665472E-08
8.20593689665472E-08
8.20593689665472E-08
8.20593689665472E-08
8.20593689665472E-08
8.20593689665472E-08
8.20593689665472E-08
8.20593689665472E-08
8.20593689665472E-08
8.20593689665472E-08
8.20593689665472E-08
8.20593689665472E-08
8.20593689665472E-08
8.20593689665472E-08
8.20593689665472E-08
8.20593689665472E-08
8.20593689665472E-08
8.20593689665472E-08
8.20593689665472E-08
8.20593689665472E-08
8.20593689665472E-08
8.20593689665472E-08
8.20593689665472E-08
8.20593689665472E-08
8.20593689665472E-08
8.20593689665472E-08
8.20593689665472E-08
8.20593689665472E-08
8.20593689665472E-08
8.20593689665472E-08
8.20593689665472E-08
4.95428651436924E-08
4.95428651436924E-08
4.95428651436924E-08
4.95428651436924E-08
4.95428651436924E-08
4.95428651436924E-08
4.95428651436924E-08
4.95428651436924E-08
4.95428651436924E-08
4.95428651436924E-08
4.95428651436924E-08
4.95428651436924E-08
4.95428651436924E-08
4.95428651436924E-08
4.95428651436924E-08
4.95428651436924E-08
4.95428651436924E-08
4.95428651436924E-08
4.95428651436924E-08
4.95428651436924E-08
4.95428651436924E-08
4.95428651436924E-08
4.95428651436924E-08
4.95428651436924E-08
4.95428651436924E-08
4.95428651436924E-08
4.95428651436924E-08
4.95428651436924E-08
4.95428651436924E-08
4.95428651436924E-08
4.95428651436924E-08
4.95428651436924E-08
4.95428651436924E-08
4.95428651436924E-08
4.95428651436924E-08
4.95428651436924E-08
4.95428651436924E-08
4.95428651436924E-08
4.95428651436924E-08
4.95428651436924E-08
4.95428651436924E-08
4.95428651436924E-08
4.95428651436924E-08
4.95428651436924E-08
4.95428651436924E-08
4.95428651436924E-08
4.95428651436924E-08
4.95428651436924E-08
4.95428651436924E-08
4.95428651436924E-08
4.95428651436924E-08
2.86884260791709E-09
2.86884260791709E-09
2.86884260791709E-09
2.86884260791709E-09
2.86884260791709E-09
2.86884260791709E-09
2.86884260791709E-09
2.86884260791709E-09
2.86884260791709E-09
2.86884260791709E-09
2.86884260791709E-09
2.86884260791709E-09
2.86884260791709E-09
2.86884260791709E-09
2.86884260791709E-09
2.86884260791709E-09
2.86884260791709E-09
2.86884260791709E-09
2.86884260791709E-09
2.86884260791709E-09
2.86884260791709E-09
2.86884260791709E-09
2.86884260791709E-09
2.86884260791709E-09
2.86884260791709E-09
2.86884260791709E-09
2.86884260791709E-09
2.86884260791709E-09
2.86884260791709E-09
2.86884260791709E-09
2.86884260791709E-09
2.86884260791709E-09
2.86884260791709E-09
2.86884260791709E-09
2.86884260791709E-09
2.86884260791709E-09
2.86884260791709E-09
2.86884260791709E-09
2.86884260791709E-09
2.86884260791709E-09
2.86884260791709E-09
2.86884260791709E-09
2.86884260791709E-09
2.86884260791709E-09
2.86884260791709E-09
2.86884260791709E-09
2.86884260791709E-09
2.86884260791709E-09
2.86884260791709E-09
2.86884260791709E-09
2.86884260791709E-09
2.86884260791709E-09
2.86884260791709E-09
2.86884260791709E-09
2.86884260791709E-09
2.86884260791709E-09
2.86884260791709E-09
2.86884260791709E-09
2.86884260791709E-09
2.86884260791709E-09
2.86884260791709E-09
2.86884260791709E-09
2.86884260791709E-09
2.86884260791709E-09
2.86884260791709E-09
2.86884260791709E-09
2.86884260791709E-09
2.86884260791709E-09
2.86884260791709E-09
2.86884260791709E-09
2.86884260791709E-09
2.86884260791709E-09
2.86884260791709E-09
2.86884260791709E-09
2.86884260791709E-09
2.86884260791709E-09
2.86884260791709E-09
2.86884260791709E-09
2.86884260791709E-09
2.86884260791709E-09
2.86884260791709E-09
2.86884260791709E-09
2.86884260791709E-09
2.86884260791709E-09
2.86884260791709E-09
2.86884260791709E-09
2.86884260791709E-09
2.86884260791709E-09
2.86884260791709E-09
2.86884260791709E-09
2.86884260791709E-09
2.86884260791709E-09
2.86884260791709E-09
2.86884260791709E-09
2.86884260791709E-09
2.86884260791709E-09
2.86884260791709E-09
2.86884260791709E-09
2.86884260791709E-09
2.86884260791709E-09
2.86884260791709E-09
2.86884260791709E-09
2.86884260791709E-09
2.86884260791709E-09
2.86884260791709E-09
2.86884260791709E-09
2.86884260791709E-09
2.86884260791709E-09
2.86884260791709E-09
2.86884260791709E-09
2.86884260791709E-09
2.86884260791709E-09
2.86884260791709E-09
2.86884260791709E-09
2.86884260791709E-09
2.86884260791709E-09
2.86884260791709E-09
2.86884260791709E-09
2.86884260791709E-09
2.86884260791709E-09
2.86884260791709E-09
2.86884260791709E-09
2.86884260791709E-09
2.86884260791709E-09
2.86884260791709E-09
2.86884260791709E-09
2.86884260791709E-09
2.86884260791709E-09
2.86884260791709E-09
2.86884260791709E-09
2.86884260791709E-09
2.86884260791709E-09
2.86884260791709E-09
2.86884260791709E-09
2.86884260791709E-09
2.86884260791709E-09
2.86884260791709E-09
2.86884260791709E-09
2.86884260791709E-09
2.86884260791709E-09
2.86884260791709E-09
2.86884260791709E-09
2.86884260791709E-09
2.86884260791709E-09
2.86884260791709E-09
2.86884260791709E-09
2.86884260791709E-09
2.86884260791709E-09
2.86884260791709E-09
2.86884260791709E-09
2.86884260791709E-09
2.86884260791709E-09
2.86884260791709E-09
2.86884260791709E-09
2.86884260791709E-09
2.86884260791709E-09
2.85050938408915E-09
2.85050938408915E-09
2.85050938408915E-09
2.85050938408915E-09
2.85050938408915E-09
2.85050938408915E-09
2.85050938408915E-09
2.86884260791709E-09
2.86884260791709E-09
2.86884260791709E-09
2.86884260791709E-09
2.86884260791709E-09
2.86884260791709E-09
2.86884260791709E-09
2.86884260791709E-09
2.86884260791709E-09
2.86884260791709E-09
2.86884260791709E-09
2.86884260791709E-09
2.86884260791709E-09
2.86884260791709E-09
2.86884260791709E-09
2.86884260791709E-09
2.86884260791709E-09
2.86884260791709E-09
2.86884260791709E-09
2.86884260791709E-09
2.86884260791709E-09
2.86884260791709E-09
2.86884260791709E-09
2.86884260791709E-09
2.86884260791709E-09
2.86884260791709E-09
2.86884260791709E-09
2.86884260791709E-09
2.86884260791709E-09
2.86884260791709E-09
2.86884260791709E-09
2.86884260791709E-09
2.86884260791709E-09
2.86884260791709E-09
2.86884260791709E-09
2.86884260791709E-09
2.86884260791709E-09
2.86884260791709E-09
2.86884260791709E-09
2.86884260791709E-09
2.86884260791709E-09
2.86884260791709E-09
2.86884260791709E-09
2.86884260791709E-09
2.86884260791709E-09
2.86884260791709E-09
2.86884260791709E-09
2.86884260791709E-09
2.86884260791709E-09
2.86884260791709E-09
2.86884260791709E-09
2.86884260791709E-09
2.86884260791709E-09
2.86884260791709E-09
2.86884260791709E-09
2.86884260791709E-09
2.86884260791709E-09
2.86884260791709E-09
2.86884260791709E-09
2.86884260791709E-09
2.86884260791709E-09
2.86884260791709E-09
2.86884260791709E-09
2.86884260791709E-09
2.86884260791709E-09
2.86884260791709E-09
2.86884260791709E-09
2.86884260791709E-09
2.86884260791709E-09
2.86884260791709E-09
2.86884260791709E-09
2.86884260791709E-09
2.86884260791709E-09
2.86884260791709E-09
2.86884260791709E-09
2.86884260791709E-09
2.86884260791709E-09
2.86884260791709E-09
2.86884260791709E-09
2.86884260791709E-09
2.86884260791709E-09
2.86884260791709E-09
2.86884260791709E-09
2.86884260791709E-09
2.86884260791709E-09
2.86884260791709E-09
2.86884260791709E-09
2.86884260791709E-09
2.86884260791709E-09
2.86884260791709E-09
2.86884260791709E-09
2.86884260791709E-09
6.27779328521427E-09
6.27779328521427E-09
6.27779328521427E-09
6.27779328521427E-09
6.27779328521427E-09
6.27779328521427E-09
6.27779328521427E-09
6.27779328521427E-09
6.27779328521427E-09
6.27779328521427E-09
6.27779328521427E-09
6.27779328521427E-09
6.27779328521427E-09
6.27779328521427E-09
6.27779328521427E-09
6.27779328521427E-09
6.27779328521427E-09
6.27779328521427E-09
6.27779328521427E-09
6.27779328521427E-09
6.27779328521427E-09
6.27779328521427E-09
6.27779328521427E-09
6.27779328521427E-09
6.27779328521427E-09
6.27779328521427E-09
6.27779328521427E-09
6.27779328521427E-09
6.27779328521427E-09
6.27779328521427E-09
6.27779328521427E-09
6.27779328521427E-09
6.27779328521427E-09
6.27779328521427E-09
6.27779328521427E-09
6.27779328521427E-09
6.27779328521427E-09
6.27779328521427E-09
6.27779328521427E-09
6.27779328521427E-09
6.27779328521427E-09
6.27779328521427E-09
6.27779328521427E-09
6.27779328521427E-09
6.27779328521427E-09
6.27779328521427E-09
6.27779328521427E-09
6.27779328521427E-09
6.27779328521427E-09
6.27779328521427E-09
6.27779328521427E-09
6.27779328521427E-09
6.27779328521427E-09
6.27779328521427E-09
6.27779328521427E-09
6.27779328521427E-09
6.27779328521427E-09
6.27779328521427E-09
6.27779328521427E-09
6.27779328521427E-09
6.27779328521427E-09
6.27779328521427E-09
6.27779328521427E-09
6.27779328521427E-09
6.27779328521427E-09
6.27779328521427E-09
6.27779328521427E-09

