0.0959030679283087
0.0959030679283087
0.0948480323215244
0.0425981158467793
0.011491613367806
0.011491613367806
0.011491613367806
0.011491613367806
0.011491613367806
0.011491613367806
0.00345819328044472
0.00300209955039188
0.00300209955039188
0.00102637488709401
0.00102637488709401
0.00102637488709401
0.00102637488709401
0.00102637488709401
0.00102637488709401
0.00102637488709401
0.00102637488709401
0.00122274095566854
0.00122274095566854
0.00122274095566854
0.000670551494150073
0.000670551494150073
1.12784377982456E-05
1.12784377982456E-05
1.12784377982456E-05
1.12784377982456E-05
1.12784377982456E-05
1.12784377982456E-05
1.12784377982456E-05
1.12784377982456E-05
1.12784377982456E-05
1.12784377982456E-05
1.12784377982456E-05
1.12784377982456E-05
8.61296961074398E-06
8.61296961074398E-06
8.61296961074398E-06
8.61296961074398E-06
8.61296961074398E-06
8.61296961074398E-06
8.61296961074398E-06
8.61296961074398E-06
8.61296961074398E-06
7.68247969129554E-07
7.68247969129554E-07
7.68247969129554E-07
7.68247969129554E-07
7.68247969129554E-07
7.68247969129554E-07
7.68247969129554E-07
7.68247969129554E-07
7.68247969129554E-07
7.68247969129554E-07
7.68247969129554E-07
7.68247969129554E-07
7.68247969129554E-07
7.68247969129554E-07
7.68247969129554E-07
7.68247969129554E-07
7.68247969129554E-07
7.68247969129554E-07
7.68247969129554E-07
7.68247969129554E-07
7.68247969129554E-07
7.68247969129554E-07
7.68247969129554E-07
7.68247969129554E-07
7.68247969129554E-07
7.68247969129554E-07
7.68247969129554E-07
7.68247969129554E-07
7.68247969129554E-07
7.68247969129554E-07
7.68247969129554E-07
7.68247969129554E-07
7.68247969129554E-07
7.68247969129554E-07
1.53044632522636E-09
1.53044632522636E-09
1.53044632522636E-09
1.53044632522636E-09
1.53044632522636E-09
1.53044632522636E-09
1.53044632522636E-09
1.53044632522636E-09
1.53044632522636E-09
1.53044632522636E-09
1.53044632522636E-09
1.53044632522636E-09
1.53044632522636E-09
1.53044632522636E-09
1.53044632522636E-09
1.53044632522636E-09
1.53044632522636E-09
1.53044632522636E-09
1.53044632522636E-09
1.53044632522636E-09
1.53044632522636E-09
1.53044632522636E-09
1.53044632522636E-09
1.53044632522636E-09
1.53044632522636E-09
1.53044632522636E-09
1.53044632522636E-09
1.53044632522636E-09
1.53044632522636E-09
1.53044632522636E-09
1.53044632522636E-09
1.53044632522636E-09
1.53044632522636E-09
1.53044632522636E-09
1.53044632522636E-09
1.53044632522636E-09
1.53044632522636E-09
1.53044632522636E-09
1.53044632522636E-09
1.53044632522636E-09
1.53044632522636E-09
1.53044632522636E-09
1.53044632522636E-09
1.53044632522636E-09
1.53044632522636E-09
1.53044632522636E-09
1.53044632522636E-09
1.53044632522636E-09
1.53044632522636E-09
1.53044632522636E-09
1.53044632522636E-09
1.53044632522636E-09
1.53044632522636E-09
1.53044632522636E-09
1.53044632522636E-09
1.53044632522636E-09
1.53044632522636E-09
1.53044632522636E-09
1.53044632522636E-09
1.53044632522636E-09
1.53044632522636E-09
1.53044632522636E-09
1.53044632522636E-09
1.53044632522636E-09
1.53044632522636E-09
1.53044632522636E-09
1.53044632522636E-09
1.53044632522636E-09
1.53044632522636E-09
1.53044632522636E-09
1.53044632522636E-09
1.53044632522636E-09
1.53044632522636E-09
1.53044632522636E-09
1.53044632522636E-09
1.53044632522636E-09
1.53044632522636E-09
1.53044632522636E-09
1.53044632522636E-09
1.53044632522636E-09
1.53044632522636E-09
1.53044632522636E-09
1.53044632522636E-09
1.53044632522636E-09
1.53044632522636E-09
1.53044632522636E-09
1.53044632522636E-09
1.53044632522636E-09
1.53044632522636E-09
1.53044632522636E-09
1.53044632522636E-09
1.53044632522636E-09
1.53044632522636E-09
1.53044632522636E-09
1.53044632522636E-09
1.53044632522636E-09
1.53044632522636E-09
1.53044632522636E-09
1.53044632522636E-09
1.53044632522636E-09
1.53044632522636E-09
1.53044632522636E-09
1.53044632522636E-09
1.53044632522636E-09
1.53044632522636E-09
1.53044632522636E-09
1.53044632522636E-09
1.53044632522636E-09
1.53044632522636E-09
1.53044632522636E-09
1.53044632522636E-09
1.53044632522636E-09
1.53044632522636E-09
1.53044632522636E-09
1.53044632522636E-09
1.53044632522636E-09
1.53044632522636E-09
1.53044632522636E-09
1.53044632522636E-09
1.53044632522636E-09
1.53044632522636E-09
1.53044632522636E-09
1.53044632522636E-09
1.53044632522636E-09
1.53044632522636E-09
1.53044632522636E-09
1.53044632522636E-09
1.53044632522636E-09
1.53044632522636E-09
1.53044632522636E-09
1.53044632522636E-09
1.53044632522636E-09
1.53044632522636E-09
1.53044632522636E-09
1.53044632522636E-09
1.53044632522636E-09
1.53044632522636E-09
1.53044632522636E-09
1.53044632522636E-09
1.53044632522636E-09
1.53044632522636E-09
1.53044632522636E-09
1.53044632522636E-09
1.53044632522636E-09
1.53044632522636E-09
1.53044632522636E-09
1.53044632522636E-09
1.53044632522636E-09
1.53044632522636E-09
1.53044632522636E-09
1.53044632522636E-09
1.53044632522636E-09
1.53044632522636E-09
1.53044632522636E-09
1.53044632522636E-09
1.53044632522636E-09
1.53044632522636E-09
1.53044632522636E-09
1.53044632522636E-09
1.53044632522636E-09
1.53044632522636E-09
1.53044632522636E-09
1.53044632522636E-09
1.53044632522636E-09
1.53044632522636E-09
1.53044632522636E-09
1.53044632522636E-09
1.53044632522636E-09
1.53044632522636E-09
1.53044632522636E-09
1.53044632522636E-09
1.53044632522636E-09
1.53044632522636E-09
1.53044632522636E-09
1.53044632522636E-09
1.53044632522636E-09
1.53044632522636E-09
1.53044632522636E-09
1.53044632522636E-09
1.53044632522636E-09
1.53044632522636E-09
1.53044632522636E-09
1.53044632522636E-09
1.53044632522636E-09
1.53044632522636E-09
1.53044632522636E-09
1.53044632522636E-09
1.53044632522636E-09
1.53044632522636E-09
1.53044632522636E-09
1.53044632522636E-09
1.53044632522636E-09
1.53044632522636E-09
1.53044632522636E-09
1.53044632522636E-09
1.53044632522636E-09
5.60464119558901E-10
5.60464119558901E-10
5.60464119558901E-10
5.60464119558901E-10
5.60464119558901E-10
5.60464119558901E-10
5.60464119558901E-10
5.60464119558901E-10
5.60464119558901E-10
5.60464119558901E-10
5.60464119558901E-10
5.60464119558901E-10
5.60464119558901E-10
5.60464119558901E-10
5.60464119558901E-10
5.60464119558901E-10
5.60464119558901E-10
5.60464119558901E-10
5.60464119558901E-10
5.60464119558901E-10
5.60464119558901E-10
5.60464119558901E-10
5.60464119558901E-10
5.60464119558901E-10
5.60464119558901E-10
5.60464119558901E-10
5.60464119558901E-10
5.60464119558901E-10
5.60464119558901E-10
5.60464119558901E-10
5.60464119558901E-10
5.60464119558901E-10
5.60464119558901E-10
5.60464119558901E-10
5.60464119558901E-10
5.60464119558901E-10
5.60464119558901E-10
5.60464119558901E-10
5.60464119558901E-10
5.60464119558901E-10
5.60464119558901E-10
5.60464119558901E-10
5.60464119558901E-10
5.60464119558901E-10
5.60464119558901E-10
5.60464119558901E-10
5.60464119558901E-10
5.60464119558901E-10
5.60464119558901E-10
5.60464119558901E-10
5.60464119558901E-10
5.60464119558901E-10
5.60464119558901E-10
5.60464119558901E-10
5.60464119558901E-10
5.60464119558901E-10
5.60464119558901E-10
5.60464119558901E-10
5.60464119558901E-10
5.60464119558901E-10
5.60464119558901E-10
5.60464119558901E-10
5.60464119558901E-10
5.60464119558901E-10
5.60464119558901E-10
5.60464119558901E-10
5.60464119558901E-10
5.60464119558901E-10
5.60464119558901E-10
5.60464119558901E-10
5.60464119558901E-10
5.60464119558901E-10
5.60464119558901E-10
5.60464119558901E-10
5.60464119558901E-10
5.60464119558901E-10
5.60464119558901E-10
5.60464119558901E-10
5.60464119558901E-10
5.60464119558901E-10
5.60464119558901E-10
5.60464119558901E-10
5.60464119558901E-10
5.60464119558901E-10
5.60464119558901E-10
5.60464119558901E-10
5.60464119558901E-10
5.60464119558901E-10
5.60464119558901E-10
5.60464119558901E-10
5.60464119558901E-10
5.60464119558901E-10
5.60464119558901E-10
5.60464119558901E-10
5.60464119558901E-10
5.60464119558901E-10
5.60464119558901E-10
5.60464119558901E-10
5.60464119558901E-10
5.60464119558901E-10
5.60464119558901E-10
5.60464119558901E-10
5.60464119558901E-10
5.60464119558901E-10
5.60464119558901E-10
5.60464119558901E-10
5.60464119558901E-10
5.60464119558901E-10
5.60464119558901E-10
5.60464119558901E-10
5.60464119558901E-10
5.60464119558901E-10
5.60464119558901E-10
5.60464119558901E-10
5.60464119558901E-10
5.60464119558901E-10
5.60464119558901E-10
5.60464119558901E-10
5.60464119558901E-10
5.60464119558901E-10
5.60464119558901E-10
5.60464119558901E-10
5.60464119558901E-10
5.60464119558901E-10
5.60464119558901E-10
5.60464119558901E-10
5.60464119558901E-10
5.60464119558901E-10
5.60464119558901E-10
5.60464119558901E-10
5.60464119558901E-10
5.60464119558901E-10
5.60464119558901E-10
5.60464119558901E-10
5.60464119558901E-10
5.60464119558901E-10
5.60464119558901E-10
5.60464119558901E-10
5.60464119558901E-10
5.60464119558901E-10
5.60464119558901E-10
5.60464119558901E-10
5.60464119558901E-10
5.60464119558901E-10
5.60464119558901E-10
5.60464119558901E-10
5.60464119558901E-10
5.60464119558901E-10
5.60464119558901E-10
5.60464119558901E-10
5.60464119558901E-10
5.60464119558901E-10
5.60464119558901E-10
5.60464119558901E-10
5.60464119558901E-10
5.60464119558901E-10
5.60464119558901E-10
5.60464119558901E-10
5.60464119558901E-10
5.60464119558901E-10
5.60464119558901E-10
5.60464119558901E-10
5.60464119558901E-10
5.60464119558901E-10
5.60464119558901E-10
5.60464119558901E-10
5.60464119558901E-10
5.60464119558901E-10
5.60464119558901E-10
5.60464119558901E-10
5.60464119558901E-10
5.60464119558901E-10
5.60464119558901E-10
5.60464119558901E-10
5.60464119558901E-10
5.60464119558901E-10
5.60464119558901E-10
5.60464119558901E-10
5.60464119558901E-10
5.60464119558901E-10
5.60464119558901E-10
5.60464119558901E-10
5.60464119558901E-10
5.60464119558901E-10
5.60464119558901E-10
5.60464119558901E-10
5.60464119558901E-10
5.60464119558901E-10
5.60464119558901E-10
5.60464119558901E-10
5.60464119558901E-10
5.60464119558901E-10
5.60464119558901E-10
5.60464119558901E-10
5.60464119558901E-10
5.60464119558901E-10
5.60464119558901E-10
5.60464119558901E-10
5.60464119558901E-10
5.60464119558901E-10
5.60464119558901E-10
5.60464119558901E-10
5.60464119558901E-10
5.60464119558901E-10
5.60464119558901E-10
5.60464119558901E-10
5.60464119558901E-10
5.60464119558901E-10
5.60464119558901E-10
5.60464119558901E-10
5.60464119558901E-10
5.60464119558901E-10
5.60464119558901E-10
5.60464119558901E-10
5.60464119558901E-10
5.60464119558901E-10
5.60464119558901E-10
5.60464119558901E-10
5.60464119558901E-10
5.60464119558901E-10
5.60464119558901E-10
5.60464119558901E-10
5.60464119558901E-10

