0.348232414465663
0.348232414465663
0.219039337475125
0.219039337475125
0.190925280542298
0.190925280542298
0.177095214365322
0.104079382677061
0.104079382677061
0.066741600557953
0.066741600557953
0.0198599700032663
0.0198599700032663
0.0198599700032663
0.0198599700032663
0.0198599700032663
0.019645111732107
0.019645111732107
0.019645111732107
0.019645111732107
0.019645111732107
0.019645111732107
0.019645111732107
0.019645111732107
0.019645111732107
0.019645111732107
0.019645111732107
0.019645111732107
0.019645111732107
0.019645111732107
0.019645111732107
0.019645111732107
0.019645111732107
0.019645111732107
0.019645111732107
0.019645111732107
0.019645111732107
0.019645111732107
0.019645111732107
0.019645111732107
0.019645111732107
0.019645111732107
0.019645111732107
0.019645111732107
0.019645111732107
0.019645111732107
0.0179091756065417
0.0179091756065417
0.00667870740168662
0.00667870740168662
0.00667870740168662
0.00667870740168662
0.00667870740168662
0.00667870740168662
0.00667870740168662
0.00667870740168662
0.00667870740168662
0.00667870740168662
0.00667870740168662
0.00667870740168662
0.00667870740168662
0.00667870740168662
0.00667870740168662
0.00667870740168662
0.00667870740168662
0.00667870740168662
0.00667870740168662
0.00667870740168662
0.00667870740168662
0.00667870740168662
0.00667870740168662
0.00667870740168662
0.00667870740168662
0.00667870740168662
0.00667870740168662
0.00667870740168662
0.00667870740168662
0.00667870740168662
0.00667870740168662
0.00667870740168662
0.00667870740168662
0.00667870740168662
0.00667870740168662
0.00667870740168662
0.00667870740168662
0.00667870740168662
0.00667870740168662
0.00656147840896208
0.00656147840896208
0.00656147840896208
0.00656147840896208
0.00656147840896208
0.00656147840896208
0.00656147840896208
0.00656147840896208
0.00656147840896208
0.00656147840896208
0.00656147840896208
0.00656147840896208
0.00656147840896208
0.00656147840896208
0.00656147840896208
0.00656147840896208
0.00656147840896208
0.00656147840896208
0.00656147840896208
0.00656147840896208
0.00656147840896208
0.00656147840896208
0.00656147840896208
0.00656147840896208
0.00656147840896208
0.00656147840896208
0.00656147840896208
0.00656147840896208
0.00381490147551424
0.00381490147551424
0.00381490147551424
0.00381490147551424
0.00381490147551424
0.00381490147551424
0.00381490147551424
0.00381490147551424
0.00381490147551424
0.00381490147551424
0.00381490147551424
0.00381490147551424
0.00381490147551424
0.00381490147551424
0.00381490147551424
0.00381490147551424
0.00381490147551424
0.00381490147551424
0.00381490147551424
0.00381490147551424
0.00381490147551424
0.00381490147551424
0.00381490147551424
0.00381490147551424
0.00381490147551424
0.00381490147551424
0.00381490147551424
0.00381490147551424
0.00381490147551424
0.00381490147551424
0.00357440287549783
0.00357440287549783
0.00357440287549783
0.00357440287549783
0.00357440287549783
0.00357440287549783
0.00357440287549783
0.00357440287549783
0.00357440287549783
0.00357440287549783
0.00357440287549783
0.00357440287549783
0.00357440287549783
0.00357440287549783
0.00357440287549783
0.00357440287549783
0.00357440287549783
0.00357440287549783
0.00357440287549783
0.00357440287549783
0.00357440287549783
0.00357440287549783
0.00357440287549783
0.00357440287549783
0.00357440287549783
0.00357440287549783
0.00357440287549783
0.00357440287549783
0.00357440287549783
0.00357440287549783
0.00357440287549783
0.00357440287549783
0.00357440287549783
0.00357440287549783
0.00357440287549783
0.00357440287549783
0.00357440287549783
0.00357440287549783
0.00357440287549783
0.00357440287549783
0.00357440287549783
0.00357440287549783
0.00357440287549783
0.00357440287549783
0.00357440287549783
0.00357440287549783
0.00357440287549783
0.00357440287549783
0.00357440287549783
0.00357440287549783
0.00357440287549783
0.00357440287549783
0.00357440287549783
0.00357440287549783
0.00357440287549783
0.00357440287549783
0.00243119254562415
0.00243119254562415
0.00243119254562415
0.00243119254562415
0.00243119254562415
0.00243119254562415
0.00243119254562415
0.00243119254562415
0.00243119254562415
0.00243119254562415
0.00243119254562415
0.00243119254562415
0.00243119254562415
0.00243119254562415
0.00243119254562415
0.00243119254562415
0.00243119254562415
0.00243119254562415
0.00243119254562415
0.00243119254562415
0.00243119254562415
0.00242731049637616
0.00242731049637616
0.00242731049637616
0.00242731049637616
0.00242731049637616
0.00242731049637616
0.00242731049637616
0.00242731049637616
0.00242731049637616
0.00242731049637616
0.00242731049637616
0.00242731049637616
0.00242731049637616
0.00242731049637616
0.00242731049637616
0.00242731049637616
0.00242731049637616
0.00242731049637616
0.00242731049637616
0.00243119254562415
0.000802299293154228
0.000802299293154228
0.000802299293154228
0.000802299293154228
0.000802299293154228
0.000802299293154228
0.000802299293154228
0.000802299293154228
0.000802299293154228
0.000802299293154228
0.000802299293154228
0.000802299293154228
0.000802299293154228
0.000802299293154228
0.000802299293154228
0.000802299293154228
0.000802299293154228
0.000802299293154228
0.000802299293154228
0.000802299293154228
0.000802299293154228
0.000802299293154228
0.000802299293154228
0.000802299293154228
0.000802299293154228
0.000802299293154228
0.000802299293154228
0.000802299293154228
0.000802299293154228
0.000802299293154228
0.000802299293154228
0.000802299293154228
0.000802299293154228
0.000802299293154228
0.000802299293154228
0.000802299293154228
0.000802299293154228
0.000802299293154228
0.000802299293154228
0.000802299293154228
0.000802299293154228
0.000802299293154228
0.000802299293154228
0.000802299293154228
0.000802299293154228
0.000802299293154228
0.000802299293154228
0.000802299293154228
0.000802299293154228
0.000802299293154228
0.000802299293154228
0.000802299293154228
0.000802299293154228
0.000802299293154228
0.000802299293154228
0.000802299293154228
0.000802299293154228
0.000802299293154228
0.000802299293154228
0.000802299293154228
0.000802299293154228
0.000802299293154228
0.000802299293154228
0.000802299293154228
0.000802299293154228
0.000802299293154228
0.000802299293154228
0.000802299293154228
0.000802299293154228
0.000802299293154228
0.000802299293154228
0.000802299293154228
0.000802299293154228
0.000802299293154228
0.000802299293154228
0.000802299293154228
0.000802299293154228
0.000802299293154228
0.000802299293154228
0.000802299293154228
0.000802299293154228
0.000802299293154228
0.000802299293154228
0.000802299293154228
0.000802299293154228
0.000802299293154228
0.000802299293154228
0.000802299293154228
0.000802299293154228
0.000802299293154228
0.000802299293154228
0.000802299293154228
0.000802299293154228
0.000802299293154228
0.000802299293154228
0.000802299293154228
0.000802299293154228
0.000802299293154228
0.000802299293154228
0.000802299293154228
0.000802299293154228
0.000802299293154228
0.000802299293154228
0.000802299293154228
0.000802299293154228
0.000802299293154228
0.000802299293154228
0.000802299293154228
0.000802299293154228
0.000802299293154228
0.000802299293154228
0.000802299293154228
0.000802299293154228
0.000802299293154228
0.000802299293154228
0.000802299293154228
0.000802299293154228
0.000802299293154228
0.000802299293154228
0.000802299293154228
0.000802299293154228
0.000802299293154228
0.000802299293154228
0.000802299293154228
0.000802299293154228
0.000802299293154228
0.000802299293154228
0.000802299293154228
0.000802299293154228
0.000802299293154228
0.000802299293154228
0.000802299293154228
0.000802299293154228
0.000802299293154228
0.000802299293154228
0.000802299293154228
0.000802299293154228
0.000802299293154228
0.000802299293154228
0.000802299293154228
0.000802299293154228
0.000802299293154228
0.000802299293154228
0.000802299293154228
0.000802299293154228
0.000802299293154228
0.000694337953110491
0.000694337953110491
0.000694337953110491
0.000694337953110491
0.000694337953110491
0.000694337953110491
0.000694337953110491
0.000694337953110491
0.000694337953110491
0.000694337953110491
0.000694337953110491
0.000694337953110491
0.000694337953110491
0.000694337953110491
0.000694337953110491
0.000694337953110491
0.000694337953110491
0.000694337953110491
0.000694337953110491
0.000694337953110491
0.000694337953110491
0.000694337953110491
0.000694337953110491
0.000694337953110491
0.000694337953110491
0.000694337953110491
0.000694337953110491
0.000694337953110491
0.000694337953110491
0.000694337953110491
0.000694337953110491
0.000694337953110491
0.000694337953110491
0.000694337953110491
0.000694337953110491
0.000694337953110491
0.000694337953110491
0.000694337953110491
0.000694337953110491
0.000694337953110491
0.000694337953110491
0.000694337953110491
0.000694337953110491
0.000694337953110491
0.000694337953110491
0.000694337953110491
0.000694337953110491
0.000694337953110491
0.000694337953110491
0.000694337953110491
0.000694337953110491
0.000694337953110491
0.000694337953110491
0.000694337953110491
0.000694337953110491
0.000694337953110491
0.000802299293154228
0.000802299293154228
0.000802299293154228
0.000802299293154228
0.000802299293154228
0.000802299293154228
0.000802299293154228
0.000802299293154228
0.000802299293154228
0.000802299293154228
0.000802299293154228
0.000802299293154228
0.000802299293154228
0.000802299293154228
0.000802299293154228
0.000802299293154228
0.000802299293154228
0.000802299293154228
0.000802299293154228
0.000802299293154228
0.000802299293154228
0.000802299293154228
0.000802299293154228
0.000982084419906944
0.000982084419906944
0.000982084419906944
0.000982084419906944
0.000982084419906944
0.000982084419906944
0.000982084419906944
0.000982084419906944
0.000982084419906944
0.000982084419906944
0.000982084419906944
0.000982084419906944
0.000982084419906944
0.000982084419906944
0.000982084419906944
0.000982084419906944
0.000982084419906944
0.000982084419906944
0.000982084419906944
0.000982084419906944
0.000982084419906944
0.000982084419906944
0.000982084419906944
0.000982084419906944
0.000982084419906944
0.000982084419906944
0.000982084419906944
0.000982084419906944
0.000982084419906944
0.000982084419906944
0.000982084419906944
0.000982084419906944
0.000982084419906944

