0.485275171603034
0.344698399822854
0.0866606340127207
0.0866606340127207
0.0866606340127207
0.0866606340127207
0.0484894653535575
0.0484894653535575
0.0484894653535575
0.0484894653535575
0.0484894653535575
0.0484894653535575
0.0484894653535575
0.0484894653535575
0.0484894653535575
0.0484894653535575
0.0484894653535575
0.0484894653535575
0.0473287565731589
0.0392742238821452
0.0392742238821452
0.0392742238821452
0.0392742238821452
0.0392742238821452
0.0392742238821452
0.0392742238821452
0.0392742238821452
0.0337325438775185
0.0153954327503711
0.0153954327503711
0.0153954327503711
0.0153954327503711
0.0153954327503711
0.0153954327503711
0.0153954327503711
0.0153954327503711
0.0153954327503711
0.0153954327503711
0.0153954327503711
0.0153954327503711
0.0153954327503711
0.0153954327503711
0.00591977852272784
0.00591977852272784
0.00591977852272784
0.00591977852272784
0.00591977852272784
0.00591977852272784
0.00591977852272784
0.00591977852272784
0.00591977852272784
0.00591977852272784
0.00591977852272784
0.00591977852272784
0.00591977852272784
0.00591977852272784
0.00591977852272784
0.00591977852272784
0.00591977852272784
0.00591977852272784
0.00591977852272784
0.00591977852272784
0.00591977852272784
0.00591977852272784
0.00591977852272784
0.00591977852272784
0.00591977852272784
0.00591977852272784
0.00591977852272784
0.00591977852272784
0.00591977852272784
0.00591977852272784
0.00591977852272784
0.00591977852272784
0.00591977852272784
0.00591977852272784
0.00591977852272784
0.00591977852272784
0.00591977852272784
0.00591977852272784
0.00591977852272784
0.00591977852272784
0.00591977852272784
0.00591977852272784
0.00591977852272784
0.00591977852272784
0.00591977852272784
0.00591977852272784
0.00591977852272784
0.00591977852272784
0.00591977852272784
0.00591977852272784
0.00591977852272784
0.00591977852272784
0.00591977852272784
0.00591977852272784
0.00591977852272784
0.00591977852272784
0.00591977852272784
0.00591977852272784
0.00591977852272784
0.00591977852272784
0.00591977852272784
0.00591977852272784
0.00591977852272784
0.00591977852272784
0.00591977852272784
0.00591977852272784
0.00591977852272784
0.00591977852272784
0.00591977852272784
0.00591977852272784
0.00591977852272784
0.00591977852272784
0.00591977852272784
0.00591977852272784
0.00591977852272784
0.00591977852272784
0.00591977852272784
0.00591977852272784
0.00591977852272784
0.00591977852272784
0.00591977852272784
0.00235617932757553
0.00235617932757553
0.00235617932757553
0.00235617932757553
0.00235617932757553
0.00235617932757553
0.00235617932757553
0.00235617932757553
0.00235617932757553
0.00235617932757553
0.00235617932757553
0.00235617932757553
0.00235617932757553
0.00235617932757553
0.00235617932757553
0.00235617932757553
0.00235617932757553
0.00235617932757553
0.00235617932757553
0.00235617932757553
0.00235617932757553
0.00235617932757553
0.00235617932757553
0.00235617932757553
0.00235617932757553
0.00235617932757553
0.00235617932757553
0.00235617932757553
0.00235617932757553
0.00235617932757553
0.00235617932757553
0.00235617932757553
0.00235617932757553
0.00235617932757553
0.00235617932757553
0.00235617932757553
0.00235617932757553
0.00235617932757553
0.00235617932757553
0.00235617932757553
0.00235617932757553
0.00235617932757553
0.00235617932757553
0.00235617932757553
0.00235617932757553
0.00235617932757553
0.00235617932757553
0.00235617932757553
0.00235617932757553
0.00235617932757553
0.00235617932757553
0.00235617932757553
0.00235617932757553
0.00235617932757553
0.00235617932757553
0.00235617932757553
0.00235617932757553
0.00235617932757553
0.00235617932757553
0.00139038759117345
0.00139038759117345
0.00139038759117345
0.00139038759117345
0.00139038759117345
0.00139038759117345
0.00139038759117345
0.00139038759117345
0.00139038759117345
0.00139038759117345
0.00139038759117345
0.00139038759117345
0.00139038759117345
0.00139038759117345
0.00139038759117345
0.00139038759117345
0.00139038759117345
0.00139038759117345
0.00139038759117345
0.00139038759117345
0.00139038759117345
0.00139038759117345
0.00139038759117345
0.00139038759117345
0.00139038759117345
0.00139038759117345
0.00139038759117345
0.00139038759117345
0.00139038759117345
0.00139038759117345
0.00139038759117345
0.00139038759117345
0.00139038759117345
0.00139038759117345
0.00139038759117345
0.00139038759117345
0.00139038759117345
0.00139038759117345
0.00139038759117345
0.00139038759117345
0.00139038759117345
0.00139038759117345
0.00139038759117345
0.00139038759117345
0.00139038759117345
0.00139038759117345
0.00139038759117345
0.00117195584846953
0.00117195584846953
0.00115796769170095
0.00115796769170095
0.00115796769170095
0.00115796769170095
0.00115796769170095
0.00115796769170095
0.00115796769170095
0.00115796769170095
0.00115796769170095
0.00115796769170095
0.00115796769170095
0.00115796769170095
0.00115796769170095
0.00115796769170095
0.00115796769170095
0.00115796769170095
0.00115796769170095
0.00115796769170095
0.00115796769170095
0.00115796769170095
0.00115796769170095
0.00115796769170095
0.00115796769170095
0.00115796769170095
0.00115796769170095
0.00115796769170095
0.00115796769170095
0.00115796769170095
0.00115796769170095
0.00115796769170095
0.00115796769170095
0.00115796769170095
0.00115796769170095
0.00115796769170095
0.00115796769170095
0.00115796769170095
0.00115796769170095
0.00115796769170095
0.00115796769170095
0.00115796769170095
0.00115796769170095
0.00115796769170095
0.00115796769170095
0.00115796769170095
0.00115796769170095
0.00115796769170095
0.00115796769170095
0.00115796769170095
0.00115796769170095
0.00115796769170095
0.00115796769170095
0.00115796769170095
0.00115796769170095
0.00115796769170095
0.00115796769170095
0.00115796769170095
0.00115796769170095
0.00115796769170095
0.0005739131671155
0.0005739131671155
0.0005739131671155
0.0005739131671155
0.0005739131671155
0.0005739131671155
0.0005739131671155
0.0005739131671155
0.0005739131671155
0.0005739131671155
0.0005739131671155
0.0005739131671155
0.0005739131671155
0.0005739131671155
0.0005739131671155
0.0005739131671155
0.0005739131671155
0.0005739131671155
0.0005739131671155
0.000562605492380391
0.000562605492380391
0.000562605492380391
0.000562605492380391
0.000562605492380391
0.000562605492380391
0.000562605492380391
0.000562605492380391
0.000562605492380391
0.000562605492380391
0.000562605492380391
0.000562605492380391
0.000562605492380391
0.000562605492380391
0.000562605492380391
0.000562605492380391
0.000562605492380391
0.000562605492380391
0.000562605492380391
0.000562605492380391
0.000562605492380391
0.000562605492380391
0.000562605492380391
0.000562605492380391
0.000562605492380391
0.000562605492380391
0.000562605492380391
0.000562605492380391
0.000562605492380391
0.000478056718340439
0.000478056718340439
0.000478056718340439
0.000478056718340439
0.000478056718340439
0.000478056718340439
0.000478056718340439
0.000478056718340439
0.000478056718340439
0.000478056718340439
0.000478056718340439
0.000478056718340439
0.000478056718340439
0.000478056718340439
0.000478056718340439
0.000478056718340439
0.000478056718340439
0.000478056718340439
0.000478056718340439
0.000478056718340439
0.000478056718340439
0.000478056718340439
0.000478056718340439
0.000478056718340439
0.000478056718340439
0.000478056718340439
0.000478056718340439
0.000478056718340439
0.000478056718340439
0.000478056718340439
0.000478056718340439
0.000478056718340439
0.000478056718340439
0.000478056718340439
0.000478056718340439
0.000478056718340439
0.000478056718340439
0.000478056718340439
0.000478056718340439
0.000478056718340439
0.000478056718340439
0.000478056718340439
0.000478056718340439
0.000478056718340439
0.000478056718340439
0.000478056718340439
0.000478056718340439
0.000478056718340439
0.000478056718340439
0.000478056718340439
0.000478056718340439
0.000478056718340439
0.000478056718340439
0.000478056718340439
0.000478056718340439
0.000478056718340439
0.000478056718340439
0.000478056718340439
0.000478056718340439
0.000478056718340439
0.000478056718340439
0.000478056718340439
0.000478056718340439
0.000478056718340439
0.000478056718340439
0.000478056718340439
0.000478056718340439
0.000478056718340439
0.000478056718340439
0.000478056718340439
0.000478056718340439
0.000478056718340439
0.000478056718340439
0.000478056718340439
0.000478056718340439
0.000478056718340439
0.000478056718340439
0.000478056718340439
0.000478056718340439
0.000478056718340439
0.000478056718340439
0.000478056718340439
0.000478056718340439
0.000478056718340439
0.000478056718340439
0.000478056718340439
0.000478056718340439
0.000478056718340439
0.000478056718340439
0.000478056718340439
0.000478056718340439
0.000478056718340439
0.000478056718340439
0.000478056718340439
0.000478056718340439
0.000478056718340439
0.000478056718340439
0.000478056718340439
0.000478056718340439
0.000478056718340439
0.000478056718340439
0.000478056718340439
0.000478056718340439
0.000478056718340439
0.000478056718340439
0.000478056718340439
0.000478056718340439
0.000478056718340439
0.000478056718340439
0.000478056718340439
0.000478056718340439
0.000478056718340439
0.000478056718340439
0.000478056718340439
0.000478056718340439
0.000478056718340439
0.000478056718340439
0.000478056718340439
0.000478056718340439
0.000478056718340439
0.000478056718340439
0.000478056718340439
0.000478056718340439
0.000478056718340439
0.000478056718340439
0.000478056718340439
0.000478056718340439
0.000478056718340439
0.000478056718340439
0.000478056718340439
0.000478056718340439
0.000478056718340439
0.000478056718340439
0.000478056718340439
0.000478056718340439
0.000478056718340439
0.000478056718340439
0.000478056718340439
0.000478056718340439
0.000478056718340439
0.000478056718340439
0.000478056718340439
0.000478056718340439
0.000478056718340439
0.000478056718340439
0.000478056718340439
0.000478056718340439
0.000478056718340439
0.000478056718340439
0.000478056718340439
0.000478056718340439
0.000478056718340439
0.000478056718340439
0.000478056718340439
0.000478056718340439
0.000478056718340439
0.000478056718340439
0.000478056718340439
0.000478056718340439
0.000478056718340439
0.000478056718340439
0.000478056718340439
0.000478056718340439

