0.844364018890513
0.844364018890513
0.844364018890513
0.844364018890513
0.621007381393936
0.539605554828955
0.349404919647104
0.349404919647104
0.349404919647104
0.345830402796871
0.345830402796871
0.0894345582055906
0.0894345582055906
0.0894345582055906
0.0894345582055906
0.0894345582055906
0.0894345582055906
0.0894345582055906
0.0894345582055906
0.0685632159305341
0.0685632159305341
0.0685632159305341
0.0636804787522678
0.0636804787522678
0.0636804787522678
0.0636804787522678
0.0636804787522678
0.0373779924146208
0.0373779924146208
0.0373779924146208
0.0373779924146208
0.0373779924146208
0.0373779924146208
0.0373779924146208
0.0373779924146208
0.0373779924146208
0.0373779924146208
0.0373779924146208
0.0373779924146208
0.0133832028854378
0.0133832028854378
0.0133832028854378
0.0133832028854378
0.0133832028854378
0.0133832028854378
0.0133832028854378
0.0133832028854378
0.0133832028854378
0.0133832028854378
0.0133832028854378
0.0133832028854378
0.0133832028854378
0.0133832028854378
0.0133832028854378
0.0133832028854378
0.0133832028854378
0.0133832028854378
0.0133832028854378
0.0133832028854378
0.0133832028854378
0.0133832028854378
0.0133832028854378
0.0133832028854378
0.0133832028854378
0.0133832028854378
0.0133832028854378
0.0133832028854378
0.0133832028854378
0.0133832028854378
0.0133832028854378
0.0133832028854378
0.0133832028854378
0.0133832028854378
0.0133832028854378
0.00641903491914196
0.00641903491914196
0.00641903491914196
0.00641903491914196
0.00641903491914196
0.00641903491914196
0.00641903491914196
0.00641903491914196
0.00641903491914196
0.00641903491914196
0.00641903491914196
0.00641903491914196
0.00641903491914196
0.00641903491914196
0.00641903491914196
0.00641903491914196
0.00641903491914196
0.00641903491914196
0.00641903491914196
0.00641903491914196
0.00641903491914196
0.00641903491914196
0.00641903491914196
0.00641903491914196
0.00641903491914196
0.00641903491914196
0.00641903491914196
0.00641903491914196
0.00641903491914196
0.00641903491914196
0.00641903491914196
0.00641903491914196
0.00641903491914196
0.00641903491914196
0.00641903491914196
0.00641903491914196
0.00641903491914196
0.00641903491914196
0.00641903491914196
0.00641903491914196
0.00641903491914196
0.00641903491914196
0.00641903491914196
0.00641903491914196
0.00641903491914196
0.00641903491914196
0.00641903491914196
0.00641903491914196
0.00641903491914196
0.00108712082335725
0.00108712082335725
0.00108712082335725
0.00108712082335725
0.00108712082335725
0.00108712082335725
0.00108712082335725
0.00108712082335725
0.00108712082335725
0.00108712082335725
0.00108712082335725
0.00108712082335725
0.00108712082335725
0.00108712082335725
0.00108712082335725
0.00108712082335725
0.00108712082335725
0.00108712082335725
0.00108712082335725
0.00108712082335725
0.00108712082335725
0.00108712082335725
0.00108712082335725
0.00108712082335725
0.00108712082335725
0.00108712082335725
0.00108712082335725
0.00108712082335725
0.00108712082335725
0.00108712082335725
0.00108712082335725
0.00108712082335725
0.00108712082335725
0.00108712082335725
0.00108712082335725
0.00108712082335725
0.00108712082335725
0.00108712082335725
0.00108712082335725
0.00108712082335725
0.00108712082335725
0.00108712082335725
0.00108712082335725
0.00108712082335725
0.00108712082335725
0.00108712082335725
0.00108712082335725
0.00108712082335725
0.00108712082335725
0.00108712082335725
0.00108712082335725
0.00108712082335725
0.00108712082335725
0.00108712082335725
0.00108712082335725
0.00108712082335725
0.00108712082335725
0.00108712082335725
0.00108712082335725
0.00108712082335725
0.00108712082335725
0.00108712082335725
0.00108712082335725
0.00108712082335725
0.00108712082335725
0.00108712082335725
0.00108712082335725
0.00108712082335725
0.00108712082335725
0.00108712082335725
0.00108712082335725
0.00108712082335725
0.00108712082335725
0.00108712082335725
0.00108712082335725
0.00108712082335725
0.00108712082335725
0.00108712082335725
0.00108712082335725
0.00108712082335725
0.00108712082335725
0.00108712082335725
0.00108712082335725
0.00108712082335725
0.00108712082335725
0.00108712082335725
0.00108712082335725
0.00108712082335725
0.00108712082335725
0.00108712082335725
0.00108712082335725
0.00108712082335725
0.00108712082335725
0.00108712082335725
0.00108712082335725
0.00108712082335725
0.00108712082335725
0.00108712082335725
0.00108712082335725
0.00108712082335725
0.00108712082335725
0.00108712082335725
0.00108712082335725
0.00108712082335725
0.00108712082335725
0.00108712082335725
0.00108712082335725
0.00108712082335725
0.00108712082335725
0.00108712082335725
0.00108712082335725
0.00058242434845921
0.00058242434845921
0.00058242434845921
0.00058242434845921
0.00058242434845921
0.00058242434845921
0.00058242434845921
0.00058242434845921
0.00058242434845921
0.00058242434845921
0.00058242434845921
0.00058242434845921
0.00058242434845921
0.00058242434845921
0.00058242434845921
0.00058242434845921
0.00058242434845921
0.00058242434845921
0.00058242434845921
0.00058242434845921
0.00058242434845921
0.00058242434845921
0.00058242434845921
0.00058242434845921
0.00058242434845921
0.00058242434845921
0.00058242434845921
0.00058242434845921
0.00058242434845921
0.00058242434845921
0.00058242434845921
0.00058242434845921
0.00058242434845921
0.00058242434845921
0.00058242434845921
0.00058242434845921
0.00058242434845921
0.00058242434845921
0.00058242434845921
0.00058242434845921
0.00058242434845921
0.00058242434845921
0.00058242434845921
0.00058242434845921
0.00058242434845921
0.00058242434845921
0.00058242434845921
0.00058242434845921
0.00058242434845921
0.00058242434845921
0.00058242434845921
0.00058242434845921
0.00058242434845921
0.00058242434845921
0.00058242434845921
0.00058242434845921
0.00058242434845921
0.00058242434845921
0.00058242434845921
0.00058242434845921
0.00058242434845921
0.00058242434845921
0.00058242434845921
0.00058242434845921
0.00058242434845921
0.00058242434845921
0.00058242434845921
0.00058242434845921
0.00058242434845921
0.00058242434845921
0.00058242434845921
0.00058242434845921
0.00058242434845921
0.00058242434845921
0.00058242434845921
0.00058242434845921
0.00058242434845921
0.00058242434845921
0.00058242434845921
0.00058242434845921
0.00058242434845921
0.00058242434845921
0.00058242434845921
0.00058242434845921
0.00058242434845921
0.00058242434845921
0.00058242434845921
0.00058242434845921
0.00058242434845921
0.00058242434845921
0.00058242434845921
0.00058242434845921
0.00058242434845921
0.00058242434845921
0.00058242434845921
0.00058242434845921
0.00058242434845921
0.00058242434845921
0.00058242434845921
0.00058242434845921
0.00058242434845921
0.00058242434845921
0.00058242434845921
0.00058242434845921
0.00058242434845921
0.00058242434845921
0.00058242434845921
0.00058242434845921
0.00058242434845921
0.00058242434845921
0.00058242434845921
0.00058242434845921
0.00058242434845921
0.00058242434845921
0.00058242434845921
0.00058242434845921
0.00058242434845921
0.00058242434845921
0.00058242434845921
0.00058242434845921
0.00058242434845921
0.00058242434845921
0.00058242434845921
0.00058242434845921
0.00058242434845921
0.00058242434845921
0.00058242434845921
0.00058242434845921
0.00058242434845921
0.00058242434845921
0.00058242434845921
0.00058242434845921
0.00058242434845921
0.00058242434845921
0.00058242434845921
0.00058242434845921
0.00058242434845921
0.00058242434845921
0.00058242434845921
0.00058242434845921
0.00058242434845921
0.00058242434845921
0.00058242434845921
0.00058242434845921
0.00058242434845921
0.00058242434845921
0.00058242434845921
0.00058242434845921
0.00058242434845921
0.00058242434845921
0.00058242434845921
0.00058242434845921
0.00058242434845921
0.00058242434845921
0.00058242434845921
0.00058242434845921
0.00058242434845921
0.00058242434845921
0.00058242434845921
0.00058242434845921
0.00058242434845921
0.00058242434845921
0.00058242434845921
0.00058242434845921
0.00058242434845921
0.00058242434845921
0.00058242434845921
0.00058242434845921
0.00058242434845921
0.00058242434845921
0.00058242434845921
0.00058242434845921
0.00058242434845921
0.00058242434845921
0.00058242434845921
0.00058242434845921
0.00058242434845921
0.00058242434845921
0.00058242434845921
0.00058242434845921
0.00058242434845921
0.00058242434845921
0.00058242434845921
0.00058242434845921
0.00058242434845921
0.00058242434845921
0.00058242434845921
0.00058242434845921
0.00058242434845921
0.00058242434845921
0.00058242434845921
0.00058242434845921
0.00058242434845921
0.00058242434845921
0.00058242434845921
0.00058242434845921
0.00058242434845921
0.00058242434845921
0.00058242434845921
0.00058242434845921
0.00058242434845921
0.00058242434845921
0.00058242434845921
0.00058242434845921
0.00058242434845921
0.00058242434845921
0.00058242434845921
0.00058242434845921
0.00058242434845921
0.00058242434845921
0.00058242434845921
0.00058242434845921
0.00058242434845921
0.00058242434845921
0.00058242434845921
0.00058242434845921
0.00058242434845921
0.00058242434845921
0.00058242434845921
0.00058242434845921
0.00058242434845921
0.00058242434845921
0.00058242434845921
0.00058242434845921
0.00058242434845921
0.00058242434845921
0.00058242434845921
0.00058242434845921
0.00058242434845921
0.00058242434845921
0.00058242434845921
0.00058242434845921
0.00058242434845921
0.00058242434845921
0.00058242434845921
0.00058242434845921
0.00058242434845921
0.00058242434845921
0.00058242434845921
0.00058242434845921
0.00058242434845921
0.00058242434845921
0.00058242434845921
0.00058242434845921
0.00058242434845921
0.00058242434845921
0.00058242434845921
0.00058242434845921
0.00058242434845921
0.00058242434845921
0.00058242434845921
0.00058242434845921
0.00058242434845921
0.00058242434845921
0.00058242434845921
0.00058242434845921
0.00058242434845921
0.00058242434845921
0.00058242434845921
0.00058242434845921
0.00058242434845921
0.00058242434845921
0.00058242434845921
0.00058242434845921
0.00058242434845921
0.00058242434845921

