0.337699821955396
0.337699821955396
0.337699821955396
0.337699821955396
0.303788834019252
0.18697599668538
0.0989635025736598
0.0989635025736598
0.0989635025736598
0.0989635025736598
0.0989635025736598
0.0989635025736598
0.0989635025736598
0.0292641219687683
0.0292641219687683
0.0292641219687683
0.0292641219687683
0.0292641219687683
0.0292641219687683
0.0292641219687683
0.0292641219687683
0.0292641219687683
0.0292641219687683
0.0292641219687683
0.0155081040980709
0.0155081040980709
0.0155081040980709
0.0155081040980709
0.0155081040980709
0.0155081040980709
0.0155081040980709
0.0155081040980709
0.0155081040980709
0.0155081040980709
0.0155081040980709
0.0155081040980709
0.0155081040980709
0.0155081040980709
0.0155081040980709
0.0155081040980709
0.0155081040980709
0.0155081040980709
0.0155081040980709
0.0155081040980709
0.0155081040980709
0.0155081040980709
0.0155081040980709
0.0155081040980709
0.0155081040980709
0.0155081040980709
0.0155081040980709
0.0155081040980709
0.0155081040980709
0.0155081040980709
0.0155081040980709
0.0155081040980709
0.0155081040980709
0.0155081040980709
0.0155081040980709
0.0155081040980709
0.0155081040980709
0.0155081040980709
0.0155081040980709
0.0155081040980709
0.0155081040980709
0.0132095110180637
0.0132095110180637
0.0132095110180637
0.0132095110180637
0.00499959285365348
0.00499959285365348
0.00499959285365348
0.00499959285365348
0.00499959285365348
0.00499959285365348
0.00499959285365348
0.00499959285365348
0.00499959285365348
0.00499959285365348
0.00499959285365348
0.00499959285365348
0.00499959285365348
0.00499959285365348
0.00499959285365348
0.00499959285365348
0.00499959285365348
0.00499959285365348
0.00499959285365348
0.00499959285365348
0.00499959285365348
0.00499959285365348
0.00499959285365348
0.00499959285365348
0.00499959285365348
0.00499959285365348
0.00499959285365348
0.00499959285365348
0.00499959285365348
0.00499959285365348
0.00499959285365348
0.00499959285365348
0.00499959285365348
0.00499959285365348
0.00499959285365348
0.00499959285365348
0.00499959285365348
0.00499959285365348
0.00499959285365348
0.00499959285365348
0.00499959285365348
0.00499959285365348
0.00499959285365348
0.00499959285365348
0.00499959285365348
0.00499959285365348
0.00499959285365348
0.00499959285365348
0.00499959285365348
0.00499959285365348
0.00303974126112841
0.00303974126112841
0.00303974126112841
0.00303974126112841
0.00303974126112841
0.00303974126112841
0.00303974126112841
0.00303974126112841
0.00303974126112841
0.00303974126112841
0.00303974126112841
0.00303974126112841
0.00303974126112841
0.00303974126112841
0.00303974126112841
0.00303974126112841
0.00303974126112841
0.00303974126112841
0.00303974126112841
0.00303974126112841
0.00303974126112841
0.00303974126112841
0.00303974126112841
0.00303974126112841
0.00303974126112841
0.00303974126112841
0.00303974126112841
0.00303974126112841
0.00303974126112841
0.00303974126112841
0.00303974126112841
0.00303974126112841
0.00303974126112841
0.00303974126112841
0.00303974126112841
0.00303974126112841
0.00303974126112841
0.00303974126112841
0.00303974126112841
0.00303974126112841
0.00303974126112841
0.00303974126112841
0.00303974126112841
0.00276861606240469
0.00276861606240469
0.00276861606240469
0.00276861606240469
0.00276861606240469
0.00276861606240469
0.00276861606240469
0.00276861606240469
0.00276861606240469
0.00276861606240469
0.00276861606240469
0.00276861606240469
0.00276861606240469
0.00276861606240469
0.00276861606240469
0.00276861606240469
0.00276861606240469
0.00276861606240469
0.00276861606240469
0.00276861606240469
0.00276861606240469
0.00276861606240469
0.00276861606240469
0.00276861606240469
0.00276861606240469
0.00276861606240469
0.00276861606240469
0.00276861606240469
0.00276861606240469
0.00276861606240469
0.00276861606240469
0.00125392348980864
0.00125392348980864
0.00125392348980864
0.00125392348980864
0.00125392348980864
0.00125392348980864
0.00125392348980864
0.00125392348980864
0.00125392348980864
0.00125392348980864
0.00125392348980864
0.00125392348980864
0.00125392348980864
0.00125392348980864
0.00125392348980864
0.00125392348980864
0.00125392348980864
0.00125392348980864
0.00125392348980864
0.00125392348980864
0.00125392348980864
0.00125392348980864
0.00125392348980864
0.00125392348980864
0.00125392348980864
0.00125392348980864
0.00125392348980864
0.00125392348980864
0.00125392348980864
0.00125392348980864
0.00125392348980864
0.00125392348980864
0.00125392348980864
0.00125392348980864
0.00125392348980864
0.00125392348980864
0.00125392348980864
0.00125392348980864
0.00125392348980864
0.00125392348980864
0.00125392348980864
0.00125392348980864
0.00125392348980864
0.00125392348980864
0.00125392348980864
0.00125392348980864
0.00125392348980864
0.00125392348980864
0.00125392348980864
0.00125392348980864
0.00125392348980864
0.00125392348980864
0.00125392348980864
0.00125392348980864
0.00125392348980864
0.00125392348980864
0.00125392348980864
0.00125392348980864
0.00125392348980864
0.00125392348980864
0.00125392348980864
0.00125392348980864
0.00125392348980864
0.00125392348980864
0.00125392348980864
0.00125392348980864
0.00125392348980864
0.00125392348980864
0.00125392348980864
0.00125392348980864
0.000544823240002754
0.000544823240002754
0.000544823240002754
0.000544823240002754
0.000544823240002754
0.000544823240002754
0.000544823240002754
0.000544823240002754
0.000544823240002754
0.000544823240002754
0.000544823240002754
0.000544823240002754
0.000544823240002754
0.000544823240002754
0.000544823240002754
0.000544823240002754
0.000544823240002754
0.000544823240002754
0.000544823240002754
0.000544823240002754
0.000544823240002754
0.000544823240002754
0.000544823240002754
0.000544823240002754
0.000544823240002754
0.000544823240002754
0.000544823240002754
0.000544823240002754
0.000544823240002754
0.000544823240002754
0.000544823240002754
0.000544823240002754
0.000544823240002754
0.000544823240002754
0.000544823240002754
0.000544823240002754
0.000544823240002754
0.000544823240002754
0.000544823240002754
0.000544823240002754
0.000544823240002754
0.000544823240002754
0.000544823240002754
0.000544823240002754
0.000544823240002754
0.000544823240002754
0.000544823240002754
0.000544823240002754
0.000544823240002754
0.000544823240002754
0.000544823240002754
0.000544823240002754
0.000544823240002754
0.000544823240002754
0.000544823240002754
0.000544823240002754
0.000544823240002754
0.000544823240002754
0.000544823240002754
0.000544823240002754
0.000544823240002754
0.000544823240002754
0.000544823240002754
0.000544823240002754
0.000544823240002754
0.000544823240002754
0.000544823240002754
0.000544823240002754
0.000544823240002754
0.000544823240002754
0.000544823240002754
0.000544823240002754
0.000544823240002754
0.000544823240002754
0.000544823240002754
0.000544823240002754
0.000544823240002754
0.000544823240002754
0.000544823240002754
0.000544823240002754
0.000544823240002754
0.000544823240002754
0.000544823240002754
0.000544823240002754
0.000544823240002754
0.000544823240002754
0.000544823240002754
0.000544823240002754
0.000544823240002754
0.000544823240002754
0.000544823240002754
0.000544823240002754
0.000544823240002754
0.000544823240002754
0.000544823240002754
0.000544823240002754
0.000544823240002754
0.000544823240002754
0.000544823240002754
0.000544823240002754
0.000544823240002754
0.000544823240002754
0.000544823240002754
0.000544823240002754
0.000544823240002754
0.000544823240002754
0.000544823240002754
0.000544823240002754
0.000544823240002754
0.000544823240002754
0.000544823240002754
0.000544823240002754
0.000544823240002754
0.000544823240002754
0.000544823240002754
0.000544823240002754
0.000544823240002754
0.000544823240002754
0.000544823240002754
0.000544823240002754
0.000544823240002754
0.000544823240002754
0.000544823240002754
0.000544823240002754
0.000544823240002754
0.000544823240002754
0.000544823240002754
0.000544823240002754
0.000544823240002754
0.000544823240002754
0.000544823240002754
0.000544823240002754
0.000544823240002754
0.000544823240002754
0.000544823240002754
0.000544823240002754
0.000544823240002754
0.000544823240002754
0.000544823240002754
0.000544823240002754
0.000544823240002754
0.000544823240002754
0.000544823240002754
0.000544823240002754
0.000544823240002754
0.000544823240002754
0.000544823240002754
0.000544823240002754
0.000544823240002754
0.000544823240002754
0.000544823240002754
0.000544823240002754
0.000544823240002754
0.000544823240002754
0.000544823240002754
0.000544823240002754
0.000544823240002754
0.000544823240002754
0.000544823240002754
0.000544823240002754
0.000544823240002754
0.000544823240002754
0.000544823240002754
0.000544823240002754
0.000544823240002754
0.000544823240002754
0.000544823240002754
0.000544823240002754
0.000544823240002754
0.000544823240002754
0.000544823240002754
0.000544823240002754
0.000544823240002754
0.000544823240002754
0.000544823240002754
0.000544823240002754
0.000544823240002754
0.000544823240002754
0.000544823240002754
0.000544823240002754
0.000544823240002754
0.000544823240002754
0.000544823240002754
0.000544823240002754
0.000544823240002754
0.000544823240002754
0.000544823240002754
0.000544823240002754
0.000544823240002754
0.000544823240002754
0.000544823240002754
0.000544823240002754
0.000544823240002754
0.000544823240002754
0.000544823240002754
0.000544823240002754
0.000544823240002754
0.000544823240002754
0.000544823240002754
0.000544823240002754
0.000544823240002754
0.000544823240002754
0.000544823240002754
0.000544823240002754
0.000544823240002754
0.000544823240002754
0.000544823240002754
0.000544823240002754
0.000544823240002754
0.000544573671607263
0.000544573671607263
0.000544573671607263
0.000544573671607263
0.000544573671607263
0.000544573671607263
0.000544573671607263
0.000544573671607263
0.000544573671607263
0.000544573671607263
0.000544573671607263
0.000544573671607263
0.000544573671607263
0.000544573671607263
0.000544573671607263
0.000544573671607263
0.000544573671607263
0.000544573671607263
0.000544573671607263
0.000544573671607263
0.000544573671607263
0.000544573671607263
0.000544573671607263
0.000544573671607263
0.000544573671607263
0.000544573671607263
0.000544573671607263
0.000544573671607263

