1.07269795184844
0.288999902287345
0.288999902287345
0.288999902287345
0.288999902287345
0.217466204700682
0.217466204700682
0.128368947755939
0.128368947755939
0.128368947755939
0.128368947755939
0.128368947755939
0.0212218716467168
0.0212218716467168
0.0212218716467168
0.0212218716467168
0.0212218716467168
0.0212218716467168
0.0994654253316729
0.0994654253316729
0.0994654253316729
0.0627563576848894
0.0627563576848894
0.0627563576848894
0.0627563576848894
0.0131514265707849
0.0131514265707849
0.0131514265707849
0.0131514265707849
0.0131514265707849
0.0131514265707849
0.0131514265707849
0.0131514265707849
0.0100587673449985
0.0100587673449985
0.0100587673449985
0.00306400365692048
0.00306400365692048
0.00306400365692048
0.00306400365692048
0.00306400365692048
0.00306400365692048
0.00306400365692048
0.00306400365692048
0.00306400365692048
0.00306400365692048
0.00306400365692048
0.00306400365692048
0.00306400365692048
0.00306400365692048
0.00306400365692048
0.00306400365692048
0.00306400365692048
0.00306400365692048
0.00306400365692048
0.00306400365692048
0.00306400365692048
0.00306400365692048
0.00306400365692048
0.00306400365692048
0.00306400365692048
0.00306400365692048
0.00306400365692048
0.00306400365692048
0.00306400365692048
0.00306400365692048
0.00306400365692048
0.00306400365692048
0.00306400365692048
0.00306400365692048
0.00306400365692048
0.00306400365692048
0.00306400365692048
0.00306400365692048
0.00306400365692048
0.00306400365692048
0.00306400365692048
0.00306400365692048
0.00306400365692048
0.00306400365692048
0.00306400365692048
0.00306400365692048
0.00306400365692048
0.00306400365692048
0.00306400365692048
0.00306400365692048
0.00306400365692048
0.00306400365692048
0.00306400365692048
0.00306400365692048
0.00306400365692048
0.00306400365692048
0.00306400365692048
0.00306400365692048
0.00306400365692048
0.00306400365692048
0.00306400365692048
0.00306400365692048
0.00306400365692048
0.00306400365692048
0.00306400365692048
0.00306400365692048
0.00306400365692048
0.00306400365692048
0.00306400365692048
0.00306400365692048
0.00306400365692048
0.00306400365692048
0.00306400365692048
0.00306400365692048
0.00306400365692048
0.00306400365692048
0.00306400365692048
0.00306400365692048
0.00306400365692048
0.00306400365692048
0.00306400365692048
0.00306400365692048
0.00306400365692048
0.00306400365692048
0.00306400365692048
0.00306400365692048
0.00306400365692048
0.00306400365692048
0.00306400365692048
0.00306400365692048
0.00306400365692048
0.00306400365692048
0.00306400365692048
0.00306400365692048
0.00306400365692048
0.00306400365692048
0.00306400365692048
0.00306400365692048
0.00306400365692048
0.00306400365692048
0.00306400365692048
0.00306400365692048
0.00281848361846305
0.00281848361846305
0.00281848361846305
0.00281848361846305
0.00281848361846305
0.00281848361846305
0.00281848361846305
0.00281848361846305
0.00281848361846305
0.00281848361846305
0.00281848361846305
0.00281848361846305
0.00281848361846305
0.00281848361846305
0.00281848361846305
0.00281848361846305
0.00281848361846305
0.00281848361846305
0.00281848361846305
0.00281848361846305
0.00281848361846305
0.00281848361846305
0.00281848361846305
0.00281848361846305
0.00281848361846305
0.00281848361846305
0.00281848361846305
0.00281848361846305
0.00281848361846305
0.00281848361846305
0.00281848361846305
0.00281848361846305
0.00281848361846305
0.00281848361846305
0.00281848361846305
0.00281848361846305
0.00281848361846305
0.00281848361846305
0.00281848361846305
0.00281848361846305
0.00281848361846305
0.00281848361846305
0.00281848361846305
0.00281848361846305
0.00281848361846305
0.00281848361846305
0.00281848361846305
0.00281848361846305
0.00281848361846305
0.000647457337875073
0.000647457337875073
0.000647457337875073
0.000647457337875073
0.000647457337875073
0.000647457337875073
0.000647457337875073
0.000647457337875073
0.000647457337875073
0.000647457337875073
0.000647457337875073
0.000647457337875073
0.000647457337875073
0.000647457337875073
0.000647457337875073
0.000647457337875073
0.000647457337875073
0.000647457337875073
0.000647457337875073
0.000647457337875073
0.000647457337875073
0.000647457337875073
0.000647457337875073
0.000647457337875073
0.000647457337875073
0.000647457337875073
0.000647457337875073
0.000647457337875073
0.000647457337875073
0.000647457337875073
0.000647457337875073
0.000647457337875073
0.000647457337875073
0.000647457337875073
0.000647457337875073
0.000647457337875073
0.000647457337875073
0.000647457337875073
0.000647457337875073
0.000647457337875073
0.000647457337875073
0.000647457337875073
0.000647457337875073
0.000647457337875073
0.000647457337875073
0.000647457337875073
0.000647457337875073
0.000647457337875073
0.000647457337875073
0.000647457337875073
0.000647457337875073
0.000647457337875073
0.000647457337875073
0.000647457337875073
0.000647457337875073
0.000647457337875073
0.000647457337875073
0.000647457337875073
0.000647457337875073
0.000647457337875073
0.000647457337875073
0.000647457337875073
0.000647457337875073
0.000647457337875073
0.000647457337875073
0.000647457337875073
0.000647457337875073
0.000647457337875073
0.000647457337875073
0.000647457337875073
0.000647457337875073
0.000647457337875073
0.000647457337875073
0.000647457337875073
0.000647457337875073
0.000647457337875073
0.000647457337875073
0.000647457337875073
0.000647457337875073
0.000647457337875073
0.000647457337875073
0.000647457337875073
0.000647457337875073
0.000647457337875073
0.000647457337875073
0.000647457337875073
0.000647457337875073
0.000647457337875073
0.000647457337875073
0.000647457337875073
0.000647457337875073
0.000647457337875073
0.000647457337875073
0.000647457337875073
0.000647457337875073
0.000647457337875073
0.000647457337875073
0.000647457337875073
0.000647457337875073
0.000647457337875073
0.000647457337875073
0.000647457337875073
0.000647457337875073
0.000647457337875073
0.000647457337875073
0.000647457337875073
0.000647457337875073
0.000647457337875073
0.000647457337875073
0.000647457337875073
0.000647457337875073
0.000647457337875073
0.000647457337875073
0.000647457337875073
0.000647457337875073
0.000647457337875073
0.000647457337875073
0.000647457337875073
0.000647457337875073
0.000647457337875073
0.000647457337875073
0.000647457337875073
0.000647457337875073
0.000647457337875073
0.000647457337875073
0.000647457337875073
0.000647457337875073
0.000647457337875073
0.000647457337875073
0.000647457337875073
0.000647457337875073
0.000647457337875073
0.000647457337875073
0.000647457337875073
0.000647457337875073
0.000647457337875073
0.000647457337875073
0.000647457337875073
0.000647457337875073
0.000647457337875073
0.000647457337875073
0.000647457337875073
0.000647457337875073
0.000647457337875073
0.000647457337875073
0.000647457337875073
0.000647457337875073
0.000647457337875073
0.000647457337875073
0.000647457337875073
0.000647457337875073
0.000647457337875073
0.000647457337875073
0.000647457337875073
0.000647457337875073
0.000647457337875073
0.000647457337875073
0.000647457337875073
0.000647457337875073
0.000647457337875073
0.000647457337875073
0.000647457337875073
0.000647457337875073
0.000647457337875073
0.000647457337875073
0.000647457337875073
0.000647457337875073
0.000647457337875073
0.000647457337875073
0.000647457337875073
0.000647457337875073
0.000647457337875073
0.000647457337875073
0.000647457337875073
0.000647457337875073
0.000647457337875073
0.000647457337875073
0.000647457337875073
0.000647457337875073
0.000647457337875073
0.000647457337875073
0.000647457337875073
0.000647457337875073
0.000647457337875073
0.000647457337875073
0.000647457337875073
0.000647457337875073
0.000647457337875073
0.000647457337875073
0.000647457337875073
0.000647457337875073
0.000647457337875073
0.000647457337875073
0.000647457337875073
0.000647457337875073
0.000647457337875073
0.000647457337875073
0.000647457337875073
0.000647457337875073
0.000647457337875073
0.000647457337875073
0.000647457337875073
0.000647457337875073
0.000647457337875073
0.000647457337875073
0.000647457337875073
0.000647457337875073
0.000647457337875073
0.000647457337875073
0.000647457337875073
0.000647457337875073
0.000647457337875073
0.000647457337875073
0.000647457337875073
0.000647457337875073
0.000647457337875073
0.000647457337875073
0.000647457337875073
0.000647457337875073
0.000647457337875073
0.000647457337875073
0.000647457337875073
0.000647457337875073
0.000647457337875073
0.000647457337875073
0.000647457337875073
0.000647457337875073
0.000647457337875073
0.000647457337875073
0.000647457337875073
0.000647457337875073
0.000647457337875073
0.000647457337875073
0.000647457337875073
0.000647457337875073
0.000647457337875073
0.000647457337875073
0.000591677897783846
0.000591677897783846
0.000591677897783846
0.000591677897783846
0.000591677897783846
0.000591677897783846
0.000591677897783846
0.000591677897783846
0.000591677897783846
0.000591677897783846
0.000591677897783846
0.000591677897783846
0.000591677897783846
0.000591677897783846
0.000591677897783846
0.000591677897783846
0.000591677897783846
0.000591677897783846
0.000591677897783846
0.000591677897783846
0.000591677897783846
0.000591677897783846
0.000591677897783846
0.000591677897783846
0.000591677897783846
0.000591677897783846
0.000591677897783846
0.000591677897783846
0.000591677897783846
0.000591677897783846
0.000591677897783846
0.000591677897783846
0.000591677897783846
0.000591677897783846
0.000591677897783846
0.000591677897783846
0.000591677897783846
0.000591677897783846
0.000591677897783846
0.000591677897783846
0.000591677897783846
0.000591677897783846
0.000591677897783846
0.000591677897783846
0.000591677897783846
0.000591677897783846
0.000591677897783846
0.000591677897783846
0.000591677897783846
0.000591677897783846
0.000591677897783846
0.000591677897783846
0.000591677897783846
0.000591677897783846
0.000591677897783846
0.000591677897783846
0.000591677897783846
0.000591677897783846
0.000591677897783846
0.000591677897783846
0.000591677897783846
0.000591677897783846
0.000591677897783846
0.000591677897783846
0.000591677897783846
0.000591677897783846
0.000591677897783846
0.000591677897783846
0.000591677897783846
0.000591677897783846
0.000591677897783846
0.000591677897783846
0.000591677897783846
0.000591677897783846
0.000591677897783846
0.000591677897783846

