0.443632776849524
0.443632776849524
0.443632776849524
0.437242819491632
0.437242819491632
0.141140730510636
0.141140730510636
0.141140730510636
0.141140730510636
0.0721609010730622
0.0669346940593638
0.0225522694576509
0.0225522694576509
0.0225522694576509
0.0225522694576509
0.0225522694576509
0.0225522694576509
0.0225522694576509
0.0225522694576509
0.0225522694576509
0.0225522694576509
0.0225522694576509
0.04289659996677
0.04289659996677
0.04289659996677
0.04289659996677
0.04289659996677
0.04289659996677
0.04289659996677
0.04289659996677
0.04289659996677
0.04289659996677
0.04289659996677
0.04289659996677
0.039868292798873
0.039868292798873
0.039868292798873
0.039868292798873
0.039868292798873
0.039868292798873
0.0265621746151373
0.0265621746151373
0.0265621746151373
0.0265621746151373
0.0265621746151373
0.0265621746151373
0.0265621746151373
0.0265621746151373
0.0265621746151373
0.0265621746151373
0.0265621746151373
0.0265621746151373
0.0265621746151373
0.0265621746151373
0.0265621746151373
0.0265621746151373
0.0265621746151373
0.0265621746151373
0.0265621746151373
0.0265621746151373
0.0265621746151373
0.0265621746151373
0.0121556602455848
0.0121556602455848
0.0121556602455848
0.0121556602455848
0.0121556602455848
0.0121556602455848
0.0121556602455848
0.0121556602455848
0.0121556602455848
0.0121556602455848
0.0121556602455848
0.0121556602455848
0.0121556602455848
0.0121556602455848
0.0121556602455848
0.0121556602455848
0.0121556602455848
0.0116012554307686
0.0116012554307686
0.0116012554307686
0.0116012554307686
0.0116012554307686
0.0116012554307686
0.0116012554307686
0.0116012554307686
0.0116012554307686
0.0116012554307686
0.0116012554307686
0.0116012554307686
0.0116012554307686
0.0116012554307686
0.00878753485647905
0.00878753485647905
0.00878753485647905
0.00878753485647905
0.00878753485647905
0.00878753485647905
0.00878753485647905
0.00878753485647905
0.00878753485647905
0.00878753485647905
0.00878753485647905
0.00878753485647905
0.00878753485647905
0.00878753485647905
0.00878753485647905
0.00878753485647905
0.00692318605310365
0.00692318605310365
0.00692318605310365
0.00692318605310365
0.00692318605310365
0.00692318605310365
0.00692318605310365
0.00692318605310365
0.00692318605310365
0.00692318605310365
0.00395117184689143
0.00395117184689143
0.00395117184689143
0.00395117184689143
0.00395117184689143
0.00395117184689143
0.00395117184689143
0.00395117184689143
0.00395117184689143
0.00395117184689143
0.00395117184689143
0.00395117184689143
0.00395117184689143
0.00395117184689143
0.00395117184689143
0.00395117184689143
0.00395117184689143
0.00395117184689143
0.00395117184689143
0.00395117184689143
0.00395117184689143
0.00395117184689143
0.00395117184689143
0.00395117184689143
0.00395117184689143
0.00395117184689143
0.00395117184689143
0.00395117184689143
0.00395117184689143
0.00395117184689143
0.00395117184689143
0.00395117184689143
0.00395117184689143
0.00395117184689143
0.00395117184689143
0.00395117184689143
0.00395117184689143
0.00395117184689143
0.00395117184689143
0.00394009451029565
0.00394009451029565
0.00394009451029565
0.00394009451029565
0.00394009451029565
0.00394009451029565
0.00394009451029565
0.00394009451029565
0.00394009451029565
0.00394009451029565
0.00394009451029565
0.00394009451029565
0.00394009451029565
0.00394009451029565
0.00394009451029565
0.00394009451029565
0.00394009451029565
0.00394009451029565
0.00394009451029565
0.00394009451029565
0.00394009451029565
0.00394009451029565
0.00394009451029565
0.00394009451029565
0.00394009451029565
0.00394009451029565
0.00394009451029565
0.00394009451029565
0.00394009451029565
0.00394009451029565
0.00394009451029565
0.00394009451029565
0.00394009451029565
0.00394009451029565
0.00394009451029565
0.00394009451029565
0.00394009451029565
0.00394009451029565
0.00394009451029565
0.00394009451029565
0.00394009451029565
0.00394009451029565
0.00394009451029565
0.00394009451029565
0.00394009451029565
0.00394009451029565
0.00394009451029565
0.00391716600470851
0.00391716600470851
0.00391716600470851
0.00391716600470851
0.00391716600470851
0.00391716600470851
0.00391716600470851
0.00391716600470851
0.00391716600470851
0.00391716600470851
0.00391716600470851
0.00391716600470851
0.00391716600470851
0.00391716600470851
0.00391716600470851
0.00391716600470851
0.00391716600470851
0.00391716600470851
0.00391716600470851
0.00391716600470851
0.00391716600470851
0.00391716600470851
0.00391716600470851
0.00391716600470851
0.00391716600470851
0.00391716600470851
0.00391716600470851
0.00391716600470851
0.00391716600470851
0.00391716600470851
0.00391716600470851
0.00391716600470851
0.00391716600470851
0.00391716600470851
0.00391716600470851
0.00391716600470851
0.00391716600470851
0.00391716600470851
0.00391716600470851
0.00391716600470851
0.00391716600470851
0.00391716600470851
0.00391716600470851
0.00391716600470851
0.00391716600470851
0.00391716600470851
0.00391716600470851
0.00391716600470851
0.00391716600470851
0.00391716600470851
0.00391716600470851
0.00391716600470851
0.00391716600470851
0.00391716600470851
0.00391716600470851
0.00391716600470851
0.00286329238366991
0.00286329238366991
0.00286329238366991
0.00286329238366991
0.00286329238366991
0.00286329238366991
0.00286329238366991
0.00286329238366991
0.00286329238366991
0.00286329238366991
0.00196354713954863
0.00196354713954863
0.00196354713954863
0.00196354713954863
0.00196354713954863
0.00196354713954863
0.00196354713954863
0.00286329238366991
0.00286329238366991
0.00286329238366991
0.00286329238366991
0.00286329238366991
0.00286329238366991
0.00286329238366991
0.00286329238366991
0.00286329238366991
0.00286329238366991
0.00286329238366991
0.00286329238366991
0.00286329238366991
0.00286329238366991
0.00286329238366991
0.00286329238366991
0.00286329238366991
0.00286329238366991
0.00286329238366991
0.00286329238366991
0.00286329238366991
0.00286329238366991
0.00286329238366991
0.00286329238366991
0.00286329238366991
0.00286329238366991
0.00286329238366991
0.00286329238366991
0.00249453717234403
0.00249453717234403
0.00249453717234403
0.00249453717234403
0.00249453717234403
0.00249453717234403
0.00249453717234403
0.00249453717234403
0.00249453717234403
0.00249453717234403
0.00249453717234403
0.00249453717234403
0.00249453717234403
0.00249453717234403
0.00249453717234403
0.00249453717234403
0.00249453717234403
0.00249453717234403
0.00249453717234403
0.00249453717234403
0.00249453717234403
0.00249453717234403
0.00249453717234403
0.00249453717234403
0.00249453717234403
0.00249453717234403
0.00249453717234403
0.00249453717234403
0.00249453717234403
0.00249453717234403
0.00249453717234403
0.00249453717234403
0.00249453717234403
0.00249453717234403
0.00249453717234403
0.00249453717234403
0.00249453717234403
0.00249453717234403
0.00249453717234403
0.00249453717234403
0.00249453717234403
0.00249453717234403
0.00249453717234403
0.00249453717234403
0.00249453717234403
0.00249453717234403
0.00249453717234403
0.00249453717234403
0.00249453717234403
0.00249453717234403
0.00249453717234403
0.00249453717234403
0.00249453717234403
0.00249453717234403
0.00249453717234403
0.00249453717234403
0.00249453717234403
0.00249453717234403
0.00249453717234403
0.00249453717234403
0.00249453717234403
0.00249453717234403
0.00249453717234403
0.00249453717234403
0.00249453717234403
0.00249453717234403
0.00249453717234403
0.00249453717234403
0.00249453717234403
0.00249453717234403
0.00249453717234403
0.00249453717234403
0.00249453717234403
0.00249453717234403
0.00249453717234403
0.00249453717234403
0.00249453717234403
0.00249453717234403
0.00249453717234403
0.00249453717234403
0.00249453717234403
0.00249453717234403
0.00249453717234403
0.00249453717234403
0.00249453717234403
0.00249453717234403
0.00249453717234403
0.00249453717234403
0.00249453717234403
0.00249453717234403
0.00249453717234403
0.00249453717234403
0.00249453717234403
0.00249453717234403
0.00249453717234403
0.00249453717234403
0.00249453717234403
0.00249453717234403
0.00249453717234403
0.00249453717234403
0.00249453717234403
0.00249453717234403
0.00249453717234403
0.00249453717234403
0.00249453717234403
0.00249453717234403
0.00249453717234403
0.00249453717234403
0.00249453717234403
0.00249453717234403
0.00249453717234403
0.00249453717234403
0.00249453717234403
0.00249453717234403
0.00249453717234403
0.00240880045967779
0.00240880045967779
0.00240880045967779
0.00240880045967779
0.00240880045967779
0.00240880045967779
0.00240880045967779
0.00240880045967779
0.00240880045967779
0.00240880045967779
0.00240880045967779
0.00240880045967779
0.00240880045967779
0.00240880045967779
0.00240880045967779
0.00240880045967779
0.00240880045967779
0.00240880045967779
0.00240880045967779
0.00240880045967779
0.00240880045967779
0.00240880045967779
0.00240880045967779
0.00240880045967779
0.00240880045967779
0.00240880045967779
0.00240880045967779
0.00240880045967779
0.00240880045967779
0.00240880045967779
0.00240880045967779
0.00240880045967779
0.00240880045967779
0.00240880045967779
0.00240880045967779
0.00240880045967779
0.00240880045967779
0.00240880045967779
0.00240880045967779
0.00240880045967779
0.00240880045967779
0.00240880045967779
0.00240880045967779
0.00240880045967779
0.00240880045967779
0.00240880045967779
0.00240880045967779
0.00240880045967779
0.00240880045967779
0.00240880045967779
0.00240880045967779
0.00240880045967779
0.00240880045967779
0.00240880045967779
0.00240880045967779
0.00240880045967779
0.00240880045967779
0.00240880045967779
0.00240880045967779
0.00240880045967779
0.00240880045967779
0.00240880045967779
0.00240880045967779
0.00240880045967779
0.00240880045967779
0.00240880045967779
0.00240880045967779
0.00240880045967779
0.00240880045967779
0.00240880045967779
0.00240880045967779
0.00240880045967779
0.00240880045967779
0.00240880045967779
0.00240880045967779
0.00240880045967779
0.00240880045967779
0.00240880045967779
0.00240880045967779

